# "asas_sn_id":111670467458,"ra_deg":292.44546,"dec_deg":46.54667,"name":"KIC 9772007"
asas_sn_id,jd,flux,flux_err,mag,mag_err,limit,fwhm,image_id,camera,quality,phot_filter
111670467458,2456694.1711357,6.297147172674013,0.1411706309588125,14.461921795871449,0.024367595959099996,16.837995504210173,1.61,bd019527,bd,B,V
111670467458,2456701.1635042,4.12444355022028,0.07514276484296216,14.921367994647618,0.019803136426295696,17.522638466966633,1.50,bd020310,bd,G,V
111670467458,2456735.0731369,3.603876804617428,0.1406401237230286,15.06785656305944,0.04241812580915127,16.842083294215385,1.57,bd021801,bd,G,V
111670467458,2456736.0568307,4.747418445522963,0.11935346395483705,14.768637622370642,0.027326857222836485,17.020268823911536,1.48,bd022163,bd,G,V
111670467458,2456737.0622019,5.187711059396561,0.07483073693704091,14.672341956690524,0.015678929803334716,17.527156338179346,1.55,bd022559,bd,G,V
111670467458,2456741.0880556,3.109468890469147,0.08140282860792863,15.228065864133223,0.02845544964756052,17.435757653337497,2.03,bd023068,bd,G,V
111670467458,2456751.0378787,3.205836086532047,0.08449425633810512,15.194928121429324,0.028648246665521813,17.395288423830735,1.84,bd023915,bd,G,V
111670467458,2456756.0644924,6.459440183509806,0.10789646837715634,14.434294202310882,0.018156181750017424,17.12983831925915,1.80,bd024904,bd,G,V
111670467458,2456757.0184046,2.52158700998704,0.08500339020786539,15.45559650817374,0.036641602685306626,17.388765775885123,1.62,bd025194,bd,G,V
111670467458,2456759.0434984,3.1443287963507727,0.08973980335680316,15.215961521837526,0.03102196711472112,17.329893609811474,1.55,bd025752,bd,B,V
111670467458,2456760.0578642,3.219604840564469,0.11500471232340788,15.19027497535004,0.03882623125536876,17.06056730379022,1.52,bd025982,bd,G,V
111670467458,2456765.0644255,6.06180735694376,0.19696974839944562,14.503276078374675,0.035319095444833914,16.476357568273542,2.25,bd026431,bd,G,V
111670467458,2456767.0556431,2.834217929359705,0.08155379911708975,15.328698301841845,0.03127685874281024,17.433745900924215,1.71,bd026750,bd,G,V
111670467458,2456772.0506089,4.223967050486346,0.06387679464774947,14.895480100072733,0.016437462153538383,17.698998606136435,1.74,bd027614,bd,G,V
111670467458,2456784.0237195,2.854596785701439,0.07244207421358373,15.320919473422911,0.027584065605754677,17.56237920154673,1.62,bd028921,bd,G,V
111670467458,2456785.0143467,3.014175868780729,0.06698189163078144,15.261859933033698,0.024154663535261016,17.647462873036325,1.53,bd029254,bd,G,V
111670467458,2456786.020787,3.134032441980738,0.06656103570378182,15.219522685113855,0.02308494030974725,17.654306216054042,2.06,bd029525,bd,G,V
111670467458,2456787.0206803,3.2800562959337527,0.08757208191324665,15.170078160478974,0.029019942638142848,17.356442207123663,1.48,bd029596,bd,B,V
111670467458,2456789.0068368,4.538416533975321,0.09513477704002672,14.817520522655848,0.022784899881650538,17.266508131941592,1.62,bd030260,bd,G,V
111670467458,2456795.0012513,3.242496544459679,0.07694894896601648,15.182582599699089,0.02579498876027968,17.49684966306251,1.58,bd030774,bd,G,V
111670467458,2456797.0068002,3.8258438043697547,0.07466933344000928,15.002963316141532,0.021214227006296195,17.529500707488953,1.51,bd031418,bd,G,V
111670467458,2456799.0758025,4.002535402212667,0.05497817308232173,14.953943449717215,0.014930257394374733,17.86188063318447,1.46,bd032127,bd,G,V
111670467458,2456800.0213484,5.6773583833635435,0.08572662177683313,14.574415629670131,0.016412758246871058,17.379567119050048,1.52,bd032362,bd,G,V
111670467458,2456801.1179006,4.824891634821538,0.10607549853198028,14.751062495254008,0.023896796788956315,17.14831868984217,1.47,bd032719,bd,G,V
111670467458,2456802.9845722,3.028572425336286,0.07644432783513146,15.2566864948928,0.027435916669925425,17.503993227883345,1.53,bd033349,bd,B,V
111670467458,2456804.9885736,3.333970352259314,0.05745556569845685,15.152377070786597,0.018731930775517377,17.814026131174945,1.57,bd033912,bd,G,V
111670467458,2456805.9934097,3.799902984464296,0.04795567737306883,15.010350132612903,0.013717649236885296,18.010256319246107,1.59,bd034233,bd,G,V
111670467458,2456808.9677561,6.579608201779978,0.11133580604980356,14.414281321268971,0.01839276394241502,17.095769249483276,1.51,bd034967,bd,B,V
111670467458,2456810.9965186,2.7879547455148286,0.07550214094824201,15.346567104636335,0.029436469383510015,17.517458226894547,1.59,bd035600,bd,G,V
111670467458,2456813.976943,3.26641821128408,0.09992382578491339,15.174601933900181,0.03325136191649473,17.213183759868702,1.54,bd036497,bd,B,V
111670467458,2456814.9680851,3.894059411767325,0.04989156678532975,14.98377497132463,0.01392633192324233,17.96728853703912,1.53,bd036815,bd,G,V
111670467458,2456815.9656882,4.500525687899844,0.06615111651529636,14.826623292289742,0.01597666417279799,17.661013446882883,1.54,bd037132,bd,G,V
111670467458,2456816.9709876,5.400876379121883,0.08805255956760871,14.628620812489551,0.017721069167185185,17.350501431591848,1.59,bd037490,bd,G,V
111670467458,2456817.9776118,6.290934973372321,0.11190258024283457,14.462993414274049,0.01933468393954526,17.090256142228593,1.52,bd037828,bd,G,V
111670467458,2456818.9663526,3.2316496757227227,0.09893986006455376,15.186220716205789,0.033278151083338814,17.223928164214865,1.50,bd038131,bd,G,V
111670467458,2456819.9645448,3.0082846118226327,0.11165219042087499,15.2639840990724,0.04034228545646157,17.09268827470224,1.58,bd038425,bd,G,V
111670467458,2456820.9678652,2.8760550562926532,0.11325449385643696,15.312788415803828,0.04280262662016026,17.07721778488238,1.58,bd038686,bd,G,V
111670467458,2456822.9712004,3.3173461938454567,0.10421234367231356,15.157804413816482,0.034146055304838004,17.16755848611285,1.81,bd039355,bd,G,V
111670467458,2456824.9688675,4.3474489622002315,0.07971200832755987,14.864195173985904,0.019929730760706862,17.458547015608413,1.50,bd039948,bd,G,V
111670467458,2456825.9689327,5.4370446162919395,0.13480582211004488,14.621374162444067,0.026949947600549647,16.888084770454974,1.54,bd040292,bd,B,V
111670467458,2456826.9676238,6.403622087607038,0.11143357959092214,14.443717169677166,0.01891483513861633,17.09481618961851,1.61,bd040602,bd,G,V
111670467458,2456827.958943,3.3671908322511053,0.064540325415661,15.141612078764261,0.02083414071866507,17.68777851665529,1.58,bd040940,bd,G,V
111670467458,2456828.9664697,4.566322470750925,0.06137203549262052,14.810864959932719,0.014608853110660645,17.742430074853083,1.47,bd041241,bd,G,V
111670467458,2456829.9543397,3.151263443417741,0.061447233676768576,15.213569626001142,0.02119482315174307,17.74110055381268,1.68,bd041562,bd,G,V
111670467458,2456832.945231,3.992504742254223,0.05230015613163236,14.956667802864128,0.014238679592188887,17.916098930256123,1.51,bd042216,bd,G,V
111670467458,2456835.0391919,4.0326116624630055,0.05243702406767415,14.945815400061882,0.014133958352969237,17.91326130262979,1.64,bd042656,bd,G,V
111670467458,2456836.0416283,4.815300698623038,0.075116857949733,14.753222873334392,0.016956107988097616,17.52301285965693,1.52,bd042972,bd,G,V
111670467458,2456846.9264991,2.993276627353308,0.1018469723061876,15.269414268128527,0.036983962576649786,17.19248608648426,1.55,bd043179,bd,G,V
111670467458,2456847.9295665,3.2076202639686864,0.08313609594770033,15.194324033404778,0.02817207594594655,17.412882327981443,1.50,bd043531,bd,G,V
111670467458,2456848.9334409,3.2599263336543984,0.08260085672005744,15.1767619390472,0.02754158552179858,17.419895014272356,1.51,bd043863,bd,G,V
111670467458,2456849.9317112,3.136568541479515,0.1362807935488715,15.218644448657066,0.04722718326628901,16.876269759290064,1.59,bd044168,bd,G,V
111670467458,2456850.9284273,3.9143079917169348,0.12667700571209303,14.978143918252993,0.03517668967401528,16.955611920372238,1.58,bd044509,bd,B,V
111670467458,2456851.931402,4.043039439447821,0.29435678827882444,14.9430114598824,0.0791367572663477,16.040171254423843,1.61,bd044860,bd,B,V
111670467458,2456852.9298537,5.425708801719281,0.14221481728240887,14.623640200949414,0.02849053069049151,16.829994274550128,2.46,bd045046,bd,B,V
111670467458,2456855.0284948,6.269413169296763,0.11795646515089803,14.46671417495354,0.020450645955982623,17.033052020186037,1.48,bd045432,bd,G,V
111670467458,2456855.9153976,3.742393980899844,0.04940709637166272,15.02690763960275,0.014350003205290469,17.977883065208143,1.56,bd045702,bd,G,V
111670467458,2456857.0292008,2.734570899040574,0.07787190745588855,15.367558435063962,0.030953074831280205,17.483904361732353,1.53,bd046083,bd,G,V
111670467458,2456884.8728359,3.4320631046573196,0.07190574204195037,15.12089324317752,0.022773012290166907,17.570447462658457,1.53,bd047340,bd,G,V
111670467458,2456885.8470187,3.9130085354667803,0.05031462905914456,14.978504416440423,0.01397641065666585,17.958120705592123,1.67,bd047683,bd,G,V
111670467458,2456887.8703513,5.080056190112542,0.07443677309867198,14.695110114495748,0.015926897843038412,17.5328875491548,1.60,bd048291,bd,G,V
111670467458,2456888.8634032,6.6149416613645,0.10969731724838146,14.408466358514012,0.01802528586107275,17.111866377121,1.68,bd082665,bd,G,V
111670467458,2456889.8597937,3.074756356071825,0.06435320366740759,15.240254634649595,0.022749488518972984,17.690930963499618,1.67,bd048793,bd,G,V
111670467458,2456890.8542015,2.9513068660844866,0.07349203592385768,15.284745484021531,0.027066872869544827,17.546755697045434,1.59,bd048588,bd,G,V
111670467458,2456891.8584744,3.1595381885153127,0.05791540602474407,15.210722382176893,0.019924281503097333,17.805371130232484,1.63,bd049162,bd,G,V
111670467458,2456892.8570268,3.4593291216988575,0.06524396545620922,15.112301697270913,0.020500319935422052,17.6760055209027,1.70,bd049524,bd,G,V
111670467458,2456894.8489005,3.8565543930800454,0.04539275249893948,14.994282751872523,0.012793790347400498,18.06989009859239,1.53,bd050020,bd,G,V
111670467458,2456896.8482241,5.3413222523459165,0.0798157923471417,14.640659453044005,0.01624247553897321,17.457134320354598,1.62,bd050660,bd,G,V
111670467458,2456897.8497263,6.61107528860074,0.10542977934768126,14.40910114690513,0.017334182601894805,17.154948149699724,1.65,bd051024,bd,G,V
111670467458,2456898.9013341,6.462530072297379,0.10531213673468202,14.433774961959315,0.017712832677210674,17.156160332447207,2.13,bd051370,bd,G,V
111670467458,2456900.8370609,3.4840256350385097,0.06212792101073029,15.104578049933085,0.019382850759064638,17.729139341073193,1.62,bd051850,bd,G,V
111670467458,2456902.8349275,3.8244401990541816,0.04682411095113619,15.003361718377246,0.01330803205801495,18.03618254322406,1.61,bd052307,bd,G,V
111670467458,2456904.8309409,4.502906228609634,0.07889598903883047,14.826049146937235,0.019044702570076576,17.469719081552668,1.58,bd052832,bd,G,V
111670467458,2456906.8377409,6.586752116354658,0.12828392726567567,14.413103105380724,0.021169621827655014,16.941925776455328,1.59,bd053274,bd,G,V
111670467458,2456908.8395195,3.1964288734506465,0.37865480769322624,15.198118791994425,0.12876285661432954,15.766747705344335,1.55,bd053755,bd,G,V
111670467458,2456909.8238351,3.0761049688993,0.15261403961198758,15.239778526436748,0.053926906702589296,16.75337017356252,1.61,bd054043,bd,G,V
111670467458,2456910.8342216,3.473375589106146,0.09423603104557314,15.1079020351713,0.02949017919313379,17.276813927236837,1.59,bd054409,bd,G,V
111670467458,2456911.8247057,3.7637467662575146,0.08367210106179475,15.02073041605927,0.024164201681179415,17.405904707316193,1.56,bd054716,bd,B,V
111670467458,2456912.8244866,3.8670883833135354,0.05775855935734259,14.99132115926663,0.016234705948439152,17.80831551290661,1.66,bd055088,bd,B,V
111670467458,2456913.8239594,4.812946684780423,0.08308246807553972,14.753753777455273,0.018763355680307316,17.41358292029797,1.77,bd055328,bd,G,V
111670467458,2456914.8163159,6.104032562118709,0.10259764423787128,14.49573930024677,0.01826975485214597,17.1845129212267,1.68,bd055698,bd,G,V
111670467458,2456915.8207411,5.382772283513426,0.08744930196356564,14.632266385734509,0.017658853855283124,17.35796552565197,1.65,bd056032,bd,G,V
111670467458,2456916.8124767,2.8582895876059085,0.07107841551636902,15.319515836444646,0.027029852970605773,17.58301204886037,1.44,bd056222,bd,G,V
111670467458,2456917.8218946,3.0735010785177432,0.06655334317693945,15.240697979880638,0.0235368683991497,17.65443170294702,1.52,bd056581,bd,G,V
111670467458,2456919.814181,3.5962738769929694,0.06049226148997766,15.070149508642693,0.018283495748732878,17.75810684163905,1.49,bd057286,bd,G,V
111670467458,2456920.8035058,3.8054385194085016,0.05340077166378714,15.008769629814998,0.015252990353100675,17.89348756164379,1.54,bd057633,bd,G,V
111670467458,2456922.8203164,4.759111226579824,0.07357169634960777,14.765966767165308,0.01680339696958243,17.545579469359037,1.69,bd058075,bd,G,V
111670467458,2456923.8054317,6.333036713992643,0.10579715561206017,14.455751390181286,0.018158257004873578,17.151171414376858,1.70,bd058268,bd,G,V
111670467458,2456924.7957296,4.315221111028274,0.05633909520213878,14.872273770067242,0.01419119562664868,17.83533172368167,1.59,bd058502,bd,G,V
111670467458,2456928.7837009,3.4775881211119266,0.061371803748798734,15.106586045255945,0.01918239883862997,17.742434174654086,1.54,bd059030,bd,B,V
111670467458,2456931.7795087,5.3452187543909115,0.08457136880091043,14.639867695724778,0.01719768733413226,17.39429799424527,1.63,bd059661,bd,G,V
111670467458,2456932.7037084,5.430006809185959,0.07650526460878741,14.622780469039334,0.01531451050360027,17.503128089718505,1.57,bd059981,bd,G,V
111670467458,2456937.768573,3.621050396673989,0.09653251721259934,15.062694981424261,0.028976854130643152,17.250672315830183,1.66,bd061022,bd,B,V
111670467458,2456938.7795761,3.098020091091856,0.18302127856683612,15.232070829785656,0.06421397102210019,16.55610243127796,1.61,bd061426,bd,B,V
111670467458,2456940.7696625,5.452962701549888,0.10761245888968247,14.618200086747063,0.021450736125020294,17.1327000063871,1.63,bd062056,bd,B,V
111670467458,2456942.7700848,3.2237371369843513,0.06778452166830884,15.188882348833364,0.022855097909520825,17.634530054343834,1.72,bd062314,bd,G,V
111670467458,2456961.7283237,2.9324649305779484,0.16528108016589282,15.291699336817086,0.06126359641443283,16.666798537573847,1.53,bd063105,bd,B,V
111670467458,2456967.7214529,6.273243517919916,0.14665073441496243,14.466051038201893,0.025409976790289092,16.796645788093205,1.53,bd063744,bd,G,V
111670467458,2456968.7182135,5.100042383321653,0.22239202340047445,14.690846941347523,0.047397735557732405,16.344558378120453,1.49,bd064145,bd,B,V
111670467458,2456969.7173208,2.82830309296412,0.0972935929962303,15.33096653336991,0.037391291511070984,17.24214578884364,1.50,bd064398,bd,G,V
111670467458,2456971.6935066,2.939524679660481,0.09092333606922882,15.289088627542249,0.03362098430489856,17.315667988553482,1.51,bd065105,bd,G,V
111670467458,2456973.6902716,3.9682247989768697,0.0851718385894929,14.963290737375516,0.023329849016424504,17.38661633771376,1.51,bd065726,bd,G,V
111670467458,2456979.6926828,3.104834221033882,0.09466046360196904,15.229685363293674,0.03313922771333916,17.271934825913984,1.86,bd066655,bd,G,V
111670467458,2457069.1701474,2.5332552291298502,0.1589480243631047,15.45058403503603,0.06820062570575314,16.70921855807252,1.78,bd092224,bd,G,V
111670467458,2457070.1608565,3.2426164066002463,0.08171384147351343,15.182542465111892,0.02739127351764572,17.431617324365007,2.14,bd092596,bd,G,V
111670467458,2457081.141979,3.445009853299513,0.06761865380837505,15.11680523351783,0.02133478273736702,17.637190092857445,1.68,bd095620,bd,G,V
111670467458,2457083.1367449,4.742545034283126,0.0812556680827667,14.769752745626946,0.01862320288207529,17.437722230127815,1.61,bd095830,bd,G,V
111670467458,2457092.1249517,4.527728826441413,0.10771304936892181,14.820080383749957,0.025858306885392146,17.13168559119782,1.61,bd097110,bd,G,V
111670467458,2457097.1094569,3.258226321709906,0.07736172601049783,15.177328284960252,0.02580816196217358,17.49104101695672,1.49,bd098039,bd,G,V
111670467458,2457098.1056964,3.3602191785669677,0.06993817382339755,15.14386238891613,0.022623451065560265,17.60057067335697,1.51,bd098311,bd,G,V
111670467458,2457101.1460961,4.57089557165497,0.08368654370517031,14.809778156135092,0.01990061532497596,17.40571731453626,1.53,bd099336,bd,G,V
111670467458,2457103.1010781,4.389151489844182,0.08005130311994116,14.853829977998085,0.01982439799612044,17.453935378672835,1.48,bd099887,bd,G,V
111670467458,2457104.0979393,2.6010752587143298,0.08321069287623782,15.421899109214255,0.03477269832821551,17.411908547939415,1.53,bd100161,bd,G,V
111670467458,2457106.0855681,3.154159129338219,0.06972288648523756,15.21257240456952,0.024027242466839904,17.60391799783085,1.53,bd100791,bd,G,V
111670467458,2457107.0829425,3.557375173710948,0.06822543824413027,15.081957229829028,0.02084629296229337,17.627490558604585,1.53,bd101138,bd,G,V
111670467458,2457109.0802354,4.5181889790241385,0.06739511128612707,14.822370424803053,0.016213477587122174,17.6407854067326,1.53,bd101546,bd,G,V
111670467458,2457110.0767853,5.3695147447854445,0.08339202755549616,14.634943806275738,0.016881135916522707,17.409545060672396,1.58,bd101886,bd,G,V
111670467458,2457113.0801931,2.6996199503308675,0.08042346333449385,15.381524832167333,0.03238115348849828,17.4488994648997,1.46,bd102890,bd,G,V
111670467458,2457114.0903234,3.157392787196035,0.07321928116932112,15.21145987320999,0.025206295367109607,17.550792741481754,1.64,bd103248,bd,G,V
111670467458,2457115.0810606,3.061955341452999,0.09655763778748236,15.244784273933046,0.03427677494049425,17.250389812376927,1.62,bd103590,bd,G,V
111670467458,2457117.0562955,3.784140294249242,0.10498834574746871,15.014863331566264,0.0301568541975673,17.15950366168006,1.53,bd104081,bd,B,V
111670467458,2457123.1393839,2.8506888214298867,0.1438178281779554,15.322406872740771,0.054837176581755194,16.817824578431424,1.59,bd105629,bd,B,V
111670467458,2457125.1153772,3.3753584874034166,0.07087110688428848,15.138981642463685,0.0228224089732195,17.58618335431638,1.58,bd105983,bd,G,V
111670467458,2457126.1061768,3.5359189335712955,0.06954182350602797,15.088525655566434,0.021377452371953407,17.606741207567886,1.48,bd106321,bd,G,V
111670467458,2457129.1221177,5.383687951669234,0.12313610829084468,14.632081705895644,0.02486094981170123,16.986392834622247,1.46,bd106869,bd,B,V
111670467458,2457132.0857445,3.1431960008747564,0.08203180322787203,15.216352746401682,0.028367624380961857,17.427400747820762,1.56,bd107580,bd,G,V
111670467458,2457133.0183098,3.3408660277559887,0.07506461844520353,15.150133753713263,0.02442240302155353,17.52376819014156,1.63,bd107877,bd,G,V
111670467458,2457137.003217,6.7055227254614405,0.11436315335456335,14.393699807759825,0.018538118574020743,17.066641089361383,1.45,bd108849,bd,G,V
111670467458,2457138.0004332,2.934906057342396,0.0779755680736151,15.290795893054302,0.02887862527725245,17.482460025186143,1.75,bd109184,bd,G,V
111670467458,2457144.9801358,5.424000602470105,0.14372372543530051,14.62398208177147,0.02880188483375174,16.818535228819385,1.53,bd110097,bd,G,V
111670467458,2457149.0683944,2.643281469342413,0.1353129927247082,15.404422876111077,0.055642708362326244,16.884007645018567,1.56,bd110658,bd,G,V
111670467458,2457152.1043328,3.18535898253411,0.2630957030118545,15.201885446003153,0.08977750758966907,16.162072006011904,1.47,bd111499,bd,B,V
111670467458,2457154.1016777,3.889643212370236,0.07164428380335758,14.985006988609687,0.020020916385781917,17.574402529721805,1.52,bd111857,bd,B,V
111670467458,2457155.9645094,2.7632444775033083,0.0828002333802004,15.356233127682117,0.03257049978996045,17.417277491461412,1.50,bd112340,bd,G,V
111670467458,2457161.9857558,4.329013444498185,0.08255557672676678,14.868809068037745,0.020728584856473282,17.42049035443892,1.47,bd113617,bd,B,V
111670467458,2457164.0629548,5.076184249981597,0.0795933475423428,14.695937961337558,0.01704321670327714,17.460164466995636,1.51,bd114263,bd,G,V
111670467458,2457167.9172993,3.547477442831346,0.0773986315743245,15.084982297988152,0.02371514652852885,17.490523187866785,1.52,bd115088,bd,G,V
111670467458,2457171.9324989,5.256189020785411,0.08487238366809743,14.658103967662035,0.017551231620243225,17.3904403945578,1.54,bd115780,bd,G,V
111670467458,2457173.9003176,3.189248934735359,0.11548644127094698,15.20056035667414,0.03935996940994985,17.056028896891505,1.53,bd116267,bd,G,V
111670467458,2457177.923845,3.9075763243076813,0.09498583051864966,14.980012730558004,0.026421868541069718,17.26820933273191,1.59,bd117002,bd,G,V
111670467458,2457180.0045151,4.2259965195713045,0.08552061045372691,14.89495856691201,0.021996512501912785,17.382179413065842,1.68,bd117684,bd,G,V
111670467458,2457181.9977139,6.0340301245977805,0.10665908111509466,14.508262719421586,0.01921332532765289,17.142361799059167,1.49,bd118247,bd,G,V
111670467458,2457184.0222759,2.9412092994721686,0.07782254705607461,15.288466578397593,0.028760185504694,17.484592791838907,1.55,bd118715,bd,G,V
111670467458,2457184.947367,3.204595218634208,0.067083949313821,15.195348453589423,0.022753992699818173,17.645809838347194,1.54,bd118960,bd,G,V
111670467458,2457191.0133746,5.331260054889832,0.1358151302773168,14.64270673551042,0.027690478439590906,16.879986007292928,1.80,bd120076,bd,B,V
111670467458,2457192.0184343,6.850347630516596,0.11032617898596773,14.370499877178505,0.017505645878924964,17.10565995074202,1.52,bd120347,bd,G,V
111670467458,2457195.0284659,3.1525259257999445,0.07149734231350943,15.213134737470364,0.024651503062568574,17.57663164721723,1.70,bd121128,bd,G,V
111670467458,2457196.8831347,4.62370335937169,0.07223789886042901,14.797306495787126,0.016981940488012826,17.565443630098816,1.51,bd121633,bd,G,V
111670467458,2457197.9854154,4.061162660600018,0.051846994354869294,14.938155443235706,0.01387667359235269,17.925547431735566,1.57,bd121967,bd,G,V
111670467458,2457201.8171031,4.295924616365705,0.06265786808208941,14.877139774803862,0.01585371821717725,17.71991735858051,1.52,bd122814,bd,G,V
111670467458,2457204.8753676,3.8726532943069456,0.12013766602968104,14.989759860030906,0.033719625712285435,17.013158417545984,1.50,bd123691,bd,G,V
111670467458,2457207.0275173,3.9567855296222305,0.10197995425619001,14.966425127617327,0.02801460315085791,17.19106936161264,1.49,bd124362,bd,G,V
111670467458,2457208.845485,2.9652505009449492,0.09030118052937942,15.279627934648499,0.03310123615723952,17.32312282370592,1.60,bd124584,bd,G,V
111670467458,2457215.9052021,5.01022437602122,0.08009814800188081,14.710138465554525,0.01737710685504471,17.45330020714494,1.50,bd126011,bd,G,V
111670467458,2457221.8887599,3.536708910225602,0.054924071007067705,15.088283113112057,0.01688012180165179,17.86294959382467,1.60,bd126937,bd,G,V
111670467458,2457226.8700601,2.752866905070813,0.08059760015820444,15.360318367670606,0.031823582523045936,17.446551117128415,1.57,bd127688,bd,B,V
111670467458,2457228.9491405,2.9887529777695523,0.06639661856908044,15.271056349960661,0.02414727416815379,17.656991487959587,1.59,bd128350,bd,G,V
111670467458,2457231.9300705,3.880707741959936,0.08159812381781002,14.987504061924493,0.022855009638177833,17.433155960791666,1.65,bd129116,bd,G,V
111670467458,2457235.9842736,5.531926307793056,0.16496623814518066,14.602590439197488,0.03241386787204152,16.668868716287044,1.57,bd130138,bd,G,V
111670467458,2457237.9743841,2.7264798770601013,0.11561969009634093,15.370775662768168,0.04609371125349576,17.054776891251088,1.59,bd130544,bd,G,V
111670467458,2457239.9350994,3.2505053659011294,0.07504732645635458,15.179904186254502,0.025095538000505922,17.524018330640917,1.80,bd130786,bd,G,V
111670467458,2457242.9606899,3.9074899646178793,0.050900824846489376,14.980036726219303,0.014159213210980908,17.945544343366667,1.52,bd131634,bd,G,V
111670467458,2457244.9555845,6.15611069724203,0.10581818816949165,14.486515353076665,0.018683837150780425,17.150955590620896,1.49,bd132320,bd,G,V
111670467458,2457246.9469212,2.6217131613762517,0.08353650776605134,15.413318468784292,0.03463405274738593,17.40766560448068,1.51,bd132997,bd,G,V
111670467458,2457251.9400523,4.19321749904805,0.05987575257299085,14.903412930724505,0.015520859523272047,17.769228931013167,1.54,bd133973,bd,G,V
111670467458,2457261.8883364,6.3012850364610795,0.11426477038493085,14.461208591464592,0.019710398221356822,17.067575515540895,1.54,bd134986,bd,G,V
111670467458,2457264.888518,3.114809960552509,0.12235895924117907,15.226202517479322,0.0426988710145323,16.9932669578932,1.56,bd136086,bd,G,V
111670467458,2457270.8856117,5.916412287990442,0.09776803441528405,14.529635328527238,0.017961831842081458,17.23686418375975,1.54,bd137232,bd,G,V
111670467458,2457274.875985,3.273402637163524,0.06215856548624198,15.172282834614245,0.02064019175953403,17.728603935846913,1.56,bd138412,bd,G,V
111670467458,2457277.8649752,4.225560627469952,0.05812520674117611,14.895070561383086,0.014951760988596989,17.801445117151605,1.51,bd139464,bd,G,V
111670467458,2457288.7123169,2.8870201497092403,0.1038393875555964,15.30865686698613,0.03909529330036714,17.17145109868628,1.56,bd140809,bd,G,V
111670467458,2457289.7895238,3.045988459859137,0.3132406328267566,15.25046077046817,0.11177946115412435,15.972661161969388,1.58,bd141210,bd,B,V
111670467458,2457296.8044045,6.1996059171194915,0.10510837272999284,14.478871194263244,0.018428305404504804,17.15826311251207,1.52,bd142239,bd,G,V
111670467458,2457298.8107563,2.789790666717068,0.0795531840673119,15.345852362014353,0.030995462591045995,17.460712476926293,1.54,bd142876,bd,G,V
111670467458,2457300.805764,3.26250369716878,0.06796624697146111,15.17590387326104,0.02264406794937042,17.63162317048911,1.47,bd143273,bd,B,V
111670467458,2457303.7865983,4.308709911359539,0.04948030965224155,14.873913265221299,0.012482377876584714,17.97627537162786,1.63,bd143866,bd,G,V
111670467458,2457305.7782665,6.443967160134456,0.09914724722637153,14.436898108284025,0.016723975201471668,17.221654741826743,1.47,bd144658,bd,G,V
111670467458,2457308.7725581,3.0610426207268766,0.0619128882462674,15.245107963063973,0.02198486790197192,17.73290373269338,1.49,bd145448,bd,G,V
111670467458,2457310.7676523,3.6106458061360382,0.04844226412287335,15.06581918579364,0.014583162609493248,17.999295310539715,1.49,bd146223,bd,G,V
111670467458,2457314.7322687,4.376717593967366,0.07382575897458955,14.856910092438415,0.018334605435904115,17.54183659248521,1.49,bd147040,bd,G,V
111670467458,2457318.7179633,3.41506462267333,0.07038332510144377,15.126284089081533,0.022401805732394114,17.59368194305926,1.65,bd148755,bd,G,V
111670467458,2457321.7358671,4.655374801317353,0.09133497023145279,14.789894775760999,0.021325273644526757,17.310763664772292,1.62,bd149989,bd,G,V
111670467458,2457325.7227548,3.0477759122176495,0.08302186936759808,15.249823823688782,0.029608857394775714,17.41437512374197,1.41,bd151518,bd,G,V
111670467458,2457328.7140978,3.8665038228588173,0.03929035443028074,14.99148529475085,0.011045354911315964,18.2266415273982,1.65,bd152071,bd,G,V
111670467458,2457333.7011878,2.9401914537539096,0.07576826273549087,15.288842377294685,0.02801069543142713,17.513638069741027,1.54,bd153551,bd,G,V
111670467458,2457437.1662572,4.1682366242421285,0.09718044415835218,14.909900491500835,0.02534187165601045,17.243409194545197,1.56,bd185903,bd,G,V
111670467458,2457438.1625235,4.3263705825463346,0.07781833176786468,14.869472112215917,0.01955106286252444,17.484651602751036,1.65,bd186310,bd,G,V
111670467458,2457439.1589576,5.574592972436542,0.08812385181605445,14.594248497090055,0.017182742475701618,17.349622714868385,2.00,bd186727,bd,G,V
111670467458,2457441.1633173,2.9587844951980675,0.1411237644738063,15.281998068968107,0.05184405840172964,16.83835601182812,1.55,bd187567,bd,G,V
111670467458,2457443.1486943,3.528359988147597,0.10124133705359285,15.090849183258207,0.031188691615836584,17.198961713485627,1.51,bd188365,bd,G,V
111670467458,2457451.1393727,2.855319560958903,0.07782680888476062,15.32064460310206,0.02962693165420199,17.484533334841142,1.51,bd191454,bd,G,V
111670467458,2457454.143688,3.6804494231500304,0.044695555392726634,15.045029269465884,0.013200052450468455,18.086695548061005,1.62,bd192693,bd,G,V
111670467458,2457457.1246955,6.096956765918996,0.11207697870678644,14.49699861599015,0.019980919599615492,17.088565356109353,1.67,bd193566,bd,B,V
111670467458,2457459.1171722,2.826353204480685,0.07698260365983609,15.331715319677778,0.029605904518891252,17.49637490503534,1.56,bd194327,bd,G,V
111670467458,2457462.110244,3.4929514346045174,0.08752293175867949,15.101800036207225,0.02723588439688594,17.357051751651124,1.46,bd195412,bd,B,V
111670467458,2457463.1067856,3.765213702012276,0.05684585832429954,15.020307328360545,0.01641048326325637,17.82560932280736,1.55,bd195735,bd,G,V
111670467458,2457464.1466018,3.9589118053977677,0.05097376808694239,14.965841837340141,0.01399532810611655,17.94398954686038,1.50,bd196089,bd,G,V
111670467458,2457467.1055995,3.979599650618259,0.059226288291778256,14.960182944353313,0.016176602163272616,17.781070102970638,1.52,bd197182,bd,G,V
111670467458,2457468.0926883,2.636150981947414,0.09572540065450584,15.407355703872854,0.03947017801713374,17.259788411816402,1.52,bd197519,bd,G,V
111670467458,2457473.0937696,4.282999809700064,0.08978231142461172,14.880411266766412,0.022785307792630858,17.329379438628354,1.61,bd198991,bd,G,V
111670467458,2457478.1175241,2.9753801617916267,0.08095517282710532,15.27592524690145,0.029574289095197326,17.441744882988903,1.63,bd200095,bd,G,V
111670467458,2457482.1146285,3.9901784997490948,0.04774040046494029,14.957300594045687,0.013004866734424952,18.015141249386765,1.55,bd201532,bd,G,V
111670467458,2457483.0659871,5.720312258655328,0.09340640863270311,14.566232063080982,0.017748804688402304,17.286414707964177,1.65,bd201887,bd,G,V
111670467458,2457488.0596272,3.301798174759205,0.06074295740581436,15.162905096727021,0.019996665515991822,17.75361656195549,1.54,bd202789,bd,G,V
111670467458,2457490.0484825,4.248402880044873,0.055941026599713735,14.889217168064699,0.01431254648210265,17.8430303135569,1.53,bd203543,bd,G,V
111670467458,2457493.0454796,4.975126710811583,0.07770893793848813,14.717771038995801,0.0169777056544319,17.486178960119844,1.64,bd204602,bd,G,V
111670467458,2457496.0161935,3.1737945784146873,0.086468832109987,15.205834369695532,0.029613719056783856,17.370207410618985,1.57,bd205662,bd,G,V
111670467458,2457500.039984,5.106014858342211,0.11212675481637593,14.6895762188837,0.02386928177656626,17.08808326132572,1.53,bd206587,bd,G,V
111670467458,2457503.0522909,2.982009586139992,0.09590693337035171,15.273508816448722,0.03495852836671938,17.257731382120436,1.64,bd207578,bd,G,V
111670467458,2457506.0155377,3.43498564493716,0.07384610080981871,15.119969088391683,0.023367637940072426,17.541537471621538,1.72,bd208669,bd,G,V
111670467458,2457509.0843411,4.289678685368718,0.06374965156573545,14.878719497130614,0.016153447521446995,17.701161855166546,1.54,bd209761,bd,G,V
111670467458,2457512.0398426,2.7775856878792045,0.06929221336281295,15.350612740256032,0.027116219510029523,17.610645308718958,1.55,bd210627,bd,G,V
111670467458,2457515.0107237,3.6258826421458776,0.053125465900761906,15.06124704624711,0.015925797200399217,17.899099514278422,1.44,bd211713,bd,G,V
111670467458,2457521.0544988,2.946667939250786,0.06737392129603219,15.286453409884022,0.024852655493472747,17.641126831452706,1.56,bd212412,bd,G,V
111670467458,2457527.9281228,2.813153304377676,0.09797627979189787,15.336797904684234,0.037856435385095415,17.23455403103752,1.56,bd213895,bd,G,V
111670467458,2457529.9744227,2.737268779679898,0.12423702759366714,15.36648779444012,0.04933393767791145,16.976728763113428,1.57,bd214611,bd,G,V
111670467458,2457532.9376293,3.8023064823764186,0.08481987300856322,15.009663604624011,0.024247260068872983,17.391112348919517,1.48,bd215500,bd,G,V
111670467458,2457538.0642664,6.24820379276793,0.10697157078907293,14.47039343915919,0.018609099569454536,17.13918546091097,1.51,bd216529,bd,G,V
111670467458,2457542.0014029,3.4710926410681844,0.05252397200171438,15.10861589240141,0.016447637622641446,17.91146249078453,1.56,bd217415,bd,G,V
111670467458,2457547.0178091,5.794063171752573,0.09009403741376466,14.552323339673318,0.016901490134613017,17.32561626983604,1.56,bd218867,bd,G,V
111670467458,2457548.0219631,2.709016683662273,0.07487549959642245,15.377752205333708,0.03004278751608946,17.526507060734588,1.50,bd219204,bd,G,V
111670467458,2457550.8629325,4.584961361101311,0.07811500767485033,14.806442204300797,0.018518720301164308,17.48052019425164,1.49,bd220102,bd,G,V
111670467458,2457555.8864996,3.0562019587057736,0.12619521006338894,15.246826280204985,0.0448820818924963,16.959749216440684,1.46,bd220839,bd,B,V
111670467458,2457557.937118,3.2701804415322657,0.14437938444331105,15.173352112621835,0.04798943554680595,16.81359342897386,1.58,bd221301,bd,B,V
111670467458,2457559.0019671,3.4114202896125874,0.09678566780767625,15.127443334219546,0.030838127203135616,17.24782876623438,1.56,bd221700,bd,G,V
111670467458,2457561.8719011,6.359095594831637,0.14528802636013588,14.451293020310896,0.024833998078454347,16.806781833155444,1.46,bd222601,bd,B,V
111670467458,2457562.9986434,4.796328748718125,0.09215338539792191,14.757509047650796,0.02088404037887968,17.301078157848625,1.61,bd223048,bd,G,V
111670467458,2457567.9225836,3.5254245774247943,0.0584639071790889,15.091752834865918,0.018025552326829623,17.795136803276343,1.56,bd224074,bd,B,V
111670467458,2457573.9307109,2.7056320519060932,0.07309607799137818,15.379109566778762,0.02936550763815325,17.552621205468256,1.56,bd224924,bd,G,V
111670467458,2457575.8452116,3.9298586307406853,0.12076413150727865,14.973839085190077,0.033402056579642944,17.007511487632843,1.41,bd225501,bd,G,V
111670467458,2457577.0176961,3.1979576069811593,0.0647296735516628,15.197599648718299,0.02200102361064203,17.68459785176432,1.66,bd225983,bd,G,V
111670467458,2457578.911816,4.479655920769284,0.058889349617450126,14.831669760955762,0.014289080179325652,17.787264498840255,1.55,bd226610,bd,G,V
111670467458,2457581.9908024,5.785276883858373,0.0872407121677252,14.553971031624187,0.016391067006050086,17.360558388238264,1.62,bd227298,bd,G,V
111670467458,2457583.0210335,6.403984293966239,0.1008299919190445,14.443655759208077,0.017114004699632236,17.203382062719726,1.60,bd227549,bd,G,V
111670467458,2457587.0054605,3.3797635848153544,0.07941991197505556,15.137565598646132,0.025542020650521483,17.462532890230765,1.65,bd228414,bd,G,V
111670467458,2457591.9733766,4.597243955587575,0.0801594965942154,14.803537528350727,0.018952635197118213,17.45246894082713,1.55,bd229355,bd,G,V
111670467458,2457595.8560339,4.176554369063899,0.05035898920484399,14.907736056299765,0.013106026381422208,17.95716388253993,1.58,bd229954,bd,G,V
111670467458,2457597.863645,5.776594083495373,0.0891990190722786,14.555601776771175,0.01678419049563533,17.336456197586383,1.70,bd230623,bd,G,V
111670467458,2457600.8361221,3.1818201019576917,0.0637327524292802,15.203092351325209,0.021772045144465763,17.70144970672584,1.51,bd231428,bd,G,V
111670467458,2457603.9691314,3.2165906024721727,0.06183369001694686,15.191291932555517,0.02089496020272527,17.734293482581794,1.54,bd232493,bd,G,V
111670467458,2457605.8531169,4.712799573891221,0.06572819409034075,14.776583978364215,0.01515950086747319,17.667977143623148,2.04,bd232961,bd,G,V
111670467458,2457607.8978915,6.258255510474019,0.09694803490589324,14.468648178423305,0.01683828642572822,17.24600886731332,1.54,bd233692,bd,G,V
111670467458,2457610.9092579,2.9109752207367494,0.06912020897790415,15.299685133055911,0.0258094474309848,17.613343787382178,1.50,bd234646,bd,G,V
111670467458,2457613.9496774,3.678260694614367,0.0627048556959982,15.045675138604796,0.01852980457401266,17.719103461842348,1.57,bd235738,bd,G,V
111670467458,2457617.8882508,3.8985992394651356,0.0784191821013481,14.982509920185317,0.021863812148643157,17.476300622750266,1.46,bd236655,bd,G,V
111670467458,2457619.8728849,3.076694454836516,0.11117279923729939,15.23957048252629,0.03927591801682452,17.09736004125864,1.61,bd237382,bd,G,V
111670467458,2457621.8576205,3.689000178663094,0.06665585964536141,15.042509713866359,0.019640015680321966,17.6527605591977,1.68,bd237866,bd,G,V
111670467458,2457630.8999538,3.1782674667094053,0.06552660267017164,15.204305298496422,0.02240987231747792,17.671312264029435,1.46,bd239620,bd,G,V
111670467458,2457637.8803644,3.1865716861038376,0.06293479723067712,15.20147217214452,0.021467393497698054,17.715129300467254,1.49,bd240592,bd,G,V
111670467458,2457639.8756143,3.5459399325102128,0.05507669052705982,15.085452968345937,0.016882961669859878,17.859936802959883,1.51,bd241361,bd,G,V
111670467458,2457651.8405573,5.682333972165831,0.1304623783206082,14.573464516368993,0.024955754739479502,16.92364316513049,1.57,bd243145,bd,B,V
111670467458,2457652.8279506,5.087363523288706,0.07190990059304052,14.693549475163596,0.01536413410785511,17.570384672694914,1.68,bd243530,bd,G,V
111670467458,2457657.8168765,3.7020363981708693,0.047657743516405955,15.038679693537546,0.013992810862724874,18.017022704524376,1.70,bd244651,bd,G,V
111670467458,2457662.8055905,2.569277077292165,0.0809448830935171,15.435254049018212,0.03424448431721436,17.441882893272414,1.53,bd245969,bd,G,V
111670467458,2457668.7905723,5.155545104248011,0.0818622400687946,14.679094927727462,0.017259221658953827,17.429647332538377,1.49,bd246942,bd,G,V
111670467458,2457671.7550413,3.123110905025068,0.08338286684774135,15.223312887597283,0.029020279355314954,17.409664336563605,1.57,bd248131,bd,G,V
111670467458,2457675.7682167,4.206840519057105,0.07977635435590832,14.899891283855473,0.020612482991668492,17.45767092891186,1.56,bd249612,bd,G,V
111670467458,2457680.7041731,2.995153157586778,0.07207643845914281,15.268733817007396,0.026156911090989683,17.56787309732587,1.55,bd251372,bd,G,V
111670467458,2457686.7397213,6.192771810154037,0.09492735519265062,14.480068710716518,0.01666166798668656,17.268877941183614,1.54,bd252847,bd,G,V
111670467458,2457688.7465776,2.9116989784707754,0.1051429113070681,15.299415219283487,0.039250545473584475,17.15790639855334,1.50,bd253666,bd,G,V
111670467458,2457689.7195884,2.96337757312554,0.10934822241008967,15.280313929986601,0.04010854525158164,17.11532707507737,1.46,bd254070,bd,B,V
111670467458,2457690.7232375,3.064730510248536,0.06841980752260866,15.243800674801431,0.024266197551185174,17.62440177342391,1.63,bd254492,bd,G,V
111670467458,2457693.7143996,4.625901159440942,0.0802875092580764,14.796790531856763,0.018865304033604504,17.450736430923627,1.55,bd255165,bd,G,V
111670467458,2457696.701912,2.747332287104732,0.07239630820021915,15.362503429310564,0.028642927438163383,17.563065343141005,1.57,bd256416,bd,G,V
111670467458,2457702.6889489,4.288889101705036,0.10388519137483694,14.878919362561312,0.026328189794440283,17.170972283267055,1.79,bd258793,bd,G,V
111670467458,2457801.1705487,4.275515958234923,0.1670919860955779,14.882310075106098,0.04247948687154756,16.65496734072577,1.63,bd286475,bd,G,V
111670467458,2457802.1699608,4.134634615852084,0.1480033264478659,14.918688563768129,0.03890868138742168,16.786677702457833,1.63,bd286886,bd,G,V
111670467458,2457803.1630643,5.525502221046154,0.10718710127238079,14.603852009974126,0.021085453251753157,17.13700007821589,1.55,bd287234,bd,G,V
111670467458,2457809.1453603,3.7281336610942213,0.04770835296402074,15.031052718786462,0.013909615402698442,18.015870334515235,1.64,bd289256,bd,B,V
111670467458,2457823.1210264,3.064818278154743,0.08621661744507135,15.243769581878713,0.030577249973408167,17.373378943466623,1.48,bd291521,bd,G,V
111670467458,2457829.1078645,5.408600282360345,0.10548802649412778,14.627069188284615,0.021199736045782194,17.154348474986854,1.53,bd293507,bd,G,V
111670467458,2457831.1188197,4.159359162522973,0.06978340531265882,14.912215345749962,0.018236349531246,17.60297599750562,1.65,bd294195,bd,G,V
111670467458,2457835.0936005,3.4788194917363326,0.05719921705514873,15.106201667641301,0.017871885035758053,17.8188811831872,1.59,bd295720,bd,G,V
111670467458,2457840.1099603,3.8537463823854856,0.03851385012600049,14.995073579389635,0.0108629049288465,18.248314053566702,1.46,bd297481,bd,G,V
111670467458,2457845.0617921,4.139163472561619,0.05614740847816576,14.917499957487374,0.01474447487485279,17.839032103919926,1.53,bd298916,bd,G,V
111670467458,2457848.0504848,4.2909562323915384,0.059246741464851725,14.878396192601404,0.015007990885779917,17.780695220167786,1.63,bd299895,bd,G,V
111670467458,2457852.0442228,3.3817049585019183,0.08871068885998776,15.136942118778443,0.028513623449589832,17.342416514525127,1.82,bd301385,bd,G,V
111670467458,2457859.0655127,2.9562556005274123,0.09202457735134272,15.282926452419382,0.03383561099875251,17.302596814916484,1.50,bd303222,bd,G,V
111670467458,2457869.0566114,3.1446674232724843,0.07084461055349921,15.21584460031418,0.024487489806174753,17.586589350581107,2.05,bd305033,bd,G,V
111670467458,2457871.0457072,3.6727459881732765,0.04936688665841533,15.047304171966712,0.014610228854408158,17.97876704583802,1.65,bd305739,bd,G,V
111670467458,2457877.9722255,3.5382139333217513,0.0630283513394762,15.087821183526318,0.0193626159508651,17.713516525574644,1.47,bd306642,bd,G,V
111670467458,2457879.0637184,3.263408230590219,0.062316271636126505,15.175602893198413,0.020755931553529342,17.725852739344546,1.45,bd307073,bd,G,V
111670467458,2457880.0942129,3.541111256703166,0.05272234626920133,15.086932474791151,0.01618330912653978,17.90736957080588,1.51,bd307457,bd,G,V
111670467458,2457880.9617885,5.163960343493953,0.10383946623221761,14.677324158383415,0.02185705883222403,17.17145027605023,1.64,bd307716,bd,G,V
111670467458,2457884.039171,5.121915259022042,0.14299455490949914,14.686200432307576,0.03034584841252162,16.824057642982496,1.61,bd308638,bd,B,V
111670467458,2457889.0254469,3.624963928312727,0.06705122058240705,15.061522181258205,0.020105513584114436,17.646339673577803,1.55,bd309537,bd,G,V
111670467458,2457893.0686042,6.4512525513340675,0.1024265919123758,14.435671294936158,0.017257617988563553,17.186324587488954,1.61,bd310792,bd,G,V
111670467458,2457896.0395872,3.323544310983092,0.06852581742762057,15.15577772112315,0.022411190341080446,17.622720831590733,1.58,bd311817,bd,B,V
111670467458,2457898.9720175,4.729127351875534,0.06570751605035258,14.772828881017812,0.01510240849612228,17.66831876914972,1.46,bd312659,bd,G,V
111670467458,2457902.9668502,2.909116375081396,0.125804567567509,15.300378667191062,0.04700537123691002,16.96311537052715,1.50,bd313775,bd,B,V
111670467458,2457904.9021523,3.97829151582514,0.12262346119669822,14.960539895532634,0.033503419831296934,16.990922467538244,1.49,bd314255,bd,G,V
111670467458,2457905.887083,4.125621015630649,0.06675183526185577,14.921058077840456,0.017586768731552793,17.651198367156955,1.57,bd314466,bd,G,V
111670467458,2457907.982672,4.465797106385343,0.06326714813632853,14.835033934581094,0.015398961851690552,17.709410747649585,1.53,bd315192,bd,G,V
111670467458,2457912.9240617,3.1484204837394243,0.2693621827239556,15.21454958134387,0.09299424353698334,16.136514837139465,1.64,bd316599,bd,B,V
111670467458,2457913.8856162,3.89472291093888,0.11953942224770152,14.983589991171307,0.033361591463189434,17.01857851244913,1.67,bd316907,bd,G,V
111670467458,2457921.0893679,6.494950488875494,0.11090389453430885,14.428341792549464,0.018560220229054708,17.0999894005975,1.50,bd318301,bd,G,V
111670467458,2457925.9607647,4.613159420908024,0.059256540363071805,14.799785246630444,0.013962076123235518,17.780515663645392,1.54,bd319158,bd,G,V
111670467458,2457926.8708872,3.5756795307919638,0.04988124411754983,15.076384933629395,0.015163199928608734,17.967513201335475,1.78,bd319424,bd,B,V
111670467458,2457929.9798177,2.8138610149945222,0.081708807313076,15.336524798201953,0.03156300916043887,17.431684215585893,1.56,bd320407,bd,B,V
111670467458,2457931.923595,3.516500415319723,0.05303112095428952,15.094504721911484,0.016392013640971162,17.9010293757053,1.64,bd320998,bd,B,V
111670467458,2457936.8589737,2.8588037503400354,0.07585152471891436,15.319320546613229,0.02883979338115611,17.51244560587483,1.72,bd322012,bd,G,V
111670467458,2457939.923861,3.2077666529764284,0.08855984664406381,15.194274483830366,0.030008636315445154,17.344264254129413,1.50,bd322845,bd,G,V
111670467458,2457942.9420154,4.037466013657539,0.09000110088732922,14.944509205576592,0.024229871717127403,17.326736839346182,1.55,bd323858,bd,G,V
111670467458,2457946.979415,3.913901770407756,0.07729768526349046,14.97825660025726,0.02146687066797192,17.491940171570164,1.51,bd325127,bd,B,V
111670467458,2457949.7996653,4.209631734969822,0.06354895878212181,14.89917114263921,0.016408788118957317,17.70458529555036,1.51,bd325693,bd,B,V
111670467458,2457958.9961441,3.1183848652695345,0.06675879410779784,15.22495711956898,0.023269708446535413,17.65108518559193,1.50,bd327024,bd,G,V
111670467458,2457960.9122041,4.159637923872838,0.049217624145032404,14.912142581860996,0.01286107553782936,17.98205478013433,1.50,bd327604,bd,G,V
111670467458,2457966.8019246,3.701485458064104,0.042009919915982984,15.038841285718483,0.012336386823007606,18.153976759582015,1.59,bd328692,bd,G,V
111670467458,2457970.8849664,5.650649430532674,0.11413498123941893,14.579535493867333,0.021954956459768353,17.068809464250844,1.55,bd329794,bd,G,V
111670467458,2457973.7407847,3.6507518748651338,0.12208401115444736,15.053825612226738,0.03634868012751525,16.995709418951524,2.00,bd330751,bd,G,V
111670467458,2457974.7792569,3.528899269532493,0.08420494802212508,15.090683249911027,0.0259364494208073,17.399012363396714,1.66,bd331141,bd,G,V
111670467458,2457978.9520499,3.7291412235577974,0.0658816649207195,15.030759328219842,0.019202948093311398,17.66544497903159,1.55,bd332534,bd,G,V
111670467458,2457979.8010157,5.157995728285892,0.08006746550383188,14.678578959189508,0.016872804552987626,17.45371619030965,1.58,bd332774,bd,G,V
111670467458,2457982.8942059,2.747647007096768,0.07140170412565694,15.362379060183113,0.02824618583180953,17.578084950947385,1.47,bd333910,bd,B,V
111670467458,2457984.8415334,3.3839567947820823,0.06080409885267387,15.136219380824345,0.019530808401069067,17.75252425268681,1.50,bd334586,bd,G,V
111670467458,2457989.9201672,5.92793051571145,0.09299418297335728,14.52752364348049,0.017051588813125844,17.29121693577554,1.45,bd335523,bd,G,V
111670467458,2457991.762367,3.3126669854727133,0.06268172043185848,15.15933695580275,0.020567206156255118,17.71950412345931,1.52,bd335965,bd,G,V
111670467458,2457996.7912816,5.874838792268305,0.09584725356203179,14.537291519748567,0.01773355849136576,17.258407211229724,1.62,bd337247,bd,G,V
111670467458,2458000.8877176,3.011661056274129,0.17523217253529794,15.262766171678743,0.06324408663417055,16.603321780195365,1.52,bd345752,bd,G,V
111670467458,2458004.8701642,3.9591790390226387,0.06289759689553003,14.96576855067863,0.01726796198744078,17.715771261579977,1.50,bd339672,bd,G,V
111670467458,2458009.8654905,2.968003400271747,0.07260247869827108,15.278620419132931,0.026588829954940957,17.55997777351744,1.46,bd340551,bd,G,V
111670467458,2458012.8556066,3.735711142575723,0.04917398125483917,15.02884818505665,0.014307845972259016,17.98301796533449,1.55,bd341402,bd,B,V
111670467458,2458015.8428573,5.789193035434609,0.09223306290002165,14.55323632709922,0.017317323610652014,17.300139816067897,1.65,bd342335,bd,G,V
111670467458,2458018.8366196,3.160167955991571,0.062313101741772736,15.21050599194096,0.021432921689999725,17.725907969808645,1.62,bd343152,bd,G,V
111670467458,2458019.6010185,3.9824008705668765,0.04716684368991042,14.899703186775145,0.012873718649850653,17.968548573675,2.04,bt000973,bt,G,g
111670467458,2458021.8268692,3.842944097124945,0.04976568914755095,14.998121237323556,0.01407596337876524,17.970031337452582,1.57,bd344276,bd,G,V
111670467458,2458026.7931006,2.8381114839750143,0.08151006888090921,15.327207777026757,0.031217202515745144,17.434328243320294,1.54,bd345873,bd,G,V
111670467458,2458033.7425294,2.4411922465145697,0.08350369623600183,15.431060667478679,0.03718055689494988,17.348376362272965,1.72,bt002695,bt,G,g
111670467458,2458033.7920925,6.66810674305761,0.12321349599920763,14.399775046021999,0.020084818405472233,16.985710693160897,1.52,bd347667,bd,G,V
111670467458,2458034.7361614,2.2829182412217652,0.10580093205306931,15.503839726629403,0.050374564898835975,17.091416877361517,1.59,bt003111,bt,G,g
111670467458,2458035.7301236,2.8061868126896785,0.06791777293746686,15.279774173816099,0.02630746673833108,17.572682019678503,1.70,bt003530,bt,G,g
111670467458,2458036.5974865,3.1967275852714154,0.02511646565041266,15.138301550569377,0.00854014157087926,18.652744296123597,1.68,bt003813,bt,G,g
111670467458,2458036.7710649,3.1218074861194465,0.06699801252673158,15.223766110210521,0.023327487996389687,17.64720159444263,1.49,bd348336,bd,G,V
111670467458,2458037.7782806,3.3786042624721637,0.05648231021973712,15.137938090431657,0.018171354407548586,17.8325752642561,1.48,bd348746,bd,G,V
111670467458,2458038.708214,3.323783820595363,0.029014870185634183,15.095983698653397,0.00948855403298768,18.49608903183245,1.57,bt006507,bt,G,g
111670467458,2458039.6991496,4.137900289175601,0.050876958406998435,14.858115569086364,0.013364517722043785,17.88633776180578,1.64,bt006773,bt,G,g
111670467458,2458040.6861442,5.637376140779952,0.0758519959227886,14.522373089597886,0.014625212083825586,17.45272307886442,1.59,bt007167,bt,B,g
111670467458,2458041.6866524,2.9995574274889907,0.03550238567863529,15.207422669631693,0.012865081127316463,18.276996767378055,1.74,bt007517,bt,G,g
111670467458,2458042.6833854,2.020194788003174,0.07746885829424957,15.636582506491873,0.041681763191682285,17.42982272256323,1.76,bt007628,bt,G,g
111670467458,2458043.6704325,2.5315226438230916,0.045581629704334894,15.391611081298766,0.019571323922191713,18.005665989731305,1.57,bt007948,bt,G,g
111670467458,2458044.650671,2.6029058577072144,0.04198433871641964,15.361419470370299,0.0175323862150416,18.09492231863029,1.58,bt004044,bt,G,g
111670467458,2458045.6538967,3.0946805248264893,0.04005909198951272,15.173526067620774,0.01407010867313676,18.145887858909333,1.65,bt004413,bt,B,g
111670467458,2458046.6446795,3.344922527121805,0.03631823191322414,15.08910046383364,0.011801869465144617,18.252328867616725,1.56,bt004666,bt,G,g
111670467458,2458050.5668142,2.3258889601276787,0.05705949330487659,15.483593179012818,0.02666558440152759,17.761820834564055,1.63,bt005498,bt,G,g
111670467458,2458051.5485014,2.5990789420846743,0.051072550002529256,15.363016945854536,0.021358966981807226,17.88217175570191,1.62,bt005696,bt,G,g
111670467458,2458052.5478717,2.9384230136357847,0.04424886036030226,15.22977983045434,0.016368163169483047,18.037885386886142,1.58,bt006153,bt,G,g
111670467458,2458054.5466848,3.6407933195620705,0.05875488524559118,14.997075558235899,0.017541233488478098,17.73003065548711,2.16,bt008741,bt,G,g
111670467458,2458055.5460848,4.933599481867061,0.0856940273003749,14.667155897762012,0.018879862905487356,17.320264227605083,1.68,bt009198,bt,G,g
111670467458,2458058.6703034,5.855577038026725,0.09940923004268166,14.481141374580005,0.01845309355751749,17.159073836301427,1.69,bt010385,bt,G,g
111670467458,2458059.6659249,2.582603603382305,0.07900179121229224,15.369921240680398,0.03324997768717297,17.408548265975718,2.06,bt010820,bt,G,g
111670467458,2458060.6685844,2.4930761610382075,0.08487192768920755,15.408226757337077,0.037003320137616216,17.330730445482164,1.64,bt011283,bt,G,g
111670467458,2458063.5532114,3.6945749485420936,0.042694334539077575,14.981154419461225,0.012560818501428716,18.076714989550545,2.46,bt012266,bt,G,g
111670467458,2458064.5711481,4.144578149179855,0.05774676709368815,14.856364789775085,0.015144659563062107,17.74882142239852,2.11,bt012703,bt,B,g
111670467458,2458068.6141472,2.1380089893858663,0.059173925745543865,15.575041805048333,0.030083823232427767,17.72231465541751,1.56,bt013723,bt,G,g
111670467458,2458069.6099156,2.648611894262542,0.060917142950771434,15.342519809710815,0.024999618086549474,17.69079179524389,1.61,bt014183,bt,B,g
111670467458,2458070.610646,2.6881837822367363,0.05273146348479357,15.326418230595936,0.02132175951450538,17.847466049671922,2.00,bt014630,bt,B,g
111670467458,2458072.5646171,3.244098152321807,0.02312908206698649,15.122330658274997,0.00774955177498485,18.7422446187021,2.03,bt015278,bt,G,g
111670467458,2458074.5751215,5.1101396458572275,0.06759403598999544,14.628983701399195,0.014377645884796586,17.577869664890574,1.69,bt015738,bt,G,g
111670467458,2458075.5638854,4.157176696126873,0.050832820948584656,14.85306941203785,0.013291007404121008,17.88728008298468,1.58,bt016205,bt,G,g
111670467458,2458077.5558089,2.5350710330578714,0.04311693805939085,15.390090290196753,0.01848714943681309,18.066020831594187,2.14,bt017091,bt,G,g
111670467458,2458079.5554541,2.8281616621021755,0.04078395011735372,15.271305045332662,0.01567462749968479,18.126417394086936,2.33,bt017668,bt,G,g
111670467458,2458085.5920227,2.563259463411165,0.05878779431426964,15.378084198682338,0.024929109729499115,17.72942269643093,1.73,bt020399,bt,G,g
111670467458,2458177.1383253,3.8751217928684114,0.04125608423047506,14.989068012805063,0.011572170427846093,18.173636380984956,1.51,bd379202,bd,G,V
111670467458,2458180.0144228,3.0526411845139774,0.10096489772928849,15.188376224329279,0.03595065630717004,17.142214587188963,2.15,bt052395,bt,G,g
111670467458,2458184.9855778,2.4323409129741815,0.06510646048748084,15.435004510082171,0.02909456131611329,17.618580397515874,2.04,bt054195,bt,G,g
111670467458,2458185.982495,2.4401196017817512,0.1024981315557263,15.431537838073881,0.04565801302494388,17.12585073972943,1.53,bt054361,bt,B,g
111670467458,2458190.9805563,5.099485652335147,0.06870143751292739,14.631249686751858,0.01464372696554887,17.560226050547293,1.49,bt055629,bt,G,g
111670467458,2458193.9709174,2.3163908733826375,0.05271791270806785,15.488036009438602,0.024737655327932633,17.84774509483095,1.62,bt056225,bt,G,g
111670467458,2458196.9613392,2.8759510021473815,0.03345145222411203,15.253111915639234,0.012642869829664845,18.34160317021636,1.64,bt056819,bt,G,g
111670467458,2458197.9569882,3.397733141706556,0.035833191245618,15.072092456428901,0.011463266623578121,18.26692689282389,1.52,bt057189,bt,G,g
111670467458,2458198.9536125,4.1696047249717525,0.0544498547999798,14.849828406850374,0.014194301063630841,17.812648796513507,1.98,bt057572,bt,B,g
111670467458,2458199.9615704,5.421513058976499,0.07199261132150798,14.564764351756935,0.014433763700592548,17.50942079491111,1.50,bt057989,bt,G,g
111670467458,2458207.9310839,4.632682815505952,0.09520942267827295,14.73548420600222,0.022338784465187674,17.20594078211249,1.48,bt059749,bt,G,g
111670467458,2458208.9359186,5.705404722916432,0.11368932045851851,14.509349479057946,0.021659348341778743,17.01334143485409,1.48,bt060143,bt,G,g
111670467458,2458210.9250201,2.2793002717029394,0.09502838100726255,15.505561766600369,0.0453172931045993,17.208007285744443,1.56,bt060717,bt,G,g
111670467458,2458211.920774,2.7872898106750608,0.07243216883717625,15.287110304344155,0.028246297891144145,17.502811887743313,1.51,bt061071,bt,G,g
111670467458,2458213.9159101,3.0022036681183515,0.06192240838133561,15.206465244169996,0.02241918706137334,17.67302101331518,1.53,bt061662,bt,G,g
111670467458,2458216.9166839,4.851912228396842,0.06599339590403863,14.68528328270052,0.014784264160794333,17.603889419024583,1.46,bt062402,bt,G,g
111670467458,2458217.9108973,5.86321933580343,0.08548961633815585,14.47972527000829,0.015848545090630047,17.322857191314682,1.62,bt062687,bt,G,g
111670467458,2458218.8985966,2.1753920721813698,0.057057425771515874,15.556221768550312,0.02850931648096251,17.76186017659752,1.50,bt063045,bt,B,g
111670467458,2458219.8989349,2.4011357595709564,0.05692849075260483,15.449023833170774,0.025770635437692337,17.764316435792814,1.49,bt063305,bt,B,g
111670467458,2458222.0343151,3.04695652676492,0.06467157536013787,15.250115759870049,0.023070624733684937,17.685572793115174,2.20,bd385708,bd,G,V
111670467458,2458224.8904538,4.208608430628373,0.06422148405788314,14.839719320223988,0.016586470821201862,17.63343976841337,1.45,bt064651,bt,G,g
111670467458,2458226.8769449,3.5564174448985,0.046035038563402665,15.02253379259448,0.014069800907871483,17.994919333205342,1.57,bt064940,bt,G,g
111670467458,2458236.8515008,2.3849785608103913,0.08256650962871795,15.456354423761807,0.03762977478828021,17.36063079679833,1.51,bt067387,bt,G,g
111670467458,2458239.8361037,2.7815798170747974,0.24853123190921123,15.289336806082474,0.09711842231572865,16.16418818014167,2.03,bt068175,bt,B,g
111670467458,2458240.8324916,3.137178109806144,0.08120660610884944,15.158717682319708,0.028136129677307022,17.378662210755458,1.52,bt068532,bt,G,g
111670467458,2458243.8331979,6.023842279504782,0.08672113668962879,14.450381641441004,0.01564816951103372,17.307328207171864,1.53,bt068993,bt,G,g
111670467458,2458244.886394,5.4005041994717065,0.08160278426240525,14.5689798519719,0.016424147685093815,17.37337816893345,1.47,bt069392,bt,G,g
111670467458,2458245.8949744,2.140211746913524,0.0747188304364338,15.573923763714408,0.03794770314513349,17.469065448133424,1.48,bt069751,bt,B,g
111670467458,2458248.8090443,2.8423367463995133,0.04543045051241992,15.26587679787482,0.017373354699288954,18.00927300261672,1.56,bt070666,bt,G,g
111670467458,2458249.8083555,3.3935620633871406,0.02898029391786055,15.073426131722623,0.009282376125013215,18.49738364702237,1.52,bt071004,bt,G,g
111670467458,2458250.8211888,3.9513869511388138,0.046569268227255926,14.90819171897481,0.012810380364708666,17.982392077344823,1.59,bt071240,bt,G,g
111670467458,2458251.8637125,4.263770407260419,0.05361221365548782,14.825581094679903,0.013667280296911383,17.829481262259947,1.49,bt071570,bt,G,g
111670467458,2458252.8298728,6.0907358204295345,0.08343003977110783,14.438391215228659,0.01488897704838647,17.349334484911953,1.41,bt071819,bt,G,g
111670467458,2458254.9495327,6.430759727711138,0.10270444738273125,14.439125696132525,0.017359577036165644,17.18338326832641,2.08,bd392318,bd,G,V
111670467458,2458255.8150001,2.5895470589250733,0.04627598622768155,15.36700610301718,0.019424240566212485,17.98925140356725,1.65,bt072749,bt,G,g
111670467458,2458256.8893197,2.5578030555318616,0.04710240302026436,15.380397867692395,0.020016499722968407,17.970032951272856,1.58,bt072917,bt,G,g
111670467458,2458258.7794188,3.646482615898098,0.04020324882317574,14.99538025361965,0.011983927556086578,18.14198773687982,1.48,bt073458,bt,G,g
111670467458,2458262.0807643,3.51849680769376,0.05548494819262986,15.09388850118847,0.017140764818788484,17.851918431521693,1.50,bd394254,bd,G,V
111670467458,2458262.798613,2.088429647972889,0.07889327220232117,15.600515997389724,0.04106126190311902,17.410040688018988,1.53,bt074067,bt,G,g
111670467458,2458263.8552289,2.241671295141079,0.06455300041466118,15.52363579562707,0.03130088918506175,17.62784952889243,1.50,bt074434,bt,G,g
111670467458,2458264.935162,2.1075829039789467,0.05508392124754508,15.590603954630515,0.028408765002765405,17.800078489653405,1.56,bt074870,bt,G,g
111670467458,2458266.8528586,2.673664285795949,0.09816080072506396,15.332298435067752,0.039906477074955544,17.172795380455266,1.51,bt075380,bt,G,g
111670467458,2458269.8112509,4.838954986428725,0.13075719093489488,14.688186666843562,0.029371503113705632,16.86147665636122,1.48,bt076367,bt,B,g
111670467458,2458270.7447572,2.1413441198547716,0.09163385135307607,15.573349459248217,0.04651378142204215,17.247500760787638,1.48,bt076654,bt,G,g
111670467458,2458273.0879959,3.9437654882285096,0.05747494084477332,14.970003699059799,0.015840891648924865,17.81366006130089,1.44,bd396239,bd,G,V
111670467458,2458274.8798686,3.125691870953511,0.06134938601147981,15.222415996332966,0.021334193510740063,17.74283084208135,1.53,bd396601,bd,G,V
111670467458,2458277.8826547,3.886695432267517,0.04137472214133793,14.985830129648354,0.01157088968003713,18.170518668130732,1.56,bd397259,bd,G,V
111670467458,2458279.9289212,4.6894821301524665,0.07792059177210628,14.781969191351465,0.01806090588550972,17.483225788287495,1.59,bd397724,bd,G,V
111670467458,2458280.9059735,5.759351947324001,0.08385616213451666,14.558847358083511,0.01582608653782261,17.40351893852544,1.49,bd398003,bd,G,V
111670467458,2458281.9273047,6.460583458735817,0.10394494489305223,14.434102051686008,0.017488147390239867,17.17034796033641,1.45,bd398332,bd,G,V
111670467458,2458283.9972247,3.03840308581592,0.06596761841644252,15.253167933355474,0.023599216771495443,17.664029380355736,1.47,bd398954,bd,G,V
111670467458,2458285.9561435,3.324526132560744,0.055319738088360194,15.155457026795291,0.018086833340584373,17.855156105496324,1.42,bd399565,bd,G,V
111670467458,2458287.8807995,3.665011948388631,0.039411389203286046,14.989877135200352,0.011688493005908315,18.163586252729836,1.55,bt080058,bt,G,g
111670467458,2458288.8048316,5.9166558018216024,0.08229812789398903,14.469874859355684,0.01511909596190325,17.36416572130208,1.53,bt080323,bt,G,g
111670467458,2458291.8298371,2.9454627680013674,0.0872992023034716,15.286897560953198,0.032215799268367505,17.359830705283102,1.48,bd400773,bd,G,V
111670467458,2458292.7218833,2.835280402490299,0.042378278987038484,15.268575582170843,0.016246487185035813,18.08478232215278,1.51,bt081562,bt,G,g
111670467458,2458294.0126669,2.80939729648105,0.08412967452790851,15.338248504120271,0.03254979226841345,17.399983371762538,1.52,bd401442,bd,G,V
111670467458,2458295.911316,2.969133793524016,0.05473036857190194,15.218491202323772,0.0200359886732514,17.807069679364552,1.55,bt082691,bt,G,g
111670467458,2458297.7181917,2.092845635616705,0.1312224835769732,15.59822263035592,0.06815272559782785,16.857619978552606,1.47,bt083191,bt,G,g
111670467458,2458298.9645429,4.574061111137818,0.08983198120992515,14.809026497908464,0.021347213223521167,17.328778948714316,1.46,bd402826,bd,G,V
111670467458,2458302.8724978,2.4709161639031123,0.06393966500329598,15.417920596263809,0.028127071605442363,17.638214720045344,1.50,bt084011,bt,G,g
111670467458,2458304.8403133,3.261294455805321,0.037108195116376766,15.116590591874052,0.012367786852215967,18.228966032769122,1.54,bt084391,bt,G,g
111670467458,2458305.8414591,4.796765623296039,0.06801401427516017,14.75741015765178,0.015412109365319528,17.630860373114146,2.07,bd404114,bd,G,V
111670467458,2458307.895823,5.938700751276569,0.09583369179558962,14.525552799753303,0.017540378049384357,17.258560846749663,1.50,bd404459,bd,G,V
111670467458,2458309.8741039,2.99902673517866,0.06431054975342607,15.267330561151176,0.023308485600062843,17.69165083835403,1.61,bd405090,bd,G,V
111670467458,2458311.8526056,2.457215621248001,0.04603646474720575,15.423957453294621,0.020364364918604133,17.99488569718694,1.56,bt085028,bt,B,g
111670467458,2458315.9508914,3.864295949129882,0.04147966357810414,14.99210545529799,0.011667478743680968,18.167768330240598,1.54,bd406738,bd,G,V
111670467458,2458318.9009242,2.8366590561241525,0.07282560681399564,15.3277635540492,0.027905457339042893,17.556646113573173,1.53,bd407491,bd,G,V
111670467458,2458320.8227615,2.6632635727178595,0.045481637432295614,15.336530249826891,0.018562399505940855,18.008050381967514,1.53,bt086625,bt,G,g
111670467458,2458322.9471874,3.163020412943321,0.07278744910686097,15.209526417772231,0.02501305150725731,17.557215145035535,1.51,bd408812,bd,G,V
111670467458,2458325.7956477,2.3388999926457896,0.1398102337925188,15.47753649098575,0.06497398174547146,16.788793206577665,1.50,bt088141,bt,B,g
111670467458,2458326.8893931,5.948623764553032,0.1783715231513647,14.523740150109113,0.03259276398302962,16.584042591522156,1.53,bd410107,bd,G,V
111670467458,2458327.8661691,2.8735556359188585,0.10047280755379377,15.313732379319605,0.0380050318368433,17.20723504842216,1.61,bd410452,bd,G,V
111670467458,2458329.7201059,3.2958184481106465,0.10077377142185819,15.105157421421104,0.03323505520458201,17.144271830994697,1.46,bt088987,bt,G,g
111670467458,2458331.8623169,3.1404056908286404,0.05353860582086084,15.15760123306471,0.018530770381596753,17.83097296720388,2.05,bt089405,bt,G,g
111670467458,2458332.875695,3.493041094969072,0.08906385971958491,15.042056384631488,0.027714687729523842,17.27838683138334,1.51,bt089730,bt,G,g
111670467458,2458333.9646449,3.7547809471462137,0.07537418865782836,15.023319890860678,0.021819772467603228,17.519299767815532,1.45,bd412176,bd,B,V
111670467458,2458334.7698323,3.1161962349815275,0.12132538250159963,15.225719408230214,0.04231935533526823,17.002477220711064,1.70,bd412380,bd,B,V
111670467458,2458335.8610995,4.356329567844386,0.05240741419783208,14.86197958488729,0.013076278955176683,17.913874563744873,1.48,bd412631,bd,G,V
111670467458,2458337.8040224,2.4705600524198674,0.05062396009657415,15.418077085180897,0.02227270028483452,17.891750323549967,1.54,bt091056,bt,G,g
111670467458,2458338.7479306,3.0035131731691322,0.036551336091241504,15.205991769610987,0.01322774725863224,18.245382469667945,1.51,bt091365,bt,G,g
111670467458,2458343.9492659,4.494114373348249,0.06276541873612908,14.828171102421168,0.01518058410785272,17.718055317319756,1.59,bd414764,bd,G,V
111670467458,2458345.7796536,2.5161242208160326,0.05346867997571071,15.39823542633166,0.023098275485592783,17.83239195530304,1.47,bt092131,bt,G,g
111670467458,2458348.8856478,3.162069048139092,0.08396551407569998,15.209853031720076,0.028863020299785123,17.402104015482276,1.46,bd415862,bd,G,V
111670467458,2458352.8498548,6.329914075986336,0.19449527074145398,14.4562868674587,0.033398226333253886,16.490083779469423,1.44,bd417046,bd,B,V
111670467458,2458361.9085075,5.065056065455714,0.08415686222845725,14.698320762120625,0.018059987701260105,17.39963255735236,1.49,bd418088,bd,G,V
111670467458,2458362.6907086,2.514320770734812,0.04647154722155629,15.399013914570308,0.0200899391659626,17.98467278119196,1.44,bt096250,bt,G,g
111670467458,2458365.6470816,3.663374040817278,0.042088938669225466,14.9903624632337,0.012488172343271446,18.092220675066322,1.98,bt096690,bt,G,g
111670467458,2458369.8701264,4.616595468937618,0.0744276535780358,14.798976852049247,0.017523654389628284,17.533020574807175,1.47,bd419603,bd,G,V
111670467458,2458371.7443522,2.9794620244146577,0.07929737885695129,15.274436768588098,0.028928981943414832,17.46420931336452,1.63,bd420113,bd,G,V
111670467458,2458372.6742709,2.6567492982191645,0.04166242485982998,15.339189185952591,0.017045358567785697,18.103279252945974,2.04,bt097591,bt,G,g
111670467458,2458376.8341814,3.7143916959227234,0.05903517574296368,15.035062155194394,0.01727568725621152,17.784579242583497,1.44,bd421076,bd,B,V
111670467458,2458379.8050469,6.292816743480788,0.10915270129934448,14.462668692999026,0.018853916358787727,17.117270173548416,1.49,bd422076,bd,G,V
111670467458,2458391.807497,3.7415392590400995,0.07010173745800752,15.027155638199854,0.020365292314151535,17.598034438664925,2.15,bd425078,bd,B,V
111670467458,2458392.6512892,3.4760221676649845,0.03211668482705659,15.047359278744082,0.010042927905968944,18.385813836832597,1.50,bt101659,bt,G,g
111670467458,2458396.7514982,5.9927959262162105,0.08668132270509273,14.455991900186529,0.015722015264211322,17.307826787011816,1.49,bt102533,bt,G,g
111670467458,2458397.7702917,4.696158058391434,0.06666387527563748,14.780424640726,0.015429790286930409,17.652630002982445,1.62,bd426860,bd,G,V
111670467458,2458408.7328394,3.2210808478528197,0.07505525106229782,15.189777340577276,0.025327459472901784,17.523903688617693,2.00,bd428475,bd,G,V
111670467458,2458415.6984284,2.6267850328816182,0.13013133608093905,15.411220071860239,0.053847993903267354,16.926401671712892,1.48,bd430384,bd,G,V
111670467458,2458417.6948094,3.4562914161560427,0.1817241458332238,15.05353974038886,0.05714976594496094,16.504109020945478,1.54,bt105563,bt,G,g
111670467458,2458418.6887816,2.718550752810874,0.11224135959375817,15.314222009064856,0.0448773956834014,17.02725831465206,1.42,bt105997,bt,G,g
111670467458,2458423.7032431,4.997895605136541,0.07581582147423564,14.71281345340558,0.016488640042368125,17.5129567812473,1.61,bd431836,bd,G,V
111670467458,2458424.6704884,2.3329340704578687,0.04865638386814884,15.480309458153535,0.022669896436184826,17.93479103863509,1.62,bt107816,bt,G,g
111670467458,2458425.6253219,2.568872683494041,0.05291272246153447,15.375709170711502,0.02238874239742792,17.843740342954888,1.56,bt108225,bt,G,g
111670467458,2458427.6629063,2.884606337475889,0.12263626608871143,15.249849238975091,0.04621091186518772,16.931093313776707,1.53,bt109070,bt,B,g
111670467458,2458428.6978496,3.5722096528194185,0.07256094324345505,15.077439055298056,0.02207893660994018,17.560599094614755,1.52,bd432632,bd,G,V
111670467458,2458430.6529664,4.930551085469852,0.06819691642274828,14.667826965061252,0.015034238928515386,17.56822876610819,2.11,bt110378,bt,G,g
111670467458,2458431.6485012,5.003833081677607,0.06888874389751161,14.6518085872125,0.014964341981749854,17.55726994646096,1.51,bt110820,bt,G,g
111670467458,2458439.627486,5.570687851430556,0.20512414765437958,14.535293562697655,0.0400239675970808,16.372598637803858,1.49,bt112545,bt,B,g
111670467458,2458440.6233169,3.259242080632805,0.12883584919764884,15.117274074925389,0.042966727556485756,16.87754880049705,1.46,bt112992,bt,B,g
111670467458,2458441.6192981,1.9603146934083855,0.09904392103846194,15.669251134400941,0.05491793550972684,17.163071048314798,1.51,bt113441,bt,B,g
111670467458,2458442.6227415,2.4011917932510287,0.08820344744698201,15.44899849637545,0.039927386355325944,17.28892671159616,1.51,bt113897,bt,G,g
111670467458,2458443.6115704,2.4142624188213677,0.10729957350734244,15.443104437112536,0.04830873822762454,17.076145622085924,1.53,bt114299,bt,G,g
111670467458,2458444.5928768,3.3132474061572834,0.09046952824603885,15.099430955670329,0.029679776874780794,17.26138479721439,1.51,bt114709,bt,G,g
111670467458,2458446.6037986,3.329705729504055,0.21556417295417338,15.094050988741447,0.07036924661830098,16.318699155930446,1.57,bt115203,bt,B,g
111670467458,2458448.6035967,5.695109303896501,0.1141323908596689,14.5113104629549,0.021783066832750494,17.009118323900317,1.73,bt115582,bt,B,g
111670467458,2458450.5923377,2.44795918570253,0.04847508464907819,15.428055190693948,0.021524178061837484,17.938844171108883,2.01,bt116330,bt,G,g
111670467458,2458452.5920952,2.614582825080876,0.04873603000830002,15.356559612236333,0.020260955267139814,17.93301523878032,1.52,bt117199,bt,B,g
111670467458,2458455.5846564,3.863475033142729,0.04855906283897802,14.932620347138258,0.01366168788191506,17.936964870134766,1.47,bt118245,bt,G,g
111670467458,2458457.5737533,4.831448441082127,0.08270363710309545,14.689872248991918,0.018606274871189883,17.358829088495792,1.68,bt119158,bt,B,g
111670467458,2458463.5594822,3.541128255050122,0.07132255978333267,15.027211480724548,0.021892604819682016,17.519573307158566,2.03,bt119739,bt,B,g
111670467458,2458465.5638477,5.4960152757997545,0.10822740294245982,14.549945794419543,0.021404322141749733,17.066797518667283,1.51,bt119998,bt,G,g
111670467458,2458528.032954,4.712165667056831,0.272679951871333,14.717014245602103,0.06289915783440196,16.06350758976117,1.60,bt135615,bt,B,g
111670467458,2458561.959094,3.67222017846361,0.07844679690634453,14.987743840588122,0.023219810731112234,17.41620257287441,1.51,bt144113,bt,G,g
111670467458,2458571.0508685,3.6300139160445823,99.99,15.000294897398707,99.99,99.99,1.48,bD021131,bD,G,g
111670467458,2458572.0604061,3.249346495273294,0.04012323389829765,15.1205755598619,0.013421840613938921,18.144150787635983,1.64,bD021551,bD,G,g
111670467458,2458577.0441989,2.4403937529790873,0.05547680664595822,15.431415860790263,0.024709486620949305,17.79236197575059,1.44,bD022774,bD,G,g
111670467458,2458577.901149,2.8818379175321467,0.04293525368634119,15.250891744151904,0.016194093957531533,18.07060552817817,1.52,bt148706,bt,G,g
111670467458,2458578.9027395,3.2077735541108905,0.034990403962619966,15.134556365763768,0.011856525139287219,18.292768220387533,1.50,bt149095,bt,G,g
111670467458,2458579.9083164,3.9827200408781596,0.05097112796405653,14.899616173717472,0.013910945131035366,17.88433000043759,1.64,bt149248,bt,G,g
111670467458,2458581.0320386,3.426118390071406,0.03317164294705998,15.06305970727128,0.01052390184256219,18.350723156251256,1.97,bD024381,bD,G,g
111670467458,2458581.9013439,4.33591017845131,0.06367571453674041,14.807364930042544,0.015962676887561904,17.64270604370082,1.46,bt149951,bt,G,g
111670467458,2458582.879945,2.1858777594116567,0.06071158404325251,15.55100094405015,0.03018963523316533,17.694461700637305,1.50,bt150314,bt,G,g
111670467458,2458584.0399336,6.2406468797065555,0.07129717630882706,14.411991599307676,0.012418092589483003,17.519959786033365,1.58,bD025562,bD,G,g
111670467458,2458585.9664444,2.492235645035493,0.05968367169493143,15.408592864292459,0.026030265765346183,17.713001779545156,1.45,bt151192,bt,G,g
111670467458,2458588.1227324,2.6648300215646477,0.05512242896233301,15.335891841268644,0.022483866952058153,17.799319745320982,1.54,bD026001,bD,G,g
111670467458,2458590.0033373,3.7852783273195207,0.06484640315198913,14.954821076777218,0.018620881933216354,17.62292588146229,1.55,bD026634,bD,G,g
111670467458,2458591.8764839,2.1232290263168716,0.1187735796214924,15.582573515457733,0.06080442353589784,16.965840997638228,1.60,bt152771,bt,G,g
111670467458,2458592.0452767,4.8834971892436885,0.08813440545898131,14.67823826705376,0.01961673429734827,17.28977691350818,1.59,bD027437,bD,G,g
111670467458,2458594.0258924,2.16195751286903,0.07954740553183128,15.562947735088956,0.039993649604847414,17.401075562597683,1.62,bD028182,bD,G,g
111670467458,2458595.0161281,2.691655139808909,0.08373441251902597,15.325017081166202,0.033814014446149114,17.345380667305026,1.46,bD028568,bD,G,g
111670467458,2458595.9906656,2.7878502533216127,0.08512920137609163,15.28689201642058,0.03319107276868213,17.32744421354752,1.95,bD028939,bD,G,g
111670467458,2458598.0070943,3.123887107574355,0.0579245784716515,15.163327295379352,0.020154857128508768,17.74548340637053,1.49,bD029733,bD,G,g
111670467458,2458599.8343229,2.0776083261883356,0.06728448382315133,15.606156429542164,0.03520168242567759,17.582853298835587,1.46,bt154115,bt,G,g
111670467458,2458600.8317461,2.2999381123535576,0.05880165119237745,15.495775247265378,0.027789807868864466,17.72916680757541,1.47,bt154473,bt,G,g
111670467458,2458601.8368154,2.5156835850043304,0.06071702554932749,15.398425582344593,0.02623412868567464,17.69436439177117,1.47,bt154839,bt,G,g
111670467458,2458602.8403455,2.567073606690103,0.05444576182052735,15.376469818424972,0.023053556289795073,17.812730414049952,1.47,bt155186,bt,G,g
111670467458,2458604.969756,2.548212552954162,0.049594029130940284,15.38447649530108,0.02115465342194539,17.91406712946959,1.55,bD031364,bD,G,g
111670467458,2458606.0097451,2.8694967624789376,0.05119993933380008,15.255551274560261,0.019394379076923703,17.879466995477777,1.50,bD031782,bD,B,g
111670467458,2458609.9508303,5.353178113007198,0.06075070089226638,14.578536388188821,0.012335358387314574,17.693762379351174,1.61,bD032368,bD,G,g
111670467458,2458612.9487347,2.5451122587143082,0.049654704135293,15.38579826535966,0.021206335520205503,17.91273961515301,1.59,bD033521,bD,G,g
111670467458,2458614.9703212,2.9139731538531084,0.044275584384396265,15.238851756431655,0.016515469655852807,18.037229856281893,1.48,bD034314,bD,G,g
111670467458,2458616.0059133,3.0850680450677554,0.03691522475754879,15.176903753813257,0.013006275296207355,18.23462681904441,1.49,bD034726,bD,G,g
111670467458,2458617.8038036,2.2748052622026105,0.06941251499830453,15.50770506174527,0.03316696471620978,17.549046160640223,1.47,bt158923,bt,G,g
111670467458,2458618.7813224,2.6994048858615294,0.09564036804888972,15.321895548249557,0.03851105194954592,17.201037514630876,1.47,bt159220,bt,G,g
111670467458,2458619.9794544,3.4284591724339113,0.06691302934848718,15.062318167115363,0.021214064389171894,17.58886388117829,1.53,bD035930,bD,G,g
111670467458,2458622.91105,2.9595677814504513,0.09710189245169999,15.221994895172955,0.03566248285817608,17.184571376185005,1.43,bD036918,bD,G,g
111670467458,2458624.927937,3.733274745824577,0.06555359551066772,14.969840741087683,0.019086167778961913,17.61114931883617,1.45,bD037621,bD,G,g
111670467458,2458625.7750785,2.2201463571817652,0.08487861688805043,15.53411160955507,0.04155553343779405,17.330644876326716,1.55,bt160852,bt,G,g
111670467458,2458626.9198286,5.860105648492379,0.07735943885279617,14.480302007943633,0.014348947207250273,17.431357334401735,1.42,bD038364,bD,G,g
111670467458,2458628.8974359,2.3209173446176865,0.054200491396898406,15.48591643703605,0.02538374653537216,17.81763255146181,2.16,bD039093,bD,G,g
111670467458,2458629.8982251,2.5445789017831553,0.06408930404880851,15.386025817450374,0.02737674471825475,17.635676722519587,1.44,bt161870,bt,G,g
111670467458,2458630.8594792,2.7753294961020116,0.05460474354055794,15.291779243866099,0.021385922713920702,17.809564682152605,2.06,bt162119,bt,G,g
111670467458,2458632.8870057,3.328411546017654,0.034883391304423236,15.094473072590782,0.011391839366765553,18.29609386221844,1.45,bD040574,bD,G,g
111670467458,2458636.8763175,2.3011354354441718,0.058566022407599935,15.495210171726328,0.02766404750790916,17.733526288144105,1.43,bD042029,bD,G,g
111670467458,2458637.9864213,4.9047311263720905,0.05555460136652401,14.673527610593487,0.01231167106047391,17.790840522316994,1.44,bD042484,bD,G,g
111670467458,2458641.8665314,3.4769440497179795,0.030219468276401155,15.047071366881424,0.00944716039626444,18.45192356522822,1.51,bD043179,bD,G,g
111670467458,2458642.9679291,3.045032203148895,0.039608006067311026,15.19108589744956,0.01413849760387628,18.158183161816236,1.56,bD043626,bD,G,g
111670467458,2458643.8136729,5.498513187471854,0.07448518636208507,14.549452444805794,0.014724372994811032,17.472465839669013,1.48,bt164471,bt,G,g
111670467458,2458645.0151501,3.725635460706095,0.027321781253668524,14.972064725852757,0.007971147105620614,18.561368086636108,1.48,bD044400,bD,G,g
111670467458,2458646.8469162,2.3562595795285333,0.06521942891655558,15.469507789266528,0.03008610945112266,17.616698132300247,1.46,bD045005,bD,G,g
111670467458,2458647.8949828,2.554611754298626,0.06798076144822975,15.38175335697413,0.028924994917371546,17.571675549493587,1.46,bD045410,bD,G,g
111670467458,2458648.977753,2.4156448260904835,0.07469832435572565,15.442482922211036,0.03361165927395306,17.46936346203167,1.42,bD045841,bD,G,g
111670467458,2458650.6915323,5.393623474916926,0.15465151930268925,14.570364058829801,0.03116633526323641,16.679255134226047,1.53,bt165642,bt,G,g
111670467458,2458651.9157628,3.213577861778335,0.053045998560353996,15.132593555044878,0.017942211630569933,17.841009038525527,1.49,bD046896,bD,G,g
111670467458,2458652.9100471,4.216634227476909,0.07706168850733268,14.837650797998613,0.019864825920505653,17.43554430980088,1.55,bD047188,bD,G,g
111670467458,2458653.8265034,2.889326840784468,0.0830826146454601,15.248073942195422,0.03125544281016784,17.353865222663575,1.51,bD047491,bD,G,g
111670467458,2458654.9508686,5.937581626709074,0.07717693252694656,14.466041639474385,0.014128306002671428,17.43392182864898,1.46,bD047953,bD,G,g
111670467458,2458654.952143,5.989767114521226,0.08088746820615422,14.456540779516185,0.01467856085431021,17.382937506128833,1.44,bD047954,bD,G,g
111670467458,2458655.8032864,2.5253550392351745,0.07914854318626674,15.39425951194622,0.034066903015949425,17.406533297400387,1.46,bt167323,bt,G,g
111670467458,2458659.8432098,3.708373102434328,0.023823371249017688,14.977107066302784,0.006982838035345945,18.710132565001917,2.14,bD049196,bD,G,g
111670467458,2458660.8722603,3.777187065610873,0.051833986707447245,14.957144387675179,0.014916203227622583,17.866104078902502,1.47,bt168698,bt,G,g
111670467458,2458662.9798566,4.060601688155937,0.03544007846108931,14.878589645183503,0.009486728168041924,18.278903924681426,1.44,bD049856,bD,G,g
111670467458,2458668.8071593,4.020323813309658,0.032759676796820986,14.889413036418116,0.008857083657412342,18.3642915904161,1.46,bD050593,bD,G,g
111670467458,2458669.7884326,5.1504022053825,0.07682056000984301,14.620462759020201,0.0162124442667968,17.43894693949367,1.45,bt169392,bt,B,g
111670467458,2458670.0220706,2.796324119535156,0.04453421530019744,15.283596850550015,0.017310852995514346,18.030906100485183,1.58,bD051066,bD,G,g
111670467458,2458678.8822464,3.6223819088748854,0.06627174441048383,15.002580031789602,0.019885949799362302,17.59931960574773,1.50,bD053319,bD,G,g
111670467458,2458680.0199383,2.527914521707675,0.10491217811216043,15.393159660458007,0.045110297531672984,17.100575852351646,1.47,bD053773,bD,G,g
111670467458,2458683.9775149,2.295428410958007,0.11266563645424917,15.497906240571261,0.05335067202933405,17.023161925452833,1.59,bD055046,bD,G,g
111670467458,2458684.8939064,2.721587506287435,0.10215167633869539,15.313009865777369,0.04079767067802048,17.129526866628172,1.59,bD055353,bD,G,g
111670467458,2458689.840953,5.155008871739823,0.10085100275942793,14.61949207968619,0.021264881962520094,17.143440059563996,1.54,bt174400,bt,B,g
111670467458,2458691.7972611,2.6025902451018963,0.048613847763455315,15.3615511281512,0.020303287839016766,17.935740619838803,1.52,bD056849,bD,G,g
111670467458,2458691.8401414,2.2515430749094714,0.06086020450066932,15.51886497230873,0.029380915219238926,17.691807093121817,1.57,bt174990,bt,G,g
111670467458,2458692.7565389,2.701501120200655,0.04564100902769694,15.321052742384254,0.018363787470028856,18.004252518444137,1.46,bt175265,bt,G,g
111670467458,2458692.9579382,2.2156399751853093,0.053442476947916234,15.536317641767921,0.026217999994142663,17.832924164987027,1.40,bD057357,bD,G,g
111670467458,2458693.8608112,2.46216483659814,0.05478490938616764,15.421772810675572,0.024185551537832077,17.80598824227769,1.44,bt175484,bt,G,g
111670467458,2458693.9758266,2.2613719865746695,0.054110312803949755,15.514135602499447,0.02600879366365826,17.819440500107465,1.51,bD057754,bD,G,g
111670467458,2458694.9999022,2.460333229489372,0.050101902623838235,15.422580791589308,0.02213463979422917,17.903005065070253,1.47,bD057873,bD,G,g
111670467458,2458704.7977255,3.577189930582553,0.068076270150303,15.016210623311736,0.020685495389252743,17.57015122882416,1.58,bt178187,bt,G,g
111670467458,2458707.8848865,5.5898547686326285,0.11238499924465882,14.531564310974403,0.02185344931680773,17.025869743947485,1.47,bD060938,bD,G,g
111670467458,2458708.8899246,5.180225464533517,0.127261852428096,14.614193966224242,0.026703104220537687,16.890895010061445,1.51,bt179327,bt,G,g
111670467458,2458713.9440162,2.6589172606096967,0.05914353856829881,15.338303564041428,0.024177681614207556,17.722872349235782,1.51,bD063046,bD,G,g
111670467458,2458715.9389877,3.4830424484017737,0.04452483109711753,15.045168704013241,0.01389490833295826,18.031134909786125,1.53,bD062524,bD,G,g
111670467458,2458716.9305816,4.211892281727259,0.05139943011481804,14.8388724831221,0.013264571370772279,17.8752448518607,1.50,bD063667,bD,G,g
111670467458,2458717.9339354,5.46214890151978,0.0656469948898436,14.556656784536518,0.01306361846126843,17.609603485783225,1.47,bD063951,bD,G,g
111670467458,2458718.921741,3.853037336497423,0.03072009569661283,14.93555757875554,0.008666256111662218,18.43408420084573,1.41,bD064291,bD,G,g
111670467458,2458720.671858,3.8867935201611914,0.05841020166473668,14.926086947213228,0.01633463401291004,17.736418847266886,1.49,bt181775,bt,G,g
111670467458,2458721.7375369,3.4741768331811174,0.03962853663375812,15.047935822381424,0.012398475497748463,18.15762052293688,1.57,bt182169,bt,G,g
111670467458,2458723.7648615,5.234920519373494,0.05605498945039741,14.602790391609714,0.011639018421318752,17.781104923515457,1.44,bD065965,bD,G,g
111670467458,2458725.8456955,6.283966872693105,0.08067960629809606,14.404480905043368,0.01395539251139903,17.385731185773977,1.44,bD066836,bD,B,g
111670467458,2458726.8867086,6.0281819973039035,0.07164397318285722,14.449599733136083,0.012918303383879087,17.514691454808226,1.43,bD067227,bD,B,g
111670467458,2458732.7862199,4.787846013781601,0.06859673313602399,14.699715186722585,0.015573112885748112,17.561882028253347,2.05,bD068492,bD,G,g
111670467458,2458737.6304964,3.69209263598972,0.0810704101773725,14.98188414952698,0.02386722646213874,17.380484685580907,1.55,bt186135,bt,B,g
111670467458,2458748.8485969,2.7182312711313417,0.0870643274680245,15.314349611321154,0.034814969409432524,17.303039987332227,1.44,bD073020,bD,B,g
111670467458,2458750.8406762,3.5696447980002457,0.022103150640528996,15.01850311417488,0.006730407393241084,18.79150515253816,1.48,bD073508,bD,G,g
111670467458,2458751.8401517,4.525336286577969,0.04957020492802678,14.760938477253218,0.01190644277426907,17.914588825631434,1.54,bD073918,bD,G,g
111670467458,2458752.8354648,6.02039182746767,0.06630828325472207,14.451003728452712,0.01197168274001893,17.59872115139872,1.53,bD074324,bD,G,g
111670467458,2458753.8332915,3.0827934104569628,0.041694169164896766,15.177704567281364,0.014700871274264641,18.102452301140293,1.53,bD074674,bD,G,g
111670467458,2458754.6870967,2.529579527159182,0.048656931832185606,15.392444778048787,0.02090781049378816,17.934778811235596,1.50,bt188169,bt,G,g
111670467458,2458755.69289,2.9842312654756404,0.04124919823299065,15.212984431993046,0.015024333252775976,18.114101832643804,1.53,bt188534,bt,G,g
111670467458,2458757.6677245,4.305839385900413,0.06809848170888463,14.814921057354846,0.01719062932453677,17.569797038444506,1.55,bt189075,bt,G,g
111670467458,2458764.6522042,3.1618572764043273,0.07016936906938523,15.150209966410804,0.02412223154582864,17.537271682515623,1.50,bt190645,bt,G,g
111670467458,2458767.6496253,6.019066075346213,0.10047558854356099,14.45124284504654,0.0181444421569536,17.147489214479258,1.54,bt191774,bt,G,g
111670467458,2458768.723625,5.133340052426185,0.13163862050981848,14.624065535855632,0.027873753855107018,16.8541823051612,1.42,bt192078,bt,G,g
111670467458,2458769.7704276,5.816899293951078,0.09421749764404018,14.488336759614544,0.01760565523845769,17.21731169775693,1.49,bD078783,bD,G,g
111670467458,2458777.7195973,5.526749813499409,0.06105869664215255,14.543891109134252,0.012008531372628951,17.688271787393848,1.60,bD081238,bD,G,g
111670467458,2458778.7620035,6.263232096675699,0.07368547506266342,14.40806935814238,0.012787791740835937,17.484185891856402,1.47,bD081649,bD,G,g
111670467458,2458779.7616122,3.3737543033296324,0.03360069126984476,15.079781993479266,0.010825474301627707,18.33677008079563,1.46,bD082003,bD,G,g
111670467458,2458780.757455,2.287422836904661,0.05379443418345893,15.501699490651031,0.02556248461176581,17.825797251665346,1.53,bD082401,bD,G,g
111670467458,2458781.7372955,2.5364207833585946,0.04916515035715419,15.389512364467388,0.021069209483542694,17.923497182286845,1.99,bD082810,bD,G,g
111670467458,2458782.6494868,3.027154316445854,0.033334148836174846,15.197479220475,0.011969251213014986,18.34541718593746,1.55,bt196366,bt,G,g
111670467458,2458790.5561276,3.1132277755563043,0.04996963723261259,15.167038381089608,0.01744646617423333,17.90587511998733,2.40,bt199493,bt,B,g
111670467458,2458794.7015182,4.452488615665674,0.04947785517798205,14.778558578002364,0.012078700701928983,17.916613448750176,1.61,bD086026,bD,G,g
111670467458,2458800.7475095,2.6901274659636023,0.0832150553698258,15.325633475758462,0.03362336851525935,17.352135845218704,1.53,bD088369,bD,G,g
111670467458,2458802.7392965,3.1749382462494564,0.036552375366010345,15.145727415986984,0.01251389466742403,18.24535159905356,1.52,bD089239,bD,B,g
111670467458,2458803.5954618,4.937136787516772,0.07249515453475451,14.666377722584238,0.015960481632851624,17.501868161536866,1.52,bt203575,bt,G,g
111670467458,2458804.6295154,3.2303250102820362,0.040098838444782965,15.126950072591399,0.013492665234299503,18.144811130286207,1.44,bt204046,bt,G,g
111670467458,2458810.5604957,4.706830152355414,0.10494618353931782,14.718244304986994,0.024235405769339028,17.100223987184535,1.43,bt206026,bt,B,g
111670467458,2458820.5897315,5.289983744455924,0.08052236013078651,14.591429778538282,0.01654528798537683,17.387849372230882,1.46,bt209160,bt,G,g
111670467458,2458824.5700521,2.5456620143463167,0.06285265949707226,15.38556376680846,0.026837069400406845,17.656831464443457,1.48,bt210773,bt,G,g
111670467458,2458825.5662809,2.618673899480901,0.08461781259710158,15.354862073311306,0.03512307633109699,17.3339861252884,1.48,bt211227,bt,G,g
111670467458,2458830.5338641,2.182805143328556,0.10313398751651649,15.552528201188789,0.051356925141332256,17.119136087941108,2.12,bt212337,bt,G,g
111670467458,2458831.552563,2.213662665167798,0.057756605903269975,15.5372870210996,0.02835974986067597,17.74863645201154,1.53,bt212810,bt,G,g
111670467458,2458834.5422519,2.8609417754477913,0.06056526580854024,15.258793073940906,0.023010538427036972,17.697081542463962,1.42,bt214177,bt,G,g
111670467458,2458904.1372747,6.13467648536778,0.0697090172721346,14.43058645985051,0.01235120892335529,17.544418210736964,1.50,bD112217,bD,G,g
111670467458,2458904.9936375,2.7277140041411334,0.053838778799920925,15.310568538822718,0.02145401301243479,17.824902610374455,1.60,bt235195,bt,G,g
111670467458,2458919.0974182,3.682201676625639,0.08554731780762898,14.984796693742332,0.025252884870093455,17.322124617649653,1.44,bD114380,bD,G,g
111670467458,2458928.1111863,3.4990193014433477,0.027862585411658418,15.040199776872893,0.008655402076011103,18.540087079434766,1.59,bD115188,bD,G,g
111670467458,2458930.9400152,2.4835875751593814,0.053764072192744435,15.412366926032437,0.02353015834418753,17.82641022249496,1.47,bt239679,bt,B,g
111670467458,2458933.0711901,2.579537753630275,0.054082804540272006,15.371210901011372,0.02278922145111471,17.81999260026285,1.49,bD116787,bD,G,g
111670467458,2458943.0390567,2.7304089026118956,0.06249520129080217,15.309496394011909,0.02487889874496675,17.6630239333994,1.45,bD118704,bD,B,g
111670467458,2458956.0265355,5.328435461674525,0.059518078237597465,14.583566347419815,0.012141192995027032,17.716018361561044,1.54,bD120838,bD,G,g
111670467458,2458958.9927232,2.7664634979257943,0.044462419547988276,15.295253261547494,0.017469493790979923,18.032657880528657,1.45,bD121931,bD,G,g
111670467458,2458960.9008202,3.4779003020096773,0.04988074143073079,15.046772801539623,0.015589347738342734,17.907808360849238,1.47,bt242656,bt,B,g
111670467458,2458962.855866,5.655078070536115,0.08345204658534397,14.518969110017586,0.016040228827436494,17.34904813188716,1.41,bt243164,bt,G,g
111670467458,2458965.9819945,2.449292321680545,0.053895854944780525,15.427464069723024,0.02391811320697722,17.823752197725415,1.54,bD124429,bD,G,g
111670467458,2458967.8461735,2.9093599285669054,0.03897286407554533,15.24057199008164,0.014560525276304767,18.17573480439571,1.48,bt244882,bt,G,g
111670467458,2458973.9627622,5.2063531711149125,0.08181658289717574,14.608731559821909,0.01708125926990298,17.370537268803062,1.44,bD127286,bD,G,g
111670467458,2458974.8133853,2.5385955661908874,0.09449492598326707,15.388581829296502,0.04046011796313254,17.214119388492573,1.51,bt245893,bt,B,g
111670467458,2458975.8868667,2.449368314587227,0.09468119455057576,15.427430383678523,0.042016687033098604,17.211981289961727,1.53,bt246293,bt,B,g
111670467458,2458978.800603,5.308849082461615,0.3502846818467953,14.587564673303863,0.07171878753466965,15.791587746986579,1.49,bt247109,bt,B,g
111670467458,2458979.8467075,4.996271203138287,0.11741960113255674,14.653450611462882,0.02554505070718984,16.978289109513508,1.48,bt247467,bt,B,g
111670467458,2458983.9296636,2.353818557880741,0.05324392740429906,15.470633165848218,0.024587211253536183,17.83696540488322,1.51,bD128724,bD,G,g
111670467458,2458985.7759443,3.3417322197853934,0.03402044835634298,15.09013650728837,0.011065742489621465,18.323290529211818,1.58,bt248696,bt,G,g
111670467458,2458986.8370736,3.3492482040724636,0.037861061317278163,15.087697289365078,0.012287332861368978,18.20715865170336,1.51,bt249072,bt,G,g
111670467458,2458988.7893663,5.934539371582499,0.08205732603532649,14.466598083703317,0.015029430273505492,17.367347209679217,1.48,bt249464,bt,G,g
111670467458,2458991.7852326,2.532241845343144,0.046569072767903376,15.391302669193205,0.019989622021887643,17.982396634378873,1.50,bt250033,bt,G,g
111670467458,2458994.8436375,2.876660351591817,0.03508417415773434,15.25284415328569,0.013256682141664236,18.28986246599665,1.48,bt250860,bt,G,g
111670467458,2458996.7879331,4.857001441207831,0.06654176961245321,14.684145041431371,0.014891494541194187,17.594904745647288,1.48,bt251301,bt,G,g
111670467458,2458999.9014617,6.246013328076215,0.07824756171530137,14.411058355742515,0.01361695741735281,17.41896357816717,1.47,bD133574,bD,G,g
111670467458,2459002.0051729,5.5660127443809575,0.0717759336197932,14.536205131297237,0.014016733833516598,17.51269348580096,1.47,bD134197,bD,G,g
111670467458,2459003.7616202,3.4961202791025845,0.08087690284730593,15.041099708506202,0.025144923512330268,17.383079332076775,1.49,bt253321,bt,B,g
111670467458,2459006.0222831,2.8484755158137327,0.09271360623983749,15.263534395249748,0.03537880469636272,17.23478192653235,1.44,bD135283,bD,G,g
111670467458,2459007.0250391,3.1132804003921506,0.08450998492362433,15.167020028366721,0.02950543075183285,17.335370550871275,1.51,bD135633,bD,G,g
111670467458,2459007.9606416,3.69602268963411,0.060286894695338406,14.980729050630238,0.01772966209008456,17.702083325290637,1.49,bD135930,bD,G,g
111670467458,2459010.8573998,2.658991210403918,0.04828227744077748,15.338273367971162,0.019737085306385425,17.943171243264413,1.57,bD136905,bD,B,g
111670467458,2459011.8294299,2.5922424226126672,0.05982858729754307,15.365876588120841,0.025086802292186804,17.710368740979433,1.44,bt255452,bt,B,g
111670467458,2459014.8698322,3.395709081342075,0.03156090388853208,15.072739432030138,0.010102552807634346,18.404767029710545,1.98,bD138290,bD,G,g
111670467458,2459020.0291361,5.824513069782745,0.09232859944832297,14.486916561962278,0.017230139603264357,17.23929999217342,1.53,bD139940,bD,B,g
111670467458,2459020.7362886,3.048588676884962,0.03222988046069669,15.189818541698035,0.011491376002033477,18.381993874604884,1.48,bt257439,bt,G,g
111670467458,2459022.7886373,3.64010651698318,0.04463662850990594,14.997280391826354,0.013328751299151407,18.028412151257708,1.53,bt257942,bt,G,g
111670467458,2459027.8660083,2.2048036165779306,0.057805510325404874,15.541640840759856,0.028497810856360512,17.747717512369597,1.57,bD141974,bD,G,g
111670467458,2459030.8914766,2.533470070770083,0.0461727165810946,15.390776177019214,0.01980987894559102,17.99167704367644,1.50,bt259553,bt,G,g
111670467458,2459032.9061012,3.269203711117988,0.05917572909966917,15.11396066416414,0.019674957683061323,17.722281567583558,1.46,bD143553,bD,G,g
111670467458,2459034.8911786,4.605301625184091,0.07534911080112235,14.741920423103583,0.01778411362779097,17.45994528257085,1.47,bD144208,bD,G,g
111670467458,2459035.8832756,6.081717577689458,0.10298858274177287,14.44000000092164,0.018406660658907056,17.1206679071327,1.49,bD144398,bD,G,g
111670467458,2459036.8699798,2.1171576759499495,0.0792986539343104,15.585682613694523,0.040712219991058764,17.404476072967306,1.50,bD144689,bD,G,g
111670467458,2459038.9081625,2.3778695411839745,0.06617884453668245,15.459595562490298,0.03025125029966543,17.600842660854475,1.49,bD145405,bD,G,g
111670467458,2459039.7825308,2.629222295930734,0.11397754203286509,15.350497356127457,0.04711987755320723,17.010592393891205,1.47,bt261048,bt,G,g
111670467458,2459040.86666,2.997598212745323,0.06653746865250504,15.208132069414983,0.024127094546675963,17.594974925007996,1.45,bt261382,bt,G,g
111670467458,2459041.8167829,3.7737802999630894,0.054962694308641286,14.958124089712497,0.015830825931153477,17.802470576481987,1.49,bt261617,bt,G,g
111670467458,2459043.8252814,6.300590311527182,0.0723650151205162,14.401612519668639,0.012484167552854307,17.503818968470945,1.47,bD147058,bD,G,g
111670467458,2459048.0341059,3.6300139160445823,99.99,15.000294897398707,99.99,99.99,1.45,bD148185,bD,B,g
111670467458,2459050.9218152,2.899189640174342,0.04263896288683966,15.244374062001349,0.01598608733551354,18.078124029580714,2.20,bD149046,bD,G,g
111670467458,2459052.7655855,3.0316247778577696,0.031245281390723845,15.19587700240031,0.01120266024650328,18.415679510898066,1.51,bt263530,bt,G,g
111670467458,2459052.9963078,3.2831386678690233,0.03086516352486207,15.109342556931223,0.010218603044771533,18.428969155895597,1.51,bD149656,bD,G,g
111670467458,2459054.7336639,2.603403592777456,0.04923512122611885,15.361211872649525,0.020556334893220403,17.92195308251363,1.49,bt264009,bt,G,g
111670467458,2459059.861679,3.315424160689422,0.03199430260261132,15.098717877260714,0.010489281065374171,18.38995899130994,1.59,bt265407,bt,G,g
111670467458,2459060.7905047,5.082732447373365,0.08331980147067743,14.634822499160423,0.017818172122234025,17.350770045275596,1.48,bt265678,bt,G,g
111670467458,2459064.7745077,2.7894442445282515,0.06290302290304206,15.286271409418063,0.024511280738335965,17.655961819825635,1.48,bD152909,bD,G,g
111670467458,2459070.7650104,4.0297502071478535,0.03221811993730637,14.886870306569367,0.008690289418414012,18.382390126655984,1.59,bD154365,bD,G,g
111670467458,2459071.8950436,5.344492404378556,0.05864713351170145,14.580299461818544,0.011927584404390545,17.7320236364034,1.50,bD154774,bD,G,g
111670467458,2459072.8232986,2.3252511800537796,0.05954471441512842,15.483890938659002,0.027834634048920646,17.715532569784457,1.47,bt269244,bt,G,g
111670467458,2459073.8966298,2.192841879198175,0.06347228719312586,15.547547330215076,0.031462193954219085,17.64618024097411,1.58,bt269644,bt,G,g
111670467458,2459074.8560334,2.472122380177025,0.056449625000861675,15.417390706523449,0.02482008517718329,17.77348795839368,1.49,bt269956,bt,G,g
111670467458,2459075.8139265,2.7560750922819066,0.039617500147502864,15.299338006719218,0.015624574337949325,18.15792294090666,1.59,bt270272,bt,G,g
111670467458,2459078.8989131,3.402802325250655,0.02821043560806572,15.07047382002931,0.009011254264683185,18.526616130658642,1.58,bD156971,bD,B,g
111670467458,2459080.7350991,2.2008231528713114,0.060769960054330274,15.543602756718748,0.030013453975483106,17.693418234256203,1.47,bt271199,bt,G,g
111670467458,2459083.820175,2.6979111906342834,0.05120207221157143,15.322496498427576,0.020628709540228052,17.879421767018254,1.48,bD158449,bD,G,g
111670467458,2459085.8228378,3.005893426509021,0.04660490636574919,15.205131675583434,0.016852728866746654,17.98156151202373,1.98,bD159233,bD,G,g
111670467458,2459086.7638322,4.255871710885938,0.059515714675967335,14.827594302033535,0.015200409835554313,17.71606147880316,1.49,bt273192,bt,G,g
111670467458,2459087.7852285,5.1198139736101265,0.07181793424164656,14.62693016891606,0.015247228200899908,17.512058338942,1.45,bt273587,bt,G,g
111670467458,2459088.7495552,3.6198797417073347,0.05581579669298012,15.003330265272826,0.016760044134196878,17.785747791262104,1.49,bt273914,bt,G,g
111670467458,2459089.7276978,2.223179725764247,0.08021329655644589,15.532629189159838,0.0392178665592372,17.3920246987601,1.51,bt274268,bt,G,g
111670467458,2459090.8218624,2.0866819308087203,0.09436036637104402,15.601424983832766,0.04915249138183192,17.215666565334587,1.50,bt274704,bt,B,g
111670467458,2459091.8543271,2.4860633196613433,0.13609081780297905,15.411285157627063,0.05950162282266827,16.818068551777433,1.51,bt275101,bt,G,g
111670467458,2459092.8253204,2.653397315534143,0.08156562103789686,15.340559908724279,0.033413120311006655,17.37387274334518,1.57,bD161826,bD,G,g
111670467458,2459094.6356239,5.45145105375814,0.10779175912158655,14.558785329543758,0.021492434658506254,17.071176712674077,1.51,bt275454,bt,B,g
111670467458,2459096.8916542,3.477046578733133,0.05343850146357175,15.047039350886653,0.016705363693735403,17.833004933845068,1.46,bD163378,bD,G,g
111670467458,2459099.8824727,5.275406505223236,0.0649865637336221,14.594425795925092,0.013389976527067096,17.620581677509687,2.21,bD164530,bD,G,g
111670467458,2459100.8735287,2.3783899034974416,0.054390187596659104,15.459357990838816,0.024857055203550634,17.813839219595774,1.52,bD164814,bD,G,g
111670467458,2459103.8528113,2.852688279549686,0.04488003676059955,15.26192982779409,0.0171005885930608,18.02250760151048,1.57,bD165873,bD,G,g
111670467458,2459106.8312514,5.105719204243096,0.05453513690474724,14.629923305963322,0.011609984872119302,17.81094959213289,1.44,bD167002,bD,G,g
111670467458,2459114.8316366,3.7918178467024237,0.03313493511946542,14.952946956519115,0.009498408225708315,18.351925300070203,1.47,bD169800,bD,B,g
111670467458,2459121.8142048,2.895034543709112,0.05986896918561476,15.245931246983051,0.02247813127049223,17.709636159950254,1.46,bD171909,bD,G,g
111670467458,2459122.7517016,4.0649199490753904,0.05421936197038939,14.877435628771373,0.01449821640685803,17.817254604722088,1.45,bD172238,bD,G,g
111670467458,2459128.7151817,2.9441197372814094,0.042192748549954494,15.227676950354368,0.015577383835896838,18.08954606788569,2.07,bD173594,bD,G,g
111670467458,2459129.78645,2.7584553797281512,0.04508821719506359,15.298400714076903,0.017766802426434265,18.01748295274181,1.48,bD174060,bD,G,g
111670467458,2459131.7737836,3.5937379801768783,0.02557776694175541,15.011199598607766,0.0077362124735360395,18.63298404677817,1.66,bD174814,bD,G,g
111670467458,2459133.7576803,6.116088967136717,0.06892169330565999,14.433881136752845,0.01224882182558622,17.556750764216712,1.54,bD175564,bD,G,g
111670467458,2459137.7062898,2.9059753818422718,0.04285346776735,15.241835795222496,0.016028992041676876,18.072675682825192,2.16,bD176701,bD,G,g
111670467458,2459139.6407993,4.904484135399453,0.06699838436176409,14.67358228714694,0.01484852001097831,17.58747978645246,1.48,bt283054,bt,B,g
111670467458,2459146.7096096,2.7621557528027667,0.05745998090572122,15.296945212313256,0.022611505857736233,17.754226918098624,1.60,bD179851,bD,G,g
111670467458,2459148.6004994,5.76585336437496,0.09662563268198283,14.497906638950484,0.018215493002263737,17.189909734956906,1.50,bt286191,bt,B,g
111670467458,2459152.6912339,1.4229991146261578,0.14698219871958962,16.017054047604013,0.11227221284658838,16.73447876208861,1.48,bt287678,bt,B,g
111670467458,2459153.6707586,2.7562581354745213,0.12777678161801106,15.299265900548157,0.05038998500139488,16.886510748624698,1.55,bt286496,bt,B,g
111670467458,2459155.6735757,3.0570315362360314,0.10380872233587546,15.186815824990525,0.03691017459875965,17.112055996852003,1.52,bt286988,bt,G,g
111670467458,2459156.6665323,2.912995832725775,0.08558872342740444,15.239215963944693,0.03193661318412939,17.321599239347997,1.49,bt287410,bt,B,g
111670467458,2459157.6656756,3.966436817650325,0.07361851854869235,14.9040642705486,0.02017431073178606,17.48517292709675,1.53,bt288199,bt,G,g
111670467458,2459158.66158,5.449956822289538,0.09451573682757605,14.559082968386807,0.018850515683269967,17.213880300529247,1.52,bt288593,bt,B,g
111670467458,2459159.6579142,4.2148532098086235,0.06035363564811646,14.838109487027547,0.015564427659241332,17.700882019627315,1.48,bt288958,bt,B,g
111670467458,2459162.6626333,3.0790545599214574,0.13488374751569407,15.179022160934526,0.04761616469782133,16.827741552486188,1.62,bt289755,bt,B,g
111670467458,2459163.6125686,2.9465121834721977,0.04014177373488162,15.226795019306884,0.014808139263788591,18.14364921483954,1.41,bt290110,bt,B,g
111670467458,2459165.6228328,3.740712629160398,0.04942491487286596,14.967679757536274,0.014361630759516818,17.917775786496946,1.55,bt290827,bt,B,g
111670467458,2459167.6483455,5.610512814597166,0.07909678415812416,14.527559225660882,0.015323869355681771,17.407243544631374,1.48,bt291659,bt,B,g
111670467458,2459170.6400203,2.454999360000333,0.051021396005018566,15.424937164177898,0.022589838530907895,17.883259768339983,1.56,bt292923,bt,B,g
111670467458,2459172.6368146,2.6008446823014966,0.05183851024917503,15.362279578041555,0.021664579655991067,17.866009331053746,1.53,bt293786,bt,B,g
111670467458,2459175.5824698,5.746027382778359,0.08524681228139368,14.501646394038161,0.016125850504027508,17.325945241532594,1.44,bt295041,bt,B,g
111670467458,2459182.5902092,3.460449993256129,0.10302559520916028,15.052234178132116,0.03236120817722906,17.12027778081516,1.45,bt297245,bt,B,g
111670467458,2459184.6041762,4.9023021059018275,0.12854292551002292,14.674065444096877,0.028501012011956296,16.880020161941395,1.59,bt297794,bt,G,g
111670467458,2459185.5964855,5.041361279715966,0.09671033308328089,14.643696068646735,0.020851496536736656,17.188958413791532,1.54,bt298218,bt,G,g
111670467458,2459191.5821738,3.371995189386298,0.04288250160729723,15.080348256351,0.013823096467413327,18.07194033002919,1.50,bt300110,bt,B,g
111670467458,2459193.5787806,5.568384928755044,0.07812448474811144,14.535742498908151,0.015250008627448559,17.420672696259132,1.48,bt300952,bt,B,g
111670467458,2459195.5754557,2.235927229293375,0.07774393101310068,15.526421460148121,0.037793838606738954,17.425974370583933,1.51,bt301470,bt,B,g
111670467458,2459196.5639773,2.3416864880328427,0.055495186154916304,15.476243747310992,0.025759577477378927,17.792002330078198,1.62,bt301892,bt,B,g
111670467458,2459197.5630516,2.615820697331857,0.04480287154292604,15.356045692903308,0.018617015098128405,18.024375986308346,1.51,bt302310,bt,B,g
111670467458,2459199.5535228,3.1615472393703437,0.04091936194824083,15.150316433878459,0.014068291240811118,18.122818478492327,1.50,bt303167,bt,G,g
111670467458,2459201.5542354,4.336507665787176,0.06012077278792349,14.8072153261731,0.015069422473156771,17.70507922559322,1.59,bt304032,bt,G,g
111670467458,2459204.5512257,2.1599054303174983,0.082675522369977,15.563978781430812,0.04160584855561295,17.359198242433024,2.07,bt305319,bt,G,g
111670467458,2459206.5444697,2.6722498971901607,0.1322328019680009,15.332872949697121,0.05378662625755521,16.84929260997811,1.64,bt306192,bt,B,g
111670467458,2459250.0359909,1.91264604128949,0.39796321205687735,15.653033292684649,99.999,15.653033292684649,2.04,bt320530,bt,B,g
111670467458,2459252.0298266,2.7140998723992475,0.09710803673579016,15.316001060736156,0.038890320476653154,17.18450267659051,1.54,bt321326,bt,B,g
111670467458,2459252.0322977,2.7153560880773937,0.149159026921341,15.315498646174913,0.05970832989466576,16.71851675778536,1.50,bt321328,bt,B,g
111670467458,2459253.0301233,2.5791247944315714,0.07054493149817069,15.371384730855793,0.029730734058751367,17.531476071228692,1.52,bt321750,bt,G,g
111670467458,2459253.1665298,2.5334549895472214,0.07924017894363215,15.390782640201312,0.0339972999883254,17.405276992416233,1.49,bD209782,bD,G,g
111670467458,2459254.0269693,3.4483859165255852,0.07392520735186059,15.056025965451251,0.023301767318717734,17.48065923307505,1.54,bt322175,bt,B,g
111670467458,2459258.1591039,4.845462062399686,0.05508957681705086,14.686727628267185,0.012357949361693493,17.799967020803194,1.49,bD211252,bD,G,g
111670467458,2459262.1517161,2.6836068241313797,0.049596336876483786,15.328268403355569,0.020088286159323683,17.91401660837587,1.57,bD212208,bD,G,g
111670467458,2459268.1329789,5.422818126790321,0.06061882363619474,14.564503024551467,0.012150513653777149,17.69612185086443,1.56,bD213646,bD,G,g
111670467458,2459277.1258743,5.016609532596463,0.06657125476730433,14.649039874615228,0.014424096406049563,17.594423754387453,1.48,bD214772,bD,G,g
111670467458,2459278.9669798,2.9938136686517147,0.0638028343303014,15.209503705072411,0.023164737206906757,17.64054068161936,1.57,bt327087,bt,G,g
111670467458,2459280.9621854,3.763088745402719,0.05226679235206623,14.961204471124994,0.015097100988348709,17.85707599150885,1.48,bt327632,bt,G,g
111670467458,2459292.1115296,3.5315395206175038,0.027788116049574183,15.030155445531053,0.008552778127100523,18.54299285164241,1.57,bD216403,bD,G,g
111670467458,2459294.919667,2.434090952510352,0.05360135846388895,15.43422361705064,0.023935977452409204,17.82970112014428,1.44,bt331253,bt,G,g
111670467458,2459296.0526226,2.673254361769217,0.052355166268287456,15.332464912019146,0.021287831878590405,17.855241753563323,1.56,bD217457,bD,G,g
111670467458,2459301.9119942,2.340795975120395,0.1324870423572217,15.47665671719571,0.06152080585694947,16.847207098928763,1.50,bt332941,bt,B,g
111670467458,2459302.8982193,2.5966304960422346,0.15359528681468096,15.364040238916669,0.06429540089206988,16.686695888313174,1.49,bt333272,bt,B,g
111670467458,2459304.8956437,2.4230133315697087,0.09176155339186243,15.439176113134058,0.04116395795461136,17.245988719092445,1.56,bt333933,bt,B,g
111670467458,2459305.9151187,2.9225782462103815,0.07094183989181747,15.235650253884451,0.026384475979238983,17.52538449193612,1.58,bt334272,bt,G,g
111670467458,2459308.887524,6.102477190414624,0.09469422381644882,14.4363002102712,0.01686667576734041,17.211831889941134,1.45,bt334944,bt,G,g
111670467458,2459309.8913722,2.3547737389807857,0.05987073347297795,15.47019266276311,0.02763615167456632,17.709604164703507,1.47,bt335311,bt,G,g
111670467458,2459312.1207676,4.827831651253009,0.057119777284934725,14.690685328187975,0.012860165582623938,17.760674347895158,1.60,bD221723,bD,G,g
111670467458,2459314.0160422,2.5755446343519286,0.0503431483341405,15.372892920700377,0.02124630754863372,17.897789682070957,1.47,bD222429,bD,G,g
111670467458,2459315.8717727,3.835961675220786,0.04927923909551043,14.940379973483058,0.013963744911013477,17.920980627916737,1.51,bt337279,bt,G,g
111670467458,2459321.9809308,2.559491253449913,0.05443583735820959,15.379681497846828,0.023117636504161782,17.812928341857077,1.60,bD225018,bD,G,g
111670467458,2459322.9969978,2.600972508548489,0.05951246413913409,15.36222621761799,0.024870490098681475,17.716120779475666,1.51,bD225406,bD,G,g
111670467458,2459323.9799107,2.7414145316198093,0.05018649330353681,15.30512884592599,0.019898682074638473,17.901173483570417,1.50,bD225785,bD,G,g
111670467458,2459327.9722531,5.394410211574327,0.0988112444824199,14.570205700319088,0.019910151879232202,17.16562468876877,1.49,bD226803,bD,G,g
111670467458,2459329.8351768,2.3395625447310433,0.12175325604854036,15.477228972528327,0.056566342286074274,16.938939150483094,1.57,bt340478,bt,G,g
111670467458,2459334.0177,3.036466069302195,0.07275861212864079,15.194144541022698,0.026045226971394542,17.49792959569658,1.44,bD228870,bD,G,g
111670467458,2459336.9634405,4.913384269953735,0.053144330194378545,14.671613794484202,0.011756779670477816,17.838998266981633,1.62,bD229211,bD,G,g
111670467458,2459337.9431082,3.0576513284697215,0.04369403642742443,15.186595721712974,0.015532679417592534,18.051585195411906,1.44,bD229477,bD,G,g
111670467458,2459343.9416959,3.5107102550809217,0.021684197751165202,15.036578152586415,0.006713678558405191,18.812282213397985,1.47,bD230711,bD,G,g
111670467458,2459344.7904732,2.0750287726177996,0.05825225505561798,15.607505314598694,0.030514115936250537,17.739358755469375,1.54,bt343254,bt,G,g
111670467458,2459347.0003574,3.6300139160445823,99.99,15.000294897398707,99.99,99.99,1.46,bD231905,bD,G,g
111670467458,2459349.9138355,2.7363610129986347,0.04975141384577582,15.307132137094214,0.01976260569731903,17.910627043627578,1.59,bD232806,bD,G,g
111670467458,2459350.9226391,2.786530690479769,0.041801183132148326,15.287406045581147,0.01630560495067701,18.099669176113945,1.61,bD233141,bD,G,g
111670467458,2459351.7641201,5.7707588770260045,0.07858559843175282,14.496983301510049,0.014802061661288363,17.414283199736992,1.47,bt344315,bt,G,g
111670467458,2459353.8995998,5.5378829889413925,0.06733734767409344,14.54170618425759,0.013216741732739727,17.582000596131984,1.50,bD234127,bD,G,g
111670467458,2459357.9044503,2.657044940017008,0.06782689848218222,15.339068372466219,0.027746948703876256,17.574135715059658,1.53,bD235539,bD,G,g
111670467458,2459361.8733275,3.062323564665644,0.07259025583188392,15.184937931585,0.02576555034927964,17.5004447939365,1.44,bD236973,bD,G,g
111670467458,2459362.9405167,4.502909654603314,0.0709729096528089,14.766332538630651,0.017132137424755597,17.524909085890886,1.54,bD237386,bD,G,g
111670467458,2459363.9942174,4.661951747017561,0.0667432159017948,14.728646187047381,0.01556150250862419,17.591622790138963,1.46,bD237789,bD,G,g
111670467458,2459364.8655586,2.383787220817899,0.05868772790520938,15.456896904163724,0.026760361845857877,17.731272371110748,1.49,bD238052,bD,G,g
111670467458,2459369.829923,3.991479972862841,0.048514646769144555,14.897230735901395,0.01321146844381373,17.937958427270907,1.45,bt348119,bt,G,g
111670467458,2459372.8494356,2.8089308633537384,0.04378042446292342,15.278712997341188,0.01694146997896015,18.049440691808506,2.06,bD240573,bD,G,g
111670467458,2459375.8426153,2.7663615625443096,0.04859904888654212,15.295293268210646,0.01909549852513166,17.93607118660787,1.56,bD241610,bD,G,g
111670467458,2459376.8407061,2.642377788164209,0.04036057230448213,15.345078347237344,0.01660254165168387,18.137747321908325,1.52,bt350014,bt,G,g
111670467458,2459379.6830045,3.293235603336663,0.025337598087463106,15.106008617421052,0.008362859753632232,18.643227004055674,1.50,bt350787,bt,G,g
111670467458,2459381.8138916,2.0685276342199272,0.05635107875990307,15.610912304358031,0.029611000381056435,17.775385025438567,1.48,bt351373,bt,G,g
111670467458,2459383.8917279,2.5448066221794745,0.05327591969915451,15.385928656691831,0.022755602670921592,17.836313222312803,1.52,bD244439,bD,G,g
111670467458,2459384.8598007,2.2316525552447297,0.05295586471777106,15.528499171131841,0.0257928692278015,17.842855451347436,1.48,bt352279,bt,G,g
111670467458,2459386.6627167,4.4369735911384245,0.10043004711833242,14.78234851277222,0.02460305261042378,17.14798144532058,1.49,bt352691,bt,B,g
111670467458,2459389.8885519,4.152308591910173,0.05622737722465792,14.854341567272042,0.01471873128449561,17.77777104660537,1.46,bD246438,bD,G,g
111670467458,2459390.9890959,4.237369003494315,0.07678007765402672,14.832324908820132,0.019695383167446436,17.439519243893567,1.49,bD246866,bD,G,g
111670467458,2459393.7884601,2.9486963136517788,0.04648828878129346,15.225990505158984,0.017136640501557707,17.98428171084354,1.52,bD247761,bD,G,g
111670467458,2459398.7697111,2.63982837634258,0.05396882923452502,15.34612638998475,0.022221812384775906,17.82228311929473,2.10,bD249177,bD,G,g
111670467458,2459400.0508475,3.448603706974503,0.03321168082242119,15.055957395542226,0.01046790415345222,18.34941347262459,1.44,bD249706,bD,G,g
111670467458,2459402.877079,2.7381705780320065,0.04394128063675832,15.306414373278086,0.017443128614734363,18.04545883652552,1.47,bD250630,bD,G,g
111670467458,2459404.811492,3.298081444980758,0.03211392646389473,15.104412181799807,0.010583862888439034,18.385907090024254,1.54,bD251277,bD,G,g
111670467458,2459405.8135658,3.9123232660652048,0.049094311892095815,14.918978791459077,0.0136398193253285,17.925062668149835,1.48,bt355743,bt,G,g
111670467458,2459406.9230167,3.3597853068223777,0.04802652404287847,15.084286806070523,0.015537523608685664,17.94893772300555,1.44,bt356024,bt,G,g
111670467458,2459411.9774345,2.3889765967445133,0.05073181695384966,15.454535884109399,0.023082385726510286,17.88943956944229,1.52,bD253671,bD,G,g
111670467458,2459411.9786953,2.4331063060558655,0.05246088082673021,15.434662911479165,0.023436171452462806,17.85305166596566,1.55,bD253672,bD,G,g
111670467458,2459413.8174749,3.3651539083397375,0.04228630433097429,15.082553292625098,0.013658624694368003,18.087141283819598,1.51,bD254231,bD,G,g
111670467458,2459413.9227526,2.673171637103903,0.16084798379053583,15.33249851097448,0.06540349394815805,16.636601557830154,1.47,bt357327,bt,B,g
111670467458,2459414.6286396,2.683839222141145,0.06438028521836403,15.328174383618398,0.026074054776536796,17.630758370515103,1.50,bt357411,bt,G,g
111670467458,2459416.6924451,1.9404266367625482,0.1389593739160531,15.68032255309961,0.07783999398546886,16.795420989637467,1.47,bt357675,bt,B,g
111670467458,2459417.6972481,2.515515483964113,0.15146313151742197,15.398498134983832,0.06544735647838379,16.70187328226947,1.49,bt357970,bt,B,g
111670467458,2459418.7421661,2.764253710592572,0.1970141662481041,15.296120869183072,0.0774696736619258,16.416396973675447,2.47,bt358250,bt,G,g
111670467458,2459419.8747099,2.2762033323085706,0.22596676534302912,15.507037985273291,0.10790602306903423,16.2675291893426,1.58,bt358474,bt,B,g
111670467458,2459421.7809343,3.4084740709359074,0.031397154141683335,15.068665635865354,0.010012498481169516,18.410414898629746,1.56,bD256603,bD,G,g
111670467458,2459423.753215,5.0909886087656995,0.06034168847828569,14.633060309052336,0.012883311447857562,17.701096965400332,1.56,bD257008,bD,G,g
111670467458,2459429.743111,3.1395603933184573,0.07477114875130883,15.157893518119707,0.02588674132408,17.468305478919973,2.13,bD259040,bD,G,g
111670467458,2459431.7313207,3.95374552056602,0.04759023878954767,14.907543840067351,0.013083421822256254,17.958845901624176,1.51,bt360753,bt,G,g
111670467458,2459433.8222136,4.712607356059348,0.04831096163389264,14.716912480235349,0.01114285805116568,17.942526405837214,1.58,bD260553,bD,G,g
111670467458,2459434.827804,5.661190207470078,0.07945584237424481,14.517796255355616,0.015255634044056844,17.402326020654503,1.51,bt361800,bt,B,g
111670467458,2459436.7373664,2.612955585887583,0.04517189204446476,15.357235552774357,0.018790936563259034,18.015469907550234,1.46,bt362401,bt,G,g
111670467458,2459437.8701431,2.458878826999807,0.050482217486009305,15.423222803955149,0.022315851812520115,17.894794552667268,1.53,bD262095,bD,G,g
111670467458,2459439.826739,2.9586515502844306,0.040304239632586676,15.222331072425288,0.014807068482993626,18.139263780692815,1.60,bD262817,bD,G,g
111670467458,2459443.9582513,3.558422102600945,0.034213555913419284,15.021921964460125,0.010450881503010932,18.31714507642378,1.55,bD264209,bD,G,g
111670467458,2459448.8139976,2.775810514461935,0.06477577653556081,15.291591081056717,0.025365006865280346,17.624109041354355,1.59,bD265947,bD,G,g
111670467458,2459450.8577241,4.657368950299309,0.387844119723343,14.729714013529316,0.09051670585908106,15.680997583194866,2.17,bt363835,bt,B,g
111670467458,2459451.6831284,2.2638717160348936,0.11894380057517369,15.512936088293593,0.057108686344677514,16.96428608328022,1.47,bt364024,bt,G,g
111670467458,2459453.7607906,2.3901260411377234,0.05172924121828119,15.454013613084193,0.023524883265178168,17.868300341242517,1.49,bD267172,bD,G,g
111670467458,2459454.8910391,4.778965593309459,0.06324006426580991,14.701730862829814,0.01438369851106661,17.65015985494449,1.53,bD267637,bD,G,g
111670467458,2459456.7093625,2.773206373806514,0.041494468696875564,15.292610148057728,0.016263731322765197,18.107665091019047,1.49,bt365486,bt,G,g
111670467458,2459460.7957111,4.883324696260378,0.052089702636344826,14.678276617681888,0.011594404533326582,17.860760915967717,1.59,bD269020,bD,G,g
111670467458,2459461.8867596,4.315773085550415,0.04133096386177145,14.812419116525199,0.010409481645300001,18.111951777951944,1.53,bD269914,bD,G,g
111670467458,2459465.7735278,2.546166727970121,0.04640937330324453,15.385348525533104,0.019812124016718946,17.986126351716543,1.47,bt367190,bt,G,g
111670467458,2459466.6970264,3.4343584380649186,0.04002265171051098,15.060451572891774,0.012666960388253847,18.146875962592553,1.46,bt367493,bt,G,g
111670467458,2459469.7193692,5.730951315226658,0.09390760771267481,14.504498824492519,0.017810914982476125,17.220888668748195,2.13,bD272308,bD,G,g
111670467458,2459470.6437876,2.34779703268281,0.05796675434723116,15.473414248803188,0.02683679245039976,17.74469315094776,1.46,bt368593,bt,G,g
111670467458,2459475.812073,2.8276255748644994,0.06780240849482998,15.27151086966806,0.026063659473941386,17.574527808284994,1.52,bD273492,bD,G,g
111670467458,2459476.7526351,3.6741992141532065,0.12202707091703921,14.987158872419046,0.036099871790040726,16.936500144474284,1.55,bt370694,bt,G,g
111670467458,2459484.7439748,3.2342680304657403,0.03528688359296579,15.125625602428016,0.011859038240470273,18.283607349513776,1.52,bD276765,bD,G,g
111670467458,2459490.7672113,2.6067996166454543,0.04682660976439459,15.359796501141094,0.019525278640266326,17.976408821189086,1.47,bD278919,bD,G,g
111670467458,2459494.7647711,3.3620405541591607,0.031917550433834686,15.083558252898587,0.010319027698543292,18.392566728201786,1.45,bD280508,bD,G,g
111670467458,2459495.7505733,3.9690086198895544,0.07166231433049217,14.903360517010793,0.019625510394234304,17.51441353750985,1.54,bt375376,bt,B,g
111670467458,2459498.5813853,2.583864258558151,0.04570056998126065,15.36939138584345,0.01922490023374765,18.002836569792034,1.56,bt376467,bt,G,g
111670467458,2459501.7456446,2.9298034981051213,0.05243229321738034,15.232969389272753,0.019452370474412298,17.85364347956135,1.47,bD282184,bD,G,g
111670467458,2459502.7085735,3.037301482252904,0.05950516856246974,15.193845867066367,0.021295064524904202,17.716253887008545,1.47,bt377853,bt,G,g
111670467458,2459504.6049685,2.8665609478263527,0.08461861684688837,15.256662672212824,0.032086098679329954,17.333975805960417,1.46,bt378592,bt,G,g
111670467458,2459505.6573151,2.4453565957269974,0.08435882606557804,15.429210123894762,0.03749734346248856,17.337314292734828,1.58,bt378918,bt,G,g
111670467458,2459507.750097,2.6546744759710426,0.09825529908365035,15.340037436758243,0.040230634339954954,17.171750656553066,1.51,bD283988,bD,G,g
111670467458,2459508.7648643,2.311352718939375,0.0916451681972292,15.49040005953611,0.04309784155469291,17.2473666798932,1.51,bD284418,bD,G,g
111670467458,2459512.7520272,3.506402577801742,0.02770676591701204,15.03791117996657,0.008588873993093018,18.546176022569924,1.53,bD286080,bD,G,g
111670467458,2459514.7316097,5.747651078389634,0.06579978637405834,14.501339633216837,0.01244360625808257,17.607079402358597,1.49,bD286908,bD,G,g
111670467458,2459518.6853248,2.6428332414099276,0.04479941461300498,15.34489122052588,0.01842530777981388,18.024459763500545,1.48,bt383692,bt,G,g
111670467458,2459523.6716798,4.43947786560936,0.06238372084949887,14.781735884731582,0.01527395659588649,17.66496242520128,1.44,bt385220,bt,G,g
111670467458,2459525.6521453,2.5104322234488095,0.049846456911017384,15.400694370274316,0.02158231196960403,17.90855487627133,1.48,bt386049,bt,G,g
111670467458,2459526.7126881,2.6133838620850924,0.048875444861847084,15.357057609883757,0.02032823586164633,17.929913803070935,1.50,bD292007,bD,G,g
111670467458,2459528.6010381,3.347031692310178,0.040959260393937075,15.088416060740741,0.013301617463942227,18.121760346608927,1.46,bt387126,bt,G,g
111670467458,2459530.696258,3.8629796827989717,0.03801632287649987,14.93275956229521,0.01069694729877833,18.20271534272222,1.62,bD293625,bD,G,g
111670467458,2459532.6224722,2.2986589845359298,0.07025034165545321,15.496379255569941,0.033218962678021116,17.536019509617994,1.49,bt388775,bt,G,g
111670467458,2459534.6256212,2.4825350450809482,0.08784383550961215,15.412827152296366,0.038461664455028445,17.293362386337268,1.48,bt389621,bt,G,g
111670467458,2459537.6350962,3.6592595677376623,0.1811455022372756,14.991582579682225,0.05380795797501972,16.507571723531008,1.49,bt390745,bt,B,g
111670467458,2459538.6245838,3.703602528581041,0.08676298152158153,14.978504692448112,0.02546374452513043,17.30680444222574,1.61,bt391097,bt,G,g
111670467458,2459539.6320635,4.729493620803235,0.14701206306777856,14.713029012226073,0.0337870676097259,16.73425818088424,1.49,bt391527,bt,G,g
111670467458,2459541.6278458,2.192314859318018,0.09112061306640996,15.54780830358565,0.045177883193389765,17.253599028824297,1.47,bt392128,bt,G,g
111670467458,2459543.5973945,-0.12080491970814666,0.10781389976825999,17.07095372314868,99.999,17.07095372314868,1.53,bt392830,bt,G,g
111670467458,2459547.6066037,3.907194830987746,0.051777362878435894,14.920402952990923,0.01440412999444459,17.867290793438617,1.54,bt393257,bt,G,g
111670467458,2459550.5816208,2.278082898772974,0.06003867257654328,15.506141812581474,0.028646642643594827,17.70656290730488,1.52,bt394531,bt,G,g
111670467458,2459552.5951545,2.4745123767549506,0.05395839258573912,15.416341546379906,0.02370181182950599,17.82249310241646,1.47,bt395405,bt,G,g
111670467458,2459554.5480896,3.219145470101253,0.03436353006728906,15.13071411608017,0.011602974597927598,18.312396183235908,1.70,bt395952,bt,G,g
111670467458,2459571.5406542,2.6418156040993055,0.10715527188925807,15.345309369665934,0.04408828588869995,17.077606754983293,2.20,bt400510,bt,G,g
111670467458,2459618.1706971,2.690351060616494,0.0794725335994661,15.325543236643568,0.03210851920391279,17.402097964871764,1.52,bD312567,bD,G,g
111670467458,2459620.028139,5.241450572701622,0.09022960890698807,14.601436885481833,0.018711549502387136,17.26426792404944,1.48,bt414641,bt,G,g
111670467458,2459622.165533,5.277588872200871,0.08015470641482972,14.59397673387423,0.016508425153123295,17.392818042066075,1.50,bD314251,bD,G,g
111670467458,2459623.1581865,5.942800514709529,0.074176666976444,14.465087741536138,0.01356714090122176,17.476972323884503,1.47,bD314683,bD,G,g
111670467458,2459625.1502095,2.3038701684963963,0.06959089694933866,15.49392061888337,0.032832700525883704,17.546259526181153,1.45,bD315530,bD,G,g
111670467458,2459631.132441,5.547789886832408,0.09864571575226513,14.539765610924583,0.019327264778545884,17.1674450406788,1.53,bD317171,bD,G,g
111670467458,2459635.1293018,2.77162912850564,0.05626389572278667,15.293227829997045,0.022065148531364518,17.777066112686217,1.48,bD318897,bD,G,g
111670467458,2459639.126456,4.335950354747623,0.04688216014910781,14.807354869719429,0.011752641418390315,17.975121576228087,1.54,bD320479,bD,G,g
111670467458,2459641.1160729,3.529525525109418,0.03333983625079792,15.030774804759295,0.010267372254064105,18.34523195531191,1.50,bD321318,bD,G,g
111670467458,2459644.1101604,2.6879254242700723,0.0508161327529636,15.326522584353508,0.020549278044198233,17.887636584014565,1.43,bD322139,bD,G,g
111670467458,2459646.1401089,3.0989890938299696,0.03781690281391936,15.172015502672888,0.01326410900490243,18.20842571779945,1.50,bD323003,bD,G,g
111670467458,2459648.003376,4.208753828702631,0.05484754094249088,14.83968181109738,0.0141649748964224,17.804747708923657,1.51,bt423452,bt,G,g
111670467458,2459651.0848898,2.5049164749240007,0.0514716650924104,15.403082499453088,0.022335060916019275,17.87372006701897,1.55,bD324634,bD,G,g
111670467458,2459653.084851,2.8243968861424764,0.06732511925829912,15.27275131223349,0.025909771326302698,17.58219778298135,1.46,bD325472,bD,G,g
111670467458,2459656.069881,3.7678398464185796,0.0704375127006572,14.959834535663024,0.020320002156630053,17.53313058219655,1.49,bD326641,bD,G,g
111670467458,2459657.079732,5.378286805547218,0.1621619633788492,14.573455727440674,0.032773076268610805,16.627768126579856,1.47,bD327060,bD,G,g
111670467458,2459659.0660114,2.143186307419751,0.0938160196190806,15.572415807408204,0.04758052718773455,17.221948104030194,1.53,bD327881,bD,G,g
111670467458,2459661.0636245,2.804132607210324,0.06619923518953406,15.280569253451922,0.02566058760501748,17.60050818145637,1.53,bD328652,bD,G,g
111670467458,2459663.980542,4.5260817153156925,0.07002108393842935,14.76075964583249,0.016815841744211687,17.539568537856262,1.47,bt428340,bt,G,g
111670467458,2459667.0486705,4.254599475157565,0.04438214041599535,14.827918916821922,0.011338660020899245,18.03462000367606,1.50,bD330604,bD,G,g
111670467458,2459669.9797864,2.9396484834841154,0.038422916286209155,15.229327118369397,0.01420715424860333,18.191164799993786,1.98,bt430071,bt,G,g
111670467458,2459672.1158235,2.8247244023182607,0.04614135234463324,15.272625417903402,0.017755234390902333,17.992414813959286,1.56,bD331969,bD,G,g
111670467458,2459678.0160353,2.745146960912562,0.048387878652304164,15.303651624082947,0.019159455221573807,17.94079915432071,1.57,bD333412,bD,G,g
111670467458,2459679.9424148,3.088456660781767,0.03262539363307065,15.17571184374259,0.011482234746592173,18.368751210833874,1.51,bt433393,bt,G,g
111670467458,2459683.0144143,4.7547331277130676,0.08071234185951168,14.70725025727644,0.01845125772836618,17.385290740199025,1.63,bD335041,bD,G,g
111670467458,2459683.0169458,4.6389141811924794,0.14057970853215607,14.734024776660746,0.032939611522180244,16.782834015075593,1.65,bD335043,bD,G,g
111670467458,2459686.9245369,2.642363215302359,0.08883792262203004,15.34508433514998,0.03654416577272943,17.281144625211738,1.54,bt434741,bt,G,g
111670467458,2459688.9083757,3.4552811679021334,0.08129283520966434,15.053857139388732,0.025572962982765807,17.37750993521917,1.53,bt435366,bt,G,g
111670467458,2459690.9335835,5.07460485111874,0.0698780697078052,14.636560046538307,0.014967554287245763,17.541788362323054,1.55,bt436052,bt,G,g
111670467458,2459692.8662367,2.5583615450684096,0.0471611418553556,15.380160825939615,0.020037086162101578,17.9686798324564,1.61,bt436663,bt,G,g
111670467458,2459694.8322605,2.783665173080429,0.04496330129795919,15.288523132425665,0.01755712362872104,18.02049513513022,1.53,bt437333,bt,G,g
111670467458,2459698.9653241,3.651520534558695,0.04914855627106534,14.993881254114573,0.014630163863874715,17.923863698835564,1.45,bD339967,bD,G,g
111670467458,2459700.8181954,2.400089675080187,0.06170581888190984,15.449496950643926,0.027945431772546006,17.676825311199156,1.52,bt438910,bt,G,g
111670467458,2459702.8089283,2.427367321404792,0.045048452040684916,15.437226869968601,0.020172352288048825,18.01844093068716,1.56,bt439538,bt,G,g
111670467458,2459705.8032122,3.906810824505829,0.04856437633626981,14.920509666438289,0.013511625710615005,17.936846071697673,1.46,bt440403,bt,G,g
111670467458,2459708.9553051,4.285337627044257,0.05560369056491426,14.820103011834952,0.01410362481380138,17.78988156689417,1.58,bt441468,bt,G,g
111670467458,2459710.7856938,2.9625133443332623,0.20232263169722586,15.220914834139997,0.07423288217060085,16.387529447873085,1.50,bt441979,bt,B,g
111670467458,2459711.9183509,2.62212452423054,0.055510605436244684,15.353432341252105,0.023010964600287166,17.79170070127384,1.56,bD342692,bD,G,g
111670467458,2459711.9196271,2.6163991819054395,0.14714715952296553,15.355805610619884,0.06113079602111576,16.733260903820803,1.53,bD342693,bD,G,g
111670467458,2459711.92088,2.638462170855298,0.11971770806733613,15.346688442710171,0.049319616930217094,16.957244626672416,1.51,bD342694,bD,G,g
111670467458,2459713.838239,2.924960562808088,0.07314533716420984,15.234765585100229,0.02718183700539076,17.492173996102192,1.44,bt442761,bt,G,g
111670467458,2459713.9815296,2.600298140700267,0.056362379134115265,15.362507758665021,0.023560165898538717,17.77516731895205,1.49,bD343485,bD,G,g
111670467458,2459713.9827814,3.0570051158183817,0.10766703646706918,15.18682520851425,0.03828236559325352,17.072433713265013,1.49,bD343486,bD,G,g
111670467458,2459713.9840449,2.9210329846665934,0.15562124370827055,15.236224469511308,0.05790880372039566,16.672468406872106,1.44,bD343487,bD,G,g
111670467458,2459716.061286,2.7472538516093983,0.0812644586148794,15.3028186449544,0.03215244678801587,17.377888995375915,1.45,bD344204,bD,G,g
111670467458,2459716.0625391,2.520965276366283,0.1135886560141464,15.39614846285745,0.04897565690715217,17.014303208983108,1.47,bD344205,bD,G,g
111670467458,2459716.0638036,2.7297828735053087,0.12258591942119952,15.309745360530705,0.048811781289095704,16.93153913967424,1.45,bD344206,bD,G,g
111670467458,2459717.9053672,5.429441382442507,0.09456528933477709,14.56317775042921,0.018931663633937803,17.213311222251765,1.52,bD344815,bD,G,g
111670467458,2459720.898835,2.6142302140877662,0.05088217607793638,15.35670604796434,0.02115602246127775,17.886226420169955,1.48,bD345301,bD,G,g
111670467458,2459721.887576,2.749745416923883,0.045861435730667685,15.30183440510951,0.018128727974946607,17.999021495043827,1.50,bD345650,bD,G,g
111670467458,2459724.9845815,3.050081481529576,0.04434307751846912,15.189287018582485,0.01580252776673778,18.0355760341223,1.52,bD346792,bD,G,g
111670467458,2459727.0345534,3.406876517927253,0.03132806339274936,15.069174640105023,0.009995150290602032,18.412806739130826,1.48,bD347523,bD,G,g
111670467458,2459731.8677344,2.9774108830603256,0.043460427255075255,15.215468693599096,0.015865997908195317,18.057405632665372,1.50,bD348760,bD,G,g
111670467458,2459736.0433571,3.324246103365618,0.03890885091181841,15.095832701396448,0.012722352057255313,18.177519598813802,1.45,bD350199,bD,G,g
111670467458,2459737.9123765,2.2562497546025155,0.054277256737967045,15.516597692246297,0.026148265755196045,17.8160958874839,1.59,bt448521,bt,G,g
111670467458,2459738.9620986,2.1968058268011763,0.05933336685293523,15.545586442743264,0.029357528676736917,17.719393129096602,1.57,bD351190,bD,G,g
111670467458,2459740.8059841,3.070701024327791,0.05904264333811249,15.181971787626445,0.020899718249557615,17.72472612992564,1.47,bt449155,bt,G,g
111670467458,2459746.8639325,3.1482352469314328,0.046898894737974935,15.154897680101673,0.016192265030856856,17.974734091800247,1.60,bD352975,bD,G,g
111670467458,2459746.8651971,2.3503071299225544,0.0842215185606736,15.47225407711876,0.038950283435218065,17.339082942129355,1.61,bD352976,bD,G,g
111670467458,2459747.9721266,2.827210540124912,0.06062272921561799,15.27167024413432,0.02330716794923591,17.696051900770883,1.46,bD353148,bD,G,g
111670467458,2459751.9149303,3.3096598456746493,0.03836533805695249,15.10060721997107,0.012599921549107242,18.19279303807162,2.02,bD354155,bD,G,g
111670467458,2459753.6838635,2.554839838538426,0.04615057575815228,15.381656423159395,0.019634760874496577,17.992197802694527,2.06,bt451501,bt,G,g
111670467458,2459756.9360254,2.176410119995143,0.05519411537683154,15.555713780668077,0.027565394554682068,17.797908668731665,1.96,bt452529,bt,G,g
111670467458,2459757.9242515,2.504862878284152,0.05276143283718775,15.403105730740629,0.022895218742659096,17.846849158621673,1.55,bD355303,bD,G,g
111670467458,2459760.8306607,3.932096620514711,0.030098877258205353,14.913505170057961,0.008320286628294846,18.45626487159878,1.97,bD356176,bD,G,g
111670467458,2459762.8269695,5.455700134238618,0.07510864106899064,14.557939392659149,0.014964133885686202,17.46341585039985,1.45,bt453869,bt,G,g
111670467458,2459764.9357118,4.5757521860490495,0.06431201592022852,14.748909382615345,0.015277130904032274,17.63191030353606,1.49,bt454308,bt,G,g
111670467458,2459768.7694747,4.093237801583284,0.05720099243932531,14.86989818168336,0.015189684742436843,17.759131701733068,2.01,bD358174,bD,G,g
111670467458,2459771.8417613,6.06902635550285,0.10250160659606865,14.442268063601126,0.018357934741429244,17.125813930149604,1.64,bD359267,bD,G,g
111670467458,2459772.8805873,5.613517006687339,0.09257494491564984,14.526978015480905,0.01792547167948946,17.236406955677815,1.46,bD359560,bD,G,g
111670467458,2459775.0386636,5.522930204862091,0.0812302449235675,14.544641734952164,0.015986757247884373,17.37834620466454,1.54,bD360059,bD,G,g
111670467458,2459775.7839321,2.90403793115559,0.0553595676360664,15.242559910752052,0.020720611957963073,17.79465888749907,1.46,bD360210,bD,G,g
111670467458,2459776.6677952,4.554382007777556,0.061011313495748905,14.753991984498407,0.014561063387046895,17.68911467419416,1.48,bt456761,bt,G,g
111670467458,2459779.6705706,2.120290029009328,0.059378008206995146,15.584077444744295,0.03043985133422001,17.71857654792917,1.53,bt457568,bt,G,g
111670467458,2459780.6525923,2.5684995361300413,0.04652459829479799,15.375866893214836,0.01968862163550088,17.98343403141694,1.51,bt457806,bt,G,g
111670467458,2459785.7580574,3.407822091557495,0.03275050551796491,15.06887333740918,0.010446078054132111,18.364595591693803,2.26,bD362336,bD,G,g
111670467458,2459788.6795292,2.2357399351163982,0.05310082497011247,15.526512411492003,0.025816190472076016,17.83988744069781,1.46,bt459486,bt,G,g
111670467458,2459791.744445,2.712677064912593,0.09510021402312824,15.31657038343134,0.03810619376271281,17.20718687564547,2.48,bD364003,bD,G,g
111670467458,2459792.6751723,2.9497181058542523,0.034328440122363094,15.225614337355179,0.012649860269046836,18.31350543739874,1.48,bt460644,bt,G,g
111670467458,2459792.9863874,5.877020815872468,0.06936944424449333,14.477172549910673,0.01282989667610652,17.54972007356861,1.50,bD364549,bD,G,g
111670467458,2459793.6872034,3.213451004840768,0.040250435412917354,15.132636415648996,0.013614793942401521,18.140714154564172,1.44,bt460982,bt,G,g
111670467458,2459796.6983976,6.380327320617145,0.09200953563661017,14.38795822411121,0.01567480158882017,17.24305851428052,1.46,bt461764,bt,G,g
111670467458,2459801.9084305,2.467328269428103,0.09296543757043874,15.419498285529055,0.04095498354053325,17.231836817001764,2.00,bD366463,bD,G,g
111670467458,2459802.9060843,2.7009680648114753,0.07942654700908897,15.321266999057352,0.031963800089126505,17.40272640535498,1.60,bD366830,bD,G,g
111670467458,2459803.9139298,2.5700832045951967,0.0843313352992884,15.375197663456301,0.03566596393713587,17.33766816898084,1.55,bD367206,bD,G,g
111670467458,2459805.7108563,6.024621000882403,0.13319592215441342,14.450241293917074,0.02403108448375293,16.84141328908894,2.23,bt463534,bt,B,g
111670467458,2459805.7120966,6.058009782351398,0.1539959644072561,14.444240696563908,0.027630678035815797,16.68386726160142,2.25,bt463535,bt,B,g
111670467458,2459805.9500916,2.8104863531766884,0.06765294766631702,15.278111920184976,0.026164799767720612,17.57692380211151,1.53,bD367980,bD,G,g
111670467458,2459806.6464773,2.1615020823222038,0.05105044021336398,15.5631764766439,0.025671781388225377,17.88264188292597,1.44,bt463823,bt,G,g
111670467458,2459806.6489694,2.33301193015512,0.06341059175232541,15.4802732232326,0.029543164936985507,17.647236096257053,1.50,bt463825,bt,G,g
111670467458,2459809.942348,6.319852876044949,0.07474323920946215,14.398298201839543,0.012855149147945916,17.46871082319227,1.45,bD369210,bD,G,g
111670467458,2459810.7659583,2.7120713889603794,0.04522701101626316,15.316812829442615,0.018126290769115486,18.014145894345635,2.46,bD369451,bD,U,g
111670467458,2459811.8040784,2.9924878213813013,0.03804672180608675,15.209984643230772,0.013819649357447103,18.201847504198707,1.95,bD369860,bD,G,g
111670467458,2459812.7954509,3.1275988444934955,0.037659180033447454,15.162038012268074,0.013087960885000539,18.2129634620989,1.56,bD370238,bD,G,g
111670467458,2459813.7910566,3.6007146683547497,0.023900876941491265,15.009093852503515,0.007215016034222128,18.706606021847605,1.96,bD370616,bD,G,g
111670467458,2459816.9305504,3.8564086669096764,0.031176305738568673,14.93460799671852,0.008787266022152624,18.41807898187329,1.46,bD371160,bD,G,g
111670467458,2459817.933783,4.897003372875934,0.05744657613982247,14.675239614421237,0.01275104912784497,17.754480237667025,1.40,bD371521,bD,G,g
111670467458,2459819.8831477,2.3916091076530304,0.054303258441112966,15.4533401257365,0.024680153928739967,17.81557588643244,1.52,bD372067,bD,G,g
111670467458,2459820.7744331,2.806871463350439,0.04545996183294519,15.27950930928873,0.017604298108239557,18.00856794452657,1.45,bD372351,bD,G,g
111670467458,2459821.8579745,2.6471404166606693,0.04923120017398805,15.343123174994597,0.020215087105075365,17.922039553262227,1.41,bD372755,bD,G,g
111670467458,2459821.8592507,2.599684832315163,0.05195599302181326,15.362763871473442,0.021723366139040606,17.863551486945603,1.46,bD372756,bD,G,g
111670467458,2459822.7353112,4.120252373772834,0.04505610279771333,14.862756076628944,0.011886171121910824,18.01825655146384,2.41,bD373007,bD,G,g
111670467458,2459823.8387828,3.5906525607006783,0.02778589454671215,15.012132162565436,0.00841130094859718,18.54307965358676,1.48,bD373442,bD,G,g
111670467458,2459823.8400242,3.568725157680867,0.03281380586875427,15.018782866219624,0.009994375783004395,18.3624991004007,1.47,bD373443,bD,G,g
111670467458,2459825.7867668,5.538597045440643,0.06400361408161535,14.541566198090116,0.01256078843976479,17.63712936666265,1.49,bD374152,bD,G,g
111670467458,2459827.6701542,2.5890177151122264,0.06278455376392315,15.367228067120923,0.026359062659105502,17.658008581725117,1.57,bt465843,bt,G,g
111670467458,2459829.7781878,2.917900464598982,0.0663935017089753,15.237389439383078,0.024732457655503668,17.59732667469533,2.48,bD374965,bD,G,g
111670467458,2459830.7634027,3.2171835926851164,0.06718900487838152,15.131376009338016,0.02270045365386365,17.58439508919962,1.56,bD375284,bD,G,g
111670467458,2459832.6285226,2.4233975506858028,0.1154814242358691,15.439003960745037,0.051796407559040025,16.996360282920723,1.52,bt467215,bt,G,g
111670467458,2459833.7531064,5.843966925985228,0.1648391884492888,14.483296248848843,0.03065948750093814,16.6099894421891,1.60,bt467672,bt,G,g
111670467458,2459835.8038604,2.697164359664927,0.1079757636138834,15.322797091596247,0.04351420410451134,17.069324901196406,1.49,bt468094,bt,G,g
111670467458,2459839.7585237,3.1101998020233,0.03508559193788923,15.168094898807622,0.012261756608420252,18.28981859139565,1.48,bD377805,bD,G,g
111670467458,2459843.8025938,6.204077349587022,0.07341791109243803,14.418372612883578,0.01286284370385892,17.488135552262158,1.48,bD379356,bD,G,g
111670467458,2459844.7345794,2.211604402370113,0.052264517275247835,15.538297007871197,0.025686898546140178,17.857123252626682,1.55,bt470303,bt,G,g
111670467458,2459845.7352819,2.430657504157772,0.047328298550287876,15.435756201863914,0.02116456254493058,17.964838381727052,1.53,bt470684,bt,G,g
111670467458,2459846.6640347,2.806440914139971,0.038923385645893274,15.279675864376072,0.01507533177085831,18.1771140885036,1.41,bt471006,bt,G,g
111670467458,2459847.634206,3.5339711326174066,0.04375300378796537,15.02940812819816,0.013457272577601018,18.05012092611738,1.52,bt471365,bt,G,g
111670467458,2459848.7349189,3.1039818493391285,0.033839360398321534,15.170267689685176,0.011849912551604553,18.3290852469568,1.50,bt471744,bt,G,g
111670467458,2459849.7446022,3.657276632268134,0.051049582775158225,14.99217109447251,0.015172130114507468,17.882660118998327,1.50,bt472038,bt,G,g
111670467458,2459850.7535588,4.378033343507197,0.05972078766448107,14.796867960103523,0.014827182559396327,17.712326793812988,1.44,bt472434,bt,G,g
111670467458,2459852.7847238,6.223455248646234,0.07046883518667647,14.41498669480763,0.012307722466901273,17.53264787920745,1.54,bD382912,bD,G,g
111670467458,2459853.7131859,2.4301858360376007,0.048103438909496796,15.435966908986305,0.021515369674777577,17.947200298572476,1.47,bt473093,bt,G,g
111670467458,2459854.8165773,2.3420203431196227,0.055924330090905035,15.476088964542324,0.025955075708365145,17.783638635312464,1.47,bD383653,bD,G,g
111670467458,2459855.7605688,2.390405412462843,0.0556971526806399,15.453886713568712,0.02532640824559825,17.788058126501287,2.03,bt473672,bt,G,g
111670467458,2459856.7305396,3.019861625347615,0.057402450058503016,15.200098013833705,0.020661200808402082,17.7553145379307,1.47,bt473979,bt,G,g
111670467458,2459860.7275189,6.401721743413797,0.10661421973827749,14.384323639235795,0.018102164714340167,17.083102779312057,2.07,bD384518,bD,G,g
111670467458,2459864.7619872,2.7057100105611247,0.07510766713664935,15.319362501164289,0.03017277103168276,17.463429929212154,1.45,bD385237,bD,G,g
111670467458,2459866.725734,3.3936426625360996,0.31762948593019436,15.073400345138122,0.10173417638805379,15.897838582168042,1.44,bt475389,bt,G,g
111670467458,2459867.77599,3.386080682446728,0.03112280714808815,15.075822366966937,0.009990647411271737,18.419943707330034,1.56,bD385840,bD,G,g
111670467458,2459870.7204069,2.621622818975248,0.05145907420655491,15.353640100904046,0.02133555441561818,17.873985689918108,1.46,bD386980,bD,G,g
111670467458,2459876.7588514,3.4918335694091045,0.024444761375257522,15.042431782700799,0.007609295308908224,18.682176106124764,1.99,bD388363,bD,G,g
111670467458,2459879.6004351,2.3210067760608517,0.05080018084254047,15.48587460138636,0.023790360477120343,17.88797746563506,1.49,bt477291,bt,G,g
111670467458,2459880.6679733,2.664099767635866,0.048690761333790425,15.336189410636408,0.019865900377737215,17.9340241982609,1.99,bt477657,bt,G,g
111670467458,2459880.7425829,2.292312173413894,0.06980775291620538,15.499381220414781,0.033101072873167915,17.542881465280203,1.47,bD388829,bD,G,g
111670467458,2459881.719376,2.6867846299674705,0.06801154762490372,15.326983484265362,0.02751452216151601,17.571183967764888,1.45,bD389187,bD,G,g
111670467458,2459882.7151626,2.6814532907891055,0.0488449466167493,15.329140031703938,0.019799835209305908,17.930591513208164,1.52,bD389493,bD,G,g
111670467458,2459892.7008978,3.089382404965954,0.06699212896168098,15.175386450356994,0.02357025513029375,17.58758116250039,2.04,bD391958,bD,G,g
111670467458,2459898.6932768,2.470380224926321,0.06726386260439524,15.418156116786008,0.029595806102031434,17.583186104173734,1.48,bD392745,bD,G,g
111670467458,2459901.6370111,3.182661105632078,0.029074838420156665,15.143089630339858,0.00992976763481839,18.493847336769804,1.57,bt484420,bt,G,g
111670467458,2459906.6241227,2.3743680806222867,0.05028170946010514,15.461195509080452,0.023018348531508814,17.899115525797274,1.48,bt485087,bt,G,g
111670467458,2459911.606194,4.110649919224745,0.055163429149694965,14.865289392398278,0.014586561797766448,17.798512472464182,1.56,bt486010,bt,G,g
111670467458,2459911.607434,4.079971140511347,0.05714253035538127,14.873422894435596,0.0152235013188533,17.760241942263065,1.61,bt486011,bt,G,g
111670467458,2459913.5646724,2.726277243113631,0.0463487347317427,15.311140576228173,0.01847906687343642,17.987545904211906,1.49,bt486813,bt,G,g
111670467458,2459913.5659011,2.1118681822989442,0.06056241214351517,15.588398604539229,0.031170841723647206,17.697132700506238,1.52,bt486814,bt,G,g
111670467458,2459915.5967886,2.42258064941588,0.0759576125383588,15.439370012450697,0.03408044324312179,17.451212347060125,1.50,bt487389,bt,G,g
111670467458,2459918.5971329,3.4944635423793633,0.22818098319260893,15.04161433764785,0.07097593230266631,16.256941993693484,1.49,bt488245,bt,G,g
111670467458,2459927.5729298,2.94082343080959,0.09060579870216708,15.228893247453758,0.03348877146955782,17.25975062873565,1.99,bt489786,bt,B,g
111670467458,2459932.5355644,2.429639456343999,0.12343865774345648,15.43621104295479,0.05522319524349119,16.92401263490012,1.97,bt491309,bt,G,g
111670467458,2459933.54751,2.5740616485706536,0.05178945603615313,15.373518262254633,0.021869284687519974,17.867037237727228,1.58,bt491495,bt,G,g
111670467458,2459934.5513058,2.624171562926851,0.07142155153161803,15.352585060007968,0.029583477820875843,17.518067410469374,1.44,bt492083,bt,B,g
111670467458,2459985.0234596,3.2715326301608845,0.09685590307663605,15.1131874815444,0.032180071978345326,17.187325374424297,2.15,bt500722,bt,G,g
111670467458,2460002.1607407,3.536049321680568,0.05993054744802982,15.028769837209959,0.01842222590070452,17.708519999272866,2.23,bD403527,bD,G,g
111670467458,2460021.085336,5.169089937650502,0.05985820711263589,14.616530400836922,0.012586987145800038,17.709831349925732,1.55,bD405852,bD,G,g
111670467458,2460022.9417348,2.4536493413602805,0.05834976932424102,15.425534381147674,0.02584870675684902,17.737542752751235,2.23,bt511723,bt,B,g
111670467458,2460024.9350491,3.048637612597447,0.060496688763788886,15.18980111368332,0.021569395497747383,17.69831160005768,1.54,bt512166,bt,G,g
111670467458,2460026.9257802,4.37693812110109,0.0929863166040043,14.79713960522072,0.0230919607425923,17.2315929997508,1.55,bt512962,bt,G,g
111670467458,2460030.052293,5.880784453335259,0.06862727702890203,14.476477468217968,0.012684509511899717,17.561398692853956,1.48,bD408679,bD,G,g
111670467458,2460032.047047,2.3291149167606173,0.05900436647450937,15.482088330224414,0.027536288780355345,17.725430232098848,1.48,bD409600,bD,B,g
111670467458,2460035.0527547,3.01464833586253,0.045484304771384446,15.201973976781613,0.016399744248737157,18.007986709200548,1.44,bD410633,bD,G,g
111670467458,2460041.0541368,2.2153594408742023,0.15996382835560619,15.536455121478504,0.07848556007005017,16.642586137951344,1.56,bD412040,bD,G,g
111670467458,2460048.9974541,2.3927205594914107,0.051719650098031304,15.452835669059624,0.023495017315381905,17.86850166629099,1.49,bD414300,bD,G,g
111670467458,2460053.1098132,2.7590381583816956,0.05435764048512307,15.298171354900859,0.021414851277849402,17.814489119074842,1.53,bD416130,bD,G,g
111670467458,2460057.9751268,4.0717682766930166,0.035173584124418386,14.87560798617627,0.009389570834818641,18.287099050462945,1.44,bD417278,bD,G,g
111670467458,2460062.0842811,2.5833746624488083,0.06801013200015026,15.36959713294798,0.028615306016754476,17.571206567030703,1.59,bD418604,bD,G,g
111670467458,2460067.0392952,5.044581381480017,0.061458963163029554,14.643002790625141,0.01324256975507068,17.681177538285166,1.53,bD419148,bD,G,g
111670467458,2460107.8548025,4.328704801400486,0.03884749977274586,14.809170697651268,0.009754775427879506,18.179232929394022,1.55,bD432564,bD,G,g
111670467458,2460107.8893134,3.9482595692311016,0.031305335693955647,14.909051380715862,0.008618364168089516,18.41359469849034,1.54,bD432591,bD,G,g
111670467458,2460111.8366597,2.696654213742136,0.04870675703239557,15.323002468878482,0.019632523494978633,17.933667575021552,1.47,bD433981,bD,G,g
111670467458,2460116.0303233,2.6074597346640935,0.04883313382932948,15.359521595737359,0.020356783495867642,17.93085412219853,1.47,bD435773,bD,G,g
111670467458,2460119.9788409,6.301248396851907,0.07885133052522296,14.401499122397007,0.01360174406154476,17.41061804657959,1.50,bD437248,bD,G,g
111670467458,2460121.7999596,2.8551264178339415,0.053680727420615366,15.261002266088333,0.02043643896013717,17.82809463076885,1.59,bD437907,bD,G,g
111670467458,2460124.8619208,3.823494224096279,0.053976753577967676,14.943914526119597,0.015344703270146887,17.822123710333923,1.47,bD439101,bD,G,g
111670467458,2460126.8768197,5.99405484570912,0.089244252721272,14.455763841207009,0.016183472627475718,17.276189968019608,1.48,bD439959,bD,G,g
111670467458,2460129.8886676,2.542397147920961,0.13482796360627958,15.386957140609814,0.05764328931634239,16.828190673591873,1.49,bD441221,bD,B,g
111670467458,2460133.0288691,2.744483617689625,0.053858754832663384,15.303914015421132,0.021330834128787623,17.824499839735367,1.50,bD442578,bD,G,g
111670467458,2460137.0150872,4.00403908488627,0.03601784060849734,14.893819851945105,0.009777583564591671,18.261346431844018,1.56,bD444148,bD,G,g
111670467458,2460139.0364257,6.262602844986336,0.09560774550354888,14.408178444897047,0.016593972997513976,17.20140791806392,1.61,bD444921,bD,B,g
111670467458,2460139.7946541,3.237427179243656,0.03640293889221457,15.124565601187015,0.012222178183049612,18.249799494823034,2.01,bD445155,bD,G,g
111670467458,2460146.8289341,2.47502515397346,0.051485644743944514,15.416116579586687,0.02261094487889579,17.87342522221547,1.45,bD446395,bD,G,g
111670467458,2460149.8192383,3.0201647191360688,0.03676477290575862,15.199989047454729,0.013231632508972437,18.239060892192608,1.55,bD447657,bD,G,g
111670467458,2460152.9095215,3.8271608448565595,0.03683530684186466,14.942873835308818,0.010461639482917376,18.236979881633882,2.00,bD448964,bD,G,g
111670467458,2460154.9126884,6.004034675736639,0.08035697256761393,14.453957642768875,0.014547640064864215,17.39008169536896,1.45,bD449795,bD,G,g
111670467458,2460156.8662528,2.4335194750896356,0.08439886334470702,15.434478556815419,0.03769762102952551,17.336799117106885,1.49,bD450587,bD,G,g
111670467458,2460160.8496325,3.773435471306477,0.0450375666276976,14.95822330324197,0.012973291087521158,18.018703317397467,1.42,bD452238,bD,G,g
111670467458,2460170.8562829,4.4260680163645745,0.06202009956442979,14.78502041342792,0.015230934421075183,17.671309463692793,1.49,bD453872,bD,G,g
111670467458,2460173.8468392,2.1968338832526637,0.058430265300973755,15.545572576378623,0.028910314257264414,17.73604596590067,1.47,bt515993,bt,B,g
111670467458,2460174.6933439,2.8533162689201106,0.05020817173201549,15.261690840673545,0.019126551200497326,17.90070459301694,1.59,bt516203,bt,B,g
111670467458,2460176.8677717,2.737198063683676,0.05600210757789541,15.306800062029957,0.022238747305340943,17.782129682666564,1.61,bt516914,bt,G,g
111670467458,2460177.8327535,3.097137221982258,0.03616174135848463,15.17266450311898,0.01269115243847393,18.25701727235341,1.46,bt517205,bt,G,g
111670467458,2460178.828839,3.553290642399504,0.05556539861644052,15.02348879183087,0.016997532284155858,17.790629525823384,1.53,bt517506,bt,G,g
111670467458,2460179.823726,5.032946670392361,0.08042606108345327,14.645509800798138,0.01736947306171915,17.38914861299213,1.49,bD455431,bD,G,g
111670467458,2460181.8102445,2.266674631547975,0.059523005241148716,15.511592662134262,0.02854354032108894,17.715928486267856,1.43,bt517746,bt,G,g
111670467458,2460183.9216563,2.157531401931257,0.07433600841621288,15.565172808780833,0.037450212347190634,17.474642518216378,1.54,bD456947,bD,G,g
111670467458,2460189.8306458,5.854100600962701,0.08436150967066179,14.481415168826503,0.015663771323848625,17.337279754074313,1.47,bD458698,bD,G,g
111670467458,2460191.6955779,2.5618526157544244,0.053960484290995384,15.37868026973416,0.022894642711140917,17.822451014503898,1.46,bt520661,bt,G,g
111670467458,2460192.8931588,2.186409622923029,0.08453238208651222,15.550736796969852,0.042024615627258045,17.33508284298829,1.36,bD459909,bD,G,g
111670467458,2460194.7399038,3.3284014395501815,0.029128340539908475,15.094476369350856,0.009512446227511153,18.49185125319343,1.50,bt521710,bt,G,g
111670467458,2460196.8624079,3.224502452743092,0.0345301476637444,15.128908843224751,0.011639863746356574,18.307144522547098,1.57,bD461380,bD,G,g
111670467458,2460197.8615444,3.8722298640750203,0.04126965965057199,14.930162797090949,0.011584623661761622,18.11356339323992,1.52,bD461833,bD,G,g
111670467458,2460198.8776764,4.637842502948915,0.0560160468806991,14.734275631547574,0.01312830425791874,17.781859469219928,1.47,bD462304,bD,G,g
111670467458,2460202.8712566,2.4653818022282508,0.05217404725736699,15.420355157305117,0.023002895892500066,17.859004293387198,1.48,bD463955,bD,G,g
111670467458,2460205.8578899,3.2498586846240345,0.041993800455626985,15.120404430467595,0.014045360031750422,18.094677660842866,1.44,bD465132,bD,G,g
111670467458,2460206.675441,2.165825091002383,0.05537384611679574,15.561007170552179,0.027790315764867977,17.79437888775848,1.48,bt524579,bt,G,g
111670467458,2460208.8483171,5.816348062686812,0.06608786560456273,14.48843965293795,0.012350470733953157,17.60233629649334,1.57,bD466457,bD,G,g
111670467458,2460212.6575275,4.295036250749037,0.07999716994933673,14.817648538049275,0.020245101675670563,17.394954053247535,1.47,bt526337,bt,G,g
111670467458,2460213.7792358,3.454771051968735,0.05395269016146245,15.054017442472096,0.01697485232862341,17.822607851121415,1.61,bD468262,bD,G,g
111670467458,2460219.7997005,2.4854172107699437,0.07622278522469361,15.411567368857808,0.03333478707159827,17.44742857619755,1.46,bD470658,bD,G,g
111670467458,2460221.8080274,2.8986683892318528,0.042248243426309534,15.244569286175063,0.015842448172010054,18.08811896941842,1.49,bD471527,bD,G,g
111670467458,2460224.749084,5.740265058378344,0.0660510865355303,14.502735755950468,0.01250720281164729,17.60294069613796,1.96,bD472810,bD,G,g
111670467458,2460231.7033866,4.197556762212466,0.05217579330632739,14.842574178095623,0.013510911709823548,17.85896795890769,1.68,bD475926,bD,G,g
111670467458,2460236.7454411,2.5865239738687773,0.049108294406416585,15.368274351945026,0.020637187753067325,17.924753484458968,1.51,bD478277,bD,G,g
111670467458,2460237.6737764,2.853586585244856,0.04481707707427169,15.261587985507362,0.01707122344317612,18.024031789283978,1.50,bt534031,bt,G,g
111670467458,2460238.7913059,2.7399335004199403,0.05313797410030244,15.305715566281568,0.02108031727466242,17.839128129455226,1.51,bD479162,bD,G,g
111670467458,2460242.7475702,5.754713622957035,0.08269011247501645,14.500006331500664,0.015618597714316255,17.359006654799614,1.48,bD480982,bD,G,g
111670467458,2460243.6625001,2.3522105573077217,0.08163250105556814,15.47137513512406,0.0377223795431755,17.37298285491149,1.55,bt535109,bt,G,g
111670467458,2460244.6139044,2.83635776800935,0.09330346469141969,15.268163096490799,0.03575600038579512,17.22789618405805,1.44,bt535540,bt,G,g
111670467458,2460246.7398898,2.76466572447459,0.0835901823669114,15.295959051527868,0.03286433259281096,17.34725242963452,2.16,bD482906,bD,G,g
111670467458,2460249.7295605,3.706160701075519,0.03249260157939404,14.977755005711966,0.009529550400970014,18.373179398150363,1.49,bD484368,bD,G,g
111670467458,2460252.7249064,2.6404402508239615,0.04678294629302309,15.345874761013922,0.019258541663082367,17.977421688189597,1.48,bD485710,bD,G,g
111670467458,2460255.7441131,2.6094442653034484,0.047392374395898246,15.358695559119262,0.019741157577218366,17.96336944207792,1.66,bD487068,bD,G,g
111670467458,2460256.7084727,2.9225273969621153,0.044443756807890825,15.235669144516443,0.016529676116343702,18.033113705168336,1.46,bD487345,bD,G,g
111670467458,2460259.6927156,5.215085808707812,0.0709974939655984,14.606911975590759,0.01479768347515707,17.524533062747313,1.49,bD488804,bD,G,g
111670467458,2460262.6922252,2.3191762769008717,0.062082891084899186,15.486731222468409,0.029097142819745923,17.670210778921604,2.13,bD490242,bD,G,g
111670467458,2460264.6380527,3.080287853334115,0.055311733876471376,15.178587364088607,0.01951812711291059,17.79559742977925,1.67,bt540386,bt,G,g
111670467458,2460268.5710674,2.046422039553927,0.06331730874300763,15.622577611222182,0.033630971689585634,17.648834493427707,1.48,bt541314,bt,G,g
111670467458,2460269.6357953,1.8288231451776766,0.10481421318699904,15.744636348732106,0.06229606886536621,17.101590165077106,1.53,bt541762,bt,G,g
111670467458,2460274.6211169,3.223009125755782,0.1311049118078891,15.129411784300519,0.044214997029585416,16.858593204659716,1.44,bt543825,bt,G,g
111670467458,2460279.5775019,2.62300140469134,0.04614793196843907,15.353069314363788,0.019123434523578224,17.992260002144565,1.51,bt544896,bt,G,g
111670467458,2460280.5885094,2.4883383400492773,0.05012438257934859,15.410292044347143,0.021895344240723816,17.90251802113884,1.46,bt545393,bt,G,g
111670467458,2460282.577258,3.308078979298842,0.0335315313679428,15.101125948176321,0.01101766823959287,18.339007141718888,1.58,bt545849,bt,G,g
111670467458,2460283.5736106,3.8819142835032467,0.04528486501871941,14.92745076851313,0.012680001610893915,18.012757917510704,1.48,bt546476,bt,G,g
111670467458,2460284.5737189,4.998100103176762,0.06688400155419179,14.653053247196945,0.014545527338104176,17.589334990701314,1.47,bt546349,bt,G,g
111670467458,2460286.5754498,2.432446748802283,0.05359894277294534,15.434957268640883,0.02395107742196699,17.829750052900756,1.58,bt547709,bt,G,g
111670467458,2460289.5755507,2.5606850766151665,0.05089597877895553,15.379175196121057,0.02160426386254765,17.885931934730856,1.58,bt549168,bt,G,g
111670467458,2460293.5689198,4.908612010897698,0.06723203275699226,14.67266885797541,0.014887772004132563,17.583700005631762,1.49,bt550126,bt,G,g
111670467458,2460296.5584212,2.380004612070047,0.05189480602892878,15.458621125654995,0.023700541407131997,17.864830878952777,1.52,bt551579,bt,G,g
111670467458,2460301.5391642,4.069387331271857,0.16030581381058023,14.876243050494775,0.042818595432067126,16.640267428450336,1.59,bt553130,bt,G,g
111670467458,2460303.5411686,4.251637328292098,0.13310126761181812,14.82867509380123,0.03402813544788584,16.8421851325189,1.56,bt553844,bt,G,g
111670467458,2460389.09045,2.607176109048428,0.052442756745554736,15.35963970277649,0.02186388417135525,17.853426828767663,1.47,bD527023,bD,G,g
111670467458,2460390.9539559,4.339262469765948,0.06047629306748345,14.806525821847709,0.015148911046133084,17.69867770405503,1.53,bt576892,bt,G,g
111670467458,2460393.0799631,4.517732910539625,0.12270874001718227,14.762764242910562,0.029523450783223947,16.930451869538004,1.52,bD528866,bD,G,g
111670467458,2460395.0727477,4.7710214483089155,0.11510943197713278,14.70353719990542,0.026224771604323762,16.99986333434434,1.54,bD529657,bD,G,g
111670467458,2460402.1116765,3.705647425275535,0.041571996946837046,14.97790538254592,0.01219407785394582,18.105638394646107,1.49,bD532630,bD,G,g
111670467458,2460405.1312195,4.747674867708333,0.057856263988225354,14.708863197879037,0.013245903567069145,17.746764646254373,2.31,bD533430,bD,G,g
111670467458,2460406.1353402,2.4516535416533545,0.05457313206552937,15.426417878933849,0.02419535256615195,17.81019341253764,1.56,bD533762,bD,G,g
111670467458,2460407.1014829,2.5976182143484,0.04881167575292046,15.363627320091322,0.020424929654245423,17.9313313172674,1.46,bD533900,bD,G,g
111670467458,2460409.1247677,2.739972134367171,0.0789930691277477,15.305700257158371,0.03133682659894137,17.408668141811678,1.43,bD534676,bD,G,g
111670467458,2460411.1213706,3.3998063877109974,0.041771560113464334,15.071430158458156,0.013354839808721417,18.100438871686386,1.58,bD535572,bD,G,g
111670467458,2460417.0227276,2.95598944865259,0.04806944988117881,15.223308423482818,0.017675774204328126,17.947967731486468,1.57,bD536373,bD,G,g
111670467458,2460418.009919,3.3810378572260165,0.04607526439297504,15.07744053839331,0.014812554972066695,17.993971021433307,1.53,bD536821,bD,G,g
111670467458,2460419.0061415,4.225165704548893,0.06079506364507105,14.835456257316462,0.015639999834186576,17.6929698178138,1.57,bD537264,bD,G,g
111670467458,2460420.0075639,5.182164360001116,0.079941220727919,14.613787664383329,0.01676763321068809,17.395713671967492,1.53,bD537712,bD,G,g
111670467458,2460420.9992668,4.48557034281895,0.08400799949005609,14.770521443078886,0.020357064084427768,17.341839004353684,1.50,bD538155,bD,G,g
111670467458,2460421.9962382,2.1574568886785475,0.08935840158265211,15.565210306790451,0.045019994551056694,17.274802132336088,1.52,bD538598,bD,G,g
111670467458,2460422.9965312,2.6137639971518567,0.09982290068377452,15.356899693399846,0.04151222261664748,17.15456514751039,1.49,bD539043,bD,G,g
111670467458,2460426.9603042,3.8358398998350354,0.08730297983973932,14.940414441513514,0.024738921796018006,17.300067943018185,1.63,bD540612,bD,G,g
111670467458,2460428.8123837,2.3504533990118945,0.07189919649566802,15.472186509479437,0.03324945756066619,17.51083051898454,1.49,bt587756,bt,G,g
111670467458,2460430.9954584,2.7321699687924843,0.12377597237066759,15.308796338809962,0.04924258078364017,16.921049744473542,1.44,bD541952,bD,B,g
111670467458,2460432.9441626,2.6252792650415055,0.044970669007029264,15.352126851198236,0.018619414176262665,18.020317240426486,1.45,bD542786,bD,G,g
111670467458,2460433.9588218,3.086273799051348,0.06864421781429045,15.176479492508747,0.024175846049646944,17.56113070969915,1.51,bt589867,bt,G,g
111670467458,2460436.7974842,2.2042629812148795,0.0550456494375229,15.541907104549326,0.02714386992812667,17.800833111526114,1.50,bt590573,bt,G,g
111670467458,2460437.8399127,2.4064758527893844,0.04957698241749899,15.446611851756307,0.02239292129376003,17.914440388425984,2.03,bt590924,bt,G,g
111670467458,2460438.9392396,2.1978895670343794,0.05195425290326116,15.54505095351084,0.025693744978043536,17.86358785120778,1.54,bt591382,bt,G,g
111670467458,2460439.839749,2.630209271976448,0.046420314909148615,15.350089861277565,0.019183592944210064,17.985870405629637,1.50,bt591698,bt,G,g
111670467458,2460440.8131588,3.0380058498855673,0.04995519921097198,15.193594107804865,0.017873280125246874,17.906188873474196,1.53,bt592051,bt,G,g
111670467458,2460443.7803982,6.114682599895841,0.09421901587327934,14.434130825634526,0.01674853471168694,17.217294202246944,1.57,bt592781,bt,G,g
111670467458,2460444.8150849,5.200782239606713,0.06961461251983823,14.609893947428429,0.014549360769333566,17.545889586027847,1.51,bt593198,bt,G,g
111670467458,2460447.7867001,2.621362555969598,0.056330867360394526,15.353747893296363,0.023357777623383764,17.775774515488855,1.52,bt594076,bt,G,g
111670467458,2460449.7590826,3.195541067607495,0.05495037500687333,15.138704614104427,0.01869125360058376,17.802713959950143,1.63,bt594766,bt,G,g
111670467458,2460450.8744013,2.861234596729921,0.06218944934352095,15.258681953050138,0.023625195789454535,17.668348833017035,1.50,bt595223,bt,G,g
111670467458,2460453.7739872,2.602635105492285,0.10128696622165571,15.361532413668455,0.04230117709142921,17.13875670342645,1.48,bt596101,bt,G,g
111670467458,2460454.8025521,2.0567917464006475,0.08939672799994115,15.617089820084377,0.04724365346745567,17.274336552639614,1.51,bt596440,bt,G,g
111670467458,2460454.8037808,2.468817944426249,0.1393347596546678,15.418842958860097,0.06134548157085454,16.792491929444044,1.52,bt596441,bt,G,g
111670467458,2460455.7774346,2.3653788840329284,0.0945572888434497,15.465313833524112,0.043451669616294576,17.213403082495834,1.52,bt596724,bt,G,g
111670467458,2460456.7576508,2.583754300487049,0.07795957443125386,15.369437591056723,0.03279672058759028,17.422966962170918,1.60,bt597018,bt,G,g
111670467458,2460486.7886065,3.302525725580947,0.05977660731235326,15.102950099007655,0.01967420652088083,17.71131245509788,1.44,bt602943,bt,,g
111670467458,2460488.8011589,5.205121559328836,0.07927941097887758,14.608988431311722,0.016555477489028952,17.40473957439815,1.48,bt603342,bt,,g
111670467458,2460489.6779621,2.393171427364854,0.057835456256153994,15.452631099639104,0.026268333996702305,17.74715519638613,1.44,bt603491,bt,,g
111670467458,2460491.6438489,2.9352588273585893,0.04099867607017902,15.230949615275883,0.015182231264168828,18.120716029685475,2.12,bt603906,bt,,g
111670467458,2460492.0038319,4.400082594937862,0.04695771306125778,14.791413550277515,0.011600007808173813,17.97337326717748,1.45,bD559365,bD,,g
111670467458,2460492.803422,2.6132193205506176,0.05433059143084505,15.357125971186495,0.022598558881486448,17.8150295297085,1.46,bD559566,bD,,g
111670467458,2460494.7372334,3.269617132066601,0.03272005047215199,15.113823371492241,0.01087750363904524,18.365605699145668,1.59,bt604826,bt,,g
111670467458,2460495.7247183,3.99483965052121,0.06030040550823845,14.896317242813913,0.016407146410029848,17.70184002970714,1.67,bt605006,bt,,g
111670467458,2460498.0271094,2.5092166418448514,0.0480859649898346,15.40122022418102,0.0208301476955739,17.947594771698533,1.52,bD561478,bD,,g
111670467458,2460499.6659081,2.6732327825490305,0.04502115980953323,15.332473676405927,0.01830594162644129,18.019098914301573,1.42,bt605438,bt,,g
111670467458,2460500.0392264,3.2470315941066636,0.037572916004884285,15.121349336288963,0.012577680539477974,18.215453357368578,1.47,bD562152,bD,,g
111670467458,2460500.9658956,4.973780495633909,0.059312352377881045,14.658349084924556,0.012961960885370861,17.719777739292013,1.55,bD562410,bD,,g
111670467458,2460503.7217368,3.2965011213860267,0.03165878682722025,15.10493255274296,0.01043886337212207,18.40140494001727,1.56,bt606533,bt,,g
111670467458,2460504.6568888,5.300850567476275,0.07428436081191435,14.589201718505073,0.015232247998678254,17.47539713451056,1.62,bt606791,bt,,g
111670467458,2460505.0272003,2.2186085063843484,0.053666337322215533,15.53486393781216,0.026292595193056,17.828385721185786,1.70,bD563448,bD,,g
111670467458,2460510.8050875,2.487207565643697,0.07184528546159771,15.410785547072656,0.031397742057158194,17.511644924706047,1.43,bD565300,bD,,g
111670467458,2460513.7777533,3.231100864358293,0.10841589589571948,15.126689333590257,0.03647158354106255,17.06490820405257,2.14,bD566082,bD,,g
111670467458,2460514.849626,3.120293207685282,0.08608729367739873,15.164577107991963,0.02998857449391285,17.315292973604077,2.00,bD566472,bD,,g
111670467458,2460516.0140406,2.667975358843923,0.06396668005780398,15.33461108687666,0.02606058554189888,17.637756084108638,1.46,bD566633,bD,,g
111670467458,2460516.6517883,2.4243240706399356,0.05309673664250287,15.438588938452316,0.023806158951925574,17.83997103669074,1.52,bt609279,bt,,g
111670467458,2460517.6593707,2.5903538614780603,0.04545124795633499,15.366667882359135,0.01907211640927348,18.008776081045056,1.47,bt609596,bt,,g
111670467458,2460518.65886,2.7281318632913045,0.04235347970538508,15.310402227376338,0.016874694219719447,18.085417868472778,1.48,bt609896,bt,,g
111670467458,2460518.9555163,5.019021072742396,0.06267031816949717,14.648518074521334,0.013572350079132166,17.659985862529094,1.52,bD567423,bD,,g
111670467458,2460519.9909521,5.463089337024691,0.06659610025584653,14.55646986598039,0.013250207168478929,17.594018615354038,1.50,bD567761,bD,,g
111670467458,2460520.8513035,2.628565995395634,0.045971911282983446,15.350768408979485,0.01901016328803664,17.996409211627103,1.53,bD568009,bD,,g
111670467458,2460525.9292821,3.579804080503781,0.05512379421997983,15.015417475424238,0.016737554984288635,17.7992928544287,1.49,bD569506,bD,,g
111670467458,2460529.9557334,2.525044343018292,0.04831853104430532,15.394393099057355,0.020799691135991207,17.94235630491414,1.54,bD570702,bD,,g
111670467458,2460530.9489631,2.2351645364128583,0.051303264773858624,15.526791876737587,0.024948686024676058,17.877278103723263,1.51,bD571065,bD,,g
111670467458,2460531.9485123,2.6473104066705693,0.04954082755722576,15.34305345508807,0.020340918643312344,17.91523246893155,1.54,bD571408,bD,,g
111670467458,2460533.9438985,3.011581087727416,0.04193167258810162,15.203079219347991,0.015134211452184654,18.09628514626945,1.64,bD571723,bD,,g
111670467458,2460534.9396476,3.3351464009144216,0.035361542977592496,15.092278365695964,0.011524669426120036,18.28131259417316,1.43,bD572088,bD,,g
111670467458,2460535.9446449,3.9110903075705483,0.03918895158232007,14.919321012325991,0.010891256185025702,18.16973149893879,1.55,bD572451,bD,,g
111670467458,2460537.7626001,2.4747721694102283,0.06037395508895812,15.416227563726782,0.026517133592450025,17.700516543058853,2.13,bD572979,bD,,g
111670467458,2460539.8003736,2.8424441513122716,0.0733144291103043,15.265835771349979,0.028035589308671584,17.48966696862224,2.03,bD573672,bD,,g
111670467458,2460540.8174524,2.7646580864418517,0.09999181104140814,15.29596205113106,0.039312908769795304,17.15272952557103,1.58,bD574058,bD,,g
111670467458,2460542.9050213,2.9790846531090676,0.10277575020212239,15.214858511730526,0.03749902569644729,17.122913972550865,1.48,bD574875,bD,,g
111670467458,2460543.7423728,4.38699066735706,0.060501447444078246,14.794648846002968,0.01499033115418425,17.69822619921364,1.43,bD575121,bD,,g
