# "asas_sn_id":195962,"ra_deg":235.83582,"dec_deg":-80.26265,"name":"ASASSN-V J154320.59-801545.5"
asas_sn_id,jd,flux,flux_err,mag,mag_err,limit,fwhm,image_id,camera,quality,phot_filter
195962,2456777.7268896,5.223956458271295,0.06177459478364538,14.66478253343373,0.012853533373456825,17.735331630458628,3.00,be001177,be,G,V
195962,2456784.714122,4.367175740274603,0.06593132260821757,14.859279732536045,0.016409800144974812,17.664626923804672,2.03,be002384,be,B,V
195962,2456789.6491525,5.435431589715767,0.10103806421450331,14.621696319298248,0.020205200089289395,17.20114385119961,3.03,be003709,be,G,V
195962,2456790.6508347,5.23885932418125,0.13573970619790449,14.661689562602165,0.0281632221406946,16.880589131559816,2.83,be004083,be,B,V
195962,2456791.6489267,4.491872370382261,0.16044282626682782,14.828712884623007,0.03882442821102366,16.699055634541587,3.23,be004413,be,G,V
195962,2456794.6974536,4.382772480457571,0.11052796353865653,14.855409089418995,0.027411664953765694,17.1036759729649,1.64,be005276,be,G,V
195962,2456796.7025114,5.135464574169882,0.09044271487477355,14.683332060305926,0.019142824832516454,17.321422417790938,1.50,be005980,be,G,V
195962,2456797.6240292,6.484698345850658,0.1113733886894728,14.430056958393315,0.018668259451369938,17.095402808995765,1.63,be006316,be,B,V
195962,2456798.6901671,6.1684237554487495,0.07624124786624877,14.484345901956935,0.013434699832440392,17.506881403844748,2.52,be006542,be,G,V
195962,2456805.665395,5.125185315416763,0.05511554232584219,14.685507471657083,0.011688981859847484,17.859171180824568,1.58,be007646,be,G,V
195962,2456808.6509891,6.219552397168549,0.07805126886993355,14.475383577208959,0.013640585416855928,17.481406474356668,2.84,be008154,be,G,V
195962,2456809.6328518,5.322863967112016,0.054555474847056286,14.644417986167348,0.011140511865035795,17.87026054318747,2.03,be008568,be,G,V
195962,2456810.6386464,4.747447846626813,0.0573539130380941,14.768630898349064,0.013131520732410022,17.815948759928617,2.11,be009001,be,G,V
195962,2456811.6297196,4.613213790915825,0.05090218427237259,14.799772450381132,0.011993474326850665,17.94551534662262,1.80,be009427,be,G,V
195962,2456814.6069166,5.08562448587056,0.07146050123685617,14.693920680929885,0.015273337243430322,17.57719124843444,1.83,be009965,be,G,V
195962,2456816.5338187,6.644923600123159,0.10018383838399672,14.403556424478756,0.01638776953016073,17.21036222624512,2.25,be010464,be,G,V
195962,2456818.604661,5.174566325834677,0.32400678176831593,14.675096509624117,0.06806005805210547,15.935971142437165,1.69,be011294,be,B,V
195962,2456826.6279664,5.717576720677952,0.07159454583653917,14.566751402389752,0.013610688989364352,17.57515654752036,1.49,be012086,be,G,V
195962,2456827.6149005,6.516725371159217,0.09383569655807036,14.424707856325687,0.01565131512172123,17.281436188212695,1.44,be012487,be,B,V
195962,2456828.5969534,5.877280599689814,0.0662876154457038,14.536840340063899,0.01225936973692322,17.6587754024538,1.45,be012870,be,G,V
195962,2456829.5974047,4.959832585355496,0.05630290407064229,14.72111386071255,0.012338885984404824,17.836029403470075,1.55,be013212,be,B,V
195962,2456831.6146564,4.412237966442123,0.0644294024971773,14.848134086208516,0.01587220811041922,17.689646134121496,1.66,be013947,be,G,V
195962,2456833.6390882,4.429336562339208,0.05962639302532938,14.843934701201036,0.014632280896810968,17.773760047680348,1.51,be014755,be,G,V
195962,2456836.6153963,5.913687286433469,0.07878992471775835,14.53013551584724,0.01448186526801497,17.471179679878095,1.70,be015371,be,G,V
195962,2456839.5968781,4.799406373557182,0.05818219354332231,14.756812594740328,0.013176945188354558,17.80038116698019,2.20,be016552,be,G,V
195962,2456844.6162675,4.790039016248666,0.07160695068245249,14.758933777310181,0.016249062227284252,17.57496844347559,1.49,be017945,be,G,V
195962,2456847.6147907,6.169139861228421,0.10528712107525694,14.484219863786603,0.018550806997768364,17.156418266948346,1.48,be019095,be,G,V
195962,2456849.6177047,5.46596249471119,0.11403735355638547,14.615614785995426,0.022677368403080062,17.069738568268818,1.50,be019930,be,G,V
195962,2456855.5921347,5.601739919514828,0.057405589893221615,14.588974051251352,0.011138928478515197,17.814970933519138,1.50,be021496,be,G,V
195962,2456858.5985808,6.260935773278027,0.08339814468782121,14.468183282833314,0.014478691453164251,17.409465420583913,1.83,be022689,be,G,V
195962,2456859.5959471,4.93561359838579,0.06359186075159817,14.72642852424817,0.014004659480653577,17.703852561194,1.44,be023071,be,G,V
195962,2456862.5903724,4.482859870525891,0.07365434344252852,14.830893495791347,0.01785892739713907,17.54436048730186,2.30,be023509,be,G,V
195962,2456863.5829031,4.662383383528993,0.07527411113430028,14.788261448787857,0.017548897052222647,17.520742303930586,1.46,be023923,be,G,V
195962,2456870.5190026,4.508080886669906,0.06911709338122525,14.824802154981969,0.016665023832318892,17.613392728095818,2.17,be025434,be,B,V
195962,2456872.5083342,4.773336518067926,0.06537191973154895,14.7627262719912,0.014886114612253473,17.673878296736504,1.67,be026214,be,B,V
195962,2456876.5560981,6.42364281748946,0.11292679534939037,14.440327943822535,0.019108552603504306,17.0803638840451,1.47,be027434,be,G,V
195962,2456879.5869145,5.2419540373050575,0.16973364424685447,14.661048382941079,0.03519548058981412,16.637936554197875,1.44,be028669,be,G,V
195962,2456882.5401256,4.716251908231887,0.08141466843461413,14.775788919697032,0.01876367220032762,17.435599747353844,1.53,be029786,be,G,V
195962,2456884.5574536,5.235981600394572,0.05487335065482266,14.662286125166426,0.011391359045158402,17.86395269436809,1.80,be030502,be,G,V
195962,2456886.5439046,6.519987994974612,0.08720131949087712,14.424164414313372,0.014537456663712079,17.36104875235266,1.74,be031285,be,G,V
195962,2456888.5380659,4.882282426131983,0.05601244272150078,14.738224158250494,0.012470210569712932,17.84164511165087,2.14,be032808,be,B,V
195962,2456889.5346658,4.36472290045491,0.06853979046826632,14.859889711459607,0.017068614422315533,17.622499462621445,1.60,be032398,be,G,V
195962,2456890.4833572,4.473125256374534,0.06748693937822059,14.833253755893615,0.016399131409260984,17.639307061776957,1.93,be032000,be,G,V
195962,2456892.5335699,4.633497992386555,0.07274591768321252,14.79500895655452,0.01706521720427868,17.55783482659048,1.71,be033600,be,G,V
195962,2456895.532216,6.077420694306233,0.07297143993171062,14.500483153663525,0.013051060067106717,17.5544741032054,1.46,be034269,be,G,V
195962,2456898.5534361,5.531805171091493,0.06806876796556308,14.602614214630375,0.01337498139912214,17.629986668649206,1.46,be035091,be,G,V
195962,2456907.5114881,5.805656912234636,0.12145891251386273,14.550152985925056,0.022739986030188956,17.00128292283982,1.60,be036860,be,G,V
195962,2456909.4774968,4.794785060560738,0.44932575379270384,14.757858545773566,0.10186015687911011,15.580953114779968,2.00,be037571,be,B,V
195962,2456911.5031991,4.441006191535942,0.15150959716884987,14.841077957876418,0.03708266497412674,16.76125603492334,1.47,be038362,be,B,V
195962,2456918.4926034,4.434190623369763,0.06439064239659359,14.842745506376575,0.01578412716924668,17.69029949898887,1.45,be040106,be,G,V
195962,2456919.4864564,4.340586148210702,0.0789412656473415,14.865910454154555,0.01976823419691607,17.469096181027247,1.49,be040471,be,G,V
195962,2456926.4776215,6.419854994812773,0.22531038394072572,14.440968357578448,0.03814768268719464,16.330403374595548,1.63,be042753,be,B,V
195962,2456931.5001218,4.619550862771559,0.08534513439946576,14.798282021525972,0.020081270493587655,17.384409477053488,1.79,be044358,be,G,V
195962,2457088.8517266,4.518582952095435,0.12852517385846252,14.822275755859158,0.03091705461959634,16.939885893632127,1.44,be089492,be,G,V
195962,2457090.7535385,5.746171245056336,0.12421238444037722,14.561334993226618,0.02349624742986796,16.976944146708785,1.52,be090139,be,G,V
195962,2457092.7850005,6.536913436384927,0.12071766933156843,14.421349569626011,0.020072907381447774,17.00792928861634,1.71,be090834,be,G,V
195962,2457094.7724724,4.5944587565924575,0.08443094203988884,14.804195511223694,0.019974662511694892,17.396102306303348,1.85,be091507,be,G,V
195962,2457102.8595871,5.713473724061623,0.09539776613092597,14.567530818452552,0.018148893136352845,17.263510880616153,1.53,be093788,be,B,V
195962,2457109.6982023,5.573077662781998,0.09338647280730612,14.594543666658177,0.018213820406271626,17.286646462486306,1.43,be094499,be,G,V
195962,2457113.7292289,5.235541285467804,0.08802651339746455,14.662377432966254,0.01827528188707269,17.350822642621083,1.41,be096057,be,G,V
195962,2457116.8189176,4.606326393680214,0.1538509648066296,14.801394634953596,0.036304268364885886,16.744605833494145,1.44,be097246,be,G,V
195962,2457117.6828769,4.392421609822872,0.15691121078280298,14.853021355720827,0.03882952936779419,16.7232214597068,1.50,be097542,be,G,V
195962,2457120.669299,6.480114394894892,0.1160644261578818,14.430824722929591,0.01946832683287308,17.050608572382533,1.47,be098314,be,G,V
195962,2457123.8965019,5.461715839955994,0.07571183424637302,14.61645865180255,0.015067695650674909,17.514446974114207,1.47,be099336,be,G,V
195962,2457124.6921931,4.160632480133998,0.09767992325314453,14.91188301680046,0.025518675376865713,17.237843119394586,1.46,be099584,be,G,V
195962,2457129.6987559,5.275048338801947,0.06121820723694521,14.654215295218847,0.012614392386873924,17.745154875627474,1.54,be100761,be,G,V
195962,2457134.6509761,4.276562959513152,0.07333275232806243,14.882044229289937,0.018638685821929783,17.54911143052454,1.54,be102201,be,G,V
195962,2457137.6662996,4.855489418513277,0.0648061715489468,14.744198874495494,0.014507598460721471,17.683315478459328,1.51,be103265,be,G,V
195962,2457140.8154406,4.874350994737732,0.06687795547894589,14.739989407337097,0.014913458211544071,17.649148924053794,2.03,be104525,be,G,V
195962,2457146.7394574,4.72431888626933,0.12435290856918026,14.773933393703814,0.028610728492385374,16.9757165243912,1.63,be106072,be,G,V
195962,2457150.7399153,5.083270103767713,0.10741210328791292,14.694423437234821,0.022967948544771875,17.134723341688144,1.46,be107288,be,B,V
195962,2457151.7028056,6.179420157816004,0.09536103893321793,14.482412091420887,0.016773952982817503,17.26392895881422,1.59,be107578,be,G,V
195962,2457153.6940736,4.671280629137072,0.09675143118294108,14.786191508281716,0.02251301248225791,17.248212898719423,1.46,be108290,be,G,V
195962,2457155.6269652,4.733725216993087,0.065876989613026,14.771773793457431,0.015126654000821808,17.66552203128825,1.48,be109042,be,G,V
195962,2457158.5591279,6.39158984631932,0.09169440055070485,14.445759159119575,0.015593589244926872,17.306499354506798,1.45,be110197,be,G,V
195962,2457161.6482074,6.076816292288531,0.08608822938618607,14.500591135950545,0.015398550470422259,17.374996954708347,1.42,be111529,be,G,V
195962,2457164.5516672,4.50121643103822,0.07346281933627799,14.826456665691229,0.01773984695165902,17.547187414762774,1.47,be112643,be,B,V
195962,2457169.6025314,6.382678125651622,0.10393095527039276,14.447274045039698,0.01769922083141206,17.170494095985838,1.57,be114427,be,G,V
195962,2457173.7459133,5.1683477582877915,0.16480751179379233,14.67640208456867,0.03466070940923054,16.66991388716369,1.68,be115482,be,B,V
195962,2457175.7014802,4.388206363215907,0.19844118493292015,14.854063797381903,0.04915378227253752,16.468276864594177,1.54,be116065,be,G,V
195962,2457176.7394765,4.234391921668901,0.1723524469530808,14.892803773413796,0.0442423893959047,16.62131275959877,1.47,be116456,be,G,V
195962,2457180.7732591,5.075785705912809,0.07852089832431423,14.69602320858056,0.01681489477126768,17.47489324483827,1.50,be117597,be,G,V
195962,2457181.5143855,4.376767788744423,0.07776245929488172,14.856897640647075,0.019312062315577666,17.48543142613361,1.48,be117839,be,G,V
195962,2457185.628071,4.564127498174053,0.06782999987673759,14.811386984860118,0.01615385651804872,17.633801852987418,1.57,be119271,be,G,V
195962,2457187.6493428,5.009984133239539,0.06980664518063223,14.710190528400487,0.015145115477791833,17.602614476520472,1.51,be119995,be,G,V
195962,2457190.6335092,6.5605176156808644,0.09604689192114091,14.417436139627533,0.015913194915737266,17.256148104554022,1.47,be121167,be,G,V
195962,2457194.5817112,4.426053728063213,0.08162422007773444,14.84473970065878,0.02004539117607756,17.432808782166806,2.27,be122518,be,G,V
195962,2457199.5337866,6.150605230171338,0.09110359763845835,14.487486771504907,0.016100147205230626,17.313517575182978,1.50,be123947,be,G,V
195962,2457204.5812072,4.2620005033071555,0.15673429479230894,14.885747662855023,0.039972628762593505,16.724446308225506,1.50,be126451,be,G,V
195962,2457207.6926263,4.401855251979873,0.14277007018542526,14.850692011097689,0.03525442115058238,16.825763461135438,1.56,be127660,be,G,V
195962,2457208.5426427,6.31324863874331,0.1481929836836866,14.459149170107285,0.025514491715477167,16.78528728840794,1.58,be127967,be,B,V
195962,2457222.5329378,4.171732119718918,0.07161665455681972,14.908990371491646,0.018659920508251274,17.574821319016248,1.49,be130044,be,G,V
195962,2457223.5453166,4.542816487260506,0.09915397669648499,14.816468421263092,0.023724502613929544,17.22158105161748,1.54,bg002078,bg,B,V
195962,2457223.5569809,4.574400966903324,0.07335880201693504,14.808945829987227,0.017431315893861474,17.54872581745015,1.98,be130460,be,G,V
195962,2457224.4643305,5.288878849290547,0.12715220504482622,14.651372357307594,0.026131987981824246,16.951546653642282,1.58,bg002311,bg,B,V
195962,2457227.4667624,6.7427383056777215,0.21369187747271515,14.387690643322417,0.03444798972341264,16.387886356818715,1.86,bg003117,bg,B,V
195962,2457228.4592344,6.2789572478364715,0.11105705787101747,14.465062589406521,0.019225197524582082,17.098490983830963,1.45,bg003381,bg,B,V
195962,2457228.5302949,6.9978255536493394,0.13166732277028514,14.347373624751294,0.0204515894384446,16.913661381128854,1.47,be131835,be,G,V
195962,2457229.4596602,4.49442215389762,0.14583500612483696,14.82809674805109,0.03526956426818744,16.80270193313822,1.54,bg003808,bg,B,V
195962,2457230.4652808,4.482512902214583,0.108590501175632,14.830977533804539,0.02633191605393031,17.12287679986876,1.45,bg004230,bg,B,V
195962,2457234.6154823,4.147231852298225,0.17382790665430814,14.915385615986938,0.045558913397488576,16.61205764329949,2.63,be134017,be,G,V
195962,2457236.5705688,5.008309751201615,0.1471107787558118,14.71055345191562,0.031927542091099166,16.79324515742791,1.46,be134821,be,B,V
195962,2457249.5323163,6.258889327585013,0.08358011811058934,14.46853822392584,0.01451502810053449,17.407098942357226,1.55,be136169,be,B,V
195962,2457257.498144,6.04269393382145,0.08055585375302159,14.506704910712289,0.014490343472639907,17.44711363171857,1.44,be138811,be,G,V
195962,2457269.5086008,6.276717138749728,0.08595410223694529,14.465450010661487,0.014884910364988957,17.376689872144443,1.46,be142979,be,G,V
195962,2457404.8754265,5.849304228376044,0.1943857068638987,14.54202087937466,0.03612204179491723,16.490695573198575,1.46,bg037891,bg,G,V
195962,2457405.8751556,6.116987527769053,0.17416794978912578,14.493437417031924,0.030948728935902968,16.609935794700895,1.44,bg038218,bg,G,V
195962,2457406.8751174,6.757968028055935,0.19860853915382223,14.3852410725252,0.031944342738838075,16.467361601157936,1.45,bg038528,bg,G,V
195962,2457407.8671184,5.475150847429769,0.1051745926421852,14.613791181899213,0.020879828260320088,17.15757929717408,1.47,bg038849,bg,G,V
195962,2457408.87988,4.567283645944642,0.2138677580666734,14.810636444996241,0.05089785799196119,16.386993101593138,1.47,bg039168,bg,G,V
195962,2457409.8806461,4.223459978691182,0.2850111338127583,14.895610446556978,0.07335092843996703,16.07520182910306,1.42,bg039495,bg,B,V
195962,2457420.8809829,4.312741706083191,0.12658715780094076,14.872897782906957,0.0319042377488254,16.95638227124067,1.46,bg042041,bg,B,V
195962,2457421.848893,4.685425850882119,0.08754380701390214,14.782908731140903,0.02030899965127349,17.35679282159228,1.44,bg042356,bg,G,V
195962,2457424.8471073,5.825132730608113,0.08210238842800321,14.546516840566294,0.015320118987719795,17.426466915433323,1.44,bg043456,bg,G,V
195962,2457427.8376035,4.662973608226417,0.08016453930580797,14.788124010977304,0.018686652795318556,17.45240064096782,1.46,bg044480,bg,G,V
195962,2457436.8274284,6.06500891473126,0.08762634931655088,14.50270279562603,0.015704186622788583,17.35576959737509,1.57,bg047107,bg,G,V
195962,2457437.8128409,4.2791075600820365,0.08331109760369128,14.881398396788692,0.021162249277940887,17.41059925309432,1.52,bg047450,bg,G,V
195962,2457439.8591262,4.107588629459921,0.11110673021486171,14.925814047061102,0.02940123656736118,17.09800547659821,1.43,bg048195,bg,G,V
195962,2457440.8362444,5.515455838168696,0.16473298831999625,14.605827875577233,0.03246469580281304,16.67040495175184,1.46,bg048538,bg,G,V
195962,2457447.8527662,5.591302418756263,0.07727774210090327,14.590998947683078,0.015022894393992715,17.492220332707646,1.47,bg050534,bg,B,V
195962,2457451.7856953,4.564304927791392,0.08272202745266398,14.811344777885168,0.019699658251068102,17.4183034684248,1.54,bg051526,bg,G,V
195962,2457455.8240125,6.339399482488219,0.09621429472687838,14.45466110436859,0.016496949817849823,17.254257391861906,1.67,bg052562,bg,G,V
195962,2457465.7368838,5.55087069478304,0.28084239265505984,14.598878627664673,0.0549937995428608,16.09119973273062,1.42,bg055189,bg,G,V
195962,2457468.8846048,4.979585866367799,0.12400451961351165,14.716798340504244,0.027068018292322547,16.978762608040753,1.52,bg056886,bg,B,V
195962,2457470.716174,4.612603705344857,0.18663805249821197,14.799916045676323,0.04398111377583747,16.53485590842526,1.47,bg057615,bg,B,V
195962,2457476.8183319,5.806595278309312,0.10236857662757295,14.549977512983874,0.019162725599654765,17.186939731852696,1.68,bg059075,bg,G,V
195962,2457479.8037046,4.167785416836492,0.1027324664318531,14.910018027710365,0.02679258004295422,17.183087106398368,1.37,bg060150,bg,G,V
195962,2457481.7980609,4.728310548692451,0.07470061405918532,14.773016422886883,0.017172374528572995,17.529045964057467,1.39,bg060844,bg,B,V
195962,2457484.7240864,6.86480729228936,0.17631146607098774,14.368210528760596,0.02791671925277543,16.596655001904324,1.79,bg061063,bg,G,V
195962,2457522.7190081,5.78592037370882,0.08483863273128173,14.553850273121295,0.015937983792816423,17.3908722417685,1.45,bg062238,bg,B,V
195962,2457526.7347172,3.967530793314152,0.19946890837093872,14.96348063916054,0.054647094662337345,16.46266836636745,1.61,bg062980,bg,B,V
195962,2457534.7392894,6.630721790217059,0.12204738969456044,14.405879388766632,0.02000690277572284,16.99603515537896,1.47,bg064313,bg,G,V
195962,2457545.7063185,5.245231691066777,0.07862388762861745,14.66036971326481,0.01629303574291286,17.473470108439358,1.37,bg065150,bg,G,V
195962,2457546.6505944,4.063166794668254,0.09059674075979834,14.93761977786832,0.024235952692464424,17.319574958411387,1.45,bg065658,bg,G,V
195962,2457547.6546951,4.320808490041554,0.07908579201155877,14.870868860447636,0.019895076951915888,17.467110223024264,1.64,bg066212,bg,G,V
195962,2457548.6387319,4.3792938916078485,0.08863367444400906,14.856271176030454,0.021999197328875127,17.34335950863461,1.54,bg066683,bg,G,V
195962,2457554.6349221,4.902116673190548,0.10396332557460015,14.733822295774456,0.023052004325603215,17.170155985563767,1.50,bg067631,bg,B,V
195962,2457558.5332419,5.235717405223601,0.1453113777198551,14.662340910213658,0.03016724117652207,16.806607342661824,1.48,bg068900,bg,B,V
195962,2457561.6553976,5.352797516707591,0.1601173985017467,14.638329366037759,0.03251396115809479,16.701260080387716,1.57,bg070300,bg,B,V
195962,2457562.6632044,5.607135079555483,0.3577480968232883,14.587928857859605,0.06935032266293512,15.828413063567657,1.89,bg070746,bg,B,V
195962,2457566.6524624,4.238208549464317,0.09022318278686219,14.891825596460457,0.02313918151919088,17.324061034777866,1.38,bg071401,bg,G,V
195962,2457568.4527817,6.303192074748686,0.11809845509896597,14.460880050976915,0.020365536137061963,17.03174585257251,2.20,bg072135,bg,G,V
195962,2457569.6452252,5.05276835098874,0.1372239431609432,14.70095793439808,0.029519750282705835,16.868781656878085,1.72,bg072709,bg,B,V
195962,2457573.6344272,6.37781479151835,0.08929236952778996,14.448101646016285,0.015217896187397061,17.335320523990976,1.60,bg073181,bg,G,V
195962,2457575.4505059,4.415314684472515,0.1353832403189266,14.847377250327769,0.033328472943579907,16.883444132499793,1.40,bg073427,bg,G,V
195962,2457576.4939719,4.778016807109372,0.08491012651285794,14.761662221799622,0.019316302035086778,17.389957673768027,1.65,bg073875,bg,B,V
195962,2457579.4752107,6.8862758722010335,0.31902651167735563,14.364820361872027,0.05035638332109841,15.952789455651889,1.54,bg074468,bg,B,V
195962,2457584.4960174,4.450726917986209,0.12277541154925836,14.83870403398144,0.029984210838317184,16.989577897220226,1.44,bg074799,bg,B,V
195962,2457586.5552664,5.008385862706834,0.3367853788114012,14.71053695205978,0.07309162551776496,15.893973321698194,1.71,bg075639,bg,B,V
195962,2457590.5845826,5.903861349353518,0.14532694779119903,14.531941030412177,0.02675606087927238,16.806491012579375,1.69,bg076751,bg,G,V
195962,2457591.4740497,5.126622574213469,0.06787736248316643,14.685203040684865,0.01439149084245744,17.63304399729344,1.93,bg077083,bg,G,V
195962,2457597.4842744,5.091621541705072,0.2462882802663214,14.692641116423443,0.05257748445571712,16.233747028073957,1.94,bg078678,bg,B,V
195962,2457598.5628378,4.45645989182274,0.19179875115750603,14.837306398959813,0.04678083243038063,16.50524195602685,1.59,bg079165,bg,B,V
195962,2457599.4662414,6.4074393408105115,0.09946923759696859,14.443070145985716,0.01687393836564477,17.218134420645754,1.73,bg079517,bg,G,V
195962,2457603.5381497,4.327921589549041,0.08442760814195997,14.86908294475052,0.021203974560523687,17.396145179272246,1.48,bg080908,bg,G,V
195962,2457607.5161835,4.956840211167878,0.07161428396233843,14.721769106511005,0.015703877810538006,17.57485725874103,1.43,bg082575,bg,G,V
195962,2457610.521801,6.2588103359241085,0.10584247373311109,14.468551926779945,0.018381475220757146,17.150706439781494,1.46,bg083751,bg,B,V
195962,2457616.5000685,4.496651789450752,0.13019895803639314,14.827558259299174,0.03147244064868609,16.92583762205303,1.73,bg085762,bg,B,V
195962,2457619.4929909,6.187488603959071,0.1309240280573377,14.480995374356766,0.02299943244472785,16.919807997409293,1.42,bg087000,bg,G,V
195962,2457622.4861385,4.8128329597366175,0.0741578879437509,14.7537794326026,0.016748223055568265,17.536963012742405,2.09,bg088200,bg,G,V
195962,2457770.8752389,5.353183487231915,0.24768102235514894,14.638251080419234,0.050291289884247,16.22762456455775,1.52,bg130942,bg,G,V
195962,2457771.8751059,4.739027563656859,0.19422176722149542,14.770558317770988,0.04454724386160791,16.491611640065948,1.46,bg131263,bg,G,V
195962,2457772.87095,4.351493146725281,0.1459629194094381,14.863185644822716,0.03645997864056571,16.801750040880574,1.40,bg131582,bg,B,V
195962,2457774.8624248,4.38477692142523,0.10547993457283279,14.854912646441134,0.026147761870469525,17.154431764334454,1.40,bg132221,bg,B,V
195962,2457778.8610255,6.6616271620841125,0.10913371717531056,14.400830598407179,0.017807001613735732,17.117459024059364,1.39,bg133241,bg,G,V
195962,2457781.8637232,4.260266577565079,0.09938193590027117,14.886189466887362,0.02535612300383328,17.219087762959646,1.40,bg134214,bg,G,V
195962,2457784.8505795,4.5179247609996125,0.08713894001367552,14.82243391915107,0.020964545484007363,17.361825711844567,1.39,bg135191,bg,G,V
195962,2457787.8527615,6.287425740923062,0.10993616484218136,14.463599232616591,0.019005525675227113,17.1095049376923,1.44,bg136100,bg,G,V
195962,2457795.8225198,5.8765218954568175,0.31265911931138296,14.536980507921228,0.0578312945757011,15.974678643065063,1.51,bg138286,bg,G,V
195962,2457796.8216933,5.3153731026847115,0.30887267604891155,14.645947018469315,0.06316229606700789,15.987907666675731,1.52,bg138536,bg,G,V
195962,2457797.8170946,6.404296491502257,0.1823557226171345,14.443602830298472,0.030949963393817108,16.56005790186192,1.55,bg138877,bg,G,V
195962,2457799.8116328,4.91830037980257,0.12765665723824482,14.730243781337101,0.028212436291680288,16.947247723686715,1.40,bg139565,bg,B,V
195962,2457801.8099911,4.408437289294931,0.10579838267301855,14.849069736352531,0.026085942589030707,17.1511588218192,1.36,bg140262,bg,G,V
195962,2457803.8127165,4.57975086860896,0.08983500451908641,14.807676770277624,0.021321409579675273,17.328742408710024,1.39,bg140962,bg,G,V
195962,2457805.7952049,5.509218104821229,0.07794632618660856,14.607056489446213,0.0153786374004681,17.482867267234365,1.38,bg141652,bg,G,V
195962,2457807.8569981,5.84292334867878,0.07812107853789804,14.543205932051347,0.014532830697028425,17.480435817383682,1.40,bg142386,bg,G,V
195962,2457813.7727421,4.88247294692873,0.07594503565265628,14.738181790506724,0.016907201062586964,17.51110791786795,1.53,bg143314,bg,G,V
195962,2457820.7987507,4.488299462250122,0.08459494470117952,14.829576840456442,0.02048682972749111,17.39399536651617,1.46,bg144828,bg,G,V
195962,2457823.7583547,5.205397846677592,0.21888302373906615,14.668646584303247,0.04570569573332648,16.361826194672002,1.93,bg145869,bg,G,V
195962,2457824.7420668,5.894970162333493,0.18959463920502023,14.533577376429768,0.03495880791516984,16.517791259966558,1.44,bg146212,bg,G,V
195962,2457826.7616917,6.966378995687428,0.1502272100504033,14.352263659710175,0.023439787845026212,16.770484889162375,1.55,bg146957,bg,B,V
195962,2457828.8255542,6.964908560408355,0.1704061618431968,14.35249285673432,0.026593901033086464,16.633643156947137,1.38,bg147759,bg,B,V
195962,2457829.8746705,6.447572780766879,0.1458432894743769,14.4362907715374,0.02458682050382481,16.802640265659836,1.39,bg148161,bg,B,V
195962,2457831.8149811,4.883160574027889,0.10718524750420766,14.73802889072064,0.02385866736158162,17.13701885585426,1.40,bg148873,bg,G,V
195962,2457832.7605691,4.850202588428763,0.09861584690170666,14.745381706877724,0.02210034240474119,17.227489621816474,1.43,bg149213,bg,G,V
195962,2457833.7379687,4.905440853699502,0.08332287942053691,14.733086295346613,0.01846283543056736,17.410445719639057,1.44,bg149504,bg,G,V
195962,2457834.7251339,5.580641388254315,0.0826960360627467,14.59307111533975,0.016106929198060237,17.418644662036645,1.47,bg149876,bg,G,V
195962,2457837.7979622,6.700444180242471,0.10153630579657824,14.394522420662616,0.016471378137038008,17.195802997712853,1.43,bg151042,bg,G,V
195962,2457843.691777,5.035968103305193,0.062372085598324224,14.70457397771576,0.013462306318237855,17.72488072808575,1.41,bg152645,bg,G,V
195962,2457846.8022775,5.89149642761458,0.08052170715056786,14.534217357823762,0.014855919171679055,17.44757395906523,1.46,bg153899,bg,G,V
195962,2457848.7136325,4.61022680142662,0.10117252110261761,14.800475676625735,0.023853518789845676,17.199699963060016,1.49,bg154592,bg,G,V
195962,2457851.7638121,4.281406145709416,0.12039878559874684,14.88081533418728,0.030566650479347295,17.01080112758553,1.57,bg155593,bg,G,V
195962,2457853.8144131,4.71434216299858,0.16310918815930317,14.77622865436366,0.037607070020679555,16.681160328377132,1.47,bg156441,bg,G,V
195962,2457856.7068103,6.788216500574309,0.12781140517369274,14.380392191828449,0.020465676130753067,16.945932369782273,1.40,bg157554,bg,B,V
195962,2457862.7633577,4.329864557673912,0.09129431634567488,14.868595625974702,0.022918257887252824,17.311247041750974,1.47,bg158803,bg,G,V
195962,2457864.7350427,5.440522658700583,0.07998240423465287,14.620679846040783,0.01597960368167928,17.454870256956706,1.42,bg159400,bg,G,V
195962,2457869.7892383,5.113526545608442,0.09630538439068904,14.687980117459936,0.020471149354246248,17.253229971146144,1.44,bg161294,bg,G,V
195962,2457872.6202866,5.388244150312676,0.09257987459155602,14.631163239260053,0.018675898059155895,17.29606492329425,1.46,bg162435,bg,G,V
195962,2457876.6599531,6.128206903980946,0.10608709559636256,14.49144785509813,0.0188166069190518,17.148199994529897,1.41,bg163996,bg,G,V
195962,2457879.6739681,4.237004171536961,0.1718205519447555,14.892134175553819,0.04407866075747143,16.624668619176802,1.44,bg165285,bg,G,V
195962,2457886.7689774,5.626479697397383,0.1422950096849477,14.584189514266996,0.027489388944126288,16.829382219789018,1.57,bg166784,bg,B,V
195962,2457889.5657998,4.864307375356472,0.08320012987267379,14.74222887906734,0.018591531495893196,17.41204638315021,1.52,bg167521,bg,G,V
195962,2457900.7381975,4.545862281844682,0.11672214804269603,14.815740718225037,0.027909314488718938,17.04447321542966,1.49,bg170144,bg,G,V
195962,2457901.6771546,4.523035685253253,0.08867456598280847,14.821206369019409,0.02130989108081815,17.342858714934067,1.56,bg170347,bg,G,V
195962,2457903.7083301,4.245435566485778,0.22456648422936343,14.889975769705952,0.05749563284485002,16.33399404414368,1.44,bg171089,bg,G,V
195962,2457904.5775863,6.287513802159195,0.1043322113882581,14.4635840259793,0.018036473742131343,17.16631036210139,1.47,bg171359,bg,G,V
195962,2457907.7142067,6.319352997857913,0.2282706477785492,14.458099865394907,0.03926355584323521,16.316231215557387,1.65,bg172689,bg,B,V
195962,2457910.6878471,4.528291254771349,0.11597524668071175,14.819945523448038,0.027838326566798834,17.051443131323836,1.40,bg173939,bg,B,V
195962,2457911.6837991,4.437848992705718,0.15545988995637508,14.841850103642722,0.038076586547823234,16.733310503800745,1.42,bg174346,bg,B,V
195962,2457914.6683799,6.164459279160206,0.15425240532329415,14.485043934294639,0.027198761540516442,16.7417765314358,1.59,bg175243,bg,G,V
195962,2457916.6121617,5.32616704944392,0.12970429151869386,14.643744445788984,0.02646986552524991,16.92997052917889,1.81,bg176097,bg,G,V
195962,2457923.654454,5.5828946317133035,0.08939919171126859,14.592632826247405,0.01740549318570057,17.334022413155907,1.41,bg178779,bg,G,V
195962,2457933.6106717,6.015950936903737,0.10601599044888387,14.511520690245053,0.01915487234448029,17.148927955987638,1.56,bg181891,bg,G,V
195962,2457935.5732704,5.890331021468322,0.09273642221609958,14.534432150249783,0.017112868285866865,17.294230551821315,1.68,bg182745,bg,G,V
195962,2457938.5467497,4.5006692554616965,0.1224982161017591,14.826588657666068,0.02958454117276772,16.992031983003187,1.55,bg184061,bg,B,V
195962,2457942.5965258,5.543039989883243,0.1698571537039168,14.600411375037922,0.03330795760439881,16.637146787832684,1.49,bg185068,bg,G,V
195962,2457945.6166053,6.4673696961067,0.12403192949688614,14.43296218612552,0.020845772084389615,16.9785226440921,1.63,bg186403,bg,G,V
195962,2457947.4875557,4.4293501465973115,0.08483016900754885,14.843931371379961,0.02081720848233738,17.39098056305323,1.46,bg187184,bg,G,V
195962,2457948.4739802,4.6811359571321605,0.08287856822973258,14.783903267531105,0.019244346046488045,17.416250794168302,1.45,bg187573,bg,G,V
195962,2457953.5868261,6.235183318905538,0.11518135195188686,14.472658338080535,0.02007914046524127,17.058900964187224,2.45,bg189463,bg,G,V
195962,2457954.4702746,4.732774166651221,0.08553813157215773,14.771991950085416,0.019645186247186613,17.38195699458586,2.06,bg189811,bg,B,V
195962,2457958.578056,4.126180417415059,0.09325693972476698,14.920910870524285,0.02456660363260889,17.28815349429738,1.56,bg191177,bg,G,V
195962,2457961.5613831,5.313275821295844,0.0762344404483482,14.646375500843941,0.015595561949625273,17.506978351235666,1.47,bg192464,bg,B,V
195962,2457968.4906817,4.67656426742658,0.09511560412454509,14.784964137040932,0.022107367783319943,17.26672696702021,1.48,bg195343,bg,G,V
195962,2457970.5299161,5.131181747981659,0.1226612971738228,14.684237910098556,0.025983779853542003,16.99058751080628,1.54,bg196231,bg,G,V
195962,2457972.5343932,6.483399464183391,0.1703589134131228,14.430274452566668,0.028561055507029268,16.63394424021654,1.36,bg197081,bg,G,V
195962,2457979.513032,5.0089432715951165,0.06657543047998879,14.710416121646128,0.01444707883959906,17.65407143545341,1.38,bg198781,bg,G,V
195962,2457983.4976169,6.667141669109304,0.11108310761017365,14.399932195809598,0.018110085890534023,17.09823634149742,1.46,bg200437,bg,G,V
195962,2457987.5114679,4.5590388658706935,0.12437844305460162,14.812598168056157,0.02965404854387849,16.97549360343485,1.71,bg201402,bg,G,V
195962,2458138.8665367,3.9593416013919924,0.04682118466423371,14.906008189447874,0.012853801755435447,17.976534616520446,1.50,bk040739,bk,G,g
195962,2458140.865922,5.210662914721444,0.06066800583431565,14.607833174930256,0.012655488501512917,17.69524131179371,1.56,bk041461,bk,G,g
195962,2458145.8602946,3.4705673881106422,0.04530767022726505,15.04906441845929,0.014190033539484627,18.01221128436856,1.48,bk043269,bk,G,g
195962,2458148.5993578,3.3690215261461582,0.05248925930588325,15.081306157565681,0.01693475161289634,17.85246450061334,1.48,bo022629,bo,G,g
195962,2458151.5938419,3.4494888189454533,0.09441533546202405,15.055678768338026,0.029750890644721244,17.21503426008209,1.61,bo023285,bo,G,g
195962,2458153.6129477,3.585513660026536,0.0699310923053262,15.013687168761416,0.021199767749051853,17.540964831794295,1.45,bo023985,bo,G,g
195962,2458154.6232813,4.151965915576803,0.0941109851591482,14.854431173197648,0.024637617737239926,17.2185398122908,1.98,bo024401,bo,G,g
195962,2458155.62291,4.430576630046959,0.0817544819090232,14.783914991289738,0.020056885302415964,17.37136168471682,1.49,bo024766,bo,G,g
195962,2458156.6220941,5.474982328184369,0.07751820167337659,14.554108817969604,0.01538980581336562,17.429131388783436,1.54,bo025179,bo,G,g
195962,2458157.8613385,3.5927183057215304,0.045038623609844765,15.011507705256333,0.01362617981624447,18.018677836662064,1.51,bk046425,bk,G,g
195962,2458158.8569947,3.9356820591553134,0.040513184010613976,14.912515604649473,0.011188929622583756,18.133649669991474,1.51,bk046800,bk,G,g
195962,2458159.8665069,4.243344264156088,0.034524592720810064,14.830794953095388,0.008843668786259813,18.3073192014363,1.45,bk047187,bk,G,g
195962,2458160.8464033,4.080386079864525,99.99,14.873312479004813,99.99,99.99,1.51,bk047550,bk,G,g
195962,2458161.5847686,3.4062375363297965,0.10858550057363553,15.069378296010692,0.034650466021813466,17.063211017031634,1.47,bo026542,bo,B,g
195962,2458162.8161898,4.5080427913909356,0.09185087586739957,14.82481132997226,0.022146619535684742,17.30464813870915,1.35,bg246703,bg,G,V
195962,2458163.5782463,3.9928573462959904,0.04002639390910966,14.896856136442755,0.01089619441114413,18.14677444881496,2.09,bo026911,bo,G,g
195962,2458165.580468,5.05205227004401,0.058066059551642554,14.641396034164334,0.012492998636532473,17.742834723517593,1.49,bo027532,bo,G,g
195962,2458166.8055315,4.913306071109289,0.14611329842666684,14.73134685686388,0.03232422331097001,16.800632031622047,1.42,bg247948,bg,B,V
195962,2458170.8468785,5.088928239405894,0.05140973792037844,14.633499805302261,0.010980730575202323,17.875027136691134,1.44,bk050264,bk,G,g
195962,2458172.5589059,3.744398575236934,0.03239508617912735,14.966610443983468,0.009403926822206829,18.37644276240191,1.49,bo029310,bo,G,g
195962,2458173.7916351,3.18579089957795,0.05343829893881368,15.142022453929872,0.018232554920627038,17.833009048647558,1.51,bk051231,bk,G,g
195962,2458175.5869669,4.968979749945063,0.05754859448917635,14.659397555103968,0.012588664724911063,17.752553808167487,1.55,bo030057,bo,G,g
195962,2458176.7780611,3.632080163154887,0.08427241425081826,14.999677059256786,0.0252198316551094,17.338427021833414,1.54,bk052351,bk,G,g
195962,2458184.8862919,3.620693973389547,0.08546555006704397,15.00308607445178,0.02565732915075087,17.323162881076296,1.43,bk055268,bk,G,g
195962,2458185.8418163,3.09480997506824,0.07525584378340779,15.173480652310998,0.02643129331310644,17.461290037676246,1.57,bk055622,bk,G,g
195962,2458186.820076,4.787717408044484,0.11298424705361003,14.759460133174382,0.025650838118047397,17.079811654318053,1.43,bg254180,bg,G,V
195962,2458187.769342,4.997061899724709,0.08369079672057292,14.712994581569735,0.018204348701380317,17.40566213797782,1.43,bg254520,bg,G,V
195962,2458188.7908099,5.7043254554094815,0.11703883031937116,14.569270664889826,0.022301693847380212,17.04153146162674,1.40,bg254934,bg,G,V
195962,2458189.7860273,6.049486154537492,0.09491522180531481,14.505485186780987,0.01705412934555112,17.269016726256417,1.41,bg255310,bg,G,V
195962,2458191.8289557,5.138066749667868,0.05121989916422502,14.623066267345415,0.010835554723568716,17.879043813580104,1.47,bk057921,bk,G,g
195962,2458194.7806189,3.364715381887871,0.046316420244341794,15.082694788403302,0.014962316075587552,17.988303147003776,1.45,bk059094,bk,G,g
195962,2458197.8348776,3.519006714908269,0.03932681377959126,15.034015383409066,0.012147330249712611,18.165918707151576,1.45,bk060352,bk,G,g
195962,2458200.5337524,3.3869432762419716,0.038649800929491884,15.075545814182165,0.012403707342522663,18.184772458008513,1.60,bo037252,bo,G,g
195962,2458200.7809843,5.366864919374197,0.055887230332701876,14.575763961020423,0.011318896675184188,17.78435914313821,1.49,bk061528,bk,G,g
195962,2458201.5328043,3.4719433775782065,0.038582028799345795,15.048634037678536,0.01207882251081764,18.18667795926411,1.51,bo037642,bo,G,g
195962,2458203.7294772,3.386639270071148,0.04770631340761246,15.075643272360049,0.015311547629176902,17.95620096904885,1.48,bk062582,bk,G,g
195962,2458204.875966,4.214037051696385,0.09656194939794371,14.898035530017053,0.024906909778519174,17.25034133183026,1.46,bg260843,bg,G,V
195962,2458205.7411691,3.560714587429117,0.06466416442312767,15.021222712859485,0.01973961504543904,17.62598143623485,1.45,bk063401,bk,G,g
195962,2458206.7181677,5.06696562095082,0.12227586870952703,14.697911510418498,0.026230403536899795,16.99400450129789,1.52,bg261409,bg,G,V
195962,2458206.8882398,3.1158460523167015,0.050348763413877874,15.16612564249674,0.01756406312613692,17.89766859001373,1.52,bk063929,bk,G,g
195962,2458207.6959346,4.8202570803277895,0.0971223214812681,14.692390119221198,0.021900852792965546,17.18434297482698,1.45,bk064200,bk,G,g
195962,2458209.6976547,6.003201543555133,0.18483066484325877,14.513824094442922,0.03346595897391504,16.545421329450893,1.48,bg262615,bg,B,V
195962,2458210.8126248,4.911797654913567,0.08170202264685696,14.671964453722936,0.018080253421360052,17.37205859087322,1.62,bk065584,bk,G,g
195962,2458211.7062257,4.644314743840353,0.14399311822611413,14.79247729433493,0.033700183466034386,16.816502052116636,1.62,bg263448,bg,B,V
195962,2458212.8276802,5.295677326611409,0.17791289902653604,14.649977616922286,0.0365172524629915,16.586837802655374,1.50,bg263933,bg,B,V
195962,2458213.7502834,4.100892602955903,0.13384715342424064,14.927585414945172,0.03547667554761876,16.89583354536808,1.40,bg264267,bg,B,V
195962,2458214.7183988,4.33321500666224,0.12618944517760242,14.86775580823479,0.031653735205742765,16.959798816486376,1.45,bg264849,bg,B,V
195962,2458216.7406788,4.979907758290512,0.12316362988902059,14.71672815827856,0.02688272900759333,16.986150193717325,1.42,bg265677,bg,B,V
195962,2458217.837579,3.5133837575518028,0.04923230820096429,15.035751649250583,0.015231293297888476,17.922015117305722,1.50,bk068625,bk,B,g
195962,2458220.6687264,3.7218472302508623,0.0442386932233171,14.973169265328071,0.01291980383328633,18.038134887032207,1.40,bk069276,bk,G,g
195962,2458222.7092927,4.237215518503678,0.09715619730791691,14.892080019050454,0.024923103823736352,17.243680123211114,1.40,bg267208,bg,B,V
195962,2458223.6592914,4.704608211212338,0.09961020459281185,14.778472748920318,0.023014022986204235,17.216596813397512,1.48,bg267584,bg,B,V
195962,2458224.7039473,4.519550333945745,0.11583166931909013,14.822043335851733,0.02785763606716959,17.052788105514608,1.45,bg268042,bg,B,V
195962,2458226.751425,3.7193896464560954,0.0370799261503911,14.973886427768516,0.01083625846869139,18.229793460147064,1.55,bk071930,bk,G,g
195962,2458227.7250117,5.369327322714046,0.08338476011849515,14.634981704389375,0.016880253964222366,17.409639684385716,1.50,bg269328,bg,B,V
195962,2458229.6928096,4.888674045342072,0.05752922694107202,14.677087918685173,0.012791151104416334,17.752919266048274,1.48,bk073194,bk,G,g
195962,2458231.6219994,3.243414655730253,0.07291710620608952,15.122559435317903,0.02443650675285273,17.495567049240755,1.45,bk074016,bk,B,g
195962,2458233.6177792,3.539108687830468,0.0713403594870073,15.02783087166456,0.021910564452077425,17.519302377853144,1.47,bk074887,bk,G,g
195962,2458238.7153752,4.870963522958226,0.130544575312424,14.681028429043257,0.029131049092177994,16.863243537108136,1.54,bk076834,bk,G,g
195962,2458240.7500168,5.046700068764036,0.09410308133792707,14.642546885092042,0.02026788923104322,17.218631000638414,1.45,bk077559,bk,G,g
195962,2458242.779367,3.707002695083055,0.0675097232620579,14.97750836785084,0.0197950042167028,17.579224792144387,1.53,bk078472,bk,G,g
195962,2458243.7002921,3.4163867840949766,0.06901608962859239,15.066148039335097,0.021958136905333884,17.55526473886205,1.43,bk078851,bk,B,g
195962,2458244.7172587,3.4034824383312277,0.05779203745514652,15.070256837219153,0.018456810973663734,17.747970597030452,1.46,bk079307,bk,B,g
195962,2458245.7095592,3.575654921832462,0.061841713753733527,15.016676623800931,0.01879914464612162,17.674436820895284,2.28,bk079703,bk,G,g
195962,2458246.6816473,4.277863461022343,0.03705565084660998,14.821998325194436,0.009415420038998873,18.2305044973631,1.46,bk080125,bk,B,g
195962,2458249.6947189,5.011929904099473,0.050689572147398,14.650053151271285,0.01099324254010694,17.89034404765712,1.43,bk081224,bk,G,g
195962,2458253.6866277,3.3705891346447974,0.07670302063439181,15.080801081110017,0.024735393483201668,17.440609443453138,1.45,bk082743,bk,B,g
195962,2458254.729822,3.4481237782340424,0.04405178092973597,15.056108503734096,0.013886499921508888,18.042731934434542,1.54,bk083170,bk,G,g
195962,2458257.7648231,4.039911217077108,0.035757637466831575,14.884136069875261,0.009620755298349474,18.26921856914514,1.48,bk084442,bk,B,g
195962,2458258.6827047,5.245682470513968,0.054428066208680216,14.60056062599315,0.011278025664671542,17.813083350416107,1.62,bk084830,bk,G,g
195962,2458260.5902792,3.145747353473876,0.05825874449111747,15.155756022525741,0.02013026322759955,17.739237808690017,1.47,bk085664,bk,G,g
195962,2458262.6301616,3.3669234520517417,0.06274670946163094,15.081982515548301,0.0202567554737333,17.65866322231952,1.47,bk086604,bk,G,g
195962,2458268.309566,3.8910220363451353,0.11504218747232113,14.924906396316313,0.03213702075705323,17.000497783892836,1.98,bo053016,bo,G,g
195962,2458271.5657569,3.4939828927001875,0.07569746201880331,15.041763686652427,0.023549013417421636,17.454937314597764,1.58,bk089410,bk,B,g
195962,2458274.5321274,4.722489553140502,0.04673881860672933,14.714638107607215,0.010757686836846919,17.97844628455491,1.50,bk090087,bk,G,g
195962,2458277.6731749,5.282435590881509,0.06025703177785589,14.592980096350567,0.012398972508939326,17.702621274440002,1.49,bk091328,bk,G,g
195962,2458285.6855064,3.7555495071178866,0.03809531145246104,14.963381893799347,0.011025802523027721,18.200461790076076,1.50,bk093809,bk,B,g
195962,2458286.6811424,4.072239369083274,0.028375204706109634,14.875482376749877,0.007573870545319121,18.520293103127507,1.46,bk094254,bk,G,g
195962,2458296.2214791,3.3220318655161476,0.17954064700853853,15.096556137370483,0.05874503469065097,16.51723364666165,1.63,bo058417,bo,B,g
195962,2458300.6443987,4.436940275694568,0.2617422611000223,14.842072447392527,0.06412131785408784,16.167671769148765,1.56,bg277505,bg,G,V
195962,2458305.63282,5.360822630838474,0.17064939156815012,14.636702808726817,0.03460074728620587,16.632094533207777,1.59,bg279324,bg,G,V
195962,2458306.6291202,6.005127648890107,0.11620384840033669,14.513475795811067,0.021033446456925203,17.04930511589584,1.49,bg279589,bg,G,V
195962,2458308.4922689,5.120611918942051,0.0893555160290621,14.68647674761434,0.018967569196538758,17.334552975634313,1.87,bg279953,bg,G,V
195962,2458309.6124604,3.789836396206168,0.036984055516659876,14.95351446659588,0.010607333969465796,18.23260428057039,1.49,bk103623,bk,G,g
195962,2458311.6146138,4.481220088322431,0.09837126291780955,14.831290719139252,0.023860753025468077,17.23018577612958,1.58,bg281372,bg,G,V
195962,2458313.6068653,4.911014155652135,0.09624909460736833,14.731853439625391,0.021302846576925254,17.253864761443086,1.77,bg282253,bg,G,V
195962,2458323.5716154,4.421463607126521,0.16437118058817074,14.845866267749525,0.040408412824726445,16.672792207514462,1.39,bg285634,bg,G,V
195962,2458324.5711341,4.108769750501542,0.07178979409049231,14.865786110505264,0.018991666513180686,17.512483842244105,1.45,bk109423,bk,G,g
195962,2458329.5513209,4.914047434298921,0.18124814105983547,14.731183043715825,0.040090953864833606,16.566672491177584,1.44,bg287663,bg,G,V
195962,2458331.5481652,4.013391586177084,0.1451069131900669,14.951002564851546,0.03929965523040735,16.808136134657413,1.44,bg288516,bg,G,V
195962,2458333.4712105,5.290194221848296,0.14899384527644027,14.651102362459,0.030613210976899712,16.77943557193631,1.44,bg289318,bg,G,V
195962,2458335.5375083,5.957849632218445,0.1274992763984886,14.522057559435016,0.02326110569305417,16.948587093654663,1.53,bg290198,bg,B,V
195962,2458338.5248416,3.5397534748611386,0.041095144765656205,15.027633080378502,0.012619137443348654,18.118164324759345,1.43,bk114763,bk,G,g
195962,2458340.5199685,4.494286127392446,0.13731641429682453,14.828129609035532,0.03321038488227354,16.868050257932968,1.47,bg292090,bg,G,V
195962,2458341.5182323,3.4282298268384253,0.04472814893607531,15.06239079949421,0.014181532641357998,18.02618829801829,1.43,bk116089,bk,G,g
195962,2458343.514015,3.615291241787124,0.13570970733456675,15.004707399598516,0.04080184460538733,16.821113326650746,1.53,bk116970,bk,B,g
195962,2458347.4764654,3.452868820986944,0.05184953875472929,15.05461542416684,0.01632213594564237,17.865778368123596,2.16,bk118703,bk,G,g
195962,2458351.4918484,4.8031060903221325,0.22509816512305322,14.755975956068326,0.05094035276568393,16.331426506466414,1.41,bg295787,bg,B,V
195962,2458352.4849262,3.63796084058602,0.0696345702475071,14.997920572385599,0.020805542881224912,17.54557836226032,1.66,bk120705,bk,G,g
195962,2458357.4717997,3.6821077462632297,0.0897928505696999,14.984824390458847,0.026506808398350745,17.269536214142946,2.26,bk122720,bk,G,g
195962,2458359.4699868,4.695781477522587,0.18407007893464644,14.780511708467861,0.04260764128670809,16.54989839729018,1.52,bg298574,bg,G,V
195962,2458500.8748239,4.38265988598457,0.23204510729111139,14.79572120036524,0.057550197658349116,16.238709572237966,1.52,bk170605,bk,G,g
195962,2458501.8750605,3.6790433292655567,0.18426755582362972,14.985728365567878,0.05444100643071454,16.489018423247238,1.45,bG035765,bG,G,g
195962,2458503.870358,4.964567630798832,0.1011137098497664,14.660362043947314,0.02213812249763976,17.14061549920977,1.48,bk171577,bk,G,g
195962,2458507.6030352,4.5072447094767805,0.08989965077570858,14.765287778197315,0.02167998811053463,17.268245599753087,1.47,bo105495,bo,G,g
195962,2458508.862495,2.9794348830909367,0.11484851142430408,15.214730876881156,0.04189899877092504,17.00232718497853,1.44,bG038038,bG,G,g
195962,2458509.8645249,3.524110836840814,0.08202880379595104,15.032441724896318,0.02530049348175368,17.367724665449234,1.40,bk173651,bk,G,g
195962,2458512.8816354,4.907813400029822,0.16711441983334963,14.67284551713562,0.037011616723937935,16.59510579754262,1.45,bk174709,bk,G,g
195962,2458513.6123691,3.31322944705608,0.057155980394490546,15.099436840802596,0.018750909539750272,17.75998641497075,1.46,bo107256,bo,G,g
195962,2458514.8695944,5.48485058974061,0.07121309822336883,14.552153618136662,0.014112607131345887,17.521240909549544,1.40,bk175385,bk,G,g
195962,2458517.6002728,4.425014498474226,0.047312034323495795,14.785278877298165,0.01162168491931527,17.965211555816964,1.52,bo107880,bo,G,g
195962,2458519.5894229,5.161681915605179,0.06328842314517266,14.618087527300098,0.013327393166218707,17.649329923444057,1.47,bo108268,bo,G,g
195962,2458520.8419538,3.769898011093666,0.0405915355071707,14.95924161932635,0.01170356177198674,18.13155191086036,1.44,bk177487,bk,G,g
195962,2458522.8370891,4.564756931063292,0.052795646863501765,14.751521480480731,0.012571660122185729,17.84614532315207,1.46,bG042713,bG,G,g
195962,2458523.8326568,5.321986530824038,0.07467919439649397,14.584881194581179,0.015252394367658215,17.46964155059038,1.44,bG043058,bG,G,g
195962,2458524.8276724,4.800356952047763,0.04673270929055628,14.696881791061589,0.010581801238809955,17.97858821238928,1.41,bk178895,bk,G,g
195962,2458526.8233825,3.2517187794293347,0.05333851139081142,15.119783174367623,0.017829537776410685,17.83503838413448,1.46,bk179587,bk,G,g
195962,2458530.8939863,3.11740422122271,0.12213172365936313,15.1655828244306,0.042584106558602786,16.935569395463798,1.49,bk181073,bk,G,g
195962,2458531.5370118,3.2806119165733385,0.07625793352356929,15.110178477023663,0.02526634063573478,17.446928030533623,1.54,bo110641,bo,G,g
195962,2458531.8583872,3.886627618239002,0.06082473574228247,14.926133291215484,0.017010593679692095,17.692440034488797,1.47,bG045875,bG,G,g
195962,2458532.8148465,5.174067823807094,0.11244134574466663,14.615485328961329,0.02362142481162159,17.02532552448465,1.36,bk181759,bk,G,g
195962,2458533.5817401,3.3122067398627255,0.12376869393769983,15.099772030880407,0.04061678501031396,16.921113591199124,1.48,bo111275,bo,G,g
195962,2458533.8060451,5.3544400217354475,0.14361572120882263,14.578280476933402,0.029154130807053667,16.759635652684036,2.12,bk182128,bk,G,g
195962,2458534.5338708,3.5769338327795777,0.25172772600541404,15.016288356005765,0.07649487138304771,16.15031297992126,1.49,bo111582,bo,G,g
195962,2458534.8066302,3.9597093025640806,0.1398009455366594,14.90590736259875,0.038375935677391754,16.788865339571014,1.44,bG046925,bG,G,g
195962,2458535.549326,3.0956536522637683,0.182330396675694,15.173184709733146,0.06402047387730238,16.500492919397875,1.61,bo111907,bo,B,g
195962,2458535.8807143,4.642460473395209,0.1607865060213059,14.73319508533423,0.037645542127726916,16.63701661680404,1.63,bk182943,bk,G,g
195962,2458537.6083234,4.038004746546221,0.08665271788414142,14.884648559514034,0.023325316026720614,17.308185138896,1.55,bo112331,bo,G,g
195962,2458539.8433402,3.4117443872678255,0.07274713609700142,15.067624407894002,0.02317669937805704,17.498100859625538,1.49,bk184424,bk,G,g
195962,2458540.8350784,3.8604100329341158,0.05396336345943637,14.933482033152556,0.015194196820235676,17.822393084445217,1.47,bk184795,bk,G,g
195962,2458541.8465312,4.089799899121066,0.05475755391361922,14.870810472577718,0.014553054381384682,17.806530512857822,1.59,bG049471,bG,G,g
195962,2458543.8475844,5.062115181199388,0.05858980220152572,14.639235565569287,0.012580623974515133,17.733085531849696,1.40,bk185943,bk,G,g
195962,2458544.790921,4.043093273838834,0.0467208107330038,14.883281220811607,0.012560553637428246,17.978864685544828,1.48,bG050530,bG,G,g
195962,2458547.8600953,3.3558582695379133,0.05782456717436376,15.085556595628198,0.01872927440871085,17.747359634704928,1.55,bG051556,bG,G,g
195962,2458549.8423692,3.451585742738197,0.05092541219063755,15.055018956266697,0.016037182045767154,17.88530422926978,1.45,bk188051,bk,G,g
195962,2458551.8419381,4.04891808776601,0.04237718986668651,14.881718145285292,0.01137641263668712,18.084810225895477,1.48,bG052985,bG,G,g
195962,2458553.7862971,5.427530132563135,0.06164354029392779,14.563560014158822,0.012345182156350613,17.677921678848747,1.45,bk189564,bk,G,g
195962,2458554.87502,5.385557733478476,0.07279250437986727,14.571988907501154,0.014691567946170115,17.497423958285268,1.49,bG054137,bG,G,g
195962,2458558.8615856,3.3701342364189317,0.04862392157978905,15.080947623089822,0.01568248768922742,17.93551565566641,1.43,bk191594,bk,G,g
195962,2458559.7625414,3.9425775968795285,0.0541450415735193,14.910614997866467,0.014927621489239519,17.81874388267032,1.42,bk191912,bk,G,g
195962,2458560.8697532,3.378482069690652,0.05365081131983987,15.07826157634306,0.017261035594613998,17.828699876811896,1.52,bG056758,bG,G,g
195962,2458561.4575104,3.4642599043030327,0.2662888331645847,15.051039454067393,0.08355157865465677,16.08925822479175,1.48,bo118940,bo,B,g
195962,2458561.8416587,4.249153749824143,0.1334077470603488,14.829309507966208,0.034126423578758905,16.839687986368872,1.46,bG057142,bG,G,g
195962,2458562.7299767,5.071669152874248,0.13739412516226715,14.637188335101769,0.029446211078089136,16.80772020365367,1.57,bG057452,bG,G,g
195962,2458563.526066,3.346277429192892,0.15134913067287492,15.08866076205752,0.04916206982996874,16.702690784501712,1.51,bo119431,bo,G,g
195962,2458563.7252316,3.4581749026273645,0.15451676331992423,15.05294823573488,0.048566948849524706,16.680201605560818,1.47,bG057853,bG,G,g
195962,2458564.7206885,3.457107651101686,0.10844635131744862,15.05328336408899,0.034096846473886826,17.06460324959743,1.59,bk193897,bk,G,g
195962,2458565.5916482,3.6478375848404814,0.1395418107999665,14.994976888038348,0.041579669537547166,16.790879725409642,1.49,bo120212,bo,B,g
195962,2458565.7720313,3.3479986958620622,0.11644756340762129,15.088102421903324,0.03780570125161115,16.987314597378266,1.63,bk194348,bk,G,g
195962,2458566.7953977,3.151426732238587,0.13833730426690005,15.153797585698882,0.047713828639736736,16.800292340260185,1.53,bG056066,bG,B,g
195962,2458567.7751952,3.5256639424855885,0.08853813543224787,15.031963337115597,0.02729616472262446,17.284814682142333,1.44,bG059098,bG,G,g
195962,2458568.7623339,3.470389254734431,0.0732167350343945,15.049120147335245,0.022932127148996447,17.491114715407587,1.49,bk195572,bk,G,g
195962,2458569.73187,3.66659456281759,0.03834134506618751,14.98940839705742,0.011366234896698683,18.19347225032596,1.50,bG059826,bG,B,g
195962,2458570.6974134,4.796007450882095,0.07061631128938613,14.697865999458289,0.01600432461443351,17.53037804136319,1.44,bG060161,bG,G,g
195962,2458573.4286689,4.009195268074553,0.11624087852428013,14.892422599526935,0.03151474861071865,16.98924340241881,1.42,bo122734,bo,B,g
195962,2458574.4436388,4.001921578464066,0.037075378883557567,14.894394187377586,0.010069993647626393,18.229926616695682,2.12,bo122910,bo,G,g
195962,2458575.6811889,3.3076019605643223,0.06386622219485276,15.101282520573335,0.020987956701323165,17.639462542452137,1.48,bG061944,bG,G,g
195962,2458576.6712751,3.295766212233878,0.051422224432797564,15.105174629538885,0.016959249719256535,17.874763462666813,1.47,bk198119,bk,G,g
195962,2458577.684235,3.3413819983777446,0.06139960565237206,15.090250300962966,0.019973382818384285,17.68222665686079,1.49,bG062694,bG,G,g
195962,2458578.711272,3.828236120420489,0.041791612169918634,14.942568830715896,0.011865951830864594,18.099917798981863,1.46,bG063050,bG,G,g
195962,2458579.7305801,3.9141654825198438,0.046397699384920006,14.918467665409326,0.012884555383607178,17.98639949460266,1.46,bG063468,bG,G,g
195962,2458580.6693985,4.842991520096619,0.07246259336313879,14.687281350749132,0.01626343719813554,17.502355929096723,1.43,bG063823,bG,G,g
195962,2458581.6741648,5.377763937267641,0.06291285751983403,14.573561286076549,0.012715980392618889,17.6557920829133,1.42,bk200103,bk,G,g
195962,2458583.4067176,3.959501624089744,0.0768858660959453,14.905964308686102,0.021106594091058528,17.438024334133107,1.49,bo125577,bo,B,g
195962,2458583.9035117,4.306056260999061,0.038785228535154675,14.814866372728783,0.009790363745421157,18.18097472446272,1.54,bk201130,bk,G,g
195962,2458584.7759471,4.180018029871956,0.03735314843383539,14.847120234676574,0.009713175399602491,18.221822577334454,1.46,bk201451,bk,G,g
195962,2458585.6694137,3.2199764305638467,0.0586004731289209,15.130433890335764,0.019781562945578913,17.7328878053368,1.44,bG065848,bG,G,g
195962,2458586.6511655,3.425187642089054,0.06503760418973153,15.063354701184387,0.02063917525674609,17.619729274839678,1.44,bG066245,bG,G,g
195962,2458587.7380559,3.334900689981233,0.04861250866737321,15.092358358311472,0.015844454826748882,17.935770527471906,1.47,bk202696,bk,G,g
195962,2458589.422161,3.3963131786799976,0.07506919942516681,15.072546296516853,0.02402515657541149,17.46398615053892,2.18,bo127306,bo,G,g
195962,2458591.4299336,3.480563374814804,0.10236321847181507,15.045941757551788,0.031967344341220914,17.127280780494605,1.46,bo127684,bo,G,g
195962,2458593.6936012,3.868289527089871,0.1431698876158613,14.931268192395082,0.04022952314476623,16.763011401314575,1.56,bG068684,bG,B,g
195962,2458594.6290213,3.221176803499201,0.11776824480804376,15.130029214861402,0.03973981235951285,16.975070105259245,1.45,bG069048,bG,B,g
195962,2458595.727323,3.3865141227318976,0.11502815765414445,15.075683394586516,0.03692014904250484,17.000630201493646,1.43,bG069537,bG,G,g
195962,2458596.6564291,3.5197846038352583,0.06249083766400898,15.033775404089749,0.01929800575689291,17.66309974582829,1.51,bk206442,bk,G,g
195962,2458598.6225681,4.454934609239411,0.15887297625603883,14.777962287968915,0.0387633114325533,16.650015532693324,1.44,bG070345,bG,B,g
195962,2458599.7547538,3.8465800891908692,0.06462806190045502,14.937378674126867,0.01826242837565264,17.62658778076278,1.49,bG070739,bG,G,g
195962,2458600.6768748,5.040233468549763,0.053969185963910406,14.643938987639407,0.011638778049165117,17.822275942694194,1.49,bk207693,bk,G,g
195962,2458600.7803056,3.8658988201585656,0.05104191255790293,14.931939413998801,0.014351213603302581,17.882823263490646,1.45,bG071182,bG,G,g
195962,2458601.6956612,5.266329754441705,0.05978463460305105,14.596295499195545,0.012339390336651306,17.71116666336788,1.45,bk208151,bk,G,g
195962,2458602.683834,4.7717897504932365,0.06727203816786956,14.703362372282378,0.015323764130574126,17.58305414675243,1.42,bG071958,bG,G,g
195962,2458603.6946723,4.117227581187205,0.17194627882223495,14.863553438683276,0.045394170098489194,16.564158657767905,1.52,bG072391,bG,B,g
195962,2458604.6020425,3.380815651119317,0.0625044484232705,15.077511896702019,0.0200956292393191,17.662863293804772,1.49,bG072745,bG,G,g
195962,2458604.8454508,5.357995117594911,0.06116842472449334,14.577559838464648,0.012409010594366103,17.68632237089202,1.41,bk209602,bk,G,g
195962,2458605.7439266,3.535222032756222,0.047442155259079036,15.029023884182852,0.01458679528086441,17.96222958530591,1.53,bk209966,bk,G,g
195962,2458606.7176638,3.3152274436441114,0.048625053523817456,15.098782300135266,0.015942592158784463,17.935490380487682,1.42,bk210390,bk,G,g
195962,2458606.8301769,3.572372934220213,0.04430245812125624,15.017673646503233,0.013479792471467019,18.036571052155367,1.53,bG073473,bG,G,g
195962,2458607.7578429,3.242191433362735,0.059190833912394915,15.122968987427111,0.019843943292862695,17.72200446496751,1.41,bk210865,bk,B,g
195962,2458608.7535465,3.302450543623978,0.062018856424181375,15.102974816060165,0.020412660105150787,17.671331226571475,1.46,bG074262,bG,G,g
195962,2458609.7567885,3.83444505839791,0.04558882990594285,14.940809323808793,0.012923141479415153,18.005494497350615,1.64,bk211752,bk,B,g
195962,2458613.359815,3.7984450795100897,0.022714782552409343,14.951050993626907,0.0065000231722218225,18.761869152219624,1.68,bo132848,bo,G,g
195962,2458614.7618894,4.0412955273977476,0.03193184833452774,14.883764096753927,0.008588466387349076,18.39208046681191,1.48,bk213537,bk,G,g
195962,2458616.3524794,4.292388281951886,0.10848562064859141,14.818318120803058,0.027471688284751838,17.064210166598755,1.45,bo134143,bo,B,g
195962,2458618.3096242,3.0707000431796097,0.1356178860684872,15.181972134540151,0.048005582979045225,16.82184818502254,1.51,bo134854,bo,G,g
195962,2458618.6668664,3.858580203414824,0.0796377883240565,14.933996792760748,0.022433851010562368,17.39984263536401,1.39,bk215259,bk,G,g
195962,2458619.6576131,4.300406658115014,0.11528726546805355,14.816291808318859,0.029139626792620364,16.998187266067358,1.47,bG076072,bG,G,g
195962,2458620.6665663,4.964127397958592,0.1593758685282578,14.660458325831712,0.034897299327142105,16.646584200197076,1.40,bk215709,bk,B,g
195962,2458620.7704107,4.313998951867117,0.11199212262054396,14.812865534157282,0.02821757015335461,17.02967192134585,1.50,bG076563,bG,B,g
195962,2458624.6133609,3.1315817649783675,0.1606884024670686,15.160656233462,0.05577414870105712,16.637679278686164,1.44,bk217123,bk,G,g
195962,2458625.2767839,3.8034930946779877,0.06953168517288891,14.949609041979848,0.01987066014972802,17.547183723710276,1.51,bo136999,bo,G,g
195962,2458625.5571581,3.5515214037402636,0.07837387670171285,15.0240295314013,0.02398662058609276,17.417212288112992,1.50,bG078230,bG,G,g
195962,2458626.3107039,3.5184299794462404,0.057665404271351244,15.03419334098092,0.017814703608606076,17.750352258800298,1.60,bo137465,bo,G,g
195962,2458626.5767671,3.7635906637504983,0.07006175763755652,14.96105966598764,0.020234422707585107,17.538938040809402,1.47,bG078682,bG,G,g
195962,2458626.8062533,3.730886004686064,0.09598840462194977,14.970535673287861,0.02796526677151641,17.19709367761547,1.52,bk218291,bk,B,g
195962,2458627.3585355,3.4681910171484165,0.054802368482986634,15.049808099659819,0.01717546453894877,17.80564229019187,1.48,bo137943,bo,G,g
195962,2458627.619479,3.864281203387276,0.05745158826929395,14.932393816125092,0.016160153794926073,17.7543855129086,1.52,bk218794,bk,B,g
195962,2458628.3785352,3.453259738214999,0.06306143377738971,15.05449250928497,0.0198493718720345,17.65323100961601,1.50,bo138396,bo,G,g
195962,2458629.2648777,3.3184506472050286,0.04843240938255888,15.097727214546588,0.015864006682230238,17.93980042501609,1.52,bo138723,bo,G,g
195962,2458635.2700403,3.9791286814556286,0.04995617218138797,14.900595662112636,0.013646250599218797,17.906167726948187,1.47,bo139585,bo,G,g
195962,2458635.7629658,3.366376100391281,0.05080464755373524,15.082159035101954,0.016404121627043352,17.8878820042256,1.42,bk220218,bk,G,g
195962,2458636.2793052,3.4317137770033277,0.04621636264718003,15.061287976680124,0.014638510101585421,17.99065120559979,1.41,bo139819,bo,G,g
195962,2458636.5431449,4.044840737483809,0.05641159110512071,14.882812056604106,0.0151592981857515,17.77421973819549,1.41,bG080784,bG,G,g
195962,2458638.2417373,3.3850396108957024,0.042662330193365475,15.076156234638647,0.013699130103826607,18.077529179715697,1.46,bo140534,bo,G,g
195962,2458638.6284762,4.306434757257237,0.042151452001187376,14.814770942245254,0.010639147748901507,18.09060926278037,1.49,bk221490,bk,B,g
195962,2458639.5470576,5.2713146030835,0.07127418837820627,14.595268280802948,0.01469689246853845,17.520309910040645,1.55,bk221885,bk,B,g
195962,2458641.2362217,3.526989605691476,0.044124085013184634,15.031555172856553,0.013598271424860064,18.040951329777982,1.47,bo140888,bo,B,g
195962,2458642.4170765,3.4590701177837406,0.043342390741142454,15.052667208386888,0.01361964131390177,18.06035845375139,1.43,bo141472,bo,G,g
195962,2458642.683353,4.899037068369786,0.06971981758523318,14.674788808430367,0.01546883792899106,17.544250006061233,1.49,bG083542,bG,G,g
195962,2458643.2638191,4.118964183385364,0.035235634097387204,14.863095583411901,0.009298357687657865,18.285185382869443,1.49,bo141776,bo,G,g
195962,2458643.7030468,4.232555607052305,0.05084245519721084,14.83355894090137,0.013056777840262155,17.887074324948568,1.50,bG083999,bG,G,g
195962,2458644.3358677,4.928214327754725,0.0818903902481205,14.66834165476006,0.018061571155025283,17.369558259577154,1.50,bo142092,bo,G,g
195962,2458644.5330316,3.504122416023505,0.06357812725475796,15.038617447838039,0.019721531343628713,17.64437128326374,1.64,bk224174,bk,G,g
195962,2458645.4736952,3.9808786721718876,0.059821978014544905,14.900118268506116,0.01633405448922379,17.710488689227518,1.47,bG084708,bG,G,g
195962,2458645.7112419,3.1615803022514157,0.059508487817127705,15.150305079507769,0.0204591162481619,17.716193325303855,1.45,bk224780,bk,G,g
195962,2458650.6593065,5.508023271231927,0.12154633264002854,14.54757620610766,0.023986024105341827,16.94078596240426,1.54,bk226687,bk,G,g
195962,2458651.6257939,5.485361894520351,0.16891659815781856,14.552052409137799,0.03347181125479481,16.5834597951793,1.55,bk227123,bk,G,g
195962,2458652.2006316,5.371068280388324,0.1502567267264715,14.574913938696216,0.03040782960195479,16.710555802187947,1.99,bo144337,bo,B,g
195962,2458652.6529888,4.486967925470208,0.12337966060393342,14.770183209671456,0.02988840771117215,16.924531683340334,1.53,bk227454,bk,G,g
195962,2458653.2118527,5.330908749072174,0.12524762570997297,14.583062500716398,0.02553762032064255,16.908216856946883,1.48,bo144793,bo,B,g
195962,2458653.508041,3.336264317386065,0.09966136918571514,15.091914495908966,0.0324697220892672,17.156323487996065,1.56,bk227798,bk,B,g
195962,2458654.547645,3.443451018532194,0.19404189418563458,15.057580847954837,0.0612510824868926,16.432901847835804,1.50,bo145462,bo,B,g
195962,2458655.5143276,4.233262949421909,0.1603303638779263,14.833377508422867,0.04116733043330519,16.640101165883266,1.59,bo145873,bo,B,g
195962,2458655.7620659,1.3968690783920206,0.5255168208820343,15.35117405744241,99.999,15.35117405744241,1.38,bG088854,bG,B,g
195962,2458659.2213867,3.424452904557386,0.049708572226271744,15.063587627609287,0.015778011341835124,17.9115623886257,1.41,bo146512,bo,B,g
195962,2458659.7186145,3.820124426933443,0.05047916199293809,14.94487185044109,0.014363054238051407,17.89486027006275,2.00,bG090139,bG,G,g
195962,2458661.4042511,3.349858449809063,0.04531809736360231,15.08749948212716,0.014704741176447052,18.011961441089234,1.58,bo147100,bo,G,g
195962,2458668.4497597,4.0930520771064245,0.062100328385418714,14.86994744643984,0.0164914483542051,17.669905869632046,2.04,bG091597,bG,G,g
195962,2458669.2915342,3.3264905981806585,0.05327242547826759,15.095099871490845,0.017407176901126482,17.836384435096434,1.45,bo147791,bo,B,g
195962,2458669.4537591,3.8263172747860175,0.06148447664016391,14.943113176052002,0.01746612945824803,17.68072690982909,1.42,bk232330,bk,G,g
195962,2458669.7156468,3.6910668066573513,0.05428601030514335,14.982185857775834,0.015986308574514753,17.815920799443838,1.48,bG092207,bG,G,g
195962,2458674.628341,3.257107812195564,0.06091046171567029,15.117985286764517,0.02032693647907232,17.69091088252085,1.45,bk234236,bk,G,g
195962,2458675.6252909,3.456631099848618,0.18944219273453766,15.053433039675046,0.059571131815132086,16.458948831703065,1.46,bk234657,bk,B,g
195962,2458676.2496857,3.4001575077448916,0.07813308935717041,15.071318033235372,0.02497745202890012,17.420553120159912,1.48,bo149192,bo,G,g
195962,2458676.6167423,3.6008081411419295,0.07454414691421077,15.009065667689859,0.022502239350132465,17.471606738872843,1.42,bk235033,bk,G,g
195962,2458678.3491117,3.5937426290883225,0.09560208474502922,15.011198194084612,0.02891562369112344,17.201472204408038,1.54,bo150036,bo,G,g
195962,2458678.6221264,4.063870432372782,0.12270555859311175,14.877715989866784,0.032819847331734806,16.930480019383516,1.52,bG095335,bG,G,g
195962,2458679.2445019,3.1950572406998257,0.08703596976897507,15.13886901448328,0.029609583753671873,17.303393679787696,1.55,bo150278,bo,G,g
195962,2458679.6148687,4.639791232861607,0.10355438592282853,14.733819522433791,0.02425952149232543,17.114719367329286,1.48,bk236137,bk,G,g
195962,2458682.5840185,3.3343522854790093,0.10546683796322874,15.092536915828019,0.034380850472992795,17.094850797750617,1.48,bG096961,bG,G,g
195962,2458689.5845659,4.962862208919752,0.06808179868764025,14.660735078726026,0.014911144412242077,17.570063058755345,1.52,bG099191,bG,G,g
195962,2458690.3059567,3.4012478895670424,0.0433419274165122,15.070969908998599,0.013851031209641962,18.060370060195012,1.55,bo152302,bo,G,g
195962,2458691.3244275,3.3789021372877786,0.04803132185820516,15.078126588429019,0.01545116029416416,17.948829264154334,1.57,bo152751,bo,G,g
195962,2458691.5807674,4.451501635111703,0.05563036376584161,14.778799279192516,0.013583682913885845,17.789360861959466,1.42,bG099830,bG,G,g
195962,2458692.3089894,3.861817139285807,0.059651191553160586,14.933086358098507,0.016789570647617203,17.71359280325386,1.48,bo153169,bo,G,g
195962,2458692.5781758,3.56713887803745,0.053212086174586185,15.019265577565994,0.01621445816391448,17.837614897115216,1.45,bG100255,bG,G,g
195962,2458693.6070403,3.5084111663474093,0.0508290455944358,15.037289410823828,0.015747573469322595,17.887360723618706,1.50,bk241215,bk,G,g
195962,2458694.5515789,3.407845112013716,0.04559261558876038,15.068866003088994,0.014542090156223268,18.005404341883683,1.47,bk241620,bk,G,g
195962,2458695.5626669,3.4472089982422527,0.05527986442891413,15.056396585482867,0.01743056750910714,17.796223188236972,1.48,bG101485,bG,G,g
195962,2458698.5434773,4.82922890530616,0.045718414646431484,14.690371143697892,0.010290240934512508,18.002412705988192,1.45,bk243229,bk,G,g
195962,2458699.5356395,5.2507944916418605,0.05259719084639339,14.599503069848002,0.010888039839808763,17.850234237392865,1.47,bk243662,bk,G,g
195962,2458700.5363994,4.705698191007732,0.04784449707525649,14.7185054487262,0.011051471219437017,17.953060626969016,1.48,bk244104,bk,G,g
195962,2458700.5563048,4.946144021724095,0.08449386836382466,14.664398727313351,0.01856823433803155,17.3355776270081,1.44,bG103466,bG,G,g
195962,2458701.5371155,3.69882877161546,0.05245905444068237,14.979905054377474,0.01541588293736129,17.853089465711744,1.43,bk244538,bk,G,g
195962,2458702.5507121,3.273508921760362,0.05586696623264074,15.112531800021555,0.018550419365801873,17.784752890630664,1.43,bk244989,bk,G,g
195962,2458703.5432648,3.335132688388401,0.08754671992340081,15.092282829732852,0.028532441455452983,17.297040913458993,1.43,bG104523,bG,B,g
195962,2458704.527408,3.4998462187227566,0.06560110128446947,15.039943216997528,0.020373908000005148,17.6103627859545,1.43,bk245842,bk,G,g
195962,2458705.519583,3.51891710442372,0.07635259618574083,15.034043031718397,0.023584514756393084,17.445581089494418,1.45,bk246276,bk,G,g
195962,2458707.5188956,4.181956955636984,0.08282702951231866,14.846616726368357,0.021528050350528096,17.357210395915857,1.51,bG106081,bG,G,g
195962,2458710.506331,4.464866582020566,0.1502119674247515,14.775544407422363,0.036568590491165405,16.710879275452765,1.47,bG107166,bG,G,g
195962,2458711.5013134,3.7490823091406074,0.22444786530373728,14.96525318419636,0.06507327683564425,16.274851913353473,1.42,bk248593,bk,B,g
195962,2458712.5031606,3.3865267761664484,0.10135104809897748,15.075679337829085,0.03253013780714465,17.13807000091577,1.47,bG108036,bG,G,g
195962,2458713.494499,3.3565197854162645,0.05326644747831982,15.085342593456213,0.017249507280724767,17.836506278528827,1.45,bk249468,bk,G,g
195962,2458715.4926244,3.597272121872062,0.052046111695164245,15.010132392236004,0.015726322230185174,17.861669887892646,1.44,bG109279,bG,G,g
195962,2458717.4674109,5.495607135804802,0.17153303424329341,14.550026425349671,0.03392690664689315,16.566771186675425,1.52,bk251164,bk,B,g
195962,2458718.4777143,5.500187491516874,0.06156037709531074,14.549121887117838,0.012165667709995538,17.679387432718737,1.41,bk251604,bk,G,g
195962,2458719.4780136,4.681573472299931,0.04303747276305406,14.724086013374844,0.009992337400183984,18.068023709285484,1.43,bk252033,bk,G,g
195962,2458721.2244908,4.1327274085830386,0.049428710087331955,14.859473721013845,0.01300033935918343,17.91769241875491,1.47,bo160839,bo,G,g
195962,2458721.4753494,3.1844788457391404,0.05564553276422019,15.142469701670544,0.018993460994299292,17.789064849411464,1.42,bG111533,bG,G,g
195962,2458722.4718752,3.300926698779425,0.0713486444660306,15.10347592132397,0.023494273425785254,17.519176295233713,2.07,bG111951,bG,G,g
195962,2458723.4721697,3.3762596882083202,0.08264728199820165,15.078976013758938,0.026607551097359614,17.35956917243857,1.71,bG112358,bG,G,g
195962,2458724.4686278,3.4589712842001763,0.1075989957040802,15.052698230808899,0.03381220036354666,17.07312006699664,1.47,bG112781,bG,G,g
195962,2458729.2608242,3.4060825240333217,0.08844467251348792,15.069427707213043,0.028224657777163358,17.285961415944456,1.61,bo163008,bo,G,g
195962,2458729.5155856,5.347982669891209,0.07128593160076202,14.579590644123936,0.014488586265982433,17.520131037549234,1.46,bk256270,bk,G,g
195962,2458730.5180122,4.014753394629258,0.07759287278314793,14.890918437312063,0.021007536658401826,17.42808603294569,1.40,bG115196,bG,B,g
195962,2458731.530841,3.4340405814096036,0.06601284093605918,15.060552064571965,0.020894653476845108,17.60356955269212,1.49,bG115594,bG,B,g
195962,2458741.4873066,3.701019573037655,0.07591811752328798,14.979262167555955,0.022296475695849027,17.451777034633565,1.50,bk259732,bk,G,g
195962,2458744.531078,3.4259543915557686,0.06133901703544249,15.063111679610648,0.019461101049119592,17.68329858122982,1.73,bG119150,bG,G,g
195962,2458898.7920072,3.2415841645895966,0.05059900685701406,15.123172366981192,0.016966679778841278,17.89228562965649,1.45,bk309215,bk,G,g
195962,2458899.7943591,3.218005021182905,0.04880213969210122,15.131098828755432,0.016484065022886265,17.931543452126956,1.44,bk309541,bk,G,g
195962,2458900.7968431,3.2707798477012795,0.05206345603828377,15.113437339122154,0.017301902212973244,17.86130812706976,1.44,bk309886,bk,G,g
195962,2458901.7975204,3.6383542139174345,0.07251701271310576,14.99780317788986,0.021664421678361214,17.501540848095022,1.43,bG165084,bG,G,g
195962,2458903.5472451,3.5644059895594804,0.045538652325700424,15.020097710340712,0.013886895960117144,18.006690176627778,1.46,bo203103,bo,G,g
195962,2458903.7820545,3.964705149528672,0.043262006554648264,14.904538385073838,0.011860634875631592,18.06237396449577,1.45,bk310696,bk,G,g
195962,2458904.7836282,4.645550878692437,0.04700828207168782,14.73247257005831,0.010998901983386622,17.972204661221983,1.46,bk311070,bk,G,g
195962,2458905.7784976,5.349950223786713,0.06354854778860049,14.579191268927909,0.012911243203488893,17.64487653517713,1.65,bk311443,bk,G,g
195962,2458906.8052296,5.22943685949981,0.07818536051167314,14.603928313106252,0.01625109735445144,17.41982700386243,1.46,bG166711,bG,G,g
195962,2458907.8339806,5.057518316522011,0.056436393455465354,14.640221961519895,0.012129250373538744,17.773742480045588,1.38,bk312193,bk,G,g
195962,2458908.8367755,3.847843916209235,0.0386190835986111,14.93702200473569,0.010909295100112478,18.185635701219837,1.40,bk312558,bk,G,g
195962,2458909.772818,3.440632276057095,0.06918035775110312,15.058469974595866,0.02185529722460812,17.552683602584278,1.42,bG167744,bG,G,g
195962,2458910.7652704,3.286397203287476,0.05154397902202411,15.108265491446588,0.017047867524451876,17.872195757482082,1.45,bk313264,bk,G,g
195962,2458912.766409,3.6701107593316364,0.05777799271927455,14.988367695003022,0.017111790383854342,17.748234486868924,1.45,bG168814,bG,G,g
195962,2458913.777736,4.06556044463003,0.03721581921375677,14.877264566501882,0.00994991415259564,18.225821653075553,1.46,bk314374,bk,G,g
195962,2458914.7594036,5.387298797405592,0.3876324520781438,14.571637963227182,0.07820981120018393,15.681590290285792,1.39,bG169507,bG,B,g
195962,2458916.7733548,5.180219402916455,0.12461204469065343,14.614195236694226,0.02614713087007411,16.91374055599799,1.43,bk315462,bk,B,g
195962,2458918.8085697,3.524396051572408,0.16617031275580582,15.032353857220143,0.05124846995807144,16.601257018266768,1.52,bk316228,bk,B,g
195962,2458919.8440663,3.5206667299065737,0.146996644059879,15.033503331697682,0.045383154155829754,16.734372061696114,1.43,bG171368,bG,B,g
195962,2458923.5007264,3.3994912202631973,0.08505253503894644,15.071530812592925,0.027194777589062618,17.328422455106328,1.52,bo206624,bo,G,g
195962,2458925.7376494,5.340751647374195,0.06447605535032815,14.581059664479167,0.013122248231390575,17.629144462836287,1.50,bk318723,bk,G,g
195962,2458926.5255948,3.39486308524307,0.052280912509076176,15.07300996257631,0.016739137157322045,17.856782713606744,1.47,bo207167,bo,G,g
195962,2458927.4677922,4.021110104235351,0.04781399484254015,14.889200709975599,0.012924722819641129,17.953753035532948,1.48,bo207505,bo,G,g
195962,2458929.4547991,4.952553610538621,0.06146786443661332,14.662992658785008,0.013490595232443588,17.68102029945937,1.52,bo208234,bo,G,g
195962,2458978.5737748,3.951118776305938,0.14134705944825846,14.908265408798119,0.03888471007686983,16.77692366654988,1.53,bo211093,bo,B,g
195962,2458983.5589492,4.341359586048588,0.07080535997152033,14.806001224623383,0.017727706325561542,17.527475273787513,1.47,bo212771,bo,B,g
195962,2458984.3153938,3.688280271128546,0.03680628862253717,14.983005833478666,0.010847016093773743,18.237835542969123,1.51,bo212964,bo,G,g
195962,2458987.3666495,4.75259415438648,0.058646599897751936,14.707738798535612,0.013412949258007073,17.732033515259968,1.45,bo213988,bo,B,g
195962,2458991.2934909,3.013411074362798,0.05626886728631707,15.202419672330532,0.02029653796260403,17.776970179619642,1.48,bo214990,bo,G,g
195962,2458997.4275683,4.138439310298899,0.044943436545760114,14.857974145515595,0.011804344053375623,18.020974918548667,1.50,bo216480,bo,G,g
195962,2459001.3335811,3.0663011325491,0.085628712346139,15.183528613743668,0.030354059601244793,17.321092078176562,1.50,bo217396,bo,G,g
195962,2459005.5018636,3.689904339174877,0.19601248472770863,14.982527854247053,0.05774053445101442,16.421931276473526,1.53,bo218959,bo,G,g
195962,2459007.2377118,4.453478238305247,0.1666185756147616,14.77831728603466,0.04066644939445559,16.598332067785698,1.53,bo219612,bo,B,g
195962,2459009.5325253,4.698377548362194,0.14425250649465118,14.720195840974874,0.03337241443404967,16.75483219123431,1.50,bo220652,bo,B,g
195962,2459014.4885645,3.3384718785224567,0.06392022568489839,15.091196316473244,0.020811469650595715,17.638544862231907,1.50,bo221017,bo,G,g
195962,2459017.324574,5.20116866389969,0.06425607157159681,14.609813278936649,0.013428435140135746,17.6328551851125,1.43,bo222082,bo,G,g
195962,2459020.2536303,3.4089501703253586,0.045368321310655345,15.068513989634537,0.014465859066595452,18.01075883624424,1.48,bo223227,bo,G,g
195962,2459024.4886685,3.303702471987791,0.05769034200372981,15.1025633015332,0.01898079322033656,17.74988282749403,1.57,bo224497,bo,G,g
195962,2459026.2826091,5.146234911884796,0.09137309364931095,14.621341605506064,0.019299270584059613,17.250594788407593,1.50,bo225082,bo,G,g
195962,2459032.3048073,3.673418574018009,0.09197292655783343,14.987389578284617,0.027214587809992655,17.243490596798615,1.52,bo225927,bo,G,g
195962,2459035.4098643,3.4360086550362983,0.23641596214726227,15.059929999496436,0.07478848213101588,16.218448622559936,2.10,bo226970,bo,B,g
195962,2459038.4143434,4.5954942822770874,0.12092918969150028,14.744235047057098,0.028602967021574267,16.946312754413157,1.46,bo227823,bo,B,g
195962,2459047.4653225,3.535928193707667,0.04472405269984308,15.028807029925947,0.013748328047839901,18.026287735078583,1.48,bo228977,bo,G,g
195962,2459049.2953437,3.8368591065552162,0.04886105297454176,14.94012599291366,0.013842009496512899,17.93023355656244,1.46,bo229663,bo,G,g
195962,2459053.4152055,3.230542944995733,0.049745530799375916,15.12687682558785,0.016737505134706652,17.91075543825318,1.58,bo231346,bo,G,g
195962,2459060.3209189,3.7603268244973003,0.09389127795253464,14.962001640343825,0.027140124161567337,17.221077485756144,1.43,bo233745,bo,G,g
195962,2459063.3408955,3.8447179727994536,0.17870215635360165,14.937904402607764,0.05052164441491143,16.522316128795588,1.52,bo235012,bo,G,g
195962,2459069.2956856,4.171245827441893,0.06438439333321647,14.849401159202344,0.016777490257551098,17.630689091748902,1.56,bo236079,bo,B,g
195962,2459078.3271078,5.227093378669113,0.07054307176996767,14.604414975883998,0.014669194974932883,17.531504694133467,1.51,bo237234,bo,B,g
195962,2459081.2677695,3.161264385292899,0.05660793735480345,15.15041357576121,0.01946384711644509,17.770447284897852,1.43,bo237676,bo,B,g
195962,2459087.2674048,5.155797094537279,0.0827795565300235,14.619326078690131,0.017451768792902306,17.357832872814505,1.49,bo239514,bo,G,g
195962,2459093.3417559,3.3718104514138276,0.12469397377751125,15.08040774107397,0.040197078089666105,16.913026948042813,1.46,bo240119,bo,B,g
195962,2459100.2898599,3.2871513871124947,0.045491011395512364,15.108016358219324,0.0150424320920298,18.00782663007255,1.51,bo241340,bo,B,g
195962,2459104.2490725,3.8249504882572816,0.08147420018221635,14.943501077686127,0.023152956754190192,17.375090347026813,1.42,bo242808,bo,G,g
195962,2459111.2225875,3.0911797616170387,0.15784038404161885,15.174754968886097,0.05550166863738078,16.657095289122633,2.23,bo244131,bo,G,g
195962,2459127.2452077,5.25595640277609,0.07042920352806126,14.598436236854354,0.014565090771164834,17.533258668798847,1.53,bo247900,bo,B,g
195962,2459128.2383055,4.604341395828813,0.07489313811326558,14.742146828356706,0.01768018005343192,17.46653554035977,2.13,bo248210,bo,G,g
195962,2459225.8720765,2.690444022999378,0.32468192895858555,15.325505720766,0.13117356732028806,15.873995317748829,1.63,bk343685,bk,B,g
195962,2459228.8721226,3.98249047871063,0.20640741854688802,14.899678756861,0.0563355746672157,16.36582735560369,1.49,bG195986,bG,B,g
195962,2459230.8716901,5.412254047027586,0.16074379915286674,14.566620187652696,0.03228257936529986,16.637305039965295,1.42,bG196585,bG,B,g
195962,2459233.6022947,4.438296772285975,0.06875464132948947,14.782024776000458,0.01683828496092915,17.559385559341024,1.47,bo271267,bo,G,g
195962,2459235.8700388,3.4532669980563027,0.08239886410472762,15.05449022672737,0.025936014438774,17.362837549324666,1.43,bk346805,bk,G,g
195962,2459240.5810791,3.594406032559608,0.044892865426450906,15.010997786106676,0.013575704139381677,18.022197295243686,1.47,bo272802,bo,G,g
195962,2459242.8233353,3.074316418733837,0.14422032636589138,15.180694211088895,0.05099059529315265,16.75507442639155,1.50,bG199915,bG,G,g
195962,2459244.5822569,5.17541252047836,0.12432386018305895,14.615203191922548,0.026110890696935077,16.91625439580333,1.53,bo274023,bo,G,g
195962,2459247.8193249,4.26108328720186,0.10603768713169197,14.826265564756527,0.027049073629727888,17.088989995345987,1.52,bG201104,bG,B,g
195962,2459248.8186535,4.841153307325561,0.07033601505705954,14.68769353256118,0.01579214402562427,17.534696212996636,1.51,bk350372,bk,G,g
195962,2459249.8291248,5.26756591630518,0.10869899990649418,14.596040675009274,0.022429920903155876,17.062076740579922,1.42,bG201738,bG,B,g
195962,2459250.8059447,4.319867275764285,0.06426286613702108,14.811389613050894,0.016169696195336355,17.63274038326594,1.43,bk351034,bk,B,g
195962,2459251.8052285,3.5255378948106415,0.08731057886438374,15.032002154476775,0.02691867338971203,17.299973442496647,1.50,bG202365,bG,B,g
195962,2459254.5661858,5.28481204419629,0.07242665866781443,14.592491756995727,0.01489639145695052,17.5028944866498,1.48,bo277073,bo,G,g
195962,2459255.8094781,3.5045898905767316,0.06094592472733774,15.038472612659824,0.01890251710590314,17.690278934078783,1.53,bG203670,bG,G,g
195962,2459256.8320309,3.55282404431071,0.05151585797604865,15.023631373948142,0.015760841826580427,17.872788268384067,1.42,bk353111,bk,G,g
195962,2459258.6103934,2.749872757927679,0.13333203188646692,15.301784125714178,0.05270284641277079,16.840304367683018,1.46,bo278037,bo,B,g
195962,2459258.8388023,4.855410861593051,0.059854936267227155,14.684500658519259,0.013399424927882743,17.709890679673176,1.44,bk353807,bk,G,g
195962,2459259.5587239,3.193970954045196,0.051114754993623855,15.139238216410424,0.017395122590908522,17.88127490282062,1.47,bo278300,bo,G,g
195962,2459262.7798864,3.003939232439423,0.07017059852449405,15.20583776490328,0.02539078982586413,17.537252659226013,1.40,bG205973,bG,G,g
195962,2459263.7890298,3.4344547594418793,0.05837090877190654,15.060421122331174,0.018473569871618894,17.737149474296988,1.46,bk355515,bk,G,g
195962,2459264.7878014,3.2032279065890794,0.06419965140106876,15.136096023786251,0.021784971852994748,17.633808936714104,1.45,bG206637,bG,G,g
195962,2459265.8518359,3.3042703172093413,0.055529460753409,15.102376699639725,0.018266698459934453,17.79133197129381,1.50,bk356286,bk,G,g
195962,2459266.590397,4.634221570264057,0.058856879439853654,14.73512363645344,0.013804879198453473,17.72814753065784,1.49,bo280172,bo,B,g
195962,2459268.5209865,3.1163464541191406,0.06214714903018785,15.165951288333437,0.021676424601817977,17.669087585468542,1.49,bo280777,bo,G,g
195962,2459269.7686278,5.1315860252417105,0.09828112133614961,14.624436587887073,0.02081760010934062,17.171465354169634,1.47,bG208395,bG,G,g
195962,2459270.769372,3.8672173299389203,0.1385591079012795,14.93156917416509,0.03894472772804583,16.798552915138604,1.43,bG208749,bG,B,g
195962,2459271.8004487,3.5956502633649845,0.18640120506769162,15.010622015350412,0.05634864090445441,16.476518822183795,1.65,bG209037,bG,G,g
195962,2459272.7615991,2.9581301493368093,0.16390860351795777,15.222522427765481,0.06022775083203829,16.616136236022502,1.50,bG209361,bG,G,g
195962,2459273.7576451,3.528893974989926,0.17397351045054135,15.030969096649052,0.053586660051073515,16.55143279448489,1.40,bG209715,bG,G,g
195962,2459275.7404868,4.035806355549329,0.13205238661277885,14.885239822481754,0.03556543357007522,16.85077497465045,1.47,bG210415,bG,B,g
195962,2459276.7972484,4.001537934762763,0.11977946655286605,14.894498276329585,0.0325362584242977,16.956684674971246,1.49,bG210786,bG,B,g
195962,2459277.7824022,4.351249867813361,0.07757947909814467,14.803530564534952,0.019379608921707158,17.42827346335559,1.60,bk360576,bk,G,g
195962,2459279.8080302,5.161384620273253,0.09354829275949979,14.618150063815648,0.01970070715387153,17.225050946173173,1.59,bG211785,bG,G,g
195962,2459280.7819207,4.019283457199004,0.0730644910076106,14.88969403330353,0.019759224711067752,17.493374703459267,1.70,bG212104,bG,G,g
195962,2459280.8005528,4.934090086102503,0.0689598548661071,14.667047935958513,0.015191527247551321,17.55614976445402,1.56,bk361593,bk,G,g
195962,2459282.7145249,3.3630023379897986,0.06197991923885256,15.0832476991817,0.020032539577062806,17.672013096420372,1.53,bG212747,bG,G,g
195962,2459284.8067998,3.2014429343611672,0.06878130893213388,15.136701209929502,0.023352686226298547,17.558964520594532,2.05,bG213501,bG,B,g
195962,2459287.7155511,4.995082476656068,0.08325301902890783,14.65370896351942,0.018116299863085134,17.35164063290855,1.79,bG214472,bG,G,g
195962,2459288.7836524,4.87236192499002,0.0697823532411118,14.68071677041433,0.015567477360148194,17.54327658421666,1.77,bG214886,bG,G,g
195962,2459289.831273,5.001315709442998,0.05628426818816873,14.652354946350322,0.012232491594748334,17.776673052102755,2.19,bk364671,bk,G,g
195962,2459291.688995,3.1976974585115396,0.0732494569340856,15.137972192889308,0.02489884548534334,17.490629588412794,1.45,bG215632,bG,G,g
195962,2459292.8557412,3.8252694268434766,0.07598763524251968,14.943410548740772,0.021592009995109452,17.450783288069832,1.50,bG215975,bG,G,g
195962,2459294.7028551,3.4159576915901817,0.05990074900989399,15.066284414563224,0.01906039701652556,17.709059979140438,1.61,bG216529,bG,G,g
195962,2459296.4248182,3.796213826337577,99.99,14.951688955766118,99.99,99.99,1.47,bo287585,bo,G,g
195962,2459297.6805155,5.174708686855106,0.11168000831835048,14.61535085737163,0.023458579165600554,17.032702017374717,1.48,bG217624,bG,G,g
195962,2459298.7494314,4.876641462556224,0.09515633336313974,14.679763555200632,0.021209432337400396,17.20654636364373,1.47,bG218050,bG,G,g
195962,2459299.6836452,4.590770445817226,0.10684850700831111,14.745351679523875,0.0252985164258411,17.080719466052564,1.46,bG218341,bG,G,g
195962,2459300.7703155,4.361356095806215,0.11954898803822929,14.801011753838718,0.029794529353018996,16.958775850845385,1.50,bk368617,bk,B,g
195962,2459301.8213673,4.017083008338117,0.14209630549107186,14.890288607248095,0.03844892068398008,16.77118364543595,1.52,bG219145,bG,G,g
195962,2459303.8031168,3.1829726462522996,0.14253034434060013,15.142983356261244,0.048672830257950994,16.76787227555001,1.42,bk369556,bk,B,g
195962,2459303.841126,3.0582268466968237,0.17443349262439609,15.186391381155621,0.06199723955160803,16.548565919907396,1.51,bG219673,bG,B,g
195962,2459304.8683877,3.5818578697355075,0.10191561242856506,15.014794750307512,0.030927480549206285,17.13203881501284,1.57,bk369998,bk,B,g
195962,2459305.8492083,3.056830255916964,0.11880653098687709,15.186887314120384,0.04224556906011469,16.9655398235161,1.45,bk370380,bk,G,g
195962,2459307.5626781,2.991442329219522,0.1578153870053746,15.210364035594925,0.05734306239526661,16.657267249782365,1.38,bo290296,bo,B,g
195962,2459310.6385965,3.347868100261361,0.0723403315336683,15.088144774111393,0.023486825881567162,17.504189374468837,1.52,bG222119,bG,G,g
195962,2459312.4407055,5.0526913808795975,0.06506028880799501,14.641258691585847,0.01399604683826358,17.61935064439422,1.54,bo292057,bo,G,g
195962,2459314.3971813,3.4026194287106466,0.05795822511383962,15.070532178615286,0.01851458033900208,17.74485291802388,1.46,bo292855,bo,G,g
195962,2459317.5268786,3.1561074290669393,0.052205970392606126,15.152186178510929,0.01797962245180585,17.858340179593014,1.44,bo294118,bo,G,g
195962,2459318.7688311,5.075784788592855,0.06029538794670478,14.636307622565193,0.012911986596979176,17.70193037694171,1.49,bk375563,bk,G,g
195962,2459319.671909,3.9108308858909444,0.030039379873800617,14.919393031335893,0.008348993044067225,18.458413204074432,1.50,bk375910,bk,G,g
195962,2459320.67869,3.4075059273161754,0.05164435326120411,15.06897407238855,0.016473974744477874,17.870083503558334,1.64,bG226087,bG,G,g
195962,2459321.6249491,3.1899504826434786,0.07047046948721644,15.140605768308248,0.024012390416691377,17.532622699300823,1.50,bG226416,bG,G,g
195962,2459321.6723584,3.2360336773689635,0.05008007766654771,15.125033040627411,0.01682147729473388,17.903478127124004,1.48,bk376730,bk,G,g
195962,2459322.6977322,3.387510682018961,0.04952194729166609,15.075363938860523,0.015890194491081644,17.915646327480395,1.46,bk377177,bk,G,g
195962,2459324.6202755,3.6688119725200186,0.13793693938492527,14.98875198570341,0.0408664867472604,16.803439147910588,1.55,bG227640,bG,B,g
195962,2459325.8876217,3.24731952928672,0.07033731228211398,15.121253061343591,0.02354360253653228,17.53467618867171,1.48,bG228037,bG,G,g
195962,2459327.4381182,3.227679282824487,0.09662835005344343,15.127839685579845,0.032540660354448636,17.18987920157762,1.46,bo297348,bo,G,g
195962,2459328.6081984,3.511847905131404,0.08425158486438528,15.036226375404718,0.026076815428535703,17.33869541350709,1.49,bk379314,bk,B,g
195962,2459329.6504872,3.567906414123472,0.06918567539783078,15.019031986415232,0.021077296418682417,17.552600149131898,1.53,bk379756,bk,G,g
195962,2459331.6477064,2.625510288644531,0.20924671121368996,15.352031311018017,0.08662776085467408,16.35099400945004,1.52,bG229843,bG,B,g
195962,2459333.8710913,3.415477637276207,0.12088072344256794,15.066437006902813,0.03846960942283512,16.94674798522067,1.50,bk381583,bk,B,g
195962,2459336.3074679,3.4859551970581726,0.0528656972821248,15.044261119589583,0.016484065683226638,17.84470569946726,1.71,bo299144,bo,G,g
195962,2459336.6913496,4.4210882790997745,0.07475820414294802,14.786242655113043,0.018379845055532036,17.468493461141748,1.63,bk381910,bk,B,g
195962,2459337.8261877,3.6987038215295276,0.06335475395317128,14.979941732237393,0.01861837722494367,17.64819258990631,2.27,bk382435,bk,G,g
195962,2459338.5602062,3.365133225035187,0.07422087175840417,15.082559965925103,0.02397374939178448,17.476325483862407,1.59,bG231852,bG,G,g
195962,2459339.5869555,3.4198508127320304,0.06149485592201721,15.065047720168538,0.019545365677646698,17.68054364062638,1.52,bG232177,bG,G,g
195962,2459340.7497811,4.320953960834947,0.06601642056778338,14.811116524811174,0.016606744605110225,17.60351067883765,1.46,bG232570,bG,G,g
195962,2459341.3439801,5.133540381970412,0.06003581175376077,14.624023165626337,0.012711756851634158,17.706614643506594,1.50,bo300520,bo,G,g
195962,2459343.3749336,4.08495459103402,0.04983380793358441,14.872097539250046,0.013260167605141851,17.908830426358346,2.27,bo300687,bo,G,g
195962,2459345.304971,3.1734360170979476,0.05022151412931605,15.146241256079083,0.01720173402594526,17.900416106126464,1.49,bo301486,bo,G,g
195962,2459345.6128982,4.682025069114402,0.07126884351690847,14.72398128547357,0.016545433463935257,17.520391332602603,1.50,bG233754,bG,G,g
195962,2459345.6412979,4.194112803376519,0.030965585015187137,14.843465354988755,0.008025116671785315,18.4254423881878,1.55,bk384653,bk,G,g
195962,2459346.3132953,3.3850642198516283,0.03774266083018156,15.076148341455596,0.01211930665792569,18.210559325557615,1.43,bo301900,bo,G,g
195962,2459346.6428056,5.2235227173282235,0.07938859895748696,14.605156902753757,0.016519877496141186,17.40324526738237,1.54,bG234179,bG,G,g
195962,2459347.2863724,4.323641595880799,0.04272710861983629,14.810441406409318,0.010741526174055169,18.075881849615477,1.43,bo302188,bo,G,g
195962,2459348.2820016,4.2858408040561615,0.052057316494425444,14.819975534031464,0.013202552837310722,17.861436169244115,1.44,bo302482,bo,G,g
195962,2459348.6349156,4.030213294142653,0.07268750331230439,14.886745544139195,0.019603963861930362,17.49899123178485,1.55,bG234722,bG,G,g
195962,2459349.5865839,3.15513621777709,0.05717206516995198,15.152520337458732,0.01969599561110433,17.759680911223303,1.50,bk386028,bk,G,g
195962,2459350.7838067,4.819637253234907,0.07924503484861065,14.69252974081726,0.017871865229344423,17.40521045962472,1.51,bG235530,bG,B,g
195962,2459351.7469936,3.5182412608686597,0.049104313362360166,15.034251578344936,0.015170720168735987,17.924841505004707,1.65,bk386892,bk,G,g
195962,2459352.2952543,3.8059052657430446,0.05664208869237931,14.948920687547322,0.016176831373938005,17.769792462182746,1.45,bo303249,bo,G,g
195962,2459352.7188479,3.2772733472508855,0.05680384301378951,15.111283957145016,0.018839840648469903,17.766696315156537,1.49,bk387300,bk,B,g
195962,2459353.3069857,3.4747484836041425,0.06720211435917915,15.047757187115149,0.0210218888711055,17.584183268090406,1.44,bo303630,bo,G,g
195962,2459353.6309867,4.391387844249559,0.15540557977333352,14.79356113383747,0.03846599627278925,16.673974091668853,1.52,bG236648,bG,B,g
195962,2459356.8341903,3.358425931382214,0.05885172028589664,15.084726185869417,0.019047393775331784,17.728242706035914,1.61,bG237255,bG,G,g
195962,2459357.5188541,3.772724150102555,0.06454593368097848,14.95842799204405,0.01859627706000552,17.627968392904286,1.45,bG237432,bG,G,g
195962,2459358.5198929,3.464509510401734,0.0796997874255452,15.050961227657425,0.025005041395707795,17.3989977038125,1.67,bk388621,bk,G,g
195962,2459359.2859791,5.000865297588484,0.25183611877553064,14.652452730715046,0.054737509495513446,16.14984556766406,1.50,bo304571,bo,B,g
195962,2459360.5859426,3.2639806958960316,0.2227917497360273,15.115696668409338,0.07419313039128367,16.28289285064643,1.61,bG238718,bG,G,g
195962,2459361.726695,3.753764387523394,0.16517948414235104,14.963898097819385,0.04783009773942952,16.607750347762558,1.45,bk390077,bk,B,g
195962,2459361.7596948,2.9576463988005264,0.13922238823350444,15.22269999548401,0.05116523832053628,16.79336791290295,1.56,bG239261,bG,G,g
195962,2459363.7753524,3.1835026627855454,0.123362757619368,15.142802578636996,0.0421202581362906,16.924680439135724,1.53,bk390593,bk,B,g
195962,2459363.8151395,3.5988182651747147,0.13127443411456288,15.009665832285538,0.039649015811447384,16.85719022432349,1.43,bG239760,bG,G,g
195962,2459366.5828982,5.206611831281341,0.05279445832003334,14.608677620006032,0.011021616867590163,17.846169765682408,1.44,bk391735,bk,G,g
195962,2459367.8214242,3.7062073806883817,0.07435228032648512,14.97774133079859,0.021806037198069082,17.474404880103474,1.63,bG241423,bG,G,g
195962,2459369.5141267,3.458749326411711,0.050052202153276576,15.052767903355829,0.015729549158843344,17.90408263657532,1.51,bk392994,bk,G,g
195962,2459370.7472519,4.598797442830071,0.04947831554666945,14.743454919285647,0.011694530676050524,17.916603346521125,1.41,bk393549,bk,G,g
195962,2459373.6714597,3.3049844447488725,0.048992683692141145,15.102142072845803,0.016112910044489347,17.927312537359146,1.51,bk394805,bk,G,g
195962,2459374.5709604,4.509119840930873,0.03945837777333744,14.76483617752692,0.00951173234932724,18.16229254540176,1.42,bk395166,bk,G,g
195962,2459375.4069679,3.339883155413715,0.05508608363953606,15.090737438671509,0.01792762653148685,17.800035868483036,1.48,bo308179,bo,G,g
195962,2459376.5632511,5.211670713218645,0.05652466271064119,14.607623202124167,0.011788897294797008,17.77204566259592,1.68,bk396035,bk,G,g
195962,2459377.5134179,3.3961611499003825,0.06204785649247686,15.072594898290593,0.01985869318256869,17.67082365409015,1.48,bG245329,bG,G,g
195962,2459378.6157531,4.537502446641197,0.03808077792531317,14.758023441737933,0.00912223197795925,18.200876082196544,1.45,bk396956,bk,G,g
195962,2459385.3262144,3.1131457156765125,0.09087010502195306,15.167066999797619,0.03172734664726981,17.256588036484533,1.47,bo310483,bo,G,g
195962,2459387.6399668,5.558470837996294,0.12616020328441166,14.53767729348951,0.024670572130474338,16.900334661170604,1.49,bG248901,bG,G,g
195962,2459388.7083656,5.394870857955983,0.34808218891423026,14.57011298970172,0.07013146659175166,15.798436108058858,1.58,bk400626,bk,B,g
195962,2459389.7257618,5.003956024180133,0.17348779535606343,14.651781911365378,0.03768492162864548,16.5544682910882,2.08,bk400763,bk,B,g
195962,2459390.2412702,5.46077756324603,0.2797977849623553,14.556929405912374,0.05569317255841733,16.035529931321015,1.55,bo311249,bo,G,g
195962,2459394.577572,4.37313971573124,0.042831769885550805,14.79808224060439,0.010645960257627943,18.073225559956537,1.42,bk402432,bk,G,g
195962,2459399.650297,3.7434652240545985,0.12227465351939668,14.966881114819055,0.0355037977198963,16.934299509274563,1.43,bG253211,bG,B,g
195962,2459402.3007254,4.893683656023377,0.05233087836203936,14.675975893071316,0.011623430021665482,17.855745550601746,1.41,bo312317,bo,G,g
195962,2459403.5728622,4.004522860768542,0.03810072855404507,14.893688679084216,0.010341765255120433,18.20030741083736,1.47,bk406323,bk,G,g
195962,2459405.5811767,4.753398263681559,0.0476596460236825,14.70755511427879,0.01089830058319106,17.957263580334065,1.42,bk406946,bk,G,g
195962,2459406.5316341,4.948023903716258,0.06960195694464617,14.663986149726329,0.015289801039556107,17.546086985177517,1.49,bk407339,bk,B,g
195962,2459409.4580677,3.476011415073554,0.0732849297103554,15.047362637323314,0.022916360961426522,17.490103922333816,1.51,bk408569,bk,G,g
195962,2459410.6933058,3.670747712039455,0.058620838342532774,14.988179280359141,0.017358398763621267,17.732510548851934,1.51,bG257502,bG,G,g
195962,2459411.6128431,3.3169518594117613,0.05983207532486733,15.098217701204016,0.01960681590811057,17.710305444028414,1.48,bk409542,bk,G,g
195962,2459412.5472944,3.640810800062317,0.04541444255827908,14.997070345315318,0.013558387741275555,18.009655641969736,1.50,bk409920,bk,G,g
195962,2459413.5503817,4.192638156688762,0.06032665916960293,14.843847166091109,0.015639903365980205,17.70136742347773,1.46,bk410353,bk,G,g
195962,2459415.5705073,4.8202704116329995,0.089456235381439,14.692387116422703,0.02017211279753594,17.273614067311943,1.45,bG259474,bG,G,g
195962,2459416.618538,4.720364306394788,0.11338347916520713,14.715126827947305,0.026108771301641836,17.01626616354381,2.10,bk411689,bk,G,g
195962,2459417.624222,4.992593886749344,0.13056544529749983,14.654250020741967,0.02842589753926369,16.863069975799498,1.52,bG260341,bG,G,g
195962,2459418.527886,4.05306641750923,0.11660574424697986,14.88060632084718,0.03127147722868798,16.985840748392455,1.62,bk412475,bk,B,g
195962,2459419.5594694,3.0422342443197166,0.19792724056352254,15.192083995837535,0.07071720573852731,16.41137668666042,2.34,bG261113,bG,G,g
195962,2459420.6480485,3.4621965047969585,0.13156941159797345,15.051686338269812,0.04130621407527072,16.85475328031277,1.44,bG261581,bG,G,g
195962,2459426.4070016,3.140891753779152,0.051586725371207565,15.157433198944732,0.017852422806335973,17.871295710074076,1.48,bo318025,bo,G,g
195962,2459428.514574,3.2647738493233,0.062489891531228484,15.115432864527545,0.020805053666035224,17.66311618437239,1.40,bG264745,bG,G,g
195962,2459430.4678934,3.37170831406926,0.05613173681654764,15.080440630198098,0.01809550285079542,17.779619410749003,1.46,bk417480,bk,G,g
195962,2459433.3041044,3.6487207377879955,0.04465128257585279,14.994714059704293,0.013301649067630013,18.028055765944295,1.49,bo319427,bo,G,g
195962,2459434.2778409,3.2593957153710744,0.06956572673824012,15.117222896503486,0.02319906110542448,17.54665229526458,1.54,bo319803,bo,B,g
195962,2459438.3724992,3.3893638146011513,0.04962055026980684,15.074770150916578,0.015913128149802308,17.913486671203906,1.52,bo320731,bo,G,g
195962,2459440.248498,5.26909758524053,0.08151503442055393,14.595725017509482,0.016815649520593594,17.37454632076652,1.50,bo320812,bo,G,g
195962,2459440.4749106,3.331326897945001,0.07031455304297102,15.093522493715664,0.022942468375101863,17.535027560195847,1.77,bG269288,bG,B,g
195962,2459443.5461019,4.109610456922982,0.09988383353592879,14.865563977827174,0.026418412503133787,17.15390260594959,1.47,bG270089,bG,G,g
195962,2459447.4901223,3.2543814151187203,0.1077144742813457,15.118894494500113,0.035976406994549966,17.071955446090744,1.59,bk422987,bk,G,g
195962,2459448.5666726,3.6739402612981205,0.11331632049320352,14.987235396412949,0.033525290238673934,17.0169094513094,1.48,bk423440,bk,G,g
195962,2459450.4783817,3.4593637153169006,0.05757176583071461,15.052575057625816,0.018089455601519693,17.75211673579053,1.47,bk424220,bk,G,g
195962,2459451.2235325,4.1673070353262265,0.05489131280982914,14.850426874237419,0.01431727250708701,17.80388156713314,1.70,bo322428,bo,G,g
195962,2459453.5078772,4.064309610265555,0.04339647117044058,14.877598661919698,0.011605926192245115,18.059004571849503,1.47,bG272245,bG,G,g
195962,2459454.5246436,4.644678752016783,0.159971245115583,14.732676418520041,0.037436773876688485,16.642535798707556,1.40,bG272644,bG,B,g
195962,2459455.5224909,5.148630364563931,0.08482172196131109,14.620836338136822,0.017907194213348635,17.331372899435703,1.48,bG273006,bG,G,g
195962,2459459.31399,4.019207139939675,0.04584274515834146,14.889714649216554,0.012397736441379852,17.99946407096886,1.63,bo323964,bo,G,g
195962,2459460.3031027,4.716419604399279,0.06218831775349571,14.716034532534684,0.014332057625894182,17.66836858909223,1.47,bo324368,bo,G,g
195962,2459464.5104505,4.720180493281998,0.06493665679465152,14.715169107827485,0.014953521947590748,17.621415797429957,1.47,bk428868,bk,G,g
195962,2459468.3129534,3.7907128763790694,0.06696381646577175,14.953263396066163,0.019201337426943157,17.588040117901215,1.51,bo326254,bo,G,g
195962,2459472.291191,4.985803041103123,0.11359398419551996,14.655727826880693,0.024764660965093728,17.01425228080111,1.50,bo326718,bo,G,g
195962,2459473.2555546,3.5673993569935263,0.07845998043767807,15.019186298031988,0.023906094860131333,17.41602012266351,2.00,bo326810,bo,G,g
195962,2459482.487175,3.667662074690163,0.07237608389413853,14.98909233604278,0.02144953782671436,17.50365290964772,1.64,bG282117,bG,G,g
195962,2459490.2368811,5.309792879620698,0.08354367329780661,14.587371670328169,0.017102049477225746,17.347856694776123,1.59,bo330870,bo,G,g
195962,2459592.8682562,5.227839042307364,0.24059764773871553,14.604260102762412,0.05002433705557745,16.19941216884419,1.71,bG312795,bG,G,g
195962,2459598.5837013,5.368932017939322,0.1482962664535873,14.575345860009051,0.03002302756538875,16.72481506831182,1.43,bo347737,bo,G,g
195962,2459600.8740416,3.590062268395376,0.15756112564700128,15.012310668952043,0.04770449097840144,16.65901792436334,1.44,bk471498,bk,G,g
195962,2459604.5971293,2.9167172345504744,0.19064504093190543,15.237829802672012,0.07104660956621506,16.45207682927371,1.52,bo349297,bo,G,g
195962,2459604.8724708,4.853358206863685,0.10506567932024287,14.684959757210976,0.02353047528752036,17.09898842926984,1.39,bk472772,bk,B,g
195962,2459607.6133146,4.975730530304283,0.09973832728085222,14.65792349149313,0.02178800171050349,17.15548541054892,1.40,bo350052,bo,G,g
195962,2459609.8347444,3.567319535696946,0.05921790272987691,15.019210591875352,0.018043599664076,17.721508055724314,1.47,bG317185,bG,G,g
195962,2459616.5745463,4.552475970468616,0.06727429099288462,14.754446466988217,0.01606251846565262,17.58301778792054,1.56,bo351408,bo,G,g
195962,2459617.7943338,3.3366129794672954,0.05281201936262032,15.091801035094893,0.01720438337489721,17.845808676849146,1.50,bk476489,bk,G,g
195962,2459617.812872,3.490286246808284,0.06206990025052293,15.042913007383236,0.019330014248172083,17.670437992810424,1.53,bG319215,bG,G,g
195962,2459618.8843048,3.128183463549182,0.09777309077305243,15.161835082547906,0.033973422564475636,17.177092250976717,1.57,bk476887,bk,G,g
195962,2459620.5580354,3.3743831126812496,0.051503836869370476,15.079579649917235,0.016590419496044555,17.873041651988444,1.43,bo352657,bo,G,g
195962,2459621.8091855,4.477675021144479,0.08016885466744528,14.772434196430865,0.01946100576965576,17.39262641371108,1.45,bG320526,bG,G,g
195962,2459622.8217357,5.221602510723627,0.06680929251945156,14.605556101003504,0.013907377297995708,17.590548429458213,1.43,bk478221,bk,G,g
195962,2459623.8158948,4.926459007723321,0.08591347548164566,14.668728438667413,0.018955645897722702,17.317487391377217,1.43,bG321201,bG,G,g
195962,2459623.8544056,5.069614881906121,0.05715620804923147,14.637628199794907,0.01225464153474946,17.75998209044512,1.47,bk478580,bk,G,g
195962,2459624.8111373,3.672776828320927,0.11692273847156023,14.987579272813875,0.03460322776523356,16.982893165179426,1.51,bG321532,bG,G,g
195962,2459625.8728959,4.0643222825353575,0.08697726749945756,14.87759527666562,0.023261075667604082,17.304126212355158,1.48,bG321900,bG,G,g
195962,2459627.7821795,3.139833712819675,0.16960567460530437,15.157799001714745,0.058714572489459764,16.579039664863576,1.42,bG322497,bG,G,g
195962,2459627.7834888,2.8670521874527837,0.33603631288923685,15.256476626647368,0.1273980513625172,15.836675084371677,1.51,bG322498,bG,G,g
195962,2459628.7828355,3.4330523542309526,0.0852890413069278,15.060864556056748,0.02700380597668178,17.325407529586553,1.45,bk480266,bk,B,g
195962,2459629.798544,4.226397974304511,0.09808509937117578,14.835139648473879,0.025225792529506037,17.173633020423306,1.49,bk480628,bk,B,g
195962,2459630.8068142,4.18127582158465,0.12604347481954273,14.846793579487777,0.0327660223395263,16.901339692742198,1.41,bG323507,bG,G,g
195962,2459631.788734,5.130775740221371,0.09171006760708827,14.624608040775733,0.019428807872698056,17.246598077441412,1.45,bk481348,bk,G,g
195962,2459631.8239761,4.573320386230736,0.11115206593123626,14.749486554377135,0.026417887391508788,17.037846763598303,1.44,bG323871,bG,B,g
195962,2459632.7735244,5.466441855079901,0.07747790053406112,14.55580378977276,0.015405836467078354,17.429696001782222,1.38,bk481704,bk,G,g
195962,2459633.8580403,5.772678543327341,0.0775429025170891,14.496622187026082,0.014600806709210898,17.428785478689814,1.43,bk482118,bk,G,g
195962,2459633.8889115,5.495437482428395,0.11483285173868454,14.5500599433308,0.022713081079781382,17.00247523606482,1.46,bG324603,bG,G,g
195962,2459634.7897791,3.362149045987064,0.07056267991040772,15.08352321715079,0.02281236318525288,17.531202945014563,1.46,bk482417,bk,G,g
195962,2459635.7612485,3.3551929092905737,0.052558761840376715,15.085771884021286,0.017027065358519326,17.85102779712841,1.44,bk482762,bk,G,g
195962,2459638.7651028,3.729873774023585,0.038894050055503976,14.970830285503549,0.011334469723642425,18.177932689471245,1.42,bk483881,bk,G,g
195962,2459639.8170435,3.623994070096486,0.05603095853558607,15.00209692634761,0.016805550622197504,17.781570481154265,1.40,bk484294,bk,G,g
195962,2459640.8482308,3.874151853729484,0.0399766949191125,14.929624023280967,0.011216114107162467,18.14812339672463,1.47,bk484695,bk,G,g
195962,2459643.7470652,3.733751206683579,0.05227610731327585,14.969702182360617,0.015218436534707029,17.856882509394037,1.46,bG327039,bG,G,g
195962,2459644.7540676,3.4511821766911623,0.04860156757429719,15.055145910055058,0.015307157993113038,17.936014918847757,1.45,bG327332,bG,G,g
195962,2459644.7717885,3.547512773925394,0.057096305794015464,15.025255702419818,0.017494285688320392,17.761120587113705,1.42,bG327345,bG,G,g
195962,2459644.7743995,3.3876638819290497,0.08190633541644494,15.075314837634448,0.02628024165194383,17.36934687260925,1.44,bG327347,bG,G,g
195962,2459645.7868455,3.3461803267605257,0.0585341870227917,15.088692268457782,0.01901395325897353,17.734116634325353,1.47,bG327704,bG,G,g
195962,2459645.8035485,3.350216767470665,0.04568265930528573,15.087383352547787,0.014821448255049927,18.003262168006465,1.45,bk486086,bk,G,g
195962,2459646.7687795,3.2951099225420712,0.06208201359513986,15.105390854959296,0.020478967666084907,17.67022612500355,1.43,bG328029,bG,G,g
195962,2459647.7379853,3.34034466007987,0.04488978846365561,15.090587422133346,0.014607249638991973,18.022271714293787,1.46,bG328354,bG,G,g
195962,2459648.7259141,3.8882476868684814,0.03552185942612787,14.92568081651418,0.009930107307188192,18.276401383275243,1.52,bk487117,bk,G,g
195962,2459649.7257026,4.345120734501785,0.03359361074302025,14.80506100139105,0.008403631686445737,18.336998897350615,1.49,bk487489,bk,G,g
195962,2459650.7327621,4.950276908247434,0.06475411502369809,14.663491889412828,0.01421837786835506,17.624472180512665,1.43,bG329413,bG,G,g
195962,2459651.7228489,5.226674395872459,0.08811062322494383,14.604502007622514,0.018323777089402034,17.290069928668654,1.49,bG329766,bG,G,g
195962,2459652.7233355,4.299080035956761,0.07552048883727117,14.816626796154742,0.019094198568073532,17.457478630322477,1.53,bk488587,bk,G,g
195962,2459654.4768483,4.271940845450673,0.10976756959714279,14.823502546566317,0.02792936043955947,17.051455490332422,1.52,bo360519,bo,G,g
195962,2459655.7012846,3.783349682486364,0.18410031762241227,14.955374413409457,0.052892028939396776,16.49000426699445,2.13,bk489675,bk,B,g
195962,2459656.7516376,3.1702776330133013,0.1307310073408704,15.147322380613295,0.044822232457799704,16.861694092377725,1.52,bG331475,bG,G,g
195962,2459658.6949397,4.044788931402735,0.0865990403384544,14.882825962738295,0.023271768507235537,17.308857913096944,1.54,bG332158,bG,B,g
195962,2459659.6995658,4.470616621753144,0.07853153611444834,14.774147051054312,0.019093644694659094,17.415030380083635,1.46,bG332521,bG,B,g
195962,2459660.7275944,4.803507254374064,0.09453780989345029,14.696169494981435,0.021392387597842847,17.21362676889978,1.39,bG332907,bG,G,g
195962,2459660.7288931,4.949327413985575,0.13860647902948464,14.663700160423652,0.030440341431175206,16.798181782848893,1.47,bG332908,bG,G,g
195962,2459661.7664859,4.950568957904178,0.08221179451141296,14.663427836524763,0.018050581047938448,17.365305291321643,1.50,bk491978,bk,G,g
195962,2459663.8653473,5.33682990698855,0.06174550664852187,14.58185721881151,0.012575757951703008,17.676127215064568,1.44,bk492757,bk,G,g
195962,2459664.730318,3.22712373791888,0.052159878696693855,15.128026577485588,0.01756843707488432,17.85929917962379,1.45,bk493048,bk,G,g
195962,2459665.8590059,4.284439609751811,0.04251421359844315,14.820330557980794,0.010785798364915014,18.081305235999988,1.46,bk493534,bk,G,g
195962,2459666.7062689,3.4545685637491554,0.04099131571711358,15.054081080620843,0.012897638918195061,18.120910965717304,1.44,bk493809,bk,G,g
195962,2459666.7923777,3.224977213899438,0.05869382287062546,15.128748996104166,0.019782351726413475,17.731159618730477,1.53,bG334508,bG,G,g
195962,2459667.6718284,3.8066765464342756,0.04855765549694448,14.948700681406429,0.013865128722902648,17.936996337470656,1.43,bG334785,bG,G,g
195962,2459669.6968772,4.626251565061004,0.04115458626810236,14.736992509719666,0.0096694365437085,18.11659501135988,2.00,bk494974,bk,G,g
195962,2459670.6698354,5.3432042546845935,0.08264671016144147,14.580561181590593,0.016812642064263607,17.359576684676195,1.51,bG335913,bG,G,g
195962,2459671.6698423,4.6807672690530095,0.06500150280812388,14.724273001667605,0.015094492705771501,17.620332117768474,1.43,bG336292,bG,G,g
195962,2459671.7031661,5.48434673692617,0.05979489317725684,14.552253361304118,0.011850900795185974,17.710980375536533,1.44,bk495758,bk,G,g
195962,2459672.6848674,3.7242737598716014,0.0479239671458416,14.972461629457552,0.013986960141882871,17.95125870702939,1.42,bG336686,bG,G,g
195962,2459672.708305,4.234750509597637,0.03453662014978923,14.832996049899219,0.00886470275534775,18.306941026345477,1.41,bk496155,bk,G,g
195962,2459673.6595027,3.3252162623981474,0.046395349833400844,15.09551588276194,0.015165849105830364,17.986454477021525,1.43,bG337051,bG,G,g
195962,2459674.6902369,3.357686435466839,0.04848410052131284,15.084965281777283,0.015695363541285937,17.93864225400503,1.58,bG337459,bG,G,g
195962,2459675.7257397,3.2472003489522314,0.04765154390029447,15.121292909833237,0.01595071164305467,17.95744817080505,1.47,bk497371,bk,G,g
195962,2459675.7455492,2.985204362575481,0.06082901596350915,15.212630453216079,0.0221487334138378,17.692363634195555,1.48,bG337886,bG,G,g
195962,2459676.701571,3.39001277499208,0.04503049420462299,15.074562285256743,0.014438349528923361,18.0188738281364,1.45,bk497764,bk,G,g
195962,2459677.6559193,3.762312514817818,0.03704128367594639,14.961428454304924,0.01070146743700496,18.23092553927652,1.47,bG338607,bG,G,g
195962,2459678.6471058,4.444077318221547,0.043137322800130044,14.780611606767186,0.010550760256964086,18.065507640680796,1.51,bk498535,bk,G,g
195962,2459678.6515501,4.351192019381846,0.05311315530561484,14.803544999135562,0.013268017199062392,17.839635355394215,1.43,bG338995,bG,G,g
195962,2459679.6617058,4.949528165591427,0.07153238468799758,14.663656122345731,0.015709091745895843,17.516383852844275,1.44,bG339397,bG,G,g
195962,2459679.715177,4.331324018820839,0.03906392139996547,14.808513937881258,0.00980318811197062,18.173201017846246,1.46,bk498998,bk,G,g
195962,2459680.6829336,5.032753562923526,0.05219693351884163,14.645551459851255,0.011273311238814344,17.85852813722026,1.46,bk499366,bk,G,g
195962,2459681.6780933,5.04097168530479,0.06898549957625436,14.64377997715463,0.014874957319921537,17.555746077201185,1.44,bk499786,bk,G,g
195962,2459681.6793452,5.437811387727399,0.11865207210792364,14.561505272617019,0.023717196938209527,16.966952293887715,1.45,bk499832,bk,G,g
195962,2459681.7098096,5.330048576116376,0.09575372997930615,14.583237704667413,0.019527053045676035,17.19975136037894,1.39,bG340207,bG,G,g
195962,2459682.7139491,4.6698680385345686,0.10849958638566481,14.726804101244891,0.02525431812092596,17.064070404938548,1.53,bG340604,bG,G,g
195962,2459683.7264754,3.66733242838659,0.09058328026374213,14.989189925462005,0.026847876260433418,17.260020502440376,1.49,bG341013,bG,G,g
195962,2459684.7562234,3.5334686663777015,0.1297966681153731,15.029562511059439,0.03992771642507427,16.869481750806735,1.40,bG341432,bG,G,g
195962,2459684.7768898,4.512029827471064,0.05747505787373602,14.764135717393177,0.013845850178744627,17.75394206832088,1.56,bk501090,bk,G,g
195962,2459686.780448,3.039956260546779,0.15091868931639982,15.192897284921393,0.05396197824743607,16.705783049372485,1.55,bG342229,bG,B,g
195962,2459686.865158,3.66259790390718,0.091232957153928,14.99059251597009,0.027075387574000485,17.252261231505674,1.58,bk501948,bk,G,g
195962,2459686.8879756,3.6265874556510567,0.24385565642934906,15.001320234795472,0.07308813019408439,16.184808526800968,1.66,bk501965,bk,G,g
195962,2459686.8892278,4.202074030615114,0.19324885850997972,14.841406373832516,0.04998795964699285,16.437348268217,1.67,bk501966,bk,G,g
195962,2459689.8298628,3.814218572348263,0.11290859394295746,14.946551681023204,0.03217611424694388,17.020823113583702,2.02,bk502689,bk,G,g
195962,2459691.8028039,4.2888699608553305,0.07681311881310593,14.819208425861001,0.01946725389463131,17.439052114046177,1.54,bG344016,bG,G,g
195962,2459694.8061013,4.428480900964281,0.06534261571946093,14.784428682272079,0.016038136754365724,17.61464932229694,1.54,bG345134,bG,G,g
195962,2459697.7062352,3.695506592233591,0.03965933073023252,14.980880668952366,0.011664968552790641,18.15677715892098,1.54,bk505602,bk,G,g
195962,2459698.3355699,3.1481474438392096,0.05132871473778076,15.154927961296703,0.01772219447532578,17.87673963709838,1.43,bo368695,bo,G,g
195962,2459698.3522161,3.095057586096389,0.06812027086399118,15.173393787687337,0.023923229412877667,17.56944969603643,1.41,bo368708,bo,G,g
195962,2459700.4616158,3.355020581084105,0.056231412124626144,15.085827650644262,0.01821780184600632,17.777693136519275,1.50,bo369297,bo,G,g
195962,2459701.6115532,3.63802192355472,0.18330163464361188,14.997902342548404,0.05476627447770806,16.49472476663709,1.41,bG347556,bG,B,g
195962,2459702.4174609,3.6382255727453776,0.03703842048034836,14.997841566908338,0.011065601043986828,18.231009467125826,1.48,bo370069,bo,G,g
195962,2459702.4701922,3.6814152540331944,0.11270864016397864,14.985028603547567,0.03327779753951137,17.022747586373328,1.45,bo370110,bo,G,g
195962,2459704.4035224,4.547570175104784,0.05274176588873794,14.755617098448857,0.012606293953337656,17.847253944798286,1.47,bo370841,bo,G,g
195962,2459704.4047627,5.029956007030439,0.0963332289556538,14.646155155660043,0.0208172857430924,17.193200317751565,1.47,bo370842,bo,G,g
195962,2459704.4059913,4.622291433008222,0.09989724029378343,14.737922312178064,0.023491369684235097,17.15375688441417,1.43,bo370843,bo,G,g
195962,2459704.4491372,4.454933353065297,0.08318940236682607,14.777962594117946,0.020297332479729445,17.352470600605873,1.53,bo370877,bo,G,g
195962,2459704.4503891,4.218926201441568,0.0924387589053798,14.83706080064254,0.02381575478123833,17.238005346560033,1.58,bo370878,bo,G,g
195962,2459704.4516177,4.017156573936078,0.08763373247266658,14.890268724138483,0.023711810899662195,17.295962337836166,1.62,bo370879,bo,G,g
195962,2459706.5650063,3.7680370564880583,0.03412264895897071,14.959777709333403,0.009843277884198191,18.320033765665926,1.53,bk509041,bk,B,g
195962,2459706.5662581,4.42590313320472,0.07781797293787551,14.785060860829569,0.01911129788601961,17.424940826992255,1.55,bk509042,bk,B,g
195962,2459706.5675101,4.137769684301331,0.07326841178081639,14.858149838804945,0.019246981852271406,17.490348667544282,1.59,bk509043,bk,B,g
195962,2459706.7573818,3.321054012436817,0.055779104607346364,15.096875775116656,0.01825609017579258,17.786461765229944,1.45,bG349495,bG,G,g
195962,2459708.705887,3.8531503832108385,0.06732795631277336,14.935525724117669,0.018992915908086896,17.582152031441776,1.57,bk509650,bk,G,g
195962,2459708.727785,3.6472517525801975,0.046109029903716854,14.995151268163623,0.013741445385406692,17.99317564865525,1.41,bG349910,bG,G,g
195962,2459709.7628289,3.7156076672920375,0.03601875226001124,14.974990996306996,0.010536854581974385,18.261318951003645,1.44,bk510099,bk,G,g
195962,2459710.7443509,4.4577646938329405,0.07705339014206876,14.777272771739431,0.01878826961254811,17.43566123328033,1.45,bG350694,bG,B,g
195962,2459712.4245968,3.1418738006751625,0.11550932315705628,15.15709378030203,0.03996137976651216,16.996098013809984,1.48,bo372435,bo,G,g
195962,2459712.4258498,2.6093480938416453,0.18058124783053833,15.358735574828176,0.0752233730319255,16.510958987176135,1.44,bo372436,bo,G,g
195962,2459714.3355098,5.71308272954819,0.2171004056624842,14.507889339775646,0.04130496843439024,16.310989024054248,1.54,bo373119,bo,G,g
195962,2459715.4894317,3.8107662716018926,0.188027723962658,14.947534840529194,0.05363172292985153,16.467085888864066,1.53,bo373641,bo,G,g
195962,2459716.564105,4.3745209236194675,0.1304249219310342,14.797739376955505,0.032407256009409496,16.86423914784941,1.56,bk512832,bk,G,g
195962,2459717.525864,5.240638903454164,0.10849155011117434,14.601605031096698,0.02250214146011902,17.06415082549683,1.68,bk513225,bk,G,g
195962,2459717.5670496,4.16999021324597,0.10511152905018577,14.849728033012262,0.027398544401411592,17.09851472697878,1.44,bG353303,bG,G,g
195962,2459717.5683494,4.200432673427917,0.11694560948903673,14.841830552237488,0.030262309339463674,16.982680807312192,1.52,bG353304,bG,G,g
195962,2459721.8340887,3.7966376327245817,0.06511403921969448,14.951567751778093,0.018641792141704434,17.618454019503528,1.45,bG354637,bG,G,g
195962,2459723.5523708,3.1375028399534544,0.15504981873051588,15.158605303290127,0.05371546107225338,16.676462454347465,1.55,bo375210,bo,B,g
195962,2459725.5455644,3.527026376717304,0.05007350880377812,15.031543853450946,0.015431618918394853,17.903620549425483,1.43,bG356031,bG,G,g
195962,2459726.2591186,3.073684639625406,0.06156279037423405,15.18091735531003,0.02177063828574418,17.67934487071593,1.57,bo376033,bo,G,g
195962,2459727.3603604,3.1637806536115876,0.05911991657758269,15.149549707206344,0.020311388785856716,17.723306080025374,1.44,bo376503,bo,G,g
195962,2459736.6218642,3.649304391344038,0.04144167101173722,14.994540397984315,0.012343528998244256,18.10904746464356,1.51,bk517941,bk,G,g
195962,2459738.5178344,5.33580296660068,0.06503547201425519,14.582066161885987,0.013248377215718829,17.619764869909424,1.44,bk518423,bk,G,g
195962,2459739.5605809,5.2805397283839115,0.07304285294451326,14.593369836270007,0.015035282273838565,17.49369629206723,1.48,bk518872,bk,G,g
195962,2459741.2653461,4.080072505760762,0.10850710219228339,14.873395920089385,0.028906962368043854,17.063995198193446,1.46,bo380403,bo,G,g
195962,2459743.5635582,2.942023300494929,0.1316475908959881,15.228450352360301,0.0486383664845777,16.85410832124091,1.58,bG360390,bG,G,g
195962,2459746.6054863,3.518897811655962,0.10662562474387575,15.034048984377485,0.0329357157846322,17.082986639408325,1.47,bk521909,bk,G,g
195962,2459749.737318,3.8820430842330715,0.06670276308069284,14.927414744715223,0.018676506616593286,17.592281050419793,1.53,bG362911,bG,G,g
195962,2459757.4530879,5.282349033993387,0.07402228112961054,14.592997887143383,0.015231670741569985,17.47923445011668,1.73,bo382233,bo,G,g
195962,2459757.4544096,5.268985204341802,0.10063956389034223,14.5957481746649,0.02076127111259452,17.145718746088548,2.00,bo382234,bo,G,g
195962,2459759.2857498,3.3364248237850975,0.05656072357246241,15.091862262812272,0.018426624488312497,17.771353219728315,1.55,bo382893,bo,G,g
195962,2459760.5428302,4.125365929620802,0.046438215440775435,14.861409428451292,0.012235598488087907,17.9854518063811,1.53,bG365755,bG,G,g
195962,2459761.5884699,4.525386190700304,0.03501058435606284,14.760926504128967,0.008409223299864153,18.292142212529058,1.51,bk526710,bk,G,g
195962,2459763.4801384,3.5883830020223995,0.04387514689410999,15.012818645334994,0.013290213734692502,18.04709415270366,1.58,bk527482,bk,G,g
195962,2459765.4653657,4.2680854089758835,0.046353596558458054,14.824482868435478,0.011804905304687913,17.987432020100957,1.39,bk528325,bk,G,g
195962,2459767.479742,5.236933269696091,0.07150310010585938,14.602373022160652,0.014840891984315858,17.51682843247511,1.62,bo384974,bo,G,g
195962,2459767.5599945,4.454700075264575,0.047345819125125435,14.778019449016885,0.011552482996754801,17.964436524849724,1.48,bk529257,bk,G,g
195962,2459769.5575726,5.243355029304157,0.09661359178380093,14.601042459951215,0.020028163855229337,17.190045041224533,1.50,bG369146,bG,G,g
195962,2459776.4173926,5.584224981680885,0.15063383252866774,14.532658354362738,0.02932052830942906,16.707834296814973,1.57,bo386809,bo,B,g
195962,2459782.3923587,3.70911892993198,0.11652063786864533,14.976888725139517,0.03414634840270548,16.98663347789377,1.58,bo388159,bo,B,g
195962,2459783.5505653,3.3992345190857716,0.0470890898349336,15.071612801416407,0.015057446907960565,17.970339870867658,1.57,bk531557,bk,G,g
195962,2459785.3748485,5.1744650756752115,0.0707557964148482,14.615401972075862,0.014863077291893734,17.528235552263446,1.48,bo388859,bo,G,g
195962,2459786.67711,3.261905165247983,0.05522149217398268,15.116387296131798,0.018401320092981184,17.797370266940366,1.46,bG372173,bG,G,g
195962,2459787.6835548,3.340738619897899,0.05359528492150025,15.090459378096108,0.01743798336479015,17.82982415132625,1.46,bG372558,bG,G,g
195962,2459790.4883742,3.4277307390984584,0.06466092511859142,15.062548874391048,0.020504415197392104,17.626035826766902,2.17,bG373618,bG,G,g
195962,2459790.5490281,4.266281276627667,0.03529611524045118,14.824941909371958,0.008992689456001051,18.28332333964944,1.66,bk534494,bk,G,g
195962,2459793.2066706,5.055023867491712,0.10513038382615167,14.64075759610688,0.022605661086517296,17.098319986428013,2.17,bo390772,bo,G,g
195962,2459795.4906958,3.9728650502337284,0.04480587445545368,14.902306089164467,0.012258668954465212,18.02430321727635,1.48,bk536287,bk,G,g
195962,2459795.4919375,3.8427778354651227,0.05405627097651619,14.938452429544844,0.015290193395140712,17.8205254039927,1.50,bk536288,bk,G,g
195962,2459796.5211387,4.272390321593433,0.04881491501193433,14.823388315853045,0.012419204762774161,17.931259267618596,1.44,bk536711,bk,G,g
195962,2459797.5366609,4.453973115819682,0.0551295782244724,14.778196644020793,0.0134539327098722,17.799178936768815,1.45,bk537139,bk,G,g
195962,2459799.5776026,4.994499445325618,0.1009795547457441,14.653835699198579,0.021976253435351867,17.142056982924498,1.78,bG376492,bG,G,g
195962,2459800.539555,3.6314369016662056,0.09741666081786511,14.999869366174492,0.02915861618122651,17.18105751384319,1.46,bk537802,bk,G,g
195962,2459800.6574088,5.081469421015714,0.17913502389855013,14.63509233115882,0.038318046684123086,16.519689346445425,1.54,bG376942,bG,B,g
195962,2459801.5832075,3.681662613349917,0.11088943716493983,14.984955653900506,0.032738468886680985,17.040415163550342,1.57,bG377299,bG,B,g
195962,2459802.5305344,3.437660740096386,0.2393662488585073,15.05940808652841,0.07568539333921916,16.204983326548778,1.48,bk538668,bk,G,g
195962,2459807.2467028,3.4183894628918727,0.07439431888288911,15.065511769511492,0.02365540584766735,17.473791181583422,1.67,bo393377,bo,B,g
195962,2459808.3044074,3.256262995281705,0.05509346343850544,15.118266937646075,0.01839046768533484,17.79989042379481,1.49,bo393653,bo,G,g
195962,2459810.5723432,5.132344421245138,0.0522474598258675,14.624276139021163,0.011065258396717676,17.85747765967229,1.59,bk541743,bk,G,g
195962,2459811.593999,4.407158403734728,0.07030331535438243,14.789668971369593,0.01733921046712809,17.535201096681977,1.61,bG381009,bG,G,g
195962,2459813.4859136,3.4506760393091356,0.0581974123660985,15.055305151715503,0.018332076439240952,17.740381423877082,1.47,bG381731,bG,G,g
195962,2459813.4872118,3.5555292113838015,0.08931821881396472,15.022804994654003,0.027305364315141273,17.27529047700491,1.49,bG381732,bG,G,g
195962,2459817.5059526,4.848317686577127,0.07033753732172177,14.686087949065346,0.015769149188920157,17.53467271493564,1.44,bk543411,bk,G,g
195962,2459819.2283524,3.5423431332936555,0.05467549355560979,15.02683905392023,0.016776998179822915,17.80815883118444,1.73,bo395856,bo,G,g
195962,2459819.4684099,4.097603351108333,0.08142329826270424,14.868740831532515,0.021598865845377162,17.375768884870947,2.02,bk544201,bk,G,g
195962,2459820.537161,4.249848870529242,0.03465305593068098,14.829131906487165,0.008862989317865761,18.3032867626072,1.45,bk544654,bk,G,g
195962,2459820.538413,4.310269443467231,0.042157909777805876,14.813804573241526,0.010631311006630421,18.090442936248113,1.44,bk544655,bk,G,g
195962,2459822.4885663,3.327625732004391,0.046883422731539115,15.094729437359407,0.015314294996992705,17.975092336683787,1.38,bk545446,bk,G,g
195962,2459824.494236,3.5760869058288796,0.06049275761569478,15.01654546116205,0.018386856678787394,17.698382154803422,1.49,bG385945,bG,G,g
195962,2459826.2768839,3.3892231334031084,0.07244930709182751,15.074815217143874,0.023235190997847068,17.502555020900555,2.19,bo397282,bo,G,g
195962,2459827.576411,4.100848559069686,0.08916206287317505,14.86788129365921,0.023632983353498456,17.27719034179851,1.47,bG387144,bG,G,g
195962,2459831.3092109,3.348188519695172,0.27760675944049024,15.088040864900345,0.09012230819075222,16.04406552009784,1.50,bo398525,bo,B,g
195962,2459833.5149443,3.326450696727999,0.1729913472716881,15.095112895039334,0.05652693824873349,16.5575796589112,1.49,bk548630,bk,G,g
195962,2459836.2465124,3.4123701122723933,0.07185576356457643,15.067425298604839,0.022888516855239252,17.511486589664536,1.52,bo399930,bo,G,g
195962,2459838.2534926,3.234495963615966,0.07208522326252317,15.1255490884993,0.024224331836428224,17.508024991712208,1.53,bo400662,bo,G,g
195962,2459842.2584553,4.4441106381234725,0.06739585664776727,14.780603466384907,0.01648392038061831,17.58105761677758,1.47,bo401402,bo,G,g
195962,2459842.5086021,3.0611149953922,0.059919691378794195,15.185366510208043,0.021276593470945907,17.708716691871196,1.45,bG392600,bG,G,g
195962,2459844.2659748,5.23154657431854,0.0753949208197032,14.60349038223561,0.015664775172465447,17.459285387824636,1.43,bo401928,bo,G,g
195962,2459846.2432379,3.3914088188385954,0.07048336495579983,15.074115259408833,0.022590126199843456,17.53242403741677,1.64,bo402195,bo,G,g
195962,2459851.2489955,4.058264357265426,0.05377446599468155,14.879214787863832,0.014402833667381843,17.826200345602572,1.52,bo403550,bo,G,g
195962,2459851.5082192,3.364608714541533,0.05312715343907591,15.082729208680325,0.0171630376104247,17.83934924401963,1.47,bG395670,bG,G,g
195962,2459853.4893185,3.3003398534068147,0.06791537675708412,15.103668962845404,0.022367715135845807,17.57272032578862,1.72,bG396380,bG,G,g
195962,2459857.2527283,3.4880449075655484,0.1205221411332601,15.043610453002492,0.03755752313699222,16.94997351514657,1.65,bo405139,bo,G,g
195962,2459957.6004054,3.3365220289145934,0.1193018591028523,15.091830630871925,0.03886560097121047,16.96102258290717,1.53,bo424719,bo,B,g
195962,2459960.863887,3.3472960015477518,0.06214979866956013,15.088330325437136,0.02018170157566467,17.669041296167805,1.53,bk588741,bk,G,g
195962,2459967.8759345,5.019929198743263,0.1378665431424275,14.648321642573045,0.029852002342145953,16.80399339581288,1.48,bG426625,bG,G,g
195962,2459967.8785311,5.212149713019972,0.24613113077997872,14.607523417706272,0.051328885879088244,16.174724244079503,1.47,bG426627,bG,G,g
195962,2459972.6173822,5.16802122056601,0.08939510898692025,14.616754901631708,0.01880189584714423,17.274356215965216,1.66,bo428368,bo,G,g
195962,2459975.8337365,4.965751815367621,0.07654857222006824,14.66010309717878,0.016755764866646327,17.442797874762054,1.57,bG429389,bG,G,g
195962,2459976.8224303,5.255134646864988,0.08052091125121828,14.598606002322423,0.016654707348574244,17.387868908607537,1.58,bG429687,bG,G,g
195962,2459978.5622477,4.02208037384512,0.0486297367823104,14.888938759981581,0.013142057003564245,17.935385814259327,1.62,bo430159,bo,G,g
195962,2459978.5647282,3.801589204346062,0.09137103617759365,14.950152658110527,0.026124954152793985,17.250619236487385,1.62,bo430161,bo,G,g
195962,2459978.8251442,3.2334211359884253,0.06462697234398349,15.125909940149642,0.021725196352461378,17.62660608520895,1.44,bk594950,bk,G,g
195962,2459979.8318115,3.457040623650816,0.16046138303007776,15.053304414875646,0.05045198068503828,16.63921428368453,1.51,bk595229,bk,B,g
195962,2459980.8281755,3.4414071551654914,0.12069503485982125,15.058225478959283,0.03812110842086794,16.94841710018668,1.60,bG431067,bG,G,g
195962,2459983.8100799,4.037992879499547,0.09037049465689408,14.88465175032285,0.024326144565236664,17.262573962779012,1.48,bk596728,bk,G,g
195962,2459984.8261524,4.404365332528058,0.10074338930981559,14.790357283340118,0.02486253427336699,17.14459921710069,2.11,bG432542,bG,G,g
195962,2459985.81272,5.254626450672625,0.11173239982777054,14.598711003187901,0.023112634517875798,17.032192794452733,1.75,bG432923,bG,G,g
195962,2459986.8092063,4.649157199293439,0.09158856576561718,14.73163004482651,0.021413082975727405,17.248037465887727,1.65,bG433297,bG,G,g
195962,2459987.7900924,3.6201456782637442,0.09047470436365576,15.003250503965138,0.02716522446899462,17.26132267975182,1.76,bG433652,bG,G,g
195962,2459988.8033691,3.2456076016923956,0.06358903035359172,15.121825592584017,0.021296015950253124,17.64418510486046,1.48,bk598666,bk,G,g
195962,2459989.5724833,4.524754801916601,0.06347826748028962,14.761077998268878,0.0152490289191307,17.64607794895483,1.63,bo433127,bo,G,g
195962,2459993.8301184,3.8383675485346034,0.03514727074282757,14.939699225037092,0.009953073714848533,18.287911594407415,1.45,bk600317,bk,G,g
195962,2459995.7768966,5.295654384393073,0.07845716544503342,14.590266538382537,0.01610368076681401,17.416059077481528,1.67,bG436318,bG,G,g
195962,2459997.5371695,3.8583016609340866,0.04283293347434136,14.934075172516028,0.012066847145871475,18.07319606471689,2.30,bo434297,bo,G,g
195962,2459998.7536551,3.865111934697446,0.04986588134297864,14.932160432973983,0.014023408856919196,17.908131863238573,1.63,bG437532,bG,G,g
195962,2459999.7740677,3.2759866152670964,0.05121560718395431,15.111710325556025,0.01699309087039411,17.87913479684438,1.52,bG437962,bG,G,g
195962,2460000.7830595,3.26810277000342,0.0518421100156673,15.114326359620563,0.017242456418280903,17.865933938047785,1.46,bk603208,bk,G,g
195962,2460001.8033634,3.333705019966517,0.05644445890583434,15.092747699740341,0.018403749688791958,17.7735873261589,1.53,bG438812,bG,G,g
195962,2460001.8307324,3.2931937106031697,0.05123665728279149,15.106022428988839,0.016911248981901696,17.878688640678643,1.45,bk603673,bk,G,g
195962,2460001.8332014,3.163139969781096,0.07786305919923157,15.149769597315403,0.02675624879319577,17.42431195413616,1.39,bk603675,bk,G,g
195962,2460002.7646948,3.947646379577751,0.033576605109781894,14.90922001550272,0.009245080838735249,18.337548653871472,1.46,bk604054,bk,G,g
195962,2460003.7890397,4.175097952507757,0.03460746564310378,14.84839894983822,0.009009803101515295,18.30471612039522,1.45,bk604506,bk,G,g
195962,2460004.8064353,4.653760459686848,0.06623784137650517,14.730555558937208,0.015470855084569402,17.599875184455886,1.51,bG440069,bG,G,g
195962,2460005.7684919,5.304639776520062,0.0588666419658161,14.588425878541461,0.01206217256840799,17.7279674557198,1.55,bk605360,bk,G,g
195962,2460006.7586906,4.65849813355375,0.04719611648356388,14.729450807724398,0.011012159958393065,17.967874950616864,1.46,bk605790,bk,G,g
195962,2460007.7526,3.268394554536696,0.08406861407265011,15.114229426655934,0.027958352890105793,17.341055891839495,1.52,bG441059,bG,G,g
195962,2460007.7879276,3.2643925917585426,0.07523636814001779,15.11555966329906,0.025051723627918156,17.461571054361258,1.48,bk606218,bk,G,g
195962,2460008.7935751,3.2641135427568506,0.09751356013862764,15.115652478898213,0.0324722160434288,17.179978080301094,1.47,bk606621,bk,G,g
195962,2460008.8080293,3.0081688862732636,0.13961217086452468,15.204310084772462,0.05044675527621545,16.7903324111953,1.54,bG441489,bG,G,g
195962,2460008.8093275,3.250669526084009,0.1968977910304259,15.120133572498693,0.06583854075574794,16.417038501755574,1.56,bG441490,bG,G,g
195962,2460010.7336247,3.2846095341438906,0.17108481963911604,15.108856249373574,0.056616093494281844,16.569611920719822,1.56,bG442121,bG,G,g
195962,2460012.7190829,4.252229994431635,0.1093014231853503,14.828523755813077,0.027939668108795473,17.05607606938768,1.64,bG442906,bG,G,g
195962,2460014.7226384,5.274372490752319,0.09895081648690102,14.59463862824155,0.020392043887766373,17.164092156160105,1.48,bG443623,bG,B,g
195962,2460014.9022399,3.617950660319999,0.08908097828641447,15.003909022562622,0.026762982528555527,17.278178166927546,1.49,bk609050,bk,G,g
195962,2460015.7711311,4.714129022586963,0.08113830387113105,14.71656196052448,0.018708399395309567,17.379575799198008,1.65,bG444013,bG,G,g
195962,2460017.7636361,3.408246427009525,0.07829785644939613,15.068738152041668,0.02497071955578625,17.418265929954472,1.46,bk610164,bk,G,g
195962,2460018.7710052,3.267718332331331,0.06514211203948357,15.11445408585205,0.021668527186264948,17.61798602352803,1.46,bk610592,bk,G,g
195962,2460019.7761288,3.023706830867879,0.06826411929508915,15.198716419683931,0.024539458955178492,17.567159382498737,1.59,bG445622,bG,G,g
195962,2460020.8199042,3.3217791515706825,0.06326757885695328,15.096638734747039,0.020702492343807097,17.649687573784284,1.52,bG446058,bG,G,g
195962,2460021.7041203,3.790600246722517,0.03177317814940555,14.953295655938263,0.009110974768636355,18.39748896690528,1.42,bk611804,bk,G,g
195962,2460022.6884258,4.685081846899507,0.06713392102941236,14.723272666588624,0.015575320918060522,17.585285578028262,1.74,bG446725,bG,G,g
195962,2460022.7025575,4.475574268696758,0.04610672063611241,14.772943701518402,0.011197669323007302,17.99323002668569,1.43,bk612236,bk,G,g
195962,2460023.6902866,5.389417673097442,0.06415917441662407,14.571211016839946,0.012939845692357978,17.63449369412985,1.50,bk612657,bk,G,g
195962,2460023.7371152,4.803812673317618,0.0752807279257936,14.696100463366532,0.017033736272588456,17.460931086834574,1.58,bG447182,bG,G,g
195962,2460024.7384517,5.050103016776288,0.06410365060484605,14.641815028885992,0.013797318759786913,17.63543370486841,1.52,bG447611,bG,G,g
195962,2460025.7339549,5.168146775150064,0.050659630373139766,14.616728524514455,0.010654653983076771,17.89098556961258,1.46,bk613562,bk,G,g
195962,2460027.6918758,3.18823115329374,0.056887373400123224,15.141191119517945,0.019394485076150353,17.76510090640256,1.65,bG448846,bG,G,g
195962,2460028.7797844,3.433065378437964,0.05613543752396715,15.060860437032389,0.017773264762326803,17.779547831642223,2.12,bG449346,bG,G,g
195962,2460028.8052095,3.5446763305870372,0.04640805445247863,15.026124159068113,0.014230788016685385,17.98615720635365,1.55,bk614949,bk,G,g
195962,2460029.7791853,3.496400928404931,0.05730646680739583,15.041012555074838,0.01781535902478513,17.757131528587514,1.59,bG449780,bG,G,g
195962,2460030.6817269,3.8116875412566196,0.04634539056622576,14.947272390707152,0.013216042496468301,17.987624245348766,1.53,bG450137,bG,G,g
195962,2460031.6724407,4.274644093726463,0.05548293622013222,14.822815719104298,0.014108201302236426,17.792242020522952,1.62,bG450568,bG,G,g
195962,2460032.6719239,4.667230796040057,0.03804807986808948,14.72741742874284,0.008861059236102158,18.201808749985478,1.46,bk616638,bk,G,g
195962,2460036.6678328,3.647422849251375,0.08422718146595759,14.995100336254911,0.025100266129253014,17.33900994161,1.49,bk618457,bk,G,g
195962,2460036.6690847,3.638701324857794,0.09087702879001615,14.997699600031126,0.0271468774985106,17.256505312916847,1.47,bk618458,bk,G,g
195962,2460037.6672173,3.0883956107027988,0.08284779949656176,15.175733305897786,0.029158167322362996,17.356938167187835,1.46,bk618915,bk,G,g
195962,2460038.6760358,3.0713900686587152,0.189215052807566,15.18172818317038,0.06696268824956313,16.460251403222514,1.49,bG452789,bG,B,g
195962,2460039.9152287,4.4853586699657955,0.08680907679053225,14.77057267988612,0.021036822048467654,17.306227767569332,1.46,bk620023,bk,G,g
195962,2460042.7264817,4.091640431952299,0.13027002857805112,14.870321968577505,0.03460662282156917,16.86552934039569,1.48,bk621267,bk,G,g
195962,2460045.7602908,5.29816727442485,0.09336316926032458,14.589751457833682,0.01915411508572284,17.22720164735497,1.51,bG455667,bG,G,g
195962,2460047.8226577,4.6521404268831414,0.0802737925712287,14.73093358322676,0.018755694014698957,17.391206156695922,1.48,bG456634,bG,G,g
195962,2460049.9111719,4.304790496318542,0.058434034000202535,14.81518557166217,0.01475455179581085,17.73597593915643,1.52,bk624718,bk,G,g
195962,2460050.782037,3.3625615532069566,0.04969660345474601,15.083390014682871,0.016064552686597292,17.911823842388962,1.41,bk625096,bk,G,g
195962,2460051.735002,3.5485908370459462,0.048847904653406334,15.024925805272263,0.01496243184252571,17.93052576331034,1.45,bG458339,bG,G,g
195962,2460052.668929,4.792302184576267,0.061958459724095936,14.698705134223374,0.014052985241783543,17.672389079590967,1.47,bG458755,bG,G,g
195962,2460053.6818318,5.141535518163012,0.07498341917856666,14.622333521547295,0.01585201856731741,17.465227511474822,1.51,bG459193,bG,G,g
195962,2460053.6911654,5.230571658785851,0.055104962781305174,14.603692731524712,0.01145127197994172,17.799663827947988,1.43,bk626475,bk,G,g
195962,2460056.6124631,3.2086281393690994,0.05161879893647058,15.134267152524103,0.017486410924317883,17.87062087348221,1.43,bk627460,bk,G,g
195962,2460057.6036001,3.382694849176503,0.050148366367583415,15.076908566990618,0.016114103195290577,17.901998636401032,1.42,bk627922,bk,G,g
195962,2460059.6429406,3.543816708501996,0.04276128203611488,15.026387493692148,0.013115704961707449,18.07501381789829,1.45,bk628818,bk,G,g
195962,2460060.6361716,3.8150263581529793,0.04048561691020224,14.946321765138961,0.011534941362366269,18.13438870809556,1.45,bG461848,bG,G,g
195962,2460061.6488569,4.399467069013777,0.03652851309242894,14.791565444137394,0.009024935273387429,18.246060625334504,1.46,bk629760,bk,G,g
195962,2460062.8765302,3.3184795678256265,0.048487825339229865,15.097717752291048,0.015882019732294812,17.938558844922767,1.44,bk630412,bk,G,g
195962,2460064.3718512,3.545160038448642,0.055686749617448725,15.025976009206438,0.017073721641527748,17.78826093825679,1.67,bo451602,bo,G,g
195962,2460064.3730932,4.6850682046989265,0.10188039892317638,14.72327582808145,0.023636702649464894,17.13241401939318,1.56,bo451603,bo,G,g
195962,2460065.6264913,3.294620744325193,0.08634620416880932,15.105552050773955,0.02848721507941854,17.312032485252526,1.48,bG463974,bG,G,g
195962,2460065.6555102,3.572937841605154,0.06980434673534275,15.017501970163131,0.021235827012214017,17.542934443695287,1.49,bk631576,bk,G,g
195962,2460066.639176,3.5824814040336577,0.07973039856156772,15.014605760440267,0.02419090762056109,17.39858077374557,1.60,bk632040,bk,G,g
195962,2460067.6123067,3.0243674890886227,0.09487170979763905,15.198479220035203,0.034096856306361445,17.20979879245099,1.44,bk632486,bk,G,g
195962,2460067.6519507,3.321469385759471,0.09556234743834476,15.096739987606867,0.031272941194687126,17.20192358788639,1.47,bG464923,bG,G,g
195962,2460068.6531466,3.2848522736238674,0.11614911106469428,15.10877601417332,0.038433702111874087,16.990100885640405,1.46,bk632985,bk,G,g
195962,2460069.4279865,4.49232081323014,0.10055650819030801,14.768888714105369,0.02433053135004811,17.146615151120006,1.49,bo453359,bo,G,g
195962,2460070.765708,3.7168379933914295,0.14933799063767686,14.974631542726584,0.04367257953014185,16.717214852586874,1.50,bG466351,bG,G,g
195962,2460071.3807722,3.750002854799796,0.17743194020503059,14.96498662641405,0.05142950873326249,16.530061107564897,1.51,bo454140,bo,B,g
195962,2460072.357586,3.315487318762283,0.09727580021214575,15.098697194431047,0.03189110838989928,17.182628581210974,1.47,bo454559,bo,G,g
195962,2460072.5680531,5.39612170554803,0.10316642699464285,14.569861281526515,0.020781114060317928,17.118794637186014,2.26,bk634796,bk,G,g
195962,2460073.8529667,3.8738620644240918,0.09803398914498128,14.929705240156437,0.02750709294268124,17.174198923769982,1.47,bk635497,bk,G,g
195962,2460074.6028725,3.63514717659704,0.07917172151575416,14.9987606250855,0.023673379606990983,17.406215390508084,1.47,bG468050,bG,G,g
195962,2460074.7806177,4.466323271707823,0.07064766578430977,14.77519023720037,0.017193323545641775,17.529896068370718,1.46,bk635917,bk,G,g
195962,2460075.6008153,3.4059503912105984,0.09313464923259927,15.069469827206081,0.02972248645914014,17.229862403322972,1.66,bk636260,bk,G,g
195962,2460075.7926634,4.907721224925102,0.08531416480438045,14.67286590886204,0.01889528430422686,17.325087752583606,1.46,bG468660,bG,G,g
195962,2460076.5851002,4.478369516780153,0.06290061526662301,14.772265809805717,0.01526676924029629,17.65600337757494,1.53,bk636731,bk,G,g
195962,2460077.7800209,4.005254856828493,0.05398159222063129,14.893490232971411,0.014649665455880378,17.822026385954107,1.43,bG469560,bG,G,g
195962,2460078.7824406,3.399446341742081,0.05391270158858779,15.071545146078048,0.01723832551104793,17.823412873800724,1.46,bk637826,bk,G,g
195962,2460080.7744323,3.199261003386429,0.04974139644651297,15.137441441494765,0.016899757541106855,17.910845677578354,1.42,bk638708,bk,G,g
195962,2460082.7699572,3.641900145309834,0.04070715515519067,14.996745537261722,0.012149401689215415,18.128463730191143,1.46,bk639425,bk,G,g
195962,2460084.7657105,4.591928395918638,0.0654107921526429,14.745077854066515,0.015483405008151109,17.613517089803278,1.45,bG472399,bG,G,g
195962,2460086.7612041,4.96679669705917,0.0773646082439742,14.6598746631802,0.016930824958543467,17.431284784655706,1.49,bG473052,bG,G,g
195962,2460091.7442997,3.5630770564541328,0.052195940889707054,15.020502585608341,0.015922955765328838,17.858548784863032,1.44,bk642735,bk,G,g
195962,2460092.5650146,5.488524317276519,0.08025907381703247,14.551426640488497,0.015894641012988073,17.391405252179908,1.50,bk643088,bk,G,g
195962,2460092.7484109,3.9808219263846336,0.24511847412769502,14.900133745339216,0.0669291741702739,16.17920050029117,1.42,bG475282,bG,B,g
195962,2460094.7367081,5.000761181618352,0.06906006663504193,14.652475335534074,0.015010772779276179,17.554573128797205,1.44,bk643690,bk,G,g
195962,2460095.7458522,5.302714237463576,0.15850331798301703,14.58882006308315,0.0324901941691922,16.652544716877426,1.77,bG476164,bG,B,g
195962,2460097.7287333,3.598188103722622,0.08836535966332758,15.009855963868048,0.026693797326078333,17.286935487807206,1.51,bk645111,bk,G,g
195962,2460097.7299737,3.6387150485791886,0.15460614778724233,14.997695505077528,0.046183929874895134,16.67957371321426,1.50,bk645112,bk,G,g
195962,2460098.7293221,3.0060693137449643,0.13178957832354887,15.205068146533664,0.04765343932724257,16.85293794041646,1.52,bG477533,bG,G,g
195962,2460100.7200849,3.661119918781326,0.1896464129859631,14.991030736562927,0.05630446693703,16.457779029504735,1.58,bk646454,bk,G,g
195962,2460101.7171293,3.7540213579483352,0.11382801487510634,14.96382377441606,0.03295828428443863,17.012017706550754,1.53,bk646947,bk,G,g
195962,2460103.7120302,4.477645540752955,0.06471293866671368,14.772441344791034,0.01570918244521438,17.625162806610827,1.49,bk647818,bk,G,g
195962,2460104.7053804,5.470131149400916,0.08685330454689077,14.55507127501432,0.017258409941812276,17.305674744202935,1.47,bk648308,bk,G,g
195962,2460107.511025,3.34809115148406,0.04711887919767692,15.088072439505108,0.015297126250057832,17.96965323276141,1.43,bG480407,bG,G,g
195962,2460110.7819502,3.2634316031833306,0.059922020214064314,15.115879334927719,0.019958325648353488,17.70867449453048,1.47,bG481843,bG,G,g
195962,2460113.4666702,3.2771503731234164,0.05365061986591649,15.111324698320185,0.017794694938891263,17.828703751288757,1.59,bG483038,bG,G,g
195962,2460114.6552092,5.054085928636391,0.06336981775917397,14.640959068678951,0.013628623982128937,17.647934466017396,1.79,bG483579,bG,G,g
195962,2460122.4640067,3.8303398244817686,0.057010118899792135,14.941972357497557,0.016178073847961078,17.762760744527814,1.58,bG485693,bG,G,g
195962,2460123.5240623,3.4766732505993216,0.09125014823777311,15.047155931905582,0.028528692973839875,17.252056664818312,1.41,bG485973,bG,B,g
195962,2460125.6730544,4.748744728761682,0.09546722256178725,14.708618561071912,0.021851821081760946,17.20300489201107,1.51,bk655749,bk,G,g
195962,2460126.4210742,3.8018013520028604,0.1702922865020116,14.950092070300368,0.048687528431151636,16.57465316953744,1.46,bo463144,bo,G,g
195962,2460126.5743456,3.4697700958556243,0.096278801444061,15.04931387291964,0.030160750782839005,17.1938139234679,1.49,bG487419,bG,G,g
195962,2460128.5060544,4.0714827082460685,0.200943928566861,14.87568413561646,0.05364564442758552,16.39495338967223,1.51,bG488331,bG,G,g
195962,2460131.689119,3.917221843939389,0.1510794191276263,14.91762020319652,0.041921741086837924,16.704627345499976,1.52,bk658723,bk,G,g
195962,2460132.693012,3.0255082217731397,0.5916808810236585,15.19806977863528,0.21256970574024892,15.222421771062207,1.49,bG490390,bG,B,g
195962,2460137.3608718,4.810907946497799,0.06103854590720408,14.694498004662343,0.013790795061794297,17.688630163754,1.65,bo466389,bo,G,g
195962,2460139.4187216,5.072060852753856,0.06373725704036726,14.637104483749129,0.013659068617083995,17.641657187706198,1.50,bo467291,bo,G,g
195962,2460140.5900438,3.956457067589428,0.03898220505692748,14.906799478628635,0.010709572047553047,18.175474607288944,1.47,bG493185,bG,G,g
195962,2460142.5758364,5.3638405294100275,0.05845125140780345,14.576375978521794,0.011844865367112925,17.73565607745862,1.50,bk663173,bk,G,g
195962,2460148.4161022,4.48913661940796,0.05625399378002549,14.769658565699386,0.013620802973275349,17.777257209370106,1.47,bo469431,bo,B,g
195962,2460148.5899698,3.479070577696011,0.06076909414376201,15.046407524548773,0.018985922166455352,17.69343370501102,1.57,bk664917,bk,G,g
195962,2460148.6557279,3.4075124973687303,0.10155406422946579,15.068971978969728,0.032394555415004696,17.1358973396748,1.54,bG495699,bG,B,g
195962,2460151.4769326,5.26936878739337,0.21721800234321936,14.595669135754815,0.044807363806264204,16.310401073027535,1.49,bG496839,bG,B,g
195962,2460153.5818961,5.30732823365183,0.07738734332914875,14.587875753380406,0.015849156831554204,17.430965766962952,1.52,bk666898,bk,G,g
195962,2460155.5166062,3.1119229128889807,0.11045477096326278,15.167493546508663,0.038580497337661265,17.044679412818773,1.43,bG498371,bG,G,g
195962,2460155.5747625,2.9154351521765145,0.09338418457158573,15.238307157576688,0.034816260060388474,17.2269572842203,1.47,bk667855,bk,G,g
195962,2460157.6076702,3.149531110391083,0.15706224932149382,15.154450865845764,0.054204842001962766,16.662461079483627,1.51,bG499348,bG,G,g
195962,2460158.5008702,4.06106048610834,0.12177501178942297,14.878466977301626,0.032593492193024584,16.93874516071911,1.49,bk669235,bk,G,g
195962,2460159.2566622,3.4656480917027386,0.13120088936732133,15.050604468396623,0.041149493134404545,16.857798663972446,1.52,bo471410,bo,G,g
195962,2460160.4786937,5.244089325465106,0.05614992021658864,14.600890420636146,0.0116383452276797,17.77926775266977,1.42,bk670203,bk,G,g
195962,2460199.2230643,3.5944394726902913,0.09107966745160029,15.010987685135513,0.027542441397754552,17.25408702079716,2.36,bo481328,bo,G,g
195962,2460200.2872085,3.307202713749823,0.052139418473984143,15.101413583164902,0.01713631907544143,17.859725153823824,1.44,bo481657,bo,G,g
195962,2460202.286947,3.442252972527867,0.06038279015047678,15.057958663189613,0.019067008752313517,17.70035766918129,1.60,bo482194,bo,G,g
195962,2460209.2569582,3.3580638886336103,0.09737436364654438,15.08484323597468,0.03151866763883277,17.181529030137227,2.42,bo483379,bo,G,g
195962,2460210.2390435,3.071991748532336,0.08998254961646106,15.181515510201649,0.03183834044966274,17.267244875068673,1.74,bo483534,bo,G,g
195962,2460216.2475885,5.269048572403311,0.15891407413083944,14.59573511701106,0.03278251982290324,16.649734706581597,2.15,bo484626,bo,G,g
195962,2460220.2400828,3.2618477927544594,0.06695832419416173,15.116406392928925,0.022312747801793518,17.588129172005445,2.13,bo485573,bo,G,g
195962,2460225.4922175,3.3345313802449574,0.0701480550540674,15.092478600319378,0.022866147363331427,17.537601526060314,2.34,bG503953,bG,G,g
195962,2460358.7966978,5.274341587171782,0.08232515992482013,14.594644989801072,0.01696588436766064,17.36380915382959,1.52,bG535334,bG,G,g
195962,2460362.7857685,3.2426611186898358,0.11956834739818241,15.122811711880358,0.0400799190050842,16.958600044620297,1.62,bG536660,bG,G,g
195962,2460363.7811184,3.4809698216351124,0.10758617360391247,15.045814976850995,0.033594515046039705,17.07324945712547,1.49,bG536983,bG,G,g
195962,2460366.8426759,3.4230667317901387,0.11417556357956549,15.06402720808804,0.03625517209568031,17.008707701452025,1.48,bG538136,bG,G,g
195962,2460367.5161345,4.581931660264143,0.20321149113546658,14.747444103836864,0.048207191193527156,16.382769954828575,1.46,bo521840,bo,G,g
195962,2460370.8052307,4.244118553622456,0.06393918050479187,14.830596855235763,0.01637539299768614,17.638222947169464,1.45,bk724290,bk,G,g
195962,2460371.7882768,3.4039924743487573,0.06788038083885993,15.070094144127193,0.0216754364784695,17.57327993585227,1.48,bk724703,bk,G,g
195962,2460373.8771748,3.326512868042884,0.058849261962621705,15.095092602835171,0.01922932260515806,17.728288059787975,1.44,bk725614,bk,G,g
195962,2460376.8496222,3.5526227666654577,0.047949978313929276,15.023692885752403,0.014670722187173123,17.95066957371526,1.53,bk726867,bk,G,g
195962,2460377.8447421,4.1356509705747095,0.035611822862469215,14.858705924213085,0.009359712264596755,18.2736551002522,1.46,bk727307,bk,G,g
195962,2460378.8480455,4.663210485291486,0.04295239872513682,14.728353075208558,0.01001185558016017,18.070172055168324,1.43,bk727750,bk,G,g
195962,2460380.8348306,5.094655897081524,0.04998462031141453,14.6322784816741,0.010664333397917967,17.90554961766986,1.53,bk728508,bk,G,g
195962,2460383.8360513,3.1487238305111664,0.049138677761293326,15.154729194686379,0.01696293772883996,17.924081946013853,1.40,bk729758,bk,G,g
195962,2460384.8414399,3.3169775418894702,0.0461996840121226,15.098209294603887,0.015139399409577627,17.99104309854001,1.45,bk730168,bk,G,g
195962,2460385.7432899,4.0574261852651725,0.026704519056940584,14.879439053115188,0.00715395667683636,18.586178709395607,1.53,bk730457,bk,G,g
195962,2460386.7805364,4.136830711128055,0.027339868601313242,14.858396250021237,0.007183578578584096,18.560649554028522,1.53,bk730922,bk,G,g
195962,2460388.8004058,4.76603657447244,0.12052364373535442,14.704672195305545,0.027486981800261993,16.949959978884188,1.60,bG543853,bG,G,g
195962,2460389.8514446,4.75989333199809,0.08567114125061277,14.706072571281258,0.01956363288252468,17.320554230680603,1.42,bG544303,bG,G,g
195962,2460390.9042588,5.132852797197911,0.060471206399903256,14.624168598529486,0.012805660861673354,17.69876902928591,1.52,bk732765,bk,G,g
195962,2460391.8484408,4.284865635490604,0.06788436795717745,14.820222602538454,0.017220459811861627,17.573216164383613,1.60,bG544912,bG,G,g
195962,2460392.8475918,3.348297343694964,0.09127997288565932,15.088005576494174,0.02963218365867965,17.251701855430216,1.52,bG545359,bG,G,g
195962,2460393.869477,2.8959562819957054,0.1204181012507552,15.245585618862531,0.04519724324006401,16.95091117398743,1.48,bG545825,bG,G,g
195962,2460400.8257956,4.975761168767758,0.09610882110430681,14.65791680600515,0.020995000835592068,17.195732486154483,1.45,bG548675,bG,G,g
195962,2460401.8189268,3.741782579008933,0.06495184955928147,14.967369250609526,0.01886796867181398,17.621161805215444,1.45,bk737371,bk,G,g
195962,2460402.8430256,3.3027934030332453,0.08772084649392727,15.102862101109096,0.02886912215020299,17.29488357667506,1.39,bG549592,bG,G,g
195962,2460403.7000888,3.421413268563758,0.058425014870954126,15.06455178407422,0.01856117515243857,17.7361435324284,1.42,bG549936,bG,G,g
195962,2460404.8382867,3.2403792936789024,0.05100580219834058,15.123576001464262,0.017109444395652335,17.883591655540847,1.52,bk738741,bk,G,g
195962,2460405.8269176,3.6108370367714198,0.04044319657215595,15.006045901234534,0.012174461441048244,18.135526925723404,1.49,bk739182,bk,G,g
195962,2460406.8135557,3.684714293620606,0.03980927484421399,14.98405607464014,0.011743366641082447,18.15267994480075,1.46,bk739569,bk,G,g
195962,2460407.8146379,4.252909457986938,0.039842072780797474,14.828350279954744,0.010182817498586379,18.15178580025042,1.45,bk740049,bk,G,g
195962,2460410.8118011,4.949326861731796,0.05338199860495314,14.66370028157182,0.011723596591642382,17.834153537436265,1.42,bk741393,bk,B,g
195962,2460417.6706175,5.309238397002919,0.06837784586835532,14.587485055784505,0.013998946732367084,17.565352074086537,1.47,bk743212,bk,G,g
195962,2460419.7807571,5.182829567348679,0.0585805075352795,14.613648303047091,0.012285656683253342,17.73325778633462,1.42,bk744246,bk,G,g
195962,2460420.6557766,4.318623780605384,0.038069540367814146,14.811702192577798,0.009581741148242843,18.201196527951517,1.49,bk744860,bk,G,g
195962,2460420.8406495,5.357991866826516,0.054575393085531436,14.57756049719575,0.011071513528804647,17.81014843032147,1.51,bk745006,bk,G,g
195962,2460423.8236135,3.0632376067788885,0.1612184961258073,15.184613909476784,0.05720662850349043,16.634103447289213,1.47,bG556590,bG,B,g
195962,2460424.4297586,4.339047827663587,0.32198864191793436,14.806579529238586,0.08066001301651458,15.883039230644888,1.50,bo536580,bo,B,g
195962,2460427.8012067,3.9799899630629274,0.1761741592828293,14.900360680158238,0.04811410409864694,16.537785092226514,1.48,bG557817,bG,B,g
195962,2460428.7713459,5.637824357321663,0.1513140816484332,14.52228676830768,0.029172925131152307,16.702942245488043,1.50,bk747792,bk,B,g
195962,2460431.5624302,-6.907100247789851,0.2161979052970532,16.315511906852446,99.999,16.315511906852446,1.53,bo538338,bo,G,g
195962,2460432.6721722,3.4283379243360783,0.04364416695295634,15.062356565057648,0.013837408374664314,18.052825090388694,1.46,bk748508,bk,G,g
195962,2460433.7439746,3.3350847380826183,0.052019502664050477,15.0922984398336,0.016953973322675744,17.862225121996847,1.43,bk748994,bk,G,g
195962,2460434.7431161,3.646392054539275,0.059436773541245255,14.995407218499885,0.017717565106956455,17.717502545936423,1.46,bk749462,bk,G,g
195962,2460435.7883416,3.6749201195888745,0.08714787767858889,14.986945863730881,0.025776330074097905,17.30199857355294,1.41,bk749951,bk,B,g
195962,2460436.7142748,4.2794920625063275,0.07085248732976528,14.821585059294529,0.017995961216814058,17.526752858729772,1.49,bG560755,bG,G,g
195962,2460437.6813085,5.200337731866924,0.09644326242717972,14.609986748616762,0.02015823557586279,17.19196087889792,1.51,bG561165,bG,G,g
195962,2460439.3173594,4.829670429719616,0.058868269305752605,14.690271882068863,0.013248781708092246,17.727937441480734,1.44,bo539809,bo,G,g
195962,2460439.7826677,5.331098987065199,0.05553290114259128,14.583023755991825,0.011322590185342542,17.791264705389665,1.43,bk751329,bk,G,g
195962,2460440.7557702,3.825224077393226,0.05010506838310575,14.943423420469891,0.014237605366197559,17.902936463466613,1.61,bG562138,bG,G,g
195962,2460442.5465029,4.056627095431892,0.06854098148403609,14.879652904500098,0.018365273681272935,17.56276481371526,1.57,bG562907,bG,G,g
195962,2460444.5494531,4.543446600597729,0.21550890672783166,14.75660205195908,0.05155751398726006,16.318977552081805,1.43,bG563670,bG,B,g
195962,2460446.297088,3.650898979972592,0.10072910576340034,14.99406608170977,0.029989369478336147,17.14475316529591,1.54,bo542232,bo,G,g
195962,2460447.6143531,4.426839361166612,0.07929614595865743,14.78483121524831,0.01947020344913227,17.404510412049913,1.45,bG564618,bG,G,g
195962,2460448.7076196,5.3905046747727505,0.06903362752653863,14.57099205476593,0.013920134790059237,17.554988874032333,1.54,bk754591,bk,G,g
195962,2460448.796403,4.68469835049851,0.06755194917603512,14.723361542937571,0.015673587970774724,17.57854589924679,1.48,bG565025,bG,G,g
195962,2460449.7011016,3.9614867797479185,0.057123716631563085,14.905420094932612,0.015673659863281574,17.760599471136533,1.44,bk755048,bk,G,g
195962,2460452.4529319,5.390871517371175,0.158554515866453,14.570918169153625,0.03196920284909201,16.652194071725646,1.50,bo543660,bo,G,g
195962,2460454.50652,5.4064807100277825,0.15900646209345667,14.56777897779567,0.03196776613862373,16.64910367494135,1.63,bk755863,bk,G,g
195962,2460456.8339258,3.489410392486247,0.10546968493053507,15.043185496805533,0.03285396356011117,17.094821489829577,1.41,bG567241,bG,G,g
195962,2460473.7021305,3.4925131606392386,0.05912242697014406,15.042220493990818,0.01840036232375466,17.72325997768994,1.42,bG572593,bG,,g
195962,2460477.6910738,5.01289583581533,0.10402291134764202,14.649843921292494,0.022555501969894955,17.10981810031097,1.44,bG573005,bG,,g
195962,2460478.6863132,5.006754296687939,0.11013347101643188,14.651174924297676,0.023909760193798344,17.04784229428908,1.75,bG573440,bG,,g
195962,2460479.6823915,3.7629986473063277,0.0988343062928449,14.961230466774559,0.028548666599567153,17.165371315570724,2.25,bG573874,bG,,g
195962,2460480.678137,3.349310835135417,0.14287085906724015,15.087676986248484,0.04636607937385725,16.76528147118072,1.65,bG574423,bG,,g
195962,2460481.2723122,3.957155631813863,0.11573026723041932,14.906607794627762,0.031788936406086175,16.994023221580196,1.48,bo547685,bo,,g
195962,2460481.6784819,3.5218769155257417,0.14586112029143833,15.033130187441772,0.04501710303106585,16.7427917493078,1.56,bG574862,bG,,g
195962,2460485.2741345,3.2044078236531433,0.18140743400964152,15.135696163761905,0.06153461242768594,16.506002910651667,1.56,bo548424,bo,,g
195962,2460486.2692461,3.7174977257232467,0.06461908239976127,14.974438843524654,0.018893927643104016,17.626738644738495,1.41,bo548818,bo,,g
195962,2460486.6597777,4.837825835395652,0.10728261836161952,14.68844004866245,0.02410412149280601,17.076317200309134,1.52,bG575712,bG,,g
195962,2460487.277165,3.9560172420201933,0.04620570324371241,14.906920182854924,0.01269549332314051,17.99090165012742,1.51,bo549243,bo,,g
195962,2460487.6566495,5.238434059940346,0.10648332994478105,14.60206191854704,0.022094913979178246,17.084436551621643,1.49,bG576100,bG,,g
195962,2460488.6520627,4.321314583719642,0.08536497848897294,14.811025914036843,0.021472174334700004,17.324441273375605,1.48,bG576536,bG,,g
195962,2460489.2848946,4.898258666004637,0.07119899497111891,14.674961333513698,0.01579953554969242,17.52145595324814,1.54,bo550076,bo,,g
195962,2460490.4941314,3.5850624436098895,0.040050301742212226,15.013823811059972,0.012142867066070744,18.146126130336356,1.46,bk762311,bk,,g
195962,2460490.670063,3.2275925814869493,0.06323717069382159,15.127868850821262,0.021296385267533777,17.65020953433336,1.51,bG577204,bG,,g
195962,2460491.7076611,3.3246945515582125,0.06824907062831134,15.095686243046265,0.022312958761071516,17.56739875691273,1.44,bG577613,bG,,g
195962,2460492.4869053,4.376750971017101,0.0362627588030986,14.797186030360978,0.00900577675958596,18.253988508114517,1.54,bk763087,bk,,g
195962,2460493.5724116,3.7466167809311943,0.03970861381747235,14.965967437344784,0.011520136507634665,18.155428794936487,1.46,bG578320,bG,,g
195962,2460494.2755845,3.2807599804581593,0.050862789835060346,15.11012947558832,0.016851473882385302,17.886640167343202,1.46,bo551133,bo,,g
195962,2460495.6695633,4.335427770390372,0.050477884750659306,14.807485734444555,0.012655559944523064,17.89488774210614,1.49,bk764507,bk,,g
195962,2460496.6850364,4.528500988031993,0.05457657121421497,14.760179455198458,0.013099778529855529,17.81012499259456,1.43,bk764929,bk,,g
195962,2460498.6353655,3.9387803790859532,0.07545406537976236,14.91166120771188,0.020822508635349752,17.458434001347612,1.47,bG580216,bG,,g
195962,2460499.6960615,4.473220768847364,0.06694892662075645,14.77351479070808,0.016268048498893302,17.588281565331986,1.47,bG580715,bG,,g
195962,2460500.6863219,3.391215272804767,0.054530934746602144,15.074177223608363,0.01747832278141621,17.81103325582719,1.48,bk766347,bk,,g
195962,2460501.5008417,3.7918850757079348,0.06470074427020293,14.952927706565355,0.018546684443684756,17.62536742018067,1.46,bG581388,bG,,g
195962,2460502.6265547,3.4673999864206406,0.06433972603760463,15.050055764409226,0.020169142613303142,17.631442593147057,1.44,bG581867,bG,,g
195962,2460503.6410309,3.5880584234794157,0.040836817023837714,15.012916857430586,0.012370992707550207,18.125010900998458,1.54,bk767555,bk,,g
195962,2460504.6495611,3.788527316515219,0.05358702955314297,14.953889564778917,0.0153745153161501,17.829991401909908,1.55,bG582744,bG,,g
195962,2460510.6705418,3.214747398735783,0.12483516548783256,15.132198488342414,0.04220872760414837,16.911798258130933,1.45,bG585192,bG,,g
195962,2460512.5044564,3.786719885847408,0.10570603189996895,14.954407671422423,0.030342318477333974,17.09239118607502,1.61,bk771108,bk,,g
195962,2460514.3832817,3.534111847685702,0.25943933321404594,15.029364897397206,0.07979353438327784,16.117551062730794,1.54,bo552789,bo,,g
195962,2460514.6048909,4.15220191762053,0.1237909585639007,14.854369460580926,0.03240579153252714,16.920918296767475,1.56,bG586664,bG,,g
195962,2460516.6325124,5.032381151682239,0.09817190373364726,14.6456318046016,0.02120439366544466,17.172672579331053,1.55,bG587505,bG,,g
195962,2460517.5665843,3.9811124106736093,0.028703290509266042,14.900054521046165,0.007836811824446992,18.5078113950339,1.46,bk773074,bk,,g
195962,2460518.5936211,3.4539720342380136,0.042853314114029574,15.054268580044166,0.013485832772428916,18.072679575795373,1.54,bk773518,bk,,g
195962,2460519.5785082,3.3727902456909744,0.048252719400909694,15.080092289299976,0.015550509881684637,17.943836126178983,1.61,bk773929,bk,,g
195962,2460526.3775755,3.3790596346057047,0.12475299979458983,15.078075981294495,0.04012982941896875,16.912513117916568,1.73,bo555743,bo,,g
195962,2460528.5255015,3.1633020075164655,0.05053565018622717,15.149713979880993,0.01736478351410176,17.893645967295356,1.44,bk776083,bk,,g
195962,2460530.5184723,3.3670208672298907,0.044408772836432325,15.081951102402957,0.014336235847776197,18.03396868063192,1.46,bk776456,bk,,g
195962,2460531.5189126,3.6721780059217943,0.04266673174510491,14.98775630948056,0.012629257693076943,18.07741716807567,1.48,bk776871,bk,,g
195962,2460532.5120062,3.986625033560241,0.04240802275529569,14.898552148447145,0.011562581511902191,18.0840205508118,1.40,bk777287,bk,,g
195962,2460533.5160046,4.181376357659332,0.0918043332712811,14.84676747397631,0.02386470631622143,17.24548265921819,1.46,bG592516,bG,,g
195962,2460534.512537,4.868801199840406,0.08760408243205021,14.681510517184151,0.01955755119630077,17.296329748521973,1.54,bG592931,bG,,g
195962,2460535.5087412,5.226303796241292,0.09507051803110497,14.60457899495183,0.019772581852847224,17.20752596056763,1.48,bG593347,bG,,g
195962,2460535.5099699,5.168675188591957,0.10133608835599542,14.616617519873483,0.02131066822871652,17.13823027092484,1.48,bG593348,bG,,g
195962,2460536.5054061,3.74842838775593,0.0817825992269998,14.965442576690194,0.02371504011786209,17.37098833831493,1.45,bG593763,bG,,g
195962,2460537.5056548,3.4787457371775528,0.0920751730054052,15.046508904377145,0.028769481114674467,17.2422842525699,1.47,bG594183,bG,,g
195962,2460537.5068835,3.505870320819147,0.15953671609986078,15.03807600260987,0.04946260361993956,16.645488990693515,1.41,bG594184,bG,,g
