# "asas_sn_id":214749660375,"ra_deg":278.17303,"dec_deg":3.22418,"name":"WISE J183241.5+031327"
asas_sn_id,jd,flux,flux_err,mag,mag_err,limit,fwhm,image_id,camera,quality,phot_filter
214749660375,2457050.1734145,5.845669044186809,0.3265228079684273,14.542695844784216,0.060714366984357414,15.927572587161672,1.88,ba183250,ba,G,V
214749660375,2457051.1710338,4.666509206163796,0.18728234607657634,14.787301087146215,0.043623136370470536,16.531114290907233,1.67,ba183484,ba,G,V
214749660375,2457056.1701354,5.544301126803334,0.1962823502482951,14.600164379476986,0.03848102327509753,16.480153269923868,1.65,ba185350,ba,G,V
214749660375,2457061.1584444,5.051467850385635,0.1492338261479594,14.701237421252653,0.0321115931843899,16.77768820908663,1.76,ba185765,ba,G,V
214749660375,2457062.1501711,5.327940445159053,0.11522242916590297,14.643383000224063,0.02350660111944334,17.05851382627912,1.82,ba186139,ba,G,V
214749660375,2457065.148385,5.528530895098478,0.0915502004496998,14.603257052257108,0.017999553467911534,17.308208144854277,2.13,ba186592,ba,G,V
214749660375,2457066.1463193,5.6306532748617535,0.12084210766601478,14.583384441718735,0.023327686969235713,17.006810665155104,1.69,ba186914,ba,G,V
214749660375,2457070.1377919,5.0776127653125815,0.06925291211500692,14.695632461666488,0.014824861199946117,17.611261292697215,1.76,ba187688,ba,G,V
214749660375,2457071.1405099,5.649897407814663,0.08434077431734761,14.57967999984649,0.016225914928290393,17.397262433986956,1.65,ba188085,ba,G,V
214749660375,2457072.1320825,5.641246634858478,0.07772156188870437,14.581343685864478,0.014975405977228294,17.486002594736703,1.72,ba188479,ba,G,V
214749660375,2457074.1265879,5.883335366289253,0.06658579018151398,14.535722391835984,0.012301841453345364,17.653902498836832,1.72,ba188958,ba,G,V
214749660375,2457078.1103452,5.161488850295277,0.10048498697129765,14.677843920700095,0.02116110585399698,17.20710344233458,1.74,ba189763,ba,G,V
214749660375,2457079.1101549,5.255158194071176,0.04949757903866706,14.65831691960153,0.010237887111957139,17.975896499164232,1.77,ba190160,ba,G,V
214749660375,2457092.0865719,6.071877127188104,0.10891380546638568,14.50147396844637,0.01949719480142691,17.119649062105132,2.05,ba192201,ba,G,V
214749660375,2457098.1185791,5.553201346763794,0.08610607532956563,14.598422853735274,0.01685398282836893,17.374771906766874,1.65,ba193438,ba,G,V
214749660375,2457099.1130136,5.806825578987881,0.06572222812808273,14.549934451462585,0.012302281774321492,17.668075697300115,1.71,ba193785,ba,G,V
214749660375,2457104.0596553,5.151575419586473,0.07389955629639791,14.67993124870802,0.015592434959720654,17.54075181658719,1.66,ba195272,ba,G,V
214749660375,2457106.0472938,5.808530355036006,0.0680648500818316,14.54961574627606,0.012737048474490484,17.630049162958482,1.59,ba195904,ba,G,V
214749660375,2457112.0387096,5.635128073750772,0.07872708327139798,14.58252192694626,0.015185620535930044,17.472045989338433,1.64,ba197665,ba,G,V
214749660375,2457122.0282019,5.579725711034432,0.13559344635195086,14.59324927863902,0.026414234041266905,16.881759645549298,2.00,ba200377,ba,G,V
214749660375,2457125.0675121,5.630824780648649,0.07380185690490192,14.58335137145189,0.014246475925681396,17.5421881709145,2.09,ba201105,ba,B,V
214749660375,2457131.0896739,5.447720164467206,0.054931443897135585,14.619244427330907,0.01096019791581534,17.862803856695326,1.77,ba202399,ba,G,V
214749660375,2457132.0530124,5.654378902426023,0.05103735744971944,14.578819136033124,0.00981104900991016,17.942635943868865,1.72,ba202711,ba,G,V
214749660375,2457132.9956355,5.6876552882776785,0.06591401773515279,14.57244823643256,0.012596697201202676,17.664911932395256,1.71,ba203015,ba,G,V
214749660375,2457135.9673995,5.029717536145267,0.08375566508376582,14.705922414013337,0.018100174759549018,17.40482091466111,1.67,ba203668,ba,G,V
214749660375,2457136.9644802,5.009678267355966,0.07653750851838886,14.7102568159959,0.016606444486431067,17.502670591728368,1.68,ba203979,ba,G,V
214749660375,2457137.9939511,5.41740399758739,0.040146664115963585,14.625303344817679,0.008055090299034506,18.20323273235613,1.73,ba204334,ba,G,V
214749660375,2457138.963878,5.759895085545359,0.08462096675742989,14.558744972080351,0.015968921365197015,17.393661437057972,1.64,ba204653,ba,G,V
214749660375,2457153.9249464,5.106437473833271,0.05962118230986626,14.689486358206818,0.012690967681008122,17.773854933675615,1.70,ba206908,ba,G,V
214749660375,2457160.9695212,5.30029701754079,0.07675531755384316,14.649030886427907,0.015740569390206956,17.499585211665668,1.69,ba208470,ba,G,V
214749660375,2457166.9202837,5.711639691717803,0.05619735257679681,14.56787939710749,0.010694666012703488,17.838066751923787,1.78,ba210008,ba,G,V
214749660375,2457172.8647722,5.752914983085293,0.09349414864159654,14.560061514407938,0.017664796874145693,17.28539531548458,1.72,ba211229,ba,G,V
214749660375,2457180.0356403,5.38712380955718,0.11920657996413173,14.63138901243621,0.024052235312720785,17.02160582305138,1.72,ba212873,ba,G,V
214749660375,2457180.866936,5.728760979756768,0.06262123717614325,14.564629647958325,0.011881550371625343,17.720552284921183,2.01,ba213088,ba,G,V
214749660375,2457181.8896467,5.595062726995962,0.053132980083776996,14.590269004954145,0.01032217904239743,17.898945956215595,1.72,ba213385,ba,G,V
214749660375,2457185.9415682,5.603825045169298,0.05876886489114289,14.588569984799049,0.011399214010740713,17.789488137465806,2.00,ba214362,ba,G,V
214749660375,2457189.8849999,5.471567779566169,0.03706365405001819,14.61450194587792,0.007362895263694323,18.28998580984021,1.82,ba215091,ba,B,V
214749660375,2457192.9241822,5.899346418299936,0.06840111695052424,14.532771656195004,0.012602928340159941,17.62469840979008,1.67,ba215870,ba,B,V
214749660375,2457194.9664898,5.512662810552495,0.05467810659925793,14.606377831805533,0.01078112821459767,17.867822725304134,2.01,ba216496,ba,G,V
214749660375,2457200.8230074,5.51847176346529,0.05053747869374365,14.60523434270569,0.00995421276268754,17.9533224655615,1.67,ba217919,ba,G,V
214749660375,2457201.7732178,5.428091072619299,0.06714984134806817,14.62316359039142,0.013446524203546598,17.64474391638253,1.73,ba218191,ba,G,V
214749660375,2457202.7731543,5.035994211595184,0.17364446803946548,14.704568348879034,0.03747899204586916,16.613204013362225,1.71,ba218498,ba,G,V
214749660375,2457206.9924791,4.407810067801035,0.2068746177765757,14.849224223189822,0.051014837644018235,16.423088371891687,1.69,ba219752,ba,G,V
214749660375,2457209.0029439,5.4381646740344785,0.10118098457185257,14.621150518518819,0.020223611760320188,17.199609140863082,1.72,ba220060,ba,G,V
214749660375,2457209.8587904,5.754264910926873,0.0779565609521711,14.559806775097066,0.014725667596292085,17.48272471367762,1.79,ba220269,ba,G,V
214749660375,2457212.8900643,5.143260435851889,0.05438374892686706,14.681685114621477,0.011493248555065753,17.873683538079845,1.67,ba221004,ba,G,V
214749660375,2457217.8341315,5.529059631465037,0.052953319113341085,14.603153219832677,0.010410080446668702,17.90262342650434,1.73,ba221830,ba,G,V
214749660375,2457222.9549206,5.206142045812965,0.05254525639780013,14.668491371154271,0.010970582174948113,17.911022604814207,1.65,ba222719,ba,G,V
214749660375,2457227.8392114,5.710052103349478,0.053455454805261364,14.56818122668086,0.010175696153284994,17.892376321360782,1.68,ba223407,ba,G,V
214749660375,2457235.9490934,6.046809546462797,0.1492818431710322,14.505965679389947,0.02683446067966709,16.777338922089648,1.73,ba225559,ba,G,V
214749660375,2457237.911306,5.786744179810807,0.10234896750555417,14.553695695736286,0.019224778954556383,17.18714772901166,1.68,ba225946,ba,G,V
214749660375,2457240.872104,5.021458977037166,0.05865743345484733,14.707706606864566,0.012697122516341818,17.79154875221317,1.69,ba226439,ba,G,V
214749660375,2457243.7817825,6.0016868980527756,0.05487685218676608,14.51409806707932,0.009938664477194313,17.863883414496055,1.80,ba227308,ba,G,V
214749660375,2457246.8678122,5.498106260024473,0.05850369415883548,14.609248581892269,0.011565977248227036,17.794398168550817,1.66,ba228390,ba,G,V
214749660375,2457251.8731595,5.793905091851734,0.09712744062870148,14.552352962307362,0.018221441904471378,17.24400153131642,1.61,ba229376,ba,G,V
214749660375,2457263.8513203,6.115892849814598,0.20134838563202787,14.49363173455228,0.035784953444861725,16.45248601398237,1.76,ba231105,ba,B,V
214749660375,2457264.8504462,5.037851459522871,0.1051336907477954,14.70416800894829,0.022683429976247057,17.1580016168985,1.68,ba231509,ba,G,V
214749660375,2457270.8163597,5.73075841153425,0.06424078341265466,14.564251153198596,0.012184589451803765,17.692829322429148,1.64,ba232611,ba,G,V
214749660375,2457275.8188586,5.144426294023077,0.06372659637720379,14.681439031227859,0.013464677221815042,17.701554584848715,1.61,ba234261,ba,G,V
214749660375,2457285.7887493,5.556664314173116,0.07521454512024493,14.597746001408034,0.014712952902258993,17.52160181032821,1.64,ba235969,ba,G,V
214749660375,2457300.7581455,5.329100159315357,0.12322722802915423,14.643146697539597,0.025134194358871292,16.98558969560944,1.85,ba238349,ba,B,V
214749660375,2457302.7402783,5.747930807746002,0.04976026177165726,14.561002575622728,0.009409862934198926,17.97014975276951,2.00,ba238897,ba,G,V
214749660375,2457305.732308,5.3227460442002945,0.04702509567403184,14.64444203987108,0.009602981995353685,18.0315321741543,1.77,ba240087,ba,G,V
214749660375,2457310.718093,5.6530205234292765,0.05175824434388523,14.579079999067693,0.009952017865526037,17.927407552418217,1.75,ba241649,ba,B,V
214749660375,2457318.6951015,5.5074746789966795,0.13584024381074697,14.60740013169729,0.026809463053513928,16.879785262708776,2.05,ba244214,ba,G,V
214749660375,2457420.1715648,5.344008749357407,0.1811546780491067,14.64011350324978,0.03684635785312033,16.567232509871992,1.74,ba275302,ba,G,V
214749660375,2457429.1622599,5.175614065900856,0.07769331099049315,14.67487669329554,0.01631675971224565,17.486397319163967,1.68,ba278604,ba,G,V
214749660375,2457430.1587384,5.238659934219025,0.06385156205057341,14.661730886296361,0.013248401817562948,17.699427578141695,1.66,ba279024,ba,G,V
214749660375,2457431.1552794,5.529926213417362,0.05978243440355003,14.602983063289363,0.011750772876989949,17.770922403699398,1.80,ba279445,ba,G,V
214749660375,2457432.1555977,5.591946683267866,0.06160377914877508,14.59087384963687,0.011974475670502483,17.738338005590727,1.86,ba279747,ba,G,V
214749660375,2457433.1519992,6.015400088496973,0.06825214976203896,14.511620109846014,0.012332865348130271,17.62706555604011,1.82,ba280883,ba,G,V
214749660375,2457434.148556,5.8023682842718785,0.057610458134390204,14.550768177997476,0.010792155913180296,17.811103071499947,2.01,ba280341,ba,G,V
214749660375,2457435.1450641,5.265148437504831,0.060038753665695666,14.65625485570348,0.012394620138182409,17.766277223128654,2.45,ba280655,ba,G,V
214749660375,2457441.1279187,5.693373209459748,0.13729077245718527,14.571357270960167,0.02621101673942451,16.868253022282023,1.77,ba283059,ba,G,V
214749660375,2457443.1563274,5.9813283912656425,0.10661044227823668,14.517787286967149,0.01937377584702421,17.14285703106615,1.79,ba283890,ba,G,V
214749660375,2457448.1107486,5.441665468513394,0.07887107596183685,14.620451805507209,0.015754263265419236,17.470061979861498,1.84,ba285731,ba,G,V
214749660375,2457453.1006951,5.075143623657706,0.06053568944082487,14.696160561906368,0.01296508381141276,17.757327661289484,1.71,ba287768,ba,G,V
214749660375,2457455.116214,5.04651050809094,0.06479404302642805,14.70230344976847,0.013955842859042087,17.683518693802615,2.17,ba288602,ba,B,V
214749660375,2457456.0954342,5.428971948810333,0.09193950575294203,14.622987410300592,0.01840758182689294,17.303600981810426,1.76,ba288966,ba,B,V
214749660375,2457458.090715,5.752081654046175,0.046111309499901186,14.560218798332196,0.008713539132670797,18.05283775422549,2.05,ba289439,ba,G,V
214749660375,2457463.1029807,5.145334605121388,0.062171470516388876,14.681247348202985,0.013133778564495647,17.728378544478026,1.89,ba291252,ba,G,V
214749660375,2457468.0549081,5.451958734761112,0.0986696124773178,14.618400004389825,0.019671751749675084,17.226897837367282,1.84,ba293010,ba,G,V
214749660375,2457484.0167965,5.698290226954718,0.04998899651795093,14.570419991821776,0.009535468292463517,17.96517034670899,1.68,ba297758,ba,G,V
214749660375,2457489.9992581,5.309504363012597,0.05262379746956746,14.64714644948523,0.010773092165945696,17.909400931938094,1.80,ba299035,ba,G,V
214749660375,2457494.981875,5.161708028622147,0.10088636263856787,14.677797816794955,0.02124472930597014,17.202775233067243,2.00,ba300850,ba,G,V
214749660375,2457500.9683687,6.418440944685582,0.20071639292527618,14.441207530352138,0.033991119368438814,16.45589928450288,1.76,ba302452,ba,G,V
214749660375,2457504.0223113,5.163041405239959,0.1303933550979862,14.677517384754283,0.027451243674195408,16.924217743366025,1.76,ba303475,ba,G,V
214749660375,2457512.1169521,5.884681783265185,0.05085478369829673,14.535473946639945,0.009393360735272483,17.946526865030634,1.76,ba306227,ba,G,V
214749660375,2457521.9792496,5.1249144074093005,0.049638315407051534,14.68556486322202,0.010527920345720136,17.972813807995994,1.70,ba308167,ba,B,V
214749660375,2457527.8903881,4.918493563199017,0.14084971604268168,14.730201136099453,0.03112691222841043,16.84046645424752,1.78,ba309408,ba,G,V
214749660375,2457531.0419999,4.979581120814066,0.11778123715387906,14.716799375213172,0.025709609052815812,17.034666114271367,2.39,ba310488,ba,G,V
214749660375,2457538.0906263,5.88917794827943,0.07963581718759513,14.53464471145503,0.014698260371190014,17.459585291282124,1.72,ba312101,ba,G,V
214749660375,2457539.9631979,4.973170530917297,0.05770590561421347,14.7181980257072,0.012612439099019327,17.809305741011997,1.75,ba312549,ba,G,V
214749660375,2457544.9678458,5.823064084937318,0.05435618377660483,14.546902480259508,0.010146343504214986,17.874233997906817,1.60,ba313977,ba,G,V
214749660375,2457549.9730696,5.339203252001978,0.050731448477736946,14.641090269939776,0.010327922758788511,17.949163237641578,1.71,ba315391,ba,G,V
214749660375,2457558.0357329,5.054883170332594,0.1520721237046954,14.700503598203998,0.03270021898936639,16.75723236628245,1.76,ba316931,ba,B,V
214749660375,2457562.9493064,6.115441703578854,0.10807006058480323,14.493711828151202,0.019208335693667224,17.128092906336118,1.72,ba318565,ba,G,V
214749660375,2457566.9118541,5.554297990726497,0.04267896967013474,14.598208464155455,0.008352123797015023,18.136821577666073,1.71,ba319319,ba,G,V
214749660375,2457574.9422807,5.1242017016827965,0.05092949074870531,14.685715863640713,0.01080327148323967,17.944933059614513,1.64,ba321099,ba,G,V
214749660375,2457577.7878132,5.621934867586626,0.052737642836537764,14.585066879963293,0.010196405005120842,17.90705460705094,1.72,ba321976,ba,G,V
214749660375,2457581.9606844,5.172082385835284,0.053027092654003675,14.675617819221987,0.011144088568076038,17.901111852513406,1.72,ba323091,ba,G,V
214749660375,2457585.9332644,5.5166022525854475,0.09097159849601547,14.605602223458261,0.017924470126867473,17.315091828855063,1.72,ba323958,ba,G,V
214749660375,2457592.9582987,5.129364178841771,0.09455597152434511,14.684622568118614,0.02003722612282408,17.2731339907037,1.70,ba325506,ba,G,V
214749660375,2457596.9493506,5.734576728702352,0.051819441155885874,14.563527984570166,0.00982208141628839,17.926124581055888,1.78,ba326145,ba,B,V
214749660375,2457598.8992823,5.266362494845842,0.05924407767688602,14.656004531505161,0.012227744798869166,17.780744036963174,2.24,ba326755,ba,B,V
214749660375,2457601.9321174,5.285290775278507,0.04535940382618418,14.652109190959418,0.009328474422198979,18.070688049065126,1.67,ba327565,ba,B,V
214749660375,2457603.927358,5.805312897445914,0.052868155511289955,14.55021732324008,0.009898757817274147,17.904370996671272,1.61,ba328286,ba,G,V
214749660375,2457605.8454368,5.602001376163771,0.036893197238315724,14.588923376580759,0.007158388342534926,18.294990659459952,2.12,ba328780,ba,B,V
214749660375,2457607.8902476,4.983432038877469,0.051336641819290575,14.715960054557023,0.01119724262202097,17.936287753828456,1.70,ba329511,ba,B,V
214749660375,2457609.9096906,5.005566291354037,0.052725008973999545,14.711148361168478,0.011449212542051924,17.907314737851635,1.70,ba330219,ba,B,V
214749660375,2457612.8362172,5.866932100430486,0.0675674909173558,14.53875374941804,0.012518114007963458,17.638011913849304,2.06,ba331121,ba,G,V
214749660375,2457616.7441291,5.541027871527053,0.17078268420036416,14.60080556781965,0.033501609574207294,16.63124680591884,1.68,ba332088,ba,G,V
214749660375,2457618.8578801,5.751691195630916,0.12956929058945865,14.560292501949888,0.024486047778487518,16.93110119130498,1.62,ba332833,ba,G,V
214749660375,2457619.7805364,5.88546194776735,0.09496263263021189,14.535330014184018,0.017538173515518618,17.268474528744118,1.69,ba333145,ba,B,V
214749660375,2457622.8718358,5.624920031258893,0.06716840969475708,14.584490523216207,0.012979587366013118,17.644443728936153,1.66,ba334036,ba,G,V
214749660375,2457627.8491285,5.5791207638057045,0.04483355633013149,14.593366999249358,0.00873473231874502,18.083348419293337,1.74,ba334862,ba,B,V
214749660375,2457631.8474436,5.30085878112205,0.05995176272733521,14.648915818397432,0.012293283442733074,17.767851501340807,2.03,ba335755,ba,B,V
214749660375,2457637.8266512,5.750562953877383,0.049364895998108435,14.560505498968999,0.009330824839320937,17.978810827726864,1.68,ba336385,ba,B,V
214749660375,2457650.7872847,5.526682574800581,0.08659317202313242,14.603620100567225,0.0170306529811907,17.36864727187792,1.78,ba338545,ba,B,V
214749660375,2457656.7757821,5.746893848499313,0.06140912496674074,14.561198466248937,0.011614804559914099,17.74177412102528,1.65,ba340057,ba,B,V
214749660375,2457657.7672309,5.288524157152074,0.04920784108481602,14.651445173309064,0.010113744817731283,17.98227061498317,1.81,ba340448,ba,B,V
214749660375,2457659.7831727,5.322117524016503,0.047336702969420705,14.644570253279433,0.009667756823868353,18.02436137925765,1.75,ba341056,ba,G,V
214749660375,2457662.7522285,5.749951812478548,0.059020399859597714,14.560620891776548,0.011157068899919643,17.78485102494582,1.68,ba341764,ba,G,V
214749660375,2457668.7217426,5.550291942556684,0.05008696695826526,14.598991836031551,0.009808917432249601,17.96304455977013,1.69,ba342725,ba,G,V
214749660375,2457672.723782,5.787256013867032,0.0829720295202243,14.55359966726614,0.015583721956111752,17.415027110697174,1.77,ba344350,ba,G,V
214749660375,2457676.7138722,5.147270596750032,0.10468057591908206,14.680838904240181,0.02210554750443793,17.16269113536721,1.70,ba345827,ba,G,V
214749660375,2457682.7199161,5.2375732711458065,0.0484598431307173,14.661956125544489,0.010056898454017258,17.99890138380251,2.13,ba347934,ba,G,V
214749660375,2457793.1660406,5.526863158682937,0.14567070434478027,14.6035846248088,0.028648750216501435,16.803925843364315,2.05,ba380062,ba,B,V
214749660375,2457797.1557212,5.071786734546172,0.12678018643701502,14.696878945899963,0.027170809359228155,16.954727928452975,1.77,ba381133,ba,G,V
214749660375,2457802.1317122,5.746287221070595,0.07350268316850846,14.561313079837428,0.013903624681755836,17.546598411136255,1.68,ba383092,ba,G,V
214749660375,2457809.1213441,5.68526190608796,0.05102580274649528,14.572905213598426,0.009755545124998747,17.94288177908806,1.72,ba385473,ba,G,V
214749660375,2457817.1048972,5.472535607360493,0.06055357799341966,14.614309914490448,0.012027168251963623,17.75700686903835,1.71,ba386634,ba,G,V
214749660375,2457818.0974213,5.700106222211043,0.051680972635426314,14.57007403231371,0.009855074285634658,17.929029697471776,1.63,ba387017,ba,G,V
214749660375,2457819.0938644,5.816727975547506,0.05634579921758088,14.548084519252225,0.010529189982687532,17.835202535251778,1.67,ba387253,ba,G,V
214749660375,2457820.0940822,5.188337192232373,0.05106790300562165,14.67221092123788,0.010698724498208306,17.94198633156135,1.62,ba387450,ba,G,V
214749660375,2457825.0797504,4.9934207024215835,0.15600612077435005,14.713786010787553,0.03395905943287886,16.72950229897063,1.71,ba388182,ba,G,V
214749660375,2457826.1099787,5.527129181988593,0.11398964011662635,14.60353236656121,0.02241702313367771,17.070192937367157,1.64,ba388601,ba,G,V
214749660375,2457829.0689093,5.3958332139696825,0.09929937200715615,14.629635111770886,0.020003231331972904,17.219990138870745,1.67,ba389723,ba,G,V
214749660375,2457835.1313619,5.79529464231991,0.05946868503975433,14.552092601748656,0.011153854813727864,17.776635554755654,1.80,ba392007,ba,G,V
214749660375,2457839.0906487,5.079933949058014,0.05006457517305524,14.695136240808235,0.01071234725454299,17.96353005548551,2.10,ba393344,ba,G,V
214749660375,2457845.0346889,5.595902852067868,0.04882634628045348,14.59010598877786,0.00948410237368938,17.990720826546735,1.72,ba395156,ba,G,V
214749660375,2457846.0185817,5.295210324924583,0.04917149479086387,14.650073367279777,0.01009351350880522,17.983072866567753,1.79,ba395441,ba,G,V
214749660375,2457847.0206589,5.166941475422432,0.05656898426666354,14.676697548429612,0.011900275369730434,17.8309104417589,1.70,ba395748,ba,G,V
214749660375,2457848.028536,5.377775552984837,0.06594732705723243,14.633274723174699,0.013329280207006123,17.664363399574448,1.72,ba396140,ba,G,V
214749660375,2457849.0132886,5.493930712276707,0.059893775011979046,14.610073459682244,0.011849790754617706,17.768902176536468,2.02,ba396501,ba,G,V
214749660375,2457850.0134534,5.485388344820682,0.1000412664795751,14.611762955987908,0.019823666112115744,17.211908440988562,1.78,ba396876,ba,G,V
214749660375,2457852.0116332,6.015764716972108,0.12146599730846663,14.511554299038288,0.021947044832305,17.00121959283375,1.78,ba397621,ba,G,V
214749660375,2457853.0901017,5.722763167349734,0.08282068394224801,14.565766971268562,0.015730597250560696,17.417009362095936,1.68,ba398007,ba,G,V
214749660375,2457855.0643426,5.8335460251049485,0.17926165736488656,14.54494983280949,0.03340157542804737,16.57863787523145,1.75,ba398672,ba,B,V
214749660375,2457856.0606366,5.102601853113048,0.12466125075542002,14.690302198433551,0.026555346354153193,16.973027693787635,2.00,ba398968,ba,G,V
214749660375,2457869.1021222,5.569476792035369,0.056957104235555306,14.595245408056925,0.01111592672344852,17.823486640774536,2.12,ba401331,ba,G,V
214749660375,2457877.938422,5.823195240846875,0.08533888590240145,14.54687802593207,0.015929340293951166,17.384488971542535,1.65,ba402880,ba,G,V
214749660375,2457879.0065914,5.859096851409063,0.07466608072024557,14.540204712030679,0.013851756584643802,17.529548004985422,1.64,ba403293,ba,G,V
214749660375,2457880.0069823,5.5303532099129695,0.059706615869152165,14.602899230768127,0.011734963942921343,17.772300252776738,1.70,ba403655,ba,G,V
214749660375,2457882.9207096,5.526498780983919,0.14628257888969862,14.603656208108495,0.02877098312010637,16.79937487334955,1.81,ba404459,ba,G,V
214749660375,2457891.0601722,5.074307285305176,0.07653024519227276,14.696339496282025,0.01639338030689104,17.502773631799787,1.86,ba406404,ba,G,V
214749660375,2457892.932046,5.661305088020783,0.0460524025153806,14.577490005349274,0.008841946949965313,18.054225663916142,1.64,ba406960,ba,G,V
214749660375,2457897.0102686,5.686371164089383,0.06203767846737948,14.572693395019874,0.011858575048621886,17.730717549758836,2.09,ba408401,ba,B,V
214749660375,2457901.0452876,5.386152929817505,0.06099019137125371,14.631584703925846,0.012308170068120966,17.749206403521374,1.66,ba409689,ba,G,V
214749660375,2457903.9174365,5.643166451427532,0.04873228882200945,14.580974253380985,0.009386552675751484,17.992814369973086,1.71,ba410225,ba,G,V
214749660375,2457907.0200611,5.353730085560053,0.04322884516041802,14.638140224645381,0.008776661210676634,18.122922309420485,1.67,ba411203,ba,B,V
214749660375,2457910.8847193,5.718600785348147,0.12463436025738467,14.566556955584282,0.023689733870153523,16.97326192163686,1.77,ba412297,ba,G,V
214749660375,2457918.0437983,5.309630026925177,0.11165539066420098,14.647120752878614,0.02285744099953161,17.092657155113496,1.76,ba414160,ba,G,V
214749660375,2457924.9804535,5.34459335864299,0.06595155268864245,14.639994735339585,0.013412895145299364,17.66429383232687,2.18,ba415168,ba,G,V
214749660375,2457926.9872558,5.299176223837952,0.050402391160668344,14.649260499028092,0.010338438555201836,17.956228542481284,1.63,ba415817,ba,G,V
214749660375,2457929.9456394,6.052473826633291,0.06334052909467353,14.504949104388826,0.011375249718041273,17.70815217670225,1.68,ba416691,ba,G,V
214749660375,2457932.9876622,5.430287620634235,0.033122902096687445,14.622724321914014,0.006630063998104784,18.412035441347612,2.04,ba417632,ba,G,V
214749660375,2457936.9006911,5.797965157197299,0.06462717344267278,14.551592401668758,0.01211578989361089,17.686318488981435,2.22,ba418358,ba,G,V
214749660375,2457939.8736647,5.3655363994828695,0.08813475993775774,14.635748540909923,0.01785444081890703,17.349488328893635,1.74,ba419124,ba,G,V
214749660375,2457944.8880584,5.328139686784565,0.14832239927016488,14.643342399206865,0.030258215565664773,16.784339538613498,1.72,ba420794,ba,G,V
214749660375,2457948.9828959,5.633596007214906,0.06179816941756938,14.582817154711956,0.011923454076923535,17.734917367104707,1.66,ba421814,ba,G,V
214749660375,2457952.9574633,5.250102422150282,0.055084888317661604,14.659361964601716,0.011404516291632838,17.859775210539635,2.03,ba422574,ba,G,V
214749660375,2457955.8429112,5.8349242906478285,0.046631645185934864,14.54469334112444,0.008686757244737017,18.040654549091258,1.67,ba422890,ba,G,V
214749660375,2457959.8666518,4.991233934675239,0.05073619689210704,14.714261591173226,0.011048979234772056,17.94906161854158,1.68,ba423552,ba,G,V
214749660375,2457962.9538949,5.626047069287061,0.08735349367882912,14.584273001293962,0.016876760624566427,17.35915569579185,2.39,ba424485,ba,B,V
214749660375,2457964.8805876,5.742609087752288,0.0815716794120559,14.562008269791049,0.015439823183376737,17.43350788435134,1.61,ba424734,ba,G,V
214749660375,2457968.8368887,5.427855995086567,0.1099862265536647,14.623210612026043,0.022025316508434138,17.109010637742,1.71,ba425551,ba,G,V
214749660375,2457971.7455519,4.970698379949009,0.1837655770733679,14.718737876722784,0.040184532877068496,16.551695986867625,2.11,ba426389,ba,G,V
214749660375,2457974.9062889,5.249296879105006,0.09234089534206902,14.659528565990112,0.019120758594321562,17.298871190734037,1.68,ba427581,ba,G,V
214749660375,2457977.8757822,4.854772354795882,0.11936568049118207,14.744359228986173,0.02672531179624688,17.020157698045622,1.68,ba428466,ba,G,V
214749660375,2457978.9041608,5.469770133598376,0.06011117104120522,14.614858715652076,0.011945333678881778,17.764968422042724,1.65,ba428844,ba,G,V
214749660375,2457979.7855072,5.978388793613961,0.04959532325922348,14.518321016588477,0.00901713855110212,17.973754580398683,1.72,ba429107,ba,G,V
214749660375,2457982.8826568,5.586548250859747,0.04294740715477479,14.591922519248413,0.00835613731457239,18.1300140199622,1.65,ba430248,ba,G,V
214749660375,2457984.8737532,5.290880474631596,0.053823897058366946,14.650961528089173,0.011057561442470725,17.88491854576014,1.72,ba430958,ba,G,V
214749660375,2457989.8614655,6.147127767602504,0.06265135770615866,14.488100804532456,0.011078231074588565,17.720030176305087,1.67,ba431836,ba,G,V
214749660375,2457992.7728411,5.088540083865247,0.05408492089071552,14.69329840469948,0.011553010592628157,17.87966589665833,1.68,ba432702,ba,G,V
214749660375,2457998.7643889,5.40288105105914,0.11265056166943416,14.628217888795643,0.022663142409948878,17.0830229900935,1.78,ba434322,ba,G,V
214749660375,2458001.8353061,5.2875087395738944,0.11169897047190687,14.651653658975047,0.022962028131942144,17.092233468059593,1.70,ba435131,ba,G,V
214749660375,2458008.8136068,5.36381399387367,0.05515608635663651,14.63609713203179,0.011177171290322105,17.858372786448246,1.64,ba436569,ba,G,V
214749660375,2458010.8153111,5.033249466986955,0.06121246392823391,14.705160263974726,0.013219151427903496,17.745256740922308,1.67,ba437155,ba,G,V
214749660375,2458015.801361,5.792496231622494,0.05282531490411605,14.552617004700366,0.009912621131195636,17.90525115701811,2.04,ba438670,ba,G,V
214749660375,2458018.7862077,5.214640848441823,0.046206958715258505,14.666720398694572,0.009631527191424622,18.05058793183957,1.70,ba439480,ba,G,V
214749660375,2458020.7389718,5.460286422813818,0.04964175336796579,14.61674284327486,0.009881977500013593,17.97273861226572,1.65,ba440190,ba,G,V
214749660375,2458026.7384257,5.344878240312697,0.08685617384055921,14.63993686412676,0.017663430365399715,17.365354658550153,1.65,ba442190,ba,G,V
214749660375,2458033.7031603,5.404172573142907,0.11786152470476088,14.62795838193262,0.02370582197478795,17.033926256161834,1.74,ba443959,ba,B,V
214749660375,2458036.7207341,5.559905996736179,0.04521220082933881,14.59711278232618,0.008838943784747056,18.07421727358215,1.74,ba444658,ba,G,V
214749660375,2458037.7163135,5.517494062615213,0.05263457955046291,14.605426718294716,0.01036910939316087,17.909178498418537,1.69,ba445059,ba,G,V
214749660375,2458177.1143336,5.395827471196587,0.0844779390036662,14.62963626731809,0.017017565374964152,17.395498118932167,1.65,ba475756,ba,G,V
214749660375,2458185.0942452,5.5509462174477635,0.11037349708297495,14.598863855723824,0.021612746328616986,17.10519438619962,1.62,ba477033,ba,G,V
214749660375,2458186.0907412,5.8138565889998395,0.09276761232509455,14.54862061756761,0.01734379919410352,17.293865446760726,1.66,ba477420,ba,G,V
214749660375,2458195.0676195,5.617992290852203,0.05720869249012943,14.58582855722611,0.011068609243833957,17.818701338578926,1.62,ba478920,ba,G,V
214749660375,2458207.0370161,4.858718066231776,0.2411314592922172,14.74347715636152,0.05394414919765508,16.256721707574368,2.35,ba480231,ba,G,V
214749660375,2458210.0304717,2.67485330422503,0.40764256859713954,15.39153148153279,0.1656501116436086,15.686657570027391,1.99,ba481084,ba,G,V
214749660375,2458219.002021,5.481402341185957,0.08122869879957409,14.612552202135301,0.016107568541206124,17.438082652831973,1.66,ba481560,ba,B,V
214749660375,2458224.8468636,3.194278509754747,0.04433362452832246,15.139133673101341,0.015085948882113552,18.03580751439722,1.50,bq064672,bq,G,g
214749660375,2458225.0909296,4.9732618134241395,0.060805838201645,14.718178097210403,0.013289729130022717,17.752493194794724,1.60,ba482678,ba,G,V
214749660375,2458228.8763439,3.053480644928489,0.05000905091431348,15.188077693577455,0.017801869524727343,17.90501908028136,1.67,bq065499,bq,G,g
214749660375,2458231.8486114,2.954859414134843,0.033009118248895346,15.223723565007148,0.012142532462242416,18.356055802794057,1.46,bq066237,bq,G,g
214749660375,2458232.0290345,5.500069360551442,0.0790632313088633,14.608860988638284,0.015624947481084513,17.46741999378823,1.63,ba484726,ba,B,V
214749660375,2458232.9476118,2.820976695355023,0.03869736568642278,15.274066876337738,0.014910564158945556,18.183437107602295,1.44,bq066682,bq,B,g
214749660375,2458234.0557191,5.177290755023799,0.04979547132888972,14.674525015745651,0.010454408468655101,17.969381775046,1.68,ba485455,ba,G,V
214749660375,2458235.0336591,6.056190830249842,0.3777685411981681,14.504282526258072,0.06780136080128878,15.76929192099415,1.65,ba485618,ba,B,V
214749660375,2458236.8745391,3.1438690098910316,0.10969888509861607,15.156404515398972,0.037927126801502814,17.052135077099283,1.63,bq067461,bq,G,g
214749660375,2458240.8771196,2.9961876163309746,0.12393050171432464,15.208643110573046,0.04495948996870402,16.919695091750064,1.47,bq068624,bq,G,g
214749660375,2458244.7877038,2.919602527555515,0.05175388649205233,15.236756294893203,0.019267768100948567,17.867783188985765,1.47,bq069368,bq,G,g
214749660375,2458245.7840331,2.9166273523237294,0.038347188210963015,15.237863261483264,0.01429107022638856,18.19330679889343,1.47,bq069719,bq,G,g
214749660375,2458247.0036273,6.118687749646366,0.12975652638142485,14.493135677664322,0.02305064555658307,16.929533366582678,1.63,ba487007,ba,B,V
214749660375,2458248.8301725,2.9263187067330603,0.03082459617742418,15.23426156333365,0.011449537525743814,18.43039712204122,1.57,bq070739,bq,G,g
214749660375,2458251.7763817,3.301618198306466,0.04343514211393992,15.103248498084438,0.01429968826123807,18.058037494431105,1.57,bq071557,bq,G,g
214749660375,2458252.0038041,5.317726058031396,0.05003358558137269,14.645466502147373,0.010226990175909674,17.964202326034375,2.04,ba488047,ba,G,V
214749660375,2458253.0105091,5.4946518942359885,0.049578756375689856,14.609930945694302,0.009807710045981863,17.974117321661033,2.12,ba488406,ba,G,V
214749660375,2458253.9826808,5.853437837537042,0.05539072581334216,14.541253878054153,0.010285803375339126,17.853763753753718,1.69,ba488599,ba,G,V
214749660375,2458254.8906421,2.8201764949651573,0.07104231677420604,15.274374900782687,0.027381232938803894,17.523847821793158,1.52,bq072523,bq,G,g
214749660375,2458255.763186,2.7835901027039496,0.04220184774701824,15.288552413147174,0.016479284645215597,18.089311945603978,1.55,bq072763,bq,G,g
214749660375,2458257.9801668,5.063467487617587,0.04732862894278041,14.69866134018771,0.01015986811806933,18.024546584609716,1.63,ba489454,ba,G,V
214749660375,2458258.983868,5.009577706132768,0.05373884769641531,14.710278610620392,0.011660022940228323,17.886635519251602,2.04,ba489805,ba,G,V
214749660375,2458259.8941849,5.212117037593289,0.050731048528469984,14.667246006538484,0.010579663437133208,17.949171797245608,1.66,ba489977,ba,G,V
214749660375,2458260.8806418,5.5747546512860975,0.056024958966442315,14.594217008148021,0.010923654642755042,17.841402525869114,1.62,ba490326,ba,G,V
214749660375,2458262.739747,3.0944161767666984,0.04968385421347039,15.173618815326355,0.01745214162462654,17.912102414519474,1.55,bq074088,bq,G,g
214749660375,2458264.7267495,2.9229039906762266,0.04936973852724518,15.235529246738729,0.018359398543340334,17.918988543670615,1.60,bq074728,bq,G,g
214749660375,2458267.0514029,5.629889887281863,0.12818882668412376,14.583531652652182,0.02474927289309158,16.942730962562827,1.68,ba491509,ba,G,V
214749660375,2458271.8061415,2.62131080915091,0.14900801233368055,15.353769326405246,0.06178787735970246,16.719616557546583,1.49,bq077068,bq,G,g
214749660375,2458273.0990809,6.034326663652037,0.11593373599107107,14.508209362830783,0.020883014369131238,17.051831815354866,1.62,ba492820,ba,G,V
214749660375,2458276.7749891,3.050110415310083,0.05066966991441461,15.189276719085822,0.01805696209926971,17.890770423678564,1.56,bq077901,bq,B,g
214749660375,2458277.7779547,2.890396717809556,0.06708042578372157,15.247671983789532,0.02522612409479564,17.586151085024852,1.53,bq078134,bq,B,g
214749660375,2458281.6817987,2.9717185065974565,0.03215365923758115,15.21754645009024,0.011760747031885909,18.384564599375754,1.46,bq078484,bq,G,g
214749660375,2458281.9313169,5.562332205519703,0.05661183374513885,14.596639096596661,0.011062734051703535,17.830088337215468,1.63,ba494908,ba,G,V
214749660375,2458282.8157179,2.828007543174828,0.03723268469676678,15.271364213470399,0.01431053801489294,18.22532973007197,1.99,bq078921,bq,G,g
214749660375,2458284.9787378,5.281165583375175,0.0502004283586508,14.652956943560016,0.010332128795639982,17.960587836222533,1.65,ba495836,ba,G,V
214749660375,2458286.7071376,3.0263113043862124,0.03841003223496626,15.197781622033856,0.01379568419729193,18.191528932343218,1.36,bi094336,bi,G,g
214749660375,2458287.8979088,6.0083836234998405,0.06837589807558221,14.512887270188212,0.012369654303087313,17.625098784748882,1.78,ba496619,ba,G,V
214749660375,2458288.6654149,2.8996752186277144,0.04267047127432919,15.244192229825176,0.0159952213749181,18.077322012806302,1.62,bq080267,bq,G,g
214749660375,2458289.630975,2.9393684175684647,0.047451306753787434,15.229430563455434,0.01754713938980803,17.962020169210163,1.49,bi095686,bi,G,g
214749660375,2458290.6186537,2.9928105177351902,0.03676027568409738,15.209867568660702,0.013350935904220007,18.239193712135695,1.39,bi096147,bi,B,g
214749660375,2458290.9931563,5.842716907729243,0.05739052266669307,14.543244293734261,0.01067671151687266,17.81525594375296,1.62,ba497147,ba,G,V
214749660375,2458291.5854615,2.926797494273459,0.03641430316856326,15.234083935912528,0.013523574620758361,18.249460602384275,1.40,bi096591,bi,G,g
214749660375,2458292.699534,2.8492369260908044,0.07175506268614627,15.263244211876035,0.027373867241541273,17.513009240990158,1.67,bq081600,bq,G,g
214749660375,2458293.7408462,3.0746869273881305,0.07615698255451146,15.18056336885708,0.026922848022747595,17.44836629052628,2.06,bq081958,bq,G,g
214749660375,2458294.574201,2.8795073289385784,0.08180249445060883,15.25177015169188,0.030878808310029107,17.370724243779236,2.40,bi097893,bi,G,g
214749660375,2458296.0092419,4.827582455786479,0.1456247453851827,14.750457153703145,0.03278820572671864,16.804268446084873,2.33,ba498517,ba,G,V
214749660375,2458303.6867597,2.5113793918394314,0.21052170009051788,15.400284806911657,0.09111643410970066,16.34439844006477,1.51,bi101920,bi,B,g
214749660375,2458303.8895633,5.575874767893417,0.04659641055168243,14.593998876756062,0.009083466621313721,18.041475235945406,1.68,ba500214,ba,G,V
214749660375,2458306.6282124,3.148159544024694,0.09446955822856928,15.154923788180783,0.032617248581716884,17.214410900307495,1.49,bq084657,bq,G,g
214749660375,2458308.0064014,6.019600839244568,0.06224810856080247,14.510862169337917,0.011240111989648267,17.72704099438145,1.61,ba501115,ba,G,V
214749660375,2458309.0061276,5.8341661944440215,0.05655331906942219,14.544834413386647,0.010536381196518242,17.831211147656973,1.62,ba501403,ba,G,V
214749660375,2458309.5335335,3.0718209855901053,0.032472846210552055,15.18157586474593,0.0114904391022678,18.373839722078877,1.52,bi103631,bi,G,g
214749660375,2458310.526264,2.9789144764103117,0.02945709255930687,15.214920534902765,0.010748404871090906,18.479665912996555,1.44,bi104082,bi,G,g
214749660375,2458310.9054898,5.284787166678941,0.04626433098026391,14.652212650194627,0.009515485618789269,18.04924067793053,1.59,ba502047,ba,G,V
214749660375,2458311.7202816,3.1083135048257637,0.030404044942072224,15.168753583969831,0.010632091932080551,18.445312196897163,1.48,bi104696,bi,G,g
214749660375,2458312.6457164,2.967770887064023,0.030905080767068306,15.218989696738934,0.011319094489760989,18.427565904165345,1.56,bi105095,bi,G,g
214749660375,2458313.6908013,3.0784278377079386,0.029468606068108517,15.179243178212678,0.010405016859560627,18.479241628387292,1.86,bi105590,bi,G,g
214749660375,2458314.6518946,2.787126658465817,0.03608989927121804,15.287173859071899,0.014074764511546097,18.259176436635286,1.47,bi106013,bi,G,g
214749660375,2458316.5134999,3.176130868668667,0.038860160463375745,15.145319650512878,0.013298981244183035,18.17887913749567,1.41,bi106578,bi,G,g
214749660375,2458318.8115702,5.308102449281818,0.06426640598866196,14.647433163530913,0.013160030309430467,17.692396360523617,1.76,ba503994,ba,G,V
214749660375,2458319.8553463,2.9677802154814708,0.03353898921817498,15.218986284014358,0.012283734109777875,18.338765686666225,1.50,bq086363,bq,G,g
214749660375,2458322.8304059,5.858808709649826,0.13080393646916258,14.540258108252138,0.024267423440558957,16.920804358608642,1.67,ba505294,ba,G,V
214749660375,2458323.6348199,2.6224550939012015,0.08556866513099426,15.353295471765417,0.03546654386454481,17.321853718794095,1.47,bi109094,bi,G,g
214749660375,2458328.9085964,4.4486652590161535,0.1786853274232132,14.8392070835788,0.043658753957295265,16.582134162954958,1.72,ba507380,ba,B,V
214749660375,2458329.7684643,3.595256235561621,0.1258600076688584,15.010741001809848,0.03805135077957307,16.90292122675781,1.48,bq089082,bq,G,g
214749660375,2458331.9307906,6.386795757169118,0.1689189093001299,14.446573834238162,0.02874798523230356,16.64316072230957,1.72,ba508177,ba,B,V
214749660375,2458332.9389398,6.095009468613118,0.08731487325363857,14.49734544293565,0.015571341015400197,17.359635823880208,1.71,ba508514,ba,G,V
214749660375,2458333.7615451,2.883287659960902,0.06566022170458635,15.250345689133852,0.024752926040548143,17.609384749417305,1.57,bq090014,bq,B,g
214749660375,2458335.4627214,3.06171083795405,0.2692966993184297,15.185155193452875,0.09560465344356006,16.07706303534543,1.48,bi113706,bi,B,g
214749660375,2458335.9195211,5.459824254967702,0.0415576496406021,14.616834745706678,0.008273408848994076,18.165728950276744,1.60,ba509248,ba,G,V
214749660375,2458336.6207761,3.14660314887633,0.03620324266216253,15.155460689944476,0.012505978306731965,18.255771933229862,1.42,bi114279,bi,G,g
214749660375,2458338.9154641,5.448963384562943,0.041842805626413154,14.618996680561313,0.008346782177384842,18.15830440125533,1.69,ba510260,ba,G,V
214749660375,2458341.4660895,3.3180848788110744,0.07646835451009261,15.097846893854177,0.02504992478407831,17.44393624921282,1.86,bi116128,bi,G,g
214749660375,2458342.9081198,5.630780368198204,0.05362419787576487,14.583359935098859,0.01035152639468756,17.888954371288676,1.61,ba511004,ba,G,V
214749660375,2458343.6347557,2.9666678358538845,0.03536753936414621,15.21939331457181,0.012958301939003308,18.28112849751082,1.38,bi117148,bi,B,g
214749660375,2458344.907,5.017475398407499,0.052540100748500164,14.708568275166794,0.011381980104882831,17.911129140591605,1.56,ba511557,ba,G,V
214749660375,2458345.6131219,3.1471859180559445,0.03451861511597411,15.155259623911787,0.011921835823696013,18.30750720260854,1.40,bi118016,bi,G,g
214749660375,2458347.5473173,2.733217488480448,0.03930270189193488,15.308380145054903,0.015630050782075945,18.166584593237495,1.36,bi118841,bi,G,g
214749660375,2458350.5400304,2.9713540803058187,0.06581113203891967,15.217679603711874,0.02407449170964382,17.606892208176138,1.81,bi119953,bi,G,g
214749660375,2458360.5012528,5.011107942002974,0.14141867671090103,14.709947010057846,0.030675043269012128,16.836089470858347,1.64,ba514329,ba,B,V
214749660375,2458361.7819563,5.189365374314943,0.04921805778973821,14.671995780264504,0.010309138987722887,17.982045214014647,1.74,ba514603,ba,G,V
214749660375,2458364.6496329,2.986451463353535,0.034736454693010614,15.21217697012031,0.012642768996575534,18.300676884010848,1.66,bi125384,bi,G,g
214749660375,2458365.6458865,2.9076607250272724,0.03540855578149605,15.241206296529759,0.013236606424121208,18.279870077865034,1.71,bi125803,bi,G,g
214749660375,2458369.7690546,5.051405407132329,0.05820839147155729,14.701250842563429,0.012525225284951303,17.799892398242562,1.60,ba516137,ba,G,V
214749660375,2458370.5431193,3.0882835244294005,0.03433318188306929,15.175772710931605,0.0120839539714065,18.31335547585892,1.43,bi127758,bi,G,g
214749660375,2458372.8095907,5.590662107682559,0.04266412979715778,14.59112329236583,0.008294912701595622,18.137199163847686,1.63,ba517161,ba,G,V
214749660375,2458374.7138636,3.082415786406512,0.04947640098140881,15.177837571723153,0.017446931382874193,17.916645359936815,1.51,bq098463,bq,G,g
214749660375,2458375.6013665,2.7673034437457993,0.04114769804374857,15.294923663426204,0.016162216992967184,18.116776751019902,2.17,bi129814,bi,G,g
214749660375,2458377.5347853,2.962083487971569,0.04465992573208598,15.221072384308814,0.016388261077718142,18.027845620143943,1.74,bi130580,bi,G,g
214749660375,2458380.7497329,5.4924418043106975,0.0781987579780337,14.610367744495854,0.015475566788784744,17.479356755514853,1.64,ba519037,ba,G,V
214749660375,2458382.5985952,3.413034998620815,0.13903641365476785,15.067213767956888,0.04427922263977329,16.794819219111375,1.46,bi132521,bi,G,g
214749660375,2458384.7473076,5.500748738131903,0.1063058583152961,14.60872688500524,0.02100620324536559,17.1459633978461,1.72,ba520020,ba,G,V
214749660375,2458386.5941399,2.917131880758062,0.13159285058935855,15.237675463267067,0.04903299302504493,16.854559874454303,2.21,bi133832,bi,B,g
214749660375,2458386.7458348,5.240275183193131,0.13515444729023385,14.66139617016631,0.02803421629370431,16.88528054158619,1.66,ba520738,ba,G,V
214749660375,2458390.5739722,2.959155777138513,0.09599018550972924,15.222146052088556,0.03525909618169632,17.1970735339699,2.49,bi134961,bi,B,g
214749660375,2458392.7419236,5.479043104672425,0.047213618871255705,14.613019611703741,0.009366444097374058,18.02718816893948,1.66,ba522036,ba,B,V
214749660375,2458394.5603113,3.001900974666003,0.03885349606969476,15.206574717691858,0.014068439066355012,18.179065353762994,2.01,bi136459,bi,G,g
214749660375,2458397.5529715,2.887626394576606,0.06067972091871011,15.24871311512628,0.02284098057621925,17.6950316747177,2.26,bi137625,bi,G,g
214749660375,2458398.547216,2.9641635078655457,0.038296419356241986,15.220310231465765,0.01404326808155688,18.19474518608465,1.50,bi138009,bi,G,g
214749660375,2458401.633811,2.757808406254159,0.04127214833135254,15.298655394619642,0.016266913500304278,18.113497922155815,1.49,bq103407,bq,G,g
214749660375,2458405.5246157,3.09489289681679,0.05179880567509222,15.17345156169181,0.018192244941577493,17.866841245606935,1.75,bi139563,bi,G,g
214749660375,2458413.4991857,3.2659335968412866,0.08033294971060104,15.11504724631014,0.02673612950457142,17.390406326626792,1.52,bi142473,bi,G,g
214749660375,2458414.4996996,2.7984577386049816,0.10924976915231258,15.282768740485205,0.04243399764107098,17.056589291523284,2.03,bi142849,bi,G,g
214749660375,2458415.4966338,3.147383914575203,0.12684007815205853,15.15519131996246,0.04380452271069354,16.894499359081887,1.49,bi143219,bi,G,g
214749660375,2458428.5581113,2.875238669865573,0.05620301265514229,15.253380870410764,0.02124701221751096,17.778241622144222,2.49,bq109474,bq,G,g
214749660375,2458429.5528673,2.8607396322623355,0.045716087234422914,15.258869790611914,0.017370122959618643,18.00246797955407,1.64,bq109913,bq,G,g
214749660375,2458540.8975528,3.146964962916754,0.1366415702679089,15.155335853096275,0.04719577360839784,16.81368350086291,1.43,bi184939,bi,G,g
214749660375,2458541.9872676,2.431930315659725,0.11619036840925757,15.43518780593472,0.05193153680945591,16.989715289586936,1.46,bq139417,bq,B,g
214749660375,2458552.8876263,3.037662433914963,0.037401648865177495,15.193716846287465,0.013383306092180384,18.220413739813768,1.35,bi189348,bi,G,g
214749660375,2458555.9801429,2.828342209883062,0.03411734530734323,15.271235734936381,0.013111592669606934,18.320202533751644,1.57,bq142407,bq,G,g
214749660375,2458557.8660465,2.9097512165782002,0.05174468507762826,15.24042597618007,0.019329564187486582,17.86797624109557,1.41,bi191296,bi,G,g
214749660375,2458558.9009593,3.123651520103542,0.03950650285781819,15.163409179097664,0.013747324455382157,18.160969143083427,1.49,bi191720,bi,G,g
214749660375,2458559.8667153,3.1773205739962447,0.0460702603238122,15.14491303493585,0.01576056578206841,17.994088945751024,1.44,bi192089,bi,G,g
214749660375,2458561.8857722,2.9671960757218434,0.04133977312931174,15.219200007425066,0.01514377036886247,18.111720389165775,1.38,bi192903,bi,G,g
214749660375,2458562.8805467,2.853782868528035,0.10499541946429619,15.26151330596585,0.03999093876343775,17.09971472911906,1.47,bi193305,bi,G,g
214749660375,2458563.8536429,2.2910306709335195,0.1304601673721524,15.499988364031543,0.0618955178345818,16.863945783044162,1.43,bi193690,bi,G,g
214749660375,2458569.1078494,3.1353284371570256,0.10052228983963392,15.15935801855699,0.034849094986813024,17.14698467891624,1.68,bA020529,bA,B,g
214749660375,2458569.8231693,3.0815280500270448,0.0813138481425828,15.178150309009444,0.028682074643295863,17.377229325570237,1.47,bE060122,bE,B,g
214749660375,2458572.0255121,3.0847945890308464,0.04080764870731255,15.176999996189299,0.014378960614420747,18.125786681655406,1.66,bA021524,bA,G,g
214749660375,2458573.9159128,2.656090015707667,0.07111822469376002,15.339458648984793,0.029103839737447863,17.52268834415655,1.47,bE061548,bE,G,g
214749660375,2458574.806848,3.0989455823716368,0.04181119115918612,15.172030747094814,0.01466529363106082,18.09940926058261,1.52,bE061864,bE,G,g
214749660375,2458576.5608688,2.7571065308333407,0.04723651478622367,15.298931754842208,0.01862243523669499,17.96694599413446,1.59,bm123808,bm,G,g
214749660375,2458577.8047241,3.054686288585319,0.030230379485816482,15.18764908348886,0.010756950152146293,18.45153161402678,1.68,bE063026,bE,G,g
214749660375,2458578.8111529,2.941228091676096,0.04055108282033141,15.228743859114527,0.01498600671599898,18.132634472681143,1.38,bi199045,bi,G,g
214749660375,2458579.8189742,2.7404126264514415,0.039822468032342906,15.305525722622672,0.015795172931878237,18.152320180676007,1.40,bi199471,bi,G,g
214749660375,2458580.7983788,2.8253276811203123,0.034093712661357495,15.272393561053319,0.013116490372142577,18.320954869843526,1.47,bE064165,bE,G,g
214749660375,2458581.7896113,2.854680803740534,0.030195441271573895,15.261171735682233,0.011497303577311373,18.452787159682085,1.55,bE064561,bE,G,g
214749660375,2458582.7873332,3.1123791916020433,0.04291485383619018,15.167334364543908,0.014987434815973671,18.071121517195227,1.53,bi200710,bi,G,g
214749660375,2458584.0060542,2.843742382075278,0.030807243406595054,15.265339995786604,0.01177537541680064,18.431008511614113,2.00,bA025536,bA,G,g
214749660375,2458584.8486005,3.02781756943557,0.033084934390908635,15.197241360481492,0.01187716379299999,18.353564917060595,1.50,bE065823,bE,G,g
214749660375,2458585.9300354,3.1187535915976294,0.040339121515600256,15.165112964514764,0.01405910083141507,18.138324521091015,1.45,bq151226,bq,G,g
214749660375,2458587.797751,2.8780663856581903,0.04108330864379382,15.252313604333128,0.015515893061924933,18.118477080855026,1.44,bi202839,bi,G,g
214749660375,2458589.7683703,2.5497385192915614,0.08979251046560169,15.383826509875266,0.03827865254239205,17.269540326541982,1.51,bE067501,bE,G,g
214749660375,2458590.8725975,2.75062666000171,0.03128667547942493,15.301486502273267,0.012363457553296426,18.414242067722448,1.68,bE067989,bE,G,g
214749660375,2458591.9046696,2.669079735451993,0.06401720644935381,15.334161752304317,0.026070378913525344,17.636898814698423,1.41,bi204628,bi,G,g
214749660375,2458593.8222559,3.1724262450419776,0.10809532262055994,15.146586787086118,0.03703629550900979,17.068123356300568,1.46,bi205370,bi,G,g
214749660375,2458595.0316923,2.9536189673185382,0.09365148346479728,15.224179451599728,0.03446453041132149,17.223853958673043,2.01,bA028580,bA,G,g
214749660375,2458596.7605503,2.9299112723986904,0.06942623550016722,15.232929450655579,0.025756172266241502,17.54883156859564,1.63,bE070229,bE,G,g
214749660375,2458598.9490882,3.298263301355245,0.07709756470783403,15.104352315902105,0.025407826214162762,17.435038961083052,1.69,bA030079,bA,G,g
214749660375,2458600.5162643,2.8322044698431057,0.060304303918248606,15.269754112627155,0.023143864481122742,17.701769839332144,1.53,bm129851,bm,G,g
214749660375,2458600.7346617,3.244504738788615,0.05115930919870326,15.122194590263017,0.017139116524132823,17.88032893246204,1.45,bE071399,bE,G,g
214749660375,2458601.7494832,3.166913790415276,0.0354252158293614,15.148475019312293,0.012158736210716814,18.27935934923764,1.56,bE071833,bE,G,g
214749660375,2458602.7610828,3.0782509009753842,0.03761043409605397,15.179305584137914,0.013280563521703823,18.214369746349835,1.72,bi208743,bi,G,g
214749660375,2458603.7593309,2.7756067025168654,0.07223990647400869,15.291670803404786,0.02828990051095737,17.50569767383499,1.50,bE072695,bE,B,g
214749660375,2458604.7964029,2.9583977501807497,0.05319197748245495,15.222424213431054,0.019543473092900675,17.838025271204074,1.51,bq155863,bq,G,g
214749660375,2458605.5254663,3.0732591485722685,0.03596032179980685,15.181067664490605,0.012718519465661238,18.26308168776758,1.58,bm131752,bm,B,g
214749660375,2458605.7317472,2.7733234283052206,0.05031992323477344,15.292564321095023,0.019722030317565187,17.898290686685584,1.48,bE073522,bE,G,g
214749660375,2458607.7214243,2.9714144487112018,0.0479948815153224,15.217657545251065,0.01755673951703493,17.94965330176263,1.51,bE074072,bE,B,g
214749660375,2458609.7113505,3.120522673583214,0.04440722087524566,15.164497266048862,0.015468151778314954,18.034006624708844,1.55,bE074920,bE,B,g
214749660375,2458610.9462061,2.8147077645904526,0.05362392706826626,15.276482344397351,0.020707967619720692,17.82924407214289,1.51,bq157726,bq,B,g
214749660375,2458612.9393425,3.1347766484786153,0.03778395859933202,15.15954911485885,0.013101258820655466,18.209371969683627,1.49,bq158420,bq,G,g
214749660375,2458614.985891,3.0732341270370855,0.039882434121558244,15.181076504258398,0.014105814942597062,18.150686470210434,1.73,bA034326,bA,G,g
214749660375,2458616.4346125,2.9157742181582447,0.05893871353502135,15.238180893472899,0.021971460842490017,17.726638980941217,1.51,bm134305,bm,G,g
214749660375,2458616.9500306,2.8970101809112343,0.057462124627613305,15.245190568682732,0.021559755477740503,17.754186412114844,1.69,bA035040,bA,G,g
214749660375,2458617.7379407,3.1878839558615644,0.06286052789208636,15.141309362308808,0.021433233360529172,17.656695551870897,1.40,bi214961,bi,G,g
214749660375,2458618.6891042,3.3512428224918267,0.0811510085252759,15.087050880172688,0.026320867401864175,17.379405807683494,1.41,bi215372,bi,G,g
214749660375,2458619.7030599,2.890121996162801,0.0921144944728677,15.247775183953081,0.0346436761655464,17.24182067888435,1.45,bE076371,bE,G,g
214749660375,2458619.9165728,3.1844909372530115,0.10751054322409254,15.142465579121742,0.03669637892389438,17.074012970824285,2.05,bA035882,bA,G,g
214749660375,2458622.5472743,2.8310970713010404,0.1119281375159401,15.270178721028033,0.042973100524298015,17.03029241853965,1.52,bm136823,bm,G,g
214749660375,2458623.0662683,3.149165496838126,0.11449345670107167,15.15457691092988,0.039518218265327185,17.00568894278339,1.98,bA037038,bA,G,g
214749660375,2458625.0776466,3.1726983179731203,0.08771600091016658,15.146493676405965,0.030051227597047828,17.294943552966256,2.06,bA037736,bA,G,g
214749660375,2458625.8490336,3.22335261927456,0.10287636681735489,15.129296077685055,0.0346912519518629,17.121851565683794,1.45,bq160975,bq,G,g
214749660375,2458626.7060212,3.1625901163027583,0.06366732921842697,15.149958348913124,0.021881943650852966,17.642849031388657,1.52,bi218589,bi,G,g
214749660375,2458627.7542907,2.864395447436065,0.09932802202025855,15.257483185273784,0.03769215644544059,17.15996114347765,1.41,bi219082,bi,B,g
214749660375,2458629.912945,3.1317900197321236,0.05249430134107986,15.160584032821891,0.018219300412007335,17.852360211520285,1.77,bA039478,bA,B,g
214749660375,2458630.8869443,3.323249439668049,0.053610528560958784,15.096158271789546,0.017534739630930846,17.829515388754025,1.48,bq162199,bq,G,g
214749660375,2458631.9383675,3.219453203718549,0.04300314540146617,15.130610330288603,0.014518785145077102,18.068890055019917,1.54,bq162449,bq,G,g
214749660375,2458633.9842857,2.9785637545049424,0.024479669450374494,15.215048371365153,0.008933277429049088,18.68062673838415,1.71,bA041021,bA,G,g
214749660375,2458635.7925862,3.0464207258461107,0.03514748482609923,15.190590918859993,0.012540548825161039,18.287904981169856,1.42,bq163080,bq,G,g
214749660375,2458636.7861225,3.109697115550101,0.04364990678349425,15.168270395254595,0.015257290047436383,18.05268230997838,1.39,bi220875,bi,G,g
214749660375,2458637.8965104,3.218099586380233,0.030587381388886836,15.131066923475851,0.010331300443368052,18.43878486577974,1.68,bA042415,bA,G,g
214749660375,2458642.3687871,2.7870694999500274,0.03889708039933461,15.287196125625943,0.015169853215869259,18.177848100033035,1.52,bm141532,bm,B,g
214749660375,2458643.5969056,3.1374613099225517,0.03115248427489108,15.158619674896741,0.010792609886177189,18.418908897769903,1.60,bm142080,bm,G,g
214749660375,2458644.820602,3.3964820045658484,0.06735599498633713,15.072492327459447,0.02155555010455169,17.581699971591025,1.73,bA044250,bA,G,g
214749660375,2458645.7337425,3.22316842013582,0.044898887413190876,15.129358124073377,0.015141355378054453,18.022051662959406,1.41,bi224978,bi,B,g
214749660375,2458646.8740797,3.414407301711379,0.05968981058381038,15.0667773060715,0.019001900816849413,17.712890109619952,1.76,bA045026,bA,G,g
214749660375,2458648.5991247,2.8513655293624263,0.07404196677200953,15.26243338468258,0.028225212739814314,17.47894574551587,1.48,bE086426,bE,G,g
214749660375,2458649.9116931,3.275990501535708,0.0844968896993158,15.111709037559303,0.028035626257856588,17.335538803898867,1.62,bA046157,bA,G,g
214749660375,2458650.9842678,3.5004347500299833,0.12963045833455855,15.039760655825415,0.04025290632872791,16.870872970019434,2.03,bA046581,bA,B,g
214749660375,2458653.5251697,2.8183632385596904,0.159691240646838,15.275073208603093,0.061588028509199304,16.644437874055797,1.58,bm145109,bm,B,g
214749660375,2458656.6193598,1.8494649444731586,0.2878332715476387,15.732450362453713,0.16916365601692354,16.004788126544508,1.40,bi229465,bi,B,g
214749660375,2458656.8299118,3.1474929418255697,0.078852875590409,15.155153710066113,0.027231084855480914,17.410596772153845,1.54,bq167606,bq,G,g
214749660375,2458657.8093437,2.9081819196885976,0.04128546388250112,15.241011697071139,0.015430776154785768,18.11314768973736,1.66,bE090106,bE,G,g
214749660375,2458658.8492131,2.7596929462212665,0.05550059450348887,15.29791371347796,0.021859943961725546,17.79189652353631,1.48,bq168272,bq,G,g
214749660375,2458660.8021688,2.941681070027312,0.03447716282647733,15.22857665782573,0.012739374559375164,18.308811811621844,1.48,bE090787,bE,G,g
214749660375,2458662.8027047,3.0519226979091236,0.07577327474152451,15.18863179931814,0.026987005670313167,17.45385046935658,1.53,bi231400,bi,G,g
214749660375,2458666.964905,3.149042736252766,0.022614778374723844,15.154619235860123,0.007805953396282538,18.766659771421523,1.72,bA050110,bA,G,g
214749660375,2458668.8461747,2.9307736113100877,0.028248286024890292,15.232609941041186,0.010476639548075336,18.52516035649728,1.70,bA050623,bA,G,g
214749660375,2458671.878357,3.13277687096465,0.02775638692872118,15.160241962846609,0.009630429179847159,18.54423327894503,1.72,bA051679,bA,G,g
214749660375,2458673.2875481,3.109132285749854,0.0469903871046129,15.168467620849885,0.01642789789180257,17.97261805460385,1.59,bm148371,bm,G,g
214749660375,2458674.9204506,3.340306608643377,0.042472155530271075,15.09059979033536,0.013820703263134369,18.08237985470679,1.63,bA052289,bA,G,g
214749660375,2458675.7348175,2.2369854544753824,0.07841225512156513,15.525907721787657,0.03810070017135898,17.416680750785517,1.49,bq170843,bq,G,g
214749660375,2458677.3990409,2.8938432935697853,0.07029981311792882,15.246378098155178,0.026405313831390467,17.535255185164324,1.56,bm149747,bm,G,g
214749660375,2458678.6147042,2.898902477600656,0.0862741758291591,15.24448160868975,0.032348890243727356,17.312938563441747,1.44,bi235893,bi,G,g
214749660375,2458679.7238599,3.0527914831591474,0.23661821760925522,15.188322768762902,0.08424870031624783,16.217520164953804,1.52,bi236413,bi,G,g
214749660375,2458679.7674186,3.0123129596160703,0.1952153946735988,15.202815396709537,0.07044110264405957,16.426355453651283,1.49,bq171694,bq,B,g
214749660375,2458681.6733336,2.6084713955296976,0.12051162143538637,15.35910042574294,0.05021749254718214,16.950068287071716,1.56,bi237271,bi,G,g
214749660375,2458683.6784398,2.850375792068082,0.08653830503117968,15.262810319925302,0.033000341672718016,17.309619649677565,1.45,bi238148,bi,G,g
214749660375,2458683.9759019,2.6650923919690137,0.1476304039075193,15.335784948512917,0.06021098210996875,16.72970109154765,2.05,bA055046,bA,G,g
214749660375,2458688.9436103,2.946109794718793,0.04117541621941183,15.226943302376885,0.015191520450202643,18.116045616678008,1.73,bA055825,bA,G,g
214749660375,2458689.9248992,3.188572010271655,0.027734896782492375,15.14107504858007,0.009454585576357526,18.545074226546603,1.72,bA056195,bA,G,g
214749660375,2458690.4379399,3.048406867341763,0.03080853690282547,15.189883293985304,0.010985259372863257,18.43096292602934,1.53,bm152716,bm,G,g
214749660375,2458690.9168116,3.1862821949129043,0.02846159534388598,15.141855030510357,0.009709283354603365,18.51699251212527,1.71,bA056558,bA,G,g
214749660375,2458691.4382981,3.2258150305650277,0.04005491063289675,15.128466969383288,0.013496727471221168,18.146001193660275,1.50,bm153150,bm,G,g
214749660375,2458691.938743,3.3054334494560935,0.02967492024594204,15.101994578186527,0.009758280899203355,18.471666710386888,1.72,bA056959,bA,G,g
214749660375,2458693.7190725,2.8527464171730745,0.03015838765868563,15.261907700778032,0.011490981446303733,18.45412031301461,1.50,bE101115,bE,G,g
214749660375,2458693.7348913,2.7421067899239966,0.042649506158466514,15.30485471189283,0.01690603700710843,18.07785559442393,1.42,bi241507,bi,G,g
214749660375,2458694.7078269,2.877614934482015,0.04521532789274403,15.25248392539866,0.017079107752280987,18.014426399923288,1.39,bi241927,bi,G,g
214749660375,2458695.7443183,3.0016632488159494,0.037520086719049904,15.206660702467813,0.013586701630030075,18.216981027742225,1.46,bq176064,bq,G,g
214749660375,2458698.5502575,2.7904943359181824,0.037517633878088506,15.285862758950906,0.014613911341479578,18.21705200906245,1.51,bE102978,bE,G,g
214749660375,2458699.4674174,2.913660416589579,0.056110310662075794,15.238968287495531,0.020932249950507183,17.780033928346356,2.31,bi243798,bi,G,g
214749660375,2458700.302646,3.061642767069557,0.02739627244562577,15.185179332847252,0.009726332976011252,18.558411920305634,1.51,bm155377,bm,G,g
214749660375,2458700.4714665,3.3213009844347106,0.04828801326972285,15.096795036752047,0.015803135937191876,17.943042267839118,1.45,bi244242,bi,G,g
214749660375,2458700.7772255,2.9656410545877243,0.045722997552232275,15.219769159332007,0.01675823522404338,18.002303875062783,1.41,bq177189,bq,G,g
214749660375,2458701.4906098,3.0199405117627878,0.040984274224418964,15.20006965203142,0.014751325062020404,18.121097489622247,1.40,bi244691,bi,G,g
214749660375,2458701.7914329,2.9083786593195793,0.039963230989985894,15.240938249081577,0.01493557051628723,18.14848912824822,1.50,bq177549,bq,G,g
214749660375,2458702.4797163,3.1151282964441194,0.06324224794897428,15.16637577786783,0.02206701211505426,17.650122365056298,1.37,bi245122,bi,G,g
214749660375,2458702.771628,2.8804054387024385,0.04537455458714653,15.251431566600855,0.017122647862977507,18.010609674254287,1.46,bq177885,bq,G,g
214749660375,2458703.7487162,2.989843940455258,0.05017080296488508,15.210944321678458,0.018239574562967667,17.901512981932992,1.73,bA059357,bA,G,g
214749660375,2458704.846102,3.235970053583517,0.06102352140207049,15.1250543875395,0.020497691100081133,17.688897448253172,1.67,bA059738,bA,G,g
214749660375,2458705.7256036,2.883556918776329,0.09118816164875182,15.25024430126373,0.03437336934953742,17.2527944603673,1.43,bi246630,bi,G,g
214749660375,2458706.7806105,2.9432213544741543,0.14290948651964236,15.228008307662169,0.05277768121476155,16.76498796447549,1.51,bq178737,bq,G,g
214749660375,2458707.8523607,3.0711051432051204,0.06368096002543401,15.181828908973225,0.02253860795466462,17.642616606425403,1.99,bA060914,bA,B,g
214749660375,2458708.87764,3.3835680179284533,0.2453149401204175,15.076628344081534,0.07880635844500714,16.178330615627868,1.67,bA061319,bA,B,g
214749660375,2458709.3452966,3.314704123725498,0.10534419578686692,15.098953700813452,0.03454442881291124,17.096114081401,1.52,bm157132,bm,G,g
214749660375,2458709.8750277,3.247144834452859,0.13787019516259338,15.12131147185917,0.04615097737415173,16.80396463555018,2.27,bA061702,bA,B,g
214749660375,2458710.4072748,2.9276760870812475,0.1234353916644774,15.233758058610473,0.04582778285315284,16.924041362911055,1.51,bm157587,bm,G,g
214749660375,2458711.8840898,3.5800000144620245,0.14943403451398027,15.015358051286526,0.04537103288508496,16.71651680652793,1.65,bA062141,bA,B,g
214749660375,2458713.3539644,2.447162201240405,0.16734277472290496,15.428408732444767,0.07432867353818476,16.59362319699651,1.49,bm158592,bm,B,g
214749660375,2458713.8946296,2.584823695931247,0.09910767569134626,15.368988306410793,0.041676240672308074,17.162372383874146,2.01,bA062992,bA,B,g
214749660375,2458714.8787936,1.8253384898614933,0.21140927105906707,15.746707093248965,0.1258904511191265,16.339830539520907,1.71,bA062946,bA,B,g
214749660375,2458715.6958877,3.0042360044099974,0.077347403560446,15.20573050569043,0.027984906850261382,17.43152626232324,1.45,bi250656,bi,G,g
214749660375,2458715.8818681,2.9452670658171254,0.04884071746488392,15.227253919506714,0.018024761486322236,17.93068552379491,1.74,bA062481,bA,G,g
214749660375,2458716.8850433,3.26467009233976,0.047902624395415004,15.115467370594079,0.015948953040366656,17.95174234308192,1.73,bA063633,bA,G,g
214749660375,2458717.3615913,3.062381331790431,0.03127090939347005,15.184917450644324,0.011099244419072158,18.414789333436936,1.53,bm160027,bm,G,g
214749660375,2458717.8737458,3.321114520512187,0.037427809089956715,15.096855993682992,0.012249623110997528,18.21965459748932,1.75,bA063906,bA,G,g
214749660375,2458718.240785,2.9059983258518582,0.029873251182198267,15.241827222870608,0.011173759086224914,18.464434385058127,1.67,bm160217,bm,G,g
214749660375,2458718.880046,3.120762124622731,0.025405872422007047,15.164413956066571,0.008848825260243526,18.64030532917386,1.72,bA064260,bA,G,g
214749660375,2458719.5908802,3.2140182025324293,0.035756400002235365,15.132444792149663,0.012092542645128542,18.269256143869264,1.52,bE111417,bE,G,g
214749660375,2458719.7360324,3.0415758535242876,0.048791009164156345,15.192318992891936,0.017436259415251152,17.931791109208664,2.23,bA064542,bA,G,g
214749660375,2458720.2348973,2.746314519609078,0.03550274674247744,15.303189939785756,0.014051537737520894,18.276985725356944,1.55,bm160994,bm,G,g
214749660375,2458720.805716,2.8124109429282624,0.028483599842323168,15.277368674578964,0.011008503109785602,18.516153421777727,1.68,bA064989,bA,G,g
214749660375,2458723.382408,2.794465342125291,0.03501619676374302,15.284318802975045,0.013620166571793761,18.291968176420877,1.55,bm161661,bm,G,g
214749660375,2458723.8666165,2.9896349725793687,0.026745445990964917,15.211020209223802,0.009723975406141065,18.58451600062996,1.72,bA066041,bA,G,g
214749660375,2458726.6784758,2.9542239177237537,0.03661206639263376,15.22395709749448,0.013470788081115438,18.243580008332017,1.46,bq183863,bq,G,g
214749660375,2458727.8167133,2.9389893737202324,0.024830442693465897,15.229570582707206,0.009183296770198423,18.665179455163955,1.71,bA067495,bA,G,g
214749660375,2458728.8575394,2.9182398666668417,0.03009819245501467,15.237263156911258,0.011210670841429024,18.456289574316727,1.72,bA067729,bA,G,g
214749660375,2458729.8341568,2.6855705712255338,0.033752117094166874,15.327474199232595,0.013660815392859208,18.33188806382251,2.04,bA067979,bA,G,g
214749660375,2458742.2732229,3.1747999597007395,0.08804434230096249,15.145774706980006,0.030143748671108212,17.290886977476024,1.45,bm166344,bm,G,g
214749660375,2458744.6176171,2.8829591622966837,0.06489799178720328,15.250469395877108,0.02446836443034352,17.62206246609881,1.70,bE119636,bE,G,g
214749660375,2458745.5762067,2.841271629013791,0.03725589602177495,15.266283735314964,0.014252610957917898,18.22465307932915,1.49,bi261542,bi,G,g
214749660375,2458748.7960495,3.0862428159507282,0.024913476742922828,15.176490392268498,0.008774379606477615,18.661554764609743,1.72,bA072979,bA,G,g
214749660375,2458750.6648247,2.898814028765811,0.03362515468910121,15.244514736250288,0.01260828767251643,18.33597988408565,1.50,bq186756,bq,G,g
214749660375,2458752.5316054,3.0094403783060613,0.03596066083423882,15.203851263039805,0.012988353283751142,18.263071451479252,1.39,bi264287,bi,G,g
214749660375,2458752.6733139,2.810248195878311,0.038512424355900465,15.278203928088631,0.014895955055865683,18.188638465674142,1.57,bq187428,bq,G,g
214749660375,2458753.6871371,3.0081852106652707,0.03393843110205475,15.204304192837535,0.012263074392222776,18.325911206490176,1.45,bq187840,bq,G,g
214749660375,2458754.6760121,2.836103473175012,0.03947419765018201,15.2682604429853,0.015128762748649218,18.161857333116266,1.43,bq188233,bq,G,g
214749660375,2458755.589777,3.1466417601398207,0.03310903622559026,15.155447367200077,0.011436981263575213,18.352774263911144,1.44,bE123819,bE,G,g
214749660375,2458756.6908492,3.188101884878028,0.06277929304701814,15.141235142124119,0.02140407191228743,17.65809955935849,1.48,bq188970,bq,B,g
214749660375,2458760.2479431,3.2171484078178803,0.04784822799486534,15.131387883603818,0.016166162352440627,17.95297596443076,1.48,bm170805,bm,G,g
214749660375,2458761.7477157,2.943161464443005,0.039462451255391336,15.22803040095006,0.014574113338351234,18.162180465308232,1.78,bA076328,bA,G,g
214749660375,2458762.6646821,2.561716375074644,0.1037955828205307,15.3787380112963,0.044041286838868904,17.1121934318395,1.46,bq190175,bq,G,g
214749660375,2458764.7224316,2.894520609106892,0.05306579829491419,15.246124007010806,0.019927381189297353,17.840603856641078,2.08,bA077416,bA,G,g
214749660375,2458766.2362115,2.956127046570182,0.0970644298913313,15.223257884884339,0.03569021677254504,17.18499034130861,1.54,bm172832,bm,G,g
214749660375,2458771.7302433,2.556070728004089,0.06395793283590888,15.381133455181237,0.02719779677897599,17.63790456492562,1.67,bA079588,bA,G,g
214749660375,2458773.5875674,3.259940284560801,0.05977038647873555,15.117041510397089,0.0199291415544082,17.71142545140292,1.51,bq193644,bq,G,g
214749660375,2458774.5098819,2.986481295273837,0.03534311390868907,15.212166124662229,0.012863441744106443,18.28187858540097,1.57,bE129847,bE,G,g
214749660375,2458775.5151093,2.8664276476342487,0.03181520164421168,15.256713162055002,0.012064403909222258,18.396053911112006,1.57,bE130182,bE,G,g
214749660375,2458776.5182478,2.738236471722404,0.04022770635286059,15.306388245503184,0.015968587164184585,18.14132743323881,1.79,bE130510,bE,G,g
214749660375,2458777.5070092,2.8108315777108976,0.03286077961373858,15.277978562570038,0.012707356425700131,18.360945954570393,1.69,bE130808,bE,G,g
214749660375,2458777.6959753,3.3358626052710165,0.08500972964766824,15.092045234845076,0.027699546110145103,17.32896902390731,2.23,bA081219,bA,G,g
214749660375,2458778.5857522,2.9205939363053446,0.040379516052364076,15.236387674285865,0.01502803172059942,18.13723783737034,1.49,bq195059,bq,G,g
214749660375,2458782.4939236,3.1501415382850193,0.07468727162839835,15.154240453748539,0.025770847436774543,17.469524124726938,1.53,bi274420,bi,B,g
214749660375,2458786.5758318,2.861866814918417,0.030104315561660145,15.258442075357962,0.0114338242302768,18.456068717119496,1.45,bq198119,bq,G,g
214749660375,2458788.5707473,2.9068083019306283,0.04181511607749213,15.24152464257998,0.015636123337586898,18.099307344665252,1.54,bq198718,bq,G,g
214749660375,2458790.570932,3.102345271049824,0.13061472975268792,15.170840296416124,0.04576296960390715,16.862660220978295,1.45,bq199580,bq,B,g
214749660375,2458803.5833986,2.7865915716891454,0.04474367272310971,15.287382324252203,0.017453015851714736,18.025811537213052,1.54,bq203641,bq,G,g
214749660375,2458899.8954939,3.098522386163016,0.1346341186045341,15.172179026827266,0.04722942584481904,16.829752782598714,1.55,bE165842,bE,B,g
214749660375,2458901.8898399,3.2858361590257044,0.06249547221704803,15.108450861026572,0.02067353873347998,17.66301922657727,1.48,bE166426,bE,G,g
214749660375,2458905.0200896,3.309898647498713,0.11034981089041841,15.10052888369335,0.03623840467461524,17.045711628353143,1.58,bq235296,bq,B,g
214749660375,2458906.8821394,2.761188682889911,0.06341901531245843,15.297325410521017,0.024965230635380982,17.64709187497569,1.39,bi312295,bi,G,g
214749660375,2458907.9000005,3.142864864115155,0.16535257894629996,15.156751352868108,0.057187016255204726,16.606613179338247,1.38,bi312685,bi,G,g
214749660375,2458910.878832,3.0665196162910218,0.03234657221316755,15.183451254329928,0.011465544663801518,18.378069948990763,1.45,bE169475,bE,G,g
214749660375,2458916.0025088,2.8638424108942524,0.03819109936796937,15.257692831525464,0.014495233526986945,18.197735211085565,1.49,bq237516,bq,G,g
214749660375,2458931.0464901,3.2180968009700535,0.04143191888899114,15.131067863229859,0.01399420130276394,18.109302991954497,1.79,bA116354,bA,B,g
214749660375,2458933.5766074,2.967188403845477,0.032108980479628936,15.21920281466951,0.011762335581217327,18.38607432114012,1.61,bm210070,bm,G,g
214749660375,2458943.1007979,2.97462205188883,0.02886252757370363,15.216486139311016,0.010546655014606577,18.501804709374742,1.69,bA119131,bA,G,g
214749660375,2458955.9834707,3.184672987282587,0.025920187267506604,15.142403511851818,0.008846784805731731,18.61854527421827,1.99,bA121191,bA,G,g
214749660375,2458957.9371286,3.029899291237641,0.04119888252235771,15.19649513847419,0.014779829209355954,18.11542702044645,1.51,bq241925,bq,G,g
214749660375,2458960.0370098,2.9790353212508967,0.026128517674320874,15.214876491020872,0.009533476319291783,18.609853681471705,2.03,bA122725,bA,G,g
214749660375,2458964.9534186,3.265954428906938,0.03391056439528508,15.115040320861386,0.011285922669057596,18.326803066242167,2.04,bA124416,bA,B,g
214749660375,2458967.0216165,3.2201657248172544,0.027602073808657448,15.130370064532116,0.00931699070908771,18.550286329302523,2.03,bA125220,bA,G,g
214749660375,2458968.8233177,3.0605931515176867,0.03319209150723392,15.185551616970915,0.01178802883880838,18.350054063621034,1.47,bq245336,bq,G,g
214749660375,2458971.9933654,3.082720043336014,0.05159457727329652,15.177730406926367,0.0181920711142145,17.871130465128097,2.04,bA127004,bA,G,g
214749660375,2458974.9426817,2.89471551127493,0.1238883401534232,15.246050901566184,0.04651968000748018,16.92006452559308,1.75,bA127987,bA,G,g
214749660375,2458984.4480766,2.92562727786609,0.04149665976061655,15.234518130759033,0.015417228742169397,18.107607761584557,1.55,bm213370,bm,G,g
214749660375,2458987.9447914,3.001189118163783,0.028021242121446497,15.206832214537226,0.010148601328320333,18.5339221546483,1.78,bA130487,bA,G,g
214749660375,2458992.8882923,2.9564476170201663,0.028364309199141156,15.22314015108346,0.010428316297958404,18.52071008401846,1.48,bq250384,bq,G,g
214749660375,2458993.8777796,2.8142784774033984,0.04401038617823915,15.27664794886753,0.01699809619580789,18.043752662976058,1.63,bq250698,bq,G,g
214749660375,2458996.0058434,2.856682977708823,0.02944833653539053,15.260410504936711,0.011204975036181307,18.479988692488764,2.00,bA132928,bA,B,g
214749660375,2458998.9694368,3.1291787254559944,0.022273398009428246,15.16148969998512,0.00773692312001495,18.783174417288848,2.00,bA133661,bA,G,g
214749660375,2459000.9498888,3.295555871913711,0.0443772322395635,15.105243924923965,0.014636718014892915,18.03474008079462,2.09,bA134347,bA,G,g
214749660375,2459002.7857123,3.022085463584781,0.061340745755874004,15.19929876757712,0.02206248779232072,17.68326798230596,1.49,bq253152,bq,B,g
214749660375,2459008.0703669,3.166527200662636,0.1451590957711724,15.148607564793316,0.04982797109881546,16.748029975896124,2.08,bA136400,bA,B,g
214749660375,2459013.8298436,3.154964472364596,0.02616774479653687,15.152579439594039,0.0090153791318237,18.60822487234563,2.03,bA138302,bA,G,g
214749660375,2459015.9320274,3.1715849484765255,0.02515661242603817,15.146874751945429,0.008621602254254809,18.651010214235853,2.12,bA139051,bA,G,g
214749660375,2459018.0239534,3.309483846949715,0.029145162687364952,15.10066495800988,0.009572346059152902,18.491224401741878,1.71,bA139783,bA,G,g
214749660375,2459020.781434,3.104394262705292,0.03916236544532636,15.170123441941303,0.013712107717411316,18.17046832210097,1.47,bq257599,bq,G,g
214749660375,2459027.9098878,2.9609445400290078,0.02923057622898889,15.22148994000025,0.010730483140349871,18.488047169473198,1.75,bA142393,bA,G,g
214749660375,2459031.8623822,3.3811423412834753,0.06044878069628917,15.077406986455715,0.01943283948941008,17.699171748459054,2.05,bA143582,bA,G,g
214749660375,2459036.8819787,3.1117704965978237,0.1069867923224143,15.167546725183978,0.03737100527880861,17.079315194695045,1.98,bA145084,bA,B,g
214749660375,2459040.9113773,3.1139510029837116,0.03944411483707979,15.166786185277132,0.013768372663959779,18.16268507511628,1.83,bA146466,bA,G,g
214749660375,2459041.7200734,3.1096267427797724,0.04875303896833751,15.168294965856262,0.017041413019835677,17.932636381045825,1.48,bq261663,bq,G,g
214749660375,2459043.8854238,3.0519134425850623,0.02712172940255049,15.188635091949262,0.009659559882529178,18.569347164859636,1.71,bA147489,bA,G,g
214749660375,2459044.8117941,2.8649566781327263,0.040303387670223706,15.257270474141642,0.015290992150318511,18.139286731532916,1.44,bq262673,bq,G,g
214749660375,2459046.8471133,2.8333326763258047,0.040658206703181966,15.269321696561635,0.015597781124506199,18.12977006280517,1.46,bq263165,bq,G,g
214749660375,2459051.9712696,3.1909147548013204,0.02872637175403902,15.140277616823452,0.009785381159735686,18.506938670261977,1.73,bA149825,bA,G,g
214749660375,2459054.3039532,2.747200400847563,0.03562338937493999,15.302839769318943,0.014094740010811473,18.273302516717504,1.47,bm232009,bm,G,g
214749660375,2459055.805835,3.084112175895908,0.08427749418242261,15.177240207519592,0.029702542162171885,17.338361575750252,1.43,bq264382,bq,B,g
214749660375,2459055.8082698,3.181194034422325,0.18046801067369186,15.143590223870211,0.06166265843720448,16.511640033775993,1.48,bq264384,bq,B,g
214749660375,2459057.7510324,3.214055370269551,0.06102128111760229,15.132432236488192,0.020636694715714256,17.688937308335802,1.46,bq264785,bq,G,g
214749660375,2459058.7697161,2.9736244558366516,99.99,15.216850322658269,99.99,99.99,1.45,bq265128,bq,G,g
214749660375,2459060.7958019,2.813214676775004,0.08602753041812412,15.27705843603793,0.03323890850174534,17.316046971840517,1.98,bA151863,bA,G,g
214749660375,2459061.811973,2.5371342616864507,0.10159461912946109,15.389206997027756,0.043525065072026525,17.135463845122317,1.45,bq266150,bq,B,g
214749660375,2459062.7744058,3.0600361220550436,0.16503595616604963,15.18574923947976,0.05862248082080454,16.60869417722089,1.58,bq266422,bq,B,g
214749660375,2459063.7286631,2.559971404942978,0.16202665667934996,15.379477836683108,0.06879605406261534,16.628674434709342,1.50,bq266719,bq,B,g
214749660375,2459068.8453559,3.360969016505845,0.05226873698919561,15.083904350051236,0.01690400722959913,17.857035596382904,1.71,bA154135,bA,G,g
214749660375,2459069.8103649,3.2012245046696224,0.08993506876496254,15.13677529062373,0.030536911542610446,17.267817933795943,1.48,bq268543,bq,G,g
214749660375,2459070.8168316,3.011945634029261,0.07982652562990875,15.202947800949104,0.028807944493051966,17.397272542824084,1.51,bq268888,bq,G,g
214749660375,2459072.822574,2.935441525545264,0.021850871308413875,15.230882038317784,0.008091098687428673,18.803968713337227,1.71,bA155457,bA,G,g
214749660375,2459074.8785794,2.950709471263179,0.025773499296337214,15.225249495549164,0.009494216025341095,18.62470714345862,1.69,bA156236,bA,G,g
214749660375,2459077.8654425,3.154894611707515,0.028061244239923837,15.152603481412935,0.009667946536633013,18.5323733019322,1.80,bA156946,bA,G,g
214749660375,2459080.7993563,2.840906575659811,0.02814551388316622,15.2664232422538,0.010768727889582726,18.529117655307463,1.71,bA158035,bA,G,g
214749660375,2459085.7658727,3.1088213329069134,0.038296913133026966,15.16857621373447,0.01338998772679454,18.194731187181215,2.05,bA159572,bA,G,g
214749660375,2459086.7225374,2.9534024416136995,0.03613168169505623,15.224259048330747,0.01329773636889972,18.257920172379148,1.47,bq273283,bq,G,g
214749660375,2459087.7070383,2.933785507761911,0.07544949317724957,15.231494724963103,0.027953754101637248,17.458499794438943,1.44,bq273648,bq,G,g
214749660375,2459089.7825927,2.95426359198354,0.0650987201551608,15.223942516510709,0.02395164690839708,17.618709485452392,2.03,bA160985,bA,G,g
214749660375,2459091.848196,2.882232122450643,0.08418245031076976,15.250743237090123,0.03174715272532267,17.33958670477132,2.43,bA161762,bA,G,g
214749660375,2459095.7406726,3.197503799686663,0.12553457386092512,15.13803794919286,0.042674108401449445,16.90573222978536,1.50,bq275983,bq,B,g
214749660375,2459096.748025,2.774218647912469,0.11770913135339137,15.292213905601502,0.046119186780426244,16.975615224457524,1.52,bq276354,bq,B,g
214749660375,2459099.8289598,3.0063790134491444,0.030798743251313047,15.204956294534801,0.011135287563086243,18.43130812296343,2.16,bA164872,bA,G,g
214749660375,2459102.7885019,3.2048120250696663,0.030266615172136052,15.135559218510261,0.01026534302011259,18.45023097416959,1.70,bA165798,bA,G,g
214749660375,2459104.7950228,2.989821043471376,0.023942624172923532,15.21095263655377,0.008704397726123417,18.704711240275923,1.71,bA166583,bA,G,g
214749660375,2459107.7895276,2.986974550674987,0.02225405855877418,15.211986816314685,0.008098225704721157,18.784117545178646,1.72,bA167704,bA,G,g
214749660375,2459110.2631407,3.092676972140972,0.03952335345942185,15.17422922070863,0.013890932415737977,18.160506145695784,1.52,bm244094,bm,G,g
214749660375,2459114.7671326,2.7353506026843926,0.05316705425995085,15.307533122800098,0.021127191634153997,17.83853411460108,1.69,bA170133,bA,B,g
214749660375,2459118.759421,3.2989984612208842,0.06024744096158872,15.104110339847663,0.019850372663422548,17.70279409950184,2.05,bA171201,bA,G,g
214749660375,2459121.3342442,4.1296122553513515,0.14969814724369634,14.860292432164643,0.03940209573621492,16.71459954824017,1.57,bm247233,bm,G,g
214749660375,2459128.7380015,3.123274432576458,0.028428280953040782,15.163540257194033,0.009893560764767518,18.518264114272053,2.27,bA173996,bA,G,g
214749660375,2459129.6546796,2.838478359238941,0.061271360897952085,15.267351653577206,0.02346303085492528,17.68449679506198,1.50,bq279708,bq,G,g
214749660375,2459130.664896,2.727732032552871,0.06270130083320129,15.310561362837763,0.02498544103629956,17.659449233894065,1.45,bq280034,bq,G,g
214749660375,2459132.7241577,2.885066903571368,0.02753300929067043,15.24967590046363,0.010373133453006588,18.553006408157867,2.10,bA175543,bA,G,g
214749660375,2459133.6380206,3.161293088685663,0.03543047852402043,15.15040371762616,0.012182163633563529,18.279198066557722,1.50,bq281089,bq,G,g
214749660375,2459134.6366635,3.242552382823018,0.04244068132428377,15.122848120386365,0.014226809595075782,18.083184743291067,1.57,bq281430,bq,G,g
214749660375,2459138.698065,2.987051020167773,0.0819682208465575,15.211959020753415,0.02982737543582861,17.368526839814084,2.41,bA177440,bA,G,g
214749660375,2459142.6219296,3.07971669558553,0.04824235444685034,15.17878870376072,0.017026677117807126,17.94406937344182,1.47,bq284020,bq,B,g
214749660375,2459143.5064473,2.8263895235939156,0.05814389997611253,15.271985585640131,0.02236064447267725,17.741380215142858,1.63,bi319726,bi,G,g
214749660375,2459144.6024788,2.9968958626508164,0.06431452915937033,15.20838649186329,0.02332650185933547,17.631867875050926,1.46,bq284846,bq,G,g
214749660375,2459145.6003738,2.867046013108787,0.07147752718356731,15.25647896483851,0.027098610895930703,17.517216813032903,1.43,bq285256,bq,G,g
214749660375,2459150.4956105,3.1305179599856836,0.1339334835398061,15.161025123022116,0.046503446162467786,16.835417699556352,1.65,bi322021,bi,G,g
214749660375,2459155.5659759,3.058795779046479,0.07167316660686167,15.186189416739385,0.025469374716251617,17.514249130074873,1.48,bq287018,bq,B,g
214749660375,2459156.558107,2.992672884483772,0.04459879366037674,15.209917500602376,0.016198546083063276,18.029332832023215,1.67,bq287440,bq,B,g
214749660375,2459157.5614055,3.1240083380372337,0.0400086498115265,15.163285161414779,0.013920469516396486,18.147255873165765,1.66,bq288232,bq,B,g
214749660375,2459158.557326,3.134444990738641,0.03581518132765857,15.159663991261995,0.012419916456148795,18.26747272574885,1.62,bq288626,bq,B,g
214749660375,2459159.5568037,3.2013419701613084,0.05863293428804406,15.13673545143185,0.01990772960436966,17.73228653889943,1.72,bq288994,bq,B,g
214749660375,2459163.5676909,2.8172102309086027,0.041752759647333486,15.275517480042513,0.01610935311158462,18.100927647821237,1.54,bq290191,bq,B,g
214749660375,2459168.5387405,3.2322679607696534,0.11156260981533363,15.126297228829934,0.03751660066331259,17.033843948229364,2.03,bq292123,bq,B,g
214749660375,2459246.0337943,3.449859648814154,0.22291166762359982,15.055562054878335,0.07023337629938167,16.282308609241916,1.54,bq319145,bq,G,g
214749660375,2459247.0305325,2.422744861398528,0.13890259590695275,15.439296419502407,0.06231819326629532,16.79586470592589,1.52,bq319568,bq,G,g
214749660375,2459251.0178381,2.9783964711837227,0.06330218036328293,15.21510935064031,0.023101933692135625,17.64909393894878,1.54,bq321066,bq,B,g
214749660375,2459256.1539806,3.2102748418755533,0.034671515354716874,15.133710083948937,0.011739315662882681,18.302708553031668,2.30,bA210788,bA,G,g
214749660375,2459259.136845,3.0119935556712156,0.03560238522866662,15.202930526451464,0.012848050335600486,18.27394287374688,2.23,bA212035,bA,G,g
214749660375,2459267.8891578,2.954666796428833,0.07745103534214698,15.223794342937465,0.02849252175654666,17.430072542312065,1.37,bi357523,bi,G,g
214749660375,2459269.6372972,3.045766451368019,0.10010625619083276,15.190824125578953,0.035725374801682794,17.1514875619933,1.53,bm281751,bm,B,g
214749660375,2459274.8781783,2.415243191747366,0.14681483319401076,15.442663455871429,0.06607257644842779,16.735715771387323,1.43,bi360044,bi,G,g
214749660375,2459279.1392542,2.8950234362305856,0.20547568394095134,15.245935412672452,0.07714726310099423,16.37073952468445,1.62,bA215656,bA,G,g
214749660375,2459285.6448731,3.197339344869805,0.060701800706251134,15.138093792485561,0.020635976054538974,17.694636675138355,1.48,bm285586,bm,G,g
214749660375,2459286.6524628,2.7981890186767364,0.14800818393380158,15.282873002543509,0.05749377891336655,16.726926286822614,1.55,bm285905,bm,B,g
214749660375,2459288.9361821,3.1596674125725484,0.05103317871830985,15.15096219460186,0.017555913072440133,17.883009060941472,1.54,bq329782,bq,G,g
214749660375,2459291.6579152,3.2224001295683653,0.16848679393435564,15.129616956442431,0.05683273713075347,16.586225945548414,1.48,bm286808,bm,B,g
214749660375,2459295.8472102,3.317914674305417,0.059031234818566355,15.097902589214785,0.01933876906758825,17.72493594166293,1.53,bi367189,bi,G,g
214749660375,2459299.9733983,3.170066291149339,0.05586951249291229,15.147394762022287,0.01915661232072828,17.784703406934817,1.68,bq332477,bq,B,g
214749660375,2459303.5489501,2.711656340684517,0.09345102251482897,15.316979000372708,0.03745946595874387,17.2261804672696,1.48,bm289961,bm,G,g
214749660375,2459304.5535261,2.318340631966132,0.12826409325264473,15.487122505125752,0.060136759345705545,16.882377873169958,1.60,bm290317,bm,G,g
214749660375,2459306.7970447,2.7885346275200416,0.08987409372695684,15.286625517653212,0.03503246161902198,17.268554301264313,1.46,bE222085,bE,G,g
214749660375,2459310.787217,2.9749235515616226,0.04081653689309573,15.216376097592683,0.014913257501177583,18.125550226612905,1.51,bE223532,bE,G,g
214749660375,2459313.0064288,2.871505777402287,0.03478938154425789,15.254791386261285,0.013168890501418755,18.299023840687287,1.76,bA222375,bA,G,g
214749660375,2459313.9829409,2.9655560926149107,0.053391340796594314,15.219800264785974,0.01956937055676547,17.83396354327144,2.27,bq336847,bq,B,g
214749660375,2459315.5891597,3.1034306567096372,0.04968295922899279,15.170460507479909,0.017401135236096776,17.91212197270025,1.50,bm294503,bm,G,g
214749660375,2459317.7723966,2.9120924025677897,0.03680556310873194,15.239552744023976,0.013737904340549521,18.237856944865335,2.05,bE226301,bE,G,g
214749660375,2459317.7771902,2.8966623377316716,0.043614101683168205,15.245320940543714,0.01636595044123666,18.053573282020658,1.40,bi375613,bi,G,g
214749660375,2459318.7575345,3.1289961314645107,0.038372801180536306,15.161553056766264,0.013330015362166967,18.192581852771024,1.51,bi376020,bi,G,g
214749660375,2459319.7626343,3.115344504500241,0.041223796545350085,15.166300424063428,0.014383152309828865,18.114770646305285,1.39,bi376448,bi,G,g
214749660375,2459320.8371472,3.1451747084257056,0.03899812160811271,15.155953685589079,0.013477554205162565,18.17503138841937,1.38,bi376912,bi,G,g
214749660375,2459322.5465072,2.8915107325068705,0.0514044805681555,15.247253600716173,0.019323613352708262,17.8751381738169,1.49,bm297085,bm,G,g
214749660375,2459324.942226,3.099978856388842,0.033331803599161346,15.171668793007008,0.011687247875503492,18.345493576017923,1.48,bq339266,bq,G,g
214749660375,2459326.8805138,2.763763918255592,0.06034118552971116,15.296313265557384,0.023731493383989107,17.70110601506013,1.54,bq339724,bq,B,g
214749660375,2459327.7972804,2.902574527606435,0.038531594717326846,15.243107173122466,0.014429317067543121,18.188098152327594,1.38,bi379516,bi,G,g
214749660375,2459328.8303248,2.8489120333194276,0.035707545116692004,15.263368023256694,0.013623638984268646,18.270740627441747,1.42,bi379957,bi,G,g
214749660375,2459333.7839964,2.681256262454604,0.11825800049895457,15.329219812566244,0.04794070104007611,16.970564282209036,1.45,bi381980,bi,G,g
214749660375,2459336.7878087,3.2039438713074944,0.09370275839579828,15.135853374190987,0.03178920369216543,17.223259672151197,1.73,bq341507,bq,B,g
214749660375,2459338.9481063,3.011146151162596,0.04928609460864395,15.203236034145435,0.01779117959625885,17.92082959552952,2.17,bq341890,bq,B,g
214749660375,2459340.7141779,2.86807270387766,0.039578108187766886,15.256090231699488,0.014999509166774989,18.15900303313116,1.50,bE234182,bE,G,g
214749660375,2459340.7281272,2.879799973663164,0.04205682740558446,15.251659813779286,0.015873999322948792,18.093049340959674,1.44,bi383840,bi,G,g
214749660375,2459342.804535,2.7801335851342124,0.04747042409246446,15.289901461720119,0.01855964308079665,17.96158283232564,1.55,bq342861,bq,G,g
214749660375,2459343.5550942,3.1256938825486666,0.07298637454658927,15.16269951535339,0.025380929416806017,17.494536132769312,1.98,bm302052,bm,G,g
214749660375,2459345.7803474,2.9883794695641726,0.036096494526233376,15.211476262019264,0.013129296508964538,18.258978041708126,1.38,bi385230,bi,G,g
214749660375,2459346.8121714,3.0969729086516424,0.03624873372523158,15.172722106528752,0.012722357827979812,18.254408511467744,1.42,bE235947,bE,G,g
214749660375,2459348.4492464,2.986302870292147,0.03843686936847658,15.212230993057652,0.013990277493593077,18.190770592109306,1.51,bm303771,bm,G,g
214749660375,2459352.6783599,3.194904481956367,0.044844468516904566,15.138920925810952,0.015256790240103405,18.023368408306187,1.47,bE237920,bE,G,g
214749660375,2459353.7578717,3.0415104368345403,0.041334134432251354,15.192342344613436,0.014771741844929165,18.111868492424378,1.50,bq345083,bq,B,g
214749660375,2459355.8818456,3.268233161306696,0.06320901335492338,15.114283041602558,0.021022199429418964,17.65069308301467,1.70,bA235211,bA,G,g
214749660375,2459359.7358155,3.1111983392042855,0.1604862360715737,15.167746376512829,0.056068929694780424,16.639046132588224,1.56,bq346443,bq,B,g
214749660375,2459362.4623894,2.811030479545429,0.11189908676239126,15.277901735739059,0.043268631563433864,17.030574256061268,2.01,bm306590,bm,G,g
214749660375,2459365.7729622,2.895790859590889,0.07821995128130162,15.245647639903728,0.029360437371965295,17.419346758644185,1.34,bi391913,bi,G,g
214749660375,2459367.6279031,2.9484303303846207,0.032424692367138956,15.2260884469807,0.011953557277797065,18.375450950545552,1.48,bE242915,bE,G,g
214749660375,2459368.9437657,3.2679663602055347,0.22675707788700913,15.114371678925886,0.07542154890611871,16.263738481932165,1.55,bq348054,bq,B,g
214749660375,2459371.0826856,3.3773061460975633,0.034031677973412305,15.078639546401078,0.010952798685919848,18.32293220383432,2.00,bA240467,bA,G,g
214749660375,2459374.770902,3.0258035909054417,0.05480842207994276,15.19796378741523,0.01968877689387555,17.805522363871525,1.35,bi395801,bi,G,g
214749660375,2459376.5039562,3.2326882742317187,0.04451471845941778,15.126156052454668,0.01496759335830014,18.03138153405541,1.58,bm309848,bm,G,g
214749660375,2459377.6791986,2.805938157580148,0.03847889785304571,15.279870384736746,0.01490584846202448,18.189584051208325,1.43,bi397046,bi,G,g
214749660375,2459380.8092182,2.942059251011992,0.03432021740232308,15.228437085116813,0.01267975283642845,18.31376553585408,1.67,bA243722,bA,G,g
214749660375,2459382.7720214,3.141071032205837,0.0569257217216265,15.157371228160992,0.01969894467384144,17.7643692478429,1.52,bq351758,bq,G,g
214749660375,2459383.8480639,3.233188936516291,0.04777098851408869,15.125987912184728,0.01605999170938093,17.95473004111154,1.54,bq352106,bq,G,g
214749660375,2459384.9196718,3.2027659296714583,0.04387992887669207,15.136252622458969,0.014891995204551924,18.0469758240126,1.48,bq352430,bq,G,g
214749660375,2459387.9733255,2.7724928442015986,0.09587607787050482,15.292889537508561,0.03758824061099585,17.19836496277629,2.00,bA246279,bA,G,g
214749660375,2459391.8078934,3.526521813058535,0.07947483796974417,15.031699186063163,0.024496004285438463,17.40206648353029,1.73,bA247481,bA,G,g
214749660375,2459394.7073396,2.792298148022806,0.10443714063422224,15.285161151580631,0.04065419418214198,17.10550317933518,1.40,bi403009,bi,B,g
214749660375,2459396.5545134,3.1908017679223826,0.0353453597406599,15.140316062261977,0.012040506455009753,18.281809595905074,1.53,bE253542,bE,G,g
214749660375,2459400.6130101,2.8638461149833736,0.06622036876753656,15.25769142723693,0.025133564728655806,17.600161624144874,1.36,bi405541,bi,B,g
214749660375,2459401.7540206,3.078565372691967,0.03246252075426344,15.179194671837406,0.011461620714288816,18.374185010704835,1.61,bE255739,bE,G,g
214749660375,2459401.7578481,3.1563205142282347,0.03526652572122427,15.152112877310033,0.01214489465153019,18.284233918214845,1.63,bi406079,bi,G,g
214749660375,2459402.8287402,3.1155168438488787,0.03574918891129038,15.166240363323858,0.012472349206113334,18.269475129340474,1.53,bE256185,bE,G,g
214749660375,2459403.7003242,2.7873686561295914,0.04380950479750816,15.287079592017982,0.01708386396937345,18.04871975109005,1.41,bi406902,bi,G,g
214749660375,2459403.7729774,2.7861088968345324,0.042865444347689914,15.287570404544352,0.016723278240812586,18.072372286371646,1.47,bE256558,bE,G,g
214749660375,2459405.9981298,3.206452487982855,0.03316252241923334,15.135003599564058,0.011241775811742058,18.3510217199635,1.71,bA252115,bA,G,g
214749660375,2459408.6551439,3.0460658759046253,0.07896953931847342,15.19071739379686,0.028179448271274672,17.408991600208072,1.79,bq356325,bq,B,g
214749660375,2459410.8618899,3.1066247284499817,0.025259123163136245,15.169343635110884,0.008837748700108219,18.646594935127965,2.26,bA253619,bA,G,g
214749660375,2459412.5018101,3.0197001373799126,0.045374010959469614,15.200156075441516,0.016332607506072155,18.010622682421353,1.53,bE259831,bE,G,g
214749660375,2459419.6731409,2.5761282239247096,0.21571891280278632,15.372646932902615,0.09101918023949891,16.317920054367157,1.79,bi413491,bi,G,g
214749660375,2459420.731411,2.5274053716576232,0.1320354237483209,15.39337836180887,0.05678422881949491,16.85091445247094,1.49,bi413951,bi,G,g
214749660375,2459422.3107356,2.5899361198669757,0.08854120682918082,15.366842991163471,0.03715938839857348,17.284777018496115,1.67,bm318414,bm,G,g
214749660375,2459423.6263693,3.165899517338348,0.047200879250563404,15.148822805661592,0.016205600731243282,17.967765389745136,1.70,bE264439,bE,G,g
214749660375,2459424.6643656,3.107803368711985,0.0440827309913194,15.168931789515383,0.015417967696889677,18.04196938176251,1.49,bE264875,bE,G,g
214749660375,2459425.6602571,3.1120898864415567,0.03838320440679664,15.167435291734082,0.013406063409986674,18.19228753939763,1.46,bE265280,bE,G,g
214749660375,2459425.9121046,3.038475107706109,0.03344780940725163,15.193426415283586,0.011965315918137214,18.341721411825013,2.06,bA258080,bA,G,g
214749660375,2459426.7414891,2.9944566759896643,0.045856323461519966,15.209270537125995,0.01664536683704228,17.999142531051614,1.45,bE265750,bE,G,g
214749660375,2459429.7892531,2.7264422723077457,0.029556902577992525,15.311074855565138,0.011783513022032092,18.475993311134573,1.81,bA259470,bA,G,g
214749660375,2459430.7222345,2.8296261946102987,0.05125360218927052,15.270742954267075,0.019688267400253943,17.87832962707651,1.46,bq360580,bq,G,g
214749660375,2459431.7267288,3.0198268924873073,0.05302155056927923,15.20011050147237,0.01908457743964587,17.84150955107119,1.41,bi418578,bi,G,g
214749660375,2459432.6698541,3.0965666492582766,0.04184858280152355,15.172864542216264,0.014689685433559686,18.098438723354924,1.43,bi418942,bi,G,g
214749660375,2459433.4485571,2.917020113482171,0.03373376774425822,15.237717063067029,0.012570067200765188,18.3324784851845,2.24,bm320720,bm,G,g
214749660375,2459434.3693756,3.079529076835944,0.03538029635238846,15.178854849674263,0.012487897630375423,18.280736945627766,1.75,bm321055,bm,G,g
214749660375,2459436.8594409,3.243898170805979,0.03260325660510467,15.122397590240206,0.010924610000334225,18.369488156135162,1.70,bA262104,bA,G,g
214749660375,2459438.8199591,2.993702930275827,0.026091199748703928,15.209543866184948,0.009473217746504703,18.611405487257937,1.71,bA262827,bA,G,g
214749660375,2459439.4632345,3.2652997317857344,0.13893219907329335,15.115257990654209,0.0462479013464681,16.795633336564144,1.75,bi421403,bi,G,g
214749660375,2459440.8727874,2.8800203556870154,0.027580239653109753,15.251576728985452,0.010409135235061415,18.551145522508765,1.74,bA263481,bA,G,g
214749660375,2459443.62643,2.722531372940156,0.08036850926704128,15.312633389719323,0.03208671024272618,17.389925829452363,1.47,bi422648,bi,G,g
214749660375,2459445.8199549,2.931197234754542,0.08407951374650725,15.232453016578848,0.031178651073977957,17.340915132965794,1.99,bA265207,bA,B,g
214749660375,2459448.5970232,3.0541651854264615,0.14867028198251117,15.187834316529724,0.05291073755957363,16.722080198558004,1.41,bi423944,bi,G,g
214749660375,2459451.8580516,2.96084545135738,0.0553664992706528,15.221526275013291,0.02032560579631446,17.794522949741165,1.70,bA266940,bA,G,g
214749660375,2459452.6685158,2.8816250509362846,0.059960201095022134,15.25097194488236,0.02261714500429123,17.70798290964434,1.49,bE273630,bE,G,g
214749660375,2459453.6338693,2.833999230297471,0.05363603974731542,15.269066302385072,0.020571651036575704,17.828998851589006,1.50,bE273975,bE,G,g
214749660375,2459454.6585338,2.813798464035639,0.07833084770703323,15.276833151699272,0.03025882160956215,17.417808545037964,1.50,bi425627,bi,B,g
214749660375,2459455.5777155,3.146490288715605,0.038183102275652005,15.155499633069603,0.01319037029530888,18.197962584531222,1.43,bE274698,bE,G,g
214749660375,2459457.8003898,2.8965944968424173,0.028245616736776922,15.245346369179707,0.010599259701712355,18.52526295669327,1.69,bA269140,bA,G,g
214749660375,2459459.4020836,2.8033152309683946,0.06118003131474943,15.280885780688793,0.0237219251346196,17.686116374090744,1.67,bm325251,bm,G,g
214749660375,2459460.4047235,2.873629260562251,0.04487420916131461,15.253988779312373,0.016973767275822223,18.02264859173271,1.57,bm325608,bm,G,g
214749660375,2459462.7482956,2.9785439129430507,0.049365628394329265,15.215055603969736,0.018014940622429067,17.919078937219652,1.52,bq366415,bq,G,g
214749660375,2459464.6856948,2.7813459215920506,0.03747591270128719,15.289428106526099,0.014645674744216557,18.21826006492586,1.51,bq366882,bq,G,g
214749660375,2459465.5179036,3.087104901383023,0.047448501467525064,15.17618715408579,0.016706415805232182,17.96208435903136,1.52,bi429615,bi,G,g
214749660375,2459466.8095616,2.8776521408215117,0.025937361878888142,15.252469887381203,0.009797148255354068,18.61782610802672,1.74,bA271564,bA,G,g
214749660375,2459467.3901101,2.967381275880815,0.07909875347641752,15.219132242357439,0.028974000291589426,17.407216512766862,1.75,bm327164,bm,B,g
214749660375,2459469.7768366,3.2763313244567107,0.03795758317221796,15.111596087128934,0.012592817542755486,18.204394230635724,1.74,bA272761,bA,G,g
214749660375,2459471.6845661,2.9736244558366516,99.99,15.216850322658269,99.99,99.99,1.47,bq369113,bq,G,g
214749660375,2459473.7149698,2.9707008705229776,0.155751559402452,15.217918313558638,0.05698829355165981,16.67155960254451,1.55,bq369803,bq,B,g
214749660375,2459475.6468613,2.9888839592465866,0.10475655067448104,15.211292986605372,0.03809643248218483,17.102187636574797,1.48,bq370375,bq,G,g
214749660375,2459476.5977456,3.2023723986291563,0.14091314853429016,15.13638603750138,0.04782906131207839,16.780261814448338,1.57,bi433668,bi,G,g
214749660375,2459478.5925791,2.8976192137828427,0.12218060208887199,15.244962340440342,0.04583245501645334,16.935134959083275,1.50,bE282571,bE,G,g
214749660375,2459480.7809318,3.0293187383677944,0.06944902460389488,15.196703194123755,0.02491915732257942,17.548475235074545,1.99,bA275804,bA,G,g
214749660375,2459482.7800376,2.9080165826832665,0.030393826376572,15.241073425491393,0.011360584391901322,18.44567716581427,2.01,bA276599,bA,G,g
214749660375,2459483.6870584,3.1952328619031602,0.0806585644092676,15.13880933697388,0.027438486147312993,17.38601439142267,1.45,bq372437,bq,G,g
214749660375,2459485.6756903,3.207455082661833,0.05521837006654843,15.134664164254604,0.0187126447344758,17.797431653925255,1.46,bq372772,bq,G,g
214749660375,2459488.7847341,3.2481981541967055,0.025259844011576937,15.120959334214367,0.008452794713593066,18.646563950676224,1.73,bA278647,bA,G,g
214749660375,2459492.7237471,2.900416246166212,0.036129914046352685,15.24391479956859,0.013540003354507052,18.25797329050297,2.13,bA280096,bA,G,g
214749660375,2459494.7303094,3.221904345732591,0.02670416031549752,15.129784015731252,0.009009038785072114,18.58619329498647,1.74,bA280888,bA,G,g
214749660375,2459496.6233584,2.862916319901573,0.034241643300876,15.258043986716622,0.01300044197667355,18.31625411429029,1.45,bq375802,bq,G,g
214749660375,2459497.6314441,2.7845564675794927,0.041048061507950505,15.28817554902204,0.016023183110235144,18.11940898041491,1.55,bq376217,bq,G,g
214749660375,2459499.6107361,2.932136361696369,0.057493266133471124,15.232105213025273,0.021313019884145214,17.753598158515185,1.44,bq377001,bq,B,g
214749660375,2459501.6195099,3.0080210367278264,0.07932199093687282,15.20436344931262,0.02866321555382376,17.40415659590559,1.52,bq377594,bq,G,g
214749660375,2459504.5232471,2.87317830581532,0.07841745840376295,15.254159175794523,0.029666229783810668,17.41660870586825,1.48,bE290642,bE,G,g
214749660375,2459506.716054,3.086589823689217,0.07469150849550596,15.176368322260318,0.026302951449728613,17.4694625347205,2.07,bA283951,bA,G,g
214749660375,2459507.6144451,2.7965444517320845,0.11842996901147156,15.283511304951954,0.04603117504771013,16.968986572337602,1.53,bq379794,bq,G,g
214749660375,2459508.5078117,3.4407895824913455,0.10485116894599875,15.058420335642042,0.03312282229571979,17.101207419909283,1.75,bE291980,bE,G,g
214749660375,2459509.51112,3.055176469479143,0.08494293725667014,15.187474871017805,0.03022060445580611,17.329822425294456,1.43,bi444883,bi,G,g
214749660375,2459510.6987634,3.244516798767697,0.049852189319493895,15.122190554537188,0.01670115017569907,17.90843002235073,2.19,bA285615,bA,G,g
214749660375,2459511.5083435,3.004603307804661,0.051352867619360545,15.20559776970816,0.01857760531111653,17.87622886081578,1.57,bi445573,bi,G,g
214749660375,2459513.5972065,2.86295788995538,0.044601713810801344,15.258028221748411,0.016933579036381964,18.029261744691308,1.49,bq382194,bq,G,g
214749660375,2459514.5002648,2.9382508712895263,0.04906286696968459,15.229843438264275,0.01814998295380855,17.92575830533667,1.54,bE293891,bE,G,g
214749660375,2459515.49567,3.6446065143855675,0.15826973338745648,14.995939004539988,0.047201890854440175,16.65414593451348,1.47,bi446921,bi,G,g
214749660375,2459516.5797848,2.8705528267402842,0.03672750439385624,15.255151763302315,0.013907147102893749,18.240162063026474,1.50,bq382911,bq,G,g
214749660375,2459518.5829623,3.1493294771759763,0.03936605563303735,15.154520376983136,0.013586762266564982,18.164835856700755,1.47,bq383734,bq,G,g
214749660375,2459523.569113,2.904372264373294,0.0459857196938714,15.242434920378749,0.017210079624178875,17.996083142075623,1.52,bq385260,bq,G,g
214749660375,2459528.5554795,3.194296517272487,0.06686988142714131,15.139127552358019,0.022754510525909728,17.58956422865493,1.76,bq387211,bq,G,g
214749660375,2459531.5432981,2.9097787412751006,0.08747957203137709,15.240415705742365,0.03267825487541547,17.297873987167016,1.56,bq388474,bq,G,g
214749660375,2459535.5381913,2.9139731414216397,0.14005060607030834,15.238851761063579,0.05224101673338402,16.786928129999463,1.59,bq390097,bq,G,g
214749660375,2459610.1710975,2.6249394748763564,0.19505368673934242,15.352267387241822,0.08076943446498941,16.42725520296389,2.08,bA310292,bA,G,g
214749660375,2459612.1680132,2.8642943971848696,0.08391680426766128,15.257521488592419,0.03184516150710234,17.34301826986031,1.78,bA310762,bA,G,g
214749660375,2459615.1618733,3.048787821518686,0.05394107068326531,15.18974761987159,0.019231118070906165,17.82284170501823,1.77,bA311921,bA,G,g
214749660375,2459618.1514319,3.1559105886053627,0.03992789366755591,15.152253895939861,0.013751937262720547,18.14944961073005,1.77,bA312989,bA,G,g
214749660375,2459620.0241721,3.1984316687233725,0.06551643650703588,15.137722930062829,0.022265136578907933,17.61176494204211,1.60,bq414758,bq,G,g
214749660375,2459622.142428,2.9311794113679825,0.03576971133636099,15.232459618507468,0.013264326593928386,18.268852022988366,2.03,bA314670,bA,G,g
214749660375,2459624.165327,2.9382786899408124,0.06539134130926275,15.229833158824155,0.024190198548798753,17.613839997151462,1.98,bA315541,bA,G,g
214749660375,2459630.8947926,3.816751454980288,0.26214265582113994,14.945830922727172,0.07465449944323813,16.106296373836727,1.43,bi481547,bi,G,g
214749660375,2459632.8896644,3.1325888503660777,0.08862661366877685,15.160307127684625,0.030751969163037067,17.283730222246028,1.65,bE326393,bE,G,g
214749660375,2459635.1138798,3.3567563223831742,0.04858693762263275,15.085266083345584,0.01573301236318473,17.93634179430044,1.74,bA319322,bA,G,g
214749660375,2459637.8895754,3.1659905784660527,0.05141660369483512,15.148791576956828,0.017652488637175695,17.874882146218937,1.50,bE328021,bE,G,g
214749660375,2459641.0929214,3.221008497582875,0.031671114513811945,15.130085945867522,0.010687685082907477,18.40098224503309,1.73,bA321737,bA,G,g
214749660375,2459644.0909106,3.03407509403088,0.03564362486560575,15.19499980861125,0.012769318261869918,18.272685950816395,1.66,bA322561,bA,G,g
214749660375,2459646.143961,2.9282943031494657,0.033610355738253855,15.233528815794887,0.0124758619133244,18.33645783857383,2.00,bA323443,bA,G,g
214749660375,2459647.9678115,3.2297057085667693,0.04158187597895015,15.127158244448548,0.013994368329467611,18.105380414530302,1.50,bq423561,bq,G,g
214749660375,2459650.0711622,3.2815906125169794,0.03196450543522302,15.10985462062861,0.010587556995823096,18.390970638236013,1.71,bA324645,bA,G,g
214749660375,2459652.0732646,3.228981063611851,0.035222395370546784,15.12740187703028,0.011856747254028544,18.28559339215705,1.73,bA325479,bA,G,g
214749660375,2459654.0601039,2.788308723809028,0.1147784444751039,15.286713478466352,0.044743674798986006,17.00298977466071,2.12,bA326301,bA,G,g
214749660375,2459656.6219277,2.8834758920218344,0.16549901366708777,15.250274810429813,0.06238659138596064,16.605652086860992,1.71,bm362515,bm,G,g
214749660375,2459658.9035611,3.186288402853674,0.08874055697649187,15.141852915136052,0.030272566369689786,17.282335235890386,1.58,bq427206,bq,B,g
214749660375,2459659.8731171,2.779199806536765,0.0812584480754907,15.290266195103992,0.03178051461946469,17.377969302335227,1.46,bi491796,bi,G,g
214749660375,2459664.0283902,2.812467235002302,0.087876091721085,15.277346943141982,0.03396217022990534,17.29296377773812,1.68,bA330038,bA,G,g
214749660375,2459665.8951087,3.123365090060988,0.04489709529424935,15.163508742613166,0.015624555288947871,18.022095000497668,1.48,bq429133,bq,G,g
214749660375,2459666.8642067,2.98383799560992,0.0383600682673128,15.213127522601882,0.013973857306884711,18.192942182968636,1.39,bi494417,bi,G,g
214749660375,2459668.8388557,2.955298086321286,0.030858567424048806,15.223562390867311,0.011349759020366385,18.429201210095183,1.44,bi495180,bi,G,g
214749660375,2459671.8104362,3.1021123622343287,0.031013757499920826,15.170921811207087,0.010866984184252564,18.423754644524898,1.56,bE339255,bE,G,g
214749660375,2459672.9153882,3.084236883435154,0.0418526451130489,15.177196306148549,0.01474984162273355,18.09833333425105,1.45,bq431159,bq,G,g
214749660375,2459673.8702982,3.310902022683853,0.061708386932233884,15.100199799394314,0.020258628362437064,17.676780126364974,1.57,bq431474,bq,G,g
214749660375,2459677.7896209,2.8289772141691345,0.04160488371601377,15.270991998603048,0.015985529846199605,18.104779830162116,1.47,bE341564,bE,G,g
214749660375,2459678.783036,2.9110704313310114,0.06030088333869378,15.239933839732627,0.02251557973527119,17.70183142618673,1.50,bE341951,bE,G,g
214749660375,2459679.9347864,2.7857732943438105,0.04716993873115909,15.28770119545576,0.018404825919600045,17.96847733108534,1.48,bq433499,bq,G,g
214749660375,2459680.862834,2.9653065070743647,0.03312897798089064,15.219891645779263,0.012143688549218183,18.352120515859376,1.39,bi499991,bi,G,g
214749660375,2459683.9743967,3.2459703039833525,0.12721613645319743,15.121704266455003,0.042600022870993966,16.891285106586768,1.99,bA335839,bA,G,g
214749660375,2459685.9035618,3.122985416210951,0.08265324852227655,15.163640731890771,0.028767501461218835,17.359490793123186,1.47,bE344775,bE,G,g
214749660375,2459688.5009659,1.3019916885275913,0.5808608049780862,15.242460430520286,99.999,15.242460430520286,1.32,bm367583,bm,G,g
214749660375,2459690.7505096,3.2175887306209625,0.08604546872903208,15.131239291858874,0.02906763145676232,17.315820599617425,1.59,bE346426,bE,G,g
214749660375,2459690.7782886,3.1697221339049344,0.06742753548897433,15.147512641028873,0.02312215277818274,17.580547395740844,1.45,bi503508,bi,G,g
214749660375,2459691.832707,2.90376267934319,0.07495696430297877,15.242662824360288,0.028058409104327702,17.465610637299225,1.50,bi503976,bi,G,g
214749660375,2459695.0675034,3.0612843870746933,0.027705794223982467,15.18530643092506,0.009837372133367002,18.54621410066267,2.01,bA338962,bA,G,g
214749660375,2459697.5628236,3.018841166292819,0.036844053752330866,15.200464963289587,0.013265979330268143,18.236722093364794,1.50,bm369196,bm,G,g
214749660375,2459697.8448741,2.9680516895266487,0.03560197856961001,15.218886972172506,0.013038116192385438,18.273955275359288,1.51,bq438023,bq,G,g
214749660375,2459698.9088054,3.1722930565586753,0.038833593362459395,15.146632370681397,0.013305967265735782,18.179621664739475,1.50,bq438412,bq,G,g
214749660375,2459700.8029735,3.1367943061361307,0.035582880198281576,15.158850519862796,0.012330117922659164,18.27453786536676,1.39,bq439010,bq,G,g
214749660375,2459708.9097243,3.237820820007395,0.05681354910928847,15.124433593878743,0.019072660644435052,17.76651081082276,1.77,bA342025,bA,G,g
214749660375,2459709.6984986,2.8185753592876237,0.04872433067328644,15.274991495045207,0.018790070245305858,17.933275906636833,1.52,bE353133,bE,G,g
214749660375,2459710.4714401,3.0087187183273336,0.0529603314629194,15.204111652423869,0.01913292104257898,17.84276387504272,1.62,bm373021,bm,G,g
214749660375,2459710.4732248,2.8423623788508348,0.10288333353075872,15.265867006651115,0.03934393136906527,17.121778042900072,1.64,bm373022,bm,G,g
214749660375,2459710.4745757,3.0294270472017346,0.07194184097627827,15.196664375917322,0.02581268735529242,17.51018674362388,1.58,bm373023,bm,G,g
214749660375,2459712.4436677,2.750989691552816,0.11453129891448129,15.301343214746879,0.04525300210342833,17.00533014609846,1.72,bm373659,bm,G,g
214749660375,2459714.6787538,3.0669367549761843,0.15909071343835232,15.183303571670699,0.056383519562108145,16.648528537878665,1.48,bi512553,bi,G,g
214749660375,2459720.9065503,3.0248571718683337,0.02212908395085666,15.198303440045622,0.007951896818202353,18.79023202051495,1.74,bA345745,bA,G,g
214749660375,2459721.6914655,3.1009570623982277,0.043764631014403206,15.17132624030115,0.015340506219657924,18.049832433385436,1.46,bi515063,bi,G,g
214749660375,2459722.6852555,2.8895212523510803,0.1788837090279835,15.24800088968628,0.06729101369392769,16.521213633715846,1.58,bm376176,bm,G,g
214749660375,2459724.5162589,2.6095140582730676,0.058208936476854385,15.358666520085318,0.024246116983514945,17.740166450304923,1.57,bm376679,bm,G,g
214749660375,2459725.9241956,3.112502336282162,0.04684170829390003,15.167291407055624,0.01635818862718466,17.976058798457718,1.50,bq445397,bq,G,g
214749660375,2459726.8093386,2.835941448785351,0.040992592844537816,15.268322472023637,0.01571159593384809,18.120877138994306,1.42,bi517252,bi,G,g
214749660375,2459727.7046821,2.6677139564978734,0.03348611650957906,15.334717470128968,0.013643873864042718,18.340478651539623,1.39,bi517599,bi,G,g
214749660375,2459729.8027148,2.7555539742348847,0.03811250778536878,15.299543316882678,0.015033869517523285,18.19997179622162,1.52,bq446471,bq,G,g
214749660375,2459729.8051843,2.5025380227516814,0.06145815488586238,15.404113910454495,0.02669383708056063,17.681191817431923,1.49,bq446473,bq,G,g
214749660375,2459732.856717,3.091744335385182,0.03173441095473258,15.174556687887522,0.011156784393848946,18.398814507762214,2.12,bA349541,bA,G,g
214749660375,2459735.7562368,3.1930120929419474,0.048602051417738594,15.139564213901037,0.01654497860349068,17.936004110066207,1.50,bq447934,bq,G,g
214749660375,2459736.4091223,3.0368244735609093,0.040663321547994534,15.194016395505097,0.014554434389268784,18.12963348464877,1.75,bm380024,bm,G,g
214749660375,2459737.9237803,2.9987371209342095,0.03169020173600784,15.207719632884796,0.011486792627374873,18.400328101778506,1.45,bq448637,bq,G,g
214749660375,2459740.4447009,2.7717965630313106,0.06759593449379014,15.293162242493354,0.026507660346011572,17.577839170404964,1.60,bm381333,bm,G,g
214749660375,2459741.7851631,3.1244299040139376,0.0690609725797494,15.16313865778409,0.024025590859557657,17.554558885971144,1.56,bq449551,bq,G,g
214749660375,2459742.7991381,2.770305671699547,0.08799608180223198,15.293746394378955,0.03452612322875811,17.291482274519993,1.47,bi520844,bi,G,g
214749660375,2459749.7561923,2.902676615785589,0.056027643417687054,15.243068986718653,0.020980501954416766,17.781634721533216,1.41,bi523718,bi,G,g
214749660375,2459750.8215481,3.1418972981792237,0.020180695235910904,15.157085660308327,0.006981621682101171,18.89030030184373,1.77,bA354175,bA,G,g
214749660375,2459753.8357955,3.074557896737882,0.03650099517145287,15.180608933232062,0.012904292611849829,18.246878848138074,1.45,bq451722,bq,G,g
214749660375,2459753.8370243,3.229283239360905,0.06622584857916411,15.127300276000717,0.022291206030932348,17.600071781943235,1.49,bq451723,bq,G,g
214749660375,2459756.3608688,2.731887279547259,0.045265917413056016,15.308908682416394,0.0180102907294111,18.013212294628385,1.50,bm382957,bm,G,g
214749660375,2459758.8733761,3.078748001485192,0.03679412022795705,15.179130264950555,0.012990218401810931,18.23819455365605,2.06,bA356045,bA,B,g
214749660375,2459760.3717702,3.2188795787546414,0.0478942483474788,15.130803798198373,0.016173008129501648,17.95193220686891,1.58,bm384597,bm,G,g
214749660375,2459761.5746542,2.8330250183762007,0.04713770582830388,15.269439597828336,0.01808548686917799,17.969219506995692,1.66,bm385124,bm,G,g
214749660375,2459762.6114565,2.9162752584974805,0.042216357133662445,15.237994338938384,0.01573491548055881,18.088938723582356,1.53,bE369478,bE,G,g
214749660375,2459764.9542393,3.0440632710236457,0.024987191847426007,15.191431434714225,0.008922282068523914,18.658346983300355,1.71,bA357391,bA,G,g
214749660375,2459767.2720225,3.129462800602618,0.07338926591117464,15.161391138445692,0.025490298588127524,17.48855925240297,1.50,bm386056,bm,G,g
214749660375,2459768.8800915,3.0408175974884655,0.03240632379377018,15.1925896975221,0.011583813847407884,18.37606619389205,1.50,bq454953,bq,G,g
214749660375,2459769.8212399,3.1040836366816924,0.03766565023051484,15.170232086258224,0.013189375337634101,18.212776938552796,1.56,bq455212,bq,G,g
214749660375,2459776.32182,2.5966748005849447,0.10717123264315687,15.364021713895202,0.04486140129601886,17.077445046860138,1.68,bm387952,bm,G,g
214749660375,2459779.2393925,3.1725197933338074,0.05278978869865637,15.146554771441942,0.018086634235601674,17.84626580230033,2.00,bm388793,bm,G,g
214749660375,2459779.2407096,3.057885217891251,0.09412413150213696,15.186512673492736,0.03345738355079022,17.218388156629313,2.00,bm388794,bm,G,g
214749660375,2459783.810734,2.9593854396552444,0.024597895779665375,15.222061790477365,0.009034593088314119,18.67539571872098,1.69,bA362100,bA,G,g
214749660375,2459784.7391354,3.105970137477689,0.033755641875871656,15.169572432621713,0.01181302892765908,18.3317746847629,1.47,bi532611,bi,G,g
214749660375,2459785.8688945,2.9771048767820014,0.06379305023915412,15.215580286920519,0.023291175443584482,17.640707190782972,1.52,bq459070,bq,B,g
214749660375,2459786.6553639,2.939137354912937,0.02457027417976673,15.229515916128552,0.00908661846509964,18.676615604440663,1.54,bE375015,bE,G,g
214749660375,2459787.6795621,2.784095443125646,0.03266612216207952,15.288355323570705,0.012753389834989599,18.3673966567633,1.48,bE375412,bE,G,g
214749660375,2459789.4818378,3.2600939176520924,0.07516910253380406,15.116990343484671,0.02506232896849786,17.462542198675933,1.52,bE376071,bE,B,g
214749660375,2459790.7487372,2.914160352052953,0.03088423111023532,15.238782009277475,0.011519550185534482,18.428298627267505,1.48,bq460185,bq,G,g
214749660375,2459792.8095152,3.050882322388232,0.02207688975202916,15.189001981022049,0.007865468661177107,18.792795889283443,2.00,bA364849,bA,G,g
214749660375,2459793.7663853,3.103425062589307,0.03819867279056552,15.170462464586452,0.013378862280902725,18.1975199273139,1.47,bq461147,bq,G,g
214749660375,2459794.8382709,3.0837311410963584,0.04285027441001974,15.177374355958975,0.015103905981804572,18.072756592796722,1.48,bq461533,bq,G,g
214749660375,2459796.5478033,2.890549475709011,0.0382775249568508,15.247614603984745,0.014393804962523928,18.195280990635048,1.41,bi537218,bi,G,g
214749660375,2459797.5765812,2.796361225090106,0.03788105680733028,15.28358244357307,0.014724514621951732,18.206585395276857,1.45,bE379070,bE,G,g
214749660375,2459800.8392015,2.7854199900251326,0.08253061492941635,15.287838902144804,0.03220598346458357,17.361102908899724,2.08,bA366477,bA,G,g
214749660375,2459801.7948485,3.1587753625606636,0.1594791506125695,15.1512687672924,0.05487788238896028,16.645880826591956,1.57,bq462753,bq,G,g
214749660375,2459801.7973387,2.1470216958476334,0.235785976883135,15.570474539674027,0.11936959267967423,16.22134568061504,1.51,bq462755,bq,G,g
214749660375,2459804.6793592,2.8126657582291243,0.12307841919204279,15.277270307138817,0.047563735589529456,16.92718583751057,1.58,bi540081,bi,G,g
214749660375,2459805.8957692,3.1555219832173567,0.07709228503731096,15.152387597103536,0.02655534090484742,17.43511331525679,1.69,bA368376,bA,G,g
214749660375,2459806.7334978,2.8493381062617975,0.07859562004690243,15.263205656632229,0.029982409459364458,17.414144750238783,1.58,bq463994,bq,G,g
214749660375,2459807.7010588,2.819161718486477,0.06503974825240828,15.274765648609057,0.02507673755345281,17.619693482498736,1.42,bi541305,bi,G,g
214749660375,2459809.8844657,2.885670910215154,0.032386094144643766,15.249448618648158,0.012198991963901158,18.376744176405396,1.70,bA369601,bA,G,g
214749660375,2459812.4896867,2.7769435690081585,0.0335254230414516,15.29114798620995,0.013122584709917114,18.339204944655172,1.51,bE384183,bE,G,g
214749660375,2459813.6322473,2.846621133188276,0.04212822697928106,15.264241449246956,0.01608628227007801,18.091207657270793,1.48,bE384699,bE,G,g
214749660375,2459815.320162,2.976361758419187,0.03947990234765441,15.215851332536312,0.014417917181276713,18.16170043698056,2.05,bm396368,bm,G,g
214749660375,2459816.5248689,3.1768071210637183,0.03138871491529222,15.1450885033766,0.010739767032114655,18.410706772384966,1.46,bE385775,bE,G,g
214749660375,2459818.5136618,3.0224617914513168,0.032177353989290426,15.19916357373287,0.011571820318751978,18.38376479070909,1.44,bE386470,bE,G,g
214749660375,2459818.5162587,3.1695642668517876,0.05457246703964358,15.14756671713913,0.01871484341759463,17.810206643353855,1.45,bE386472,bE,G,g
214749660375,2459819.5447823,2.898453370177586,0.03186131241827322,15.24464982751324,0.01194839347099386,18.394481458652383,1.69,bE386881,bE,G,g
214749660375,2459820.718282,3.1921147382766906,0.035781466230182066,15.139869388874299,0.012184053915706598,18.268495279344066,1.50,bq465401,bq,G,g
214749660375,2459822.8004534,3.0743577022135975,0.02837566880178674,15.180679631370486,0.010032377898187977,18.52027534532228,1.72,bA373494,bA,G,g
214749660375,2459824.3111878,2.980148114385684,0.12127169847070365,15.214470999288007,0.04423171550394062,16.943241961132873,2.33,bm398176,bm,G,g
214749660375,2459824.8260579,3.0019347907570153,0.032983723353432366,15.206562487059392,0.011942922051685073,18.356891413387928,2.10,bA374223,bA,G,g
214749660375,2459827.8353208,3.1239562246316437,0.07155307071669374,15.163303273364882,0.024896340176835282,17.516069920580776,2.07,bA374975,bA,G,g
214749660375,2459829.5518354,2.7852997189426727,0.07121299796692679,15.287885783939421,0.02779070131889805,17.521242438090336,1.61,bE390728,bE,G,g
214749660375,2459832.577157,2.8731555152104993,0.11933328966763672,15.254167788097796,0.04514551919592818,16.960736578917434,1.43,bE391819,bE,G,g
214749660375,2459835.2765398,2.740130799166987,0.05109414104108801,15.305637386763518,0.020268050650776644,17.881712855205652,1.48,bm400803,bm,G,g
214749660375,2459835.5473326,3.1004142899795264,0.03402827211739071,15.171516297510742,0.011929777391703315,18.323040868656697,1.50,bE392882,bE,G,g
214749660375,2459836.6041776,3.2656822603704576,0.06459942523832254,15.115130804532807,0.021501407964726094,17.627068976552593,1.56,bi550277,bi,G,g
214749660375,2459839.75064,3.083280960955853,0.023588107505637813,15.17753286931033,0.008315572798395994,18.720907865293107,1.71,bA378235,bA,G,g
214749660375,2459844.247037,2.9529904188786364,0.037169725308922937,15.224410527587864,0.013681681822431357,18.22716723246261,1.64,bm403132,bm,G,g
214749660375,2459845.6593043,3.1620614490889274,0.03303787029510354,15.150139858717964,0.011356745958235917,18.355110501874535,1.46,bq470727,bq,G,g
214749660375,2459846.6452444,3.0549790937369643,0.033540935881132654,15.18754501587323,0.011933809653877182,18.33870267042257,1.54,bq471094,bq,G,g
214749660375,2459847.6871915,3.0671986947631873,0.03853299842725113,15.183210845478811,0.013655357252914464,18.188058599567405,1.44,bq471510,bq,G,g
214749660375,2459850.7204646,2.795808143989713,0.03067939761466103,15.283797208233148,0.01192756069187787,18.43552354130695,1.79,bA382505,bA,G,g
214749660375,2459851.5534588,3.107021745843273,0.03679277664764861,15.169204890121065,0.012871538019827607,18.238234201306568,1.44,bi555739,bi,G,g
214749660375,2459856.2992656,3.3529809853684376,0.22351918267276397,15.086487895862714,0.07245959174840473,16.27935360964663,1.53,bm406235,bm,B,g
214749660375,2459856.4901478,2.7081877593614556,0.0799532462397701,15.318368695266592,0.0320899842095969,17.395550357578074,1.53,bi557561,bi,G,g
214749660375,2459856.4913892,2.714211894086035,0.09245649678223522,15.315956249013354,0.03702591988988534,17.237797026935123,1.64,bi557562,bi,G,g
214749660375,2459860.5459417,3.183461775088128,0.09272907618588284,15.142816523509424,0.03166127983814092,17.23460077858597,1.52,bE401445,bE,B,g
214749660375,2459860.5485247,2.848181712256486,0.16961103140012795,15.263646388352614,0.06472895178910812,16.579005373709993,1.49,bE401447,bE,B,g
214749660375,2459861.5341781,3.2921847935891155,0.12034293447062638,15.106355110773988,0.03973274456609914,16.95158911838145,1.46,bi559110,bi,G,g
214749660375,2459862.5310086,3.1210049632978447,0.11059515484587985,15.164329473983884,0.038517120685849414,17.04330035888917,1.48,bE402127,bE,B,g
214749660375,2459863.4972591,2.7095711456782294,0.06148568703545719,15.317814225173604,0.02466525694422118,17.680705536026654,1.43,bi559804,bi,G,g
214749660375,2459867.7258065,2.7596164343512894,0.031125670449150978,15.2979438156888,0.012259765548236642,18.4198438240959,1.65,bA386237,bA,G,g
214749660375,2459870.7165633,3.1895544751088014,0.032649016207043996,15.140740562378056,0.01112633797966485,18.36796536275053,1.75,bA387413,bA,G,g
214749660375,2459872.6079911,3.132775577925778,0.04743676437922078,15.160242410979198,0.016458791614538722,17.962352965156064,2.17,bq475902,bq,G,g
214749660375,2459874.6093019,2.8481746500621647,0.04486798115801706,15.263649080487575,0.017123087847127145,18.022799289384515,1.55,bq476197,bq,G,g
214749660375,2459875.5001392,2.975746549364292,0.04512174173761026,15.216075775611683,0.016481703209704383,18.016675972854063,1.77,bi563916,bi,G,g
214749660375,2459876.5089923,3.080779100106857,0.031554266157038456,15.178414223815405,0.011132935622322171,18.40499540033591,1.54,bE406833,bE,G,g
214749660375,2459877.5051257,3.1067847887186115,0.044978725373550014,15.169287696989262,0.015736500018225612,18.020122751316382,2.34,bi564615,bi,G,g
214749660375,2459879.5928882,3.0973563592852376,0.029700188012681716,15.172587684796179,0.010422699009264949,18.470742615033686,1.49,bq477388,bq,G,g
214749660375,2459881.5802295,2.958606115380708,0.04997721189910972,15.222347745797556,0.018361030260050544,17.905710550723924,1.57,bq478074,bq,G,g
214749660375,2459882.5758201,2.7639029822301624,0.04952597663228939,15.29625863607456,0.019477016249148445,17.91555799042445,1.55,bq478234,bq,G,g
214749660375,2459892.5446368,4.060105261184428,0.14501141495823003,14.87872238947289,0.03882192531370127,16.74913513588499,1.68,bq481934,bq,G,g
214749660375,2459994.8962777,3.061640218703073,0.2642591268759934,15.185180236563038,0.09381839826647721,16.09756562212332,1.51,bE438860,bE,G,g
214749660375,2459995.8951906,2.8683360012028607,0.1273697670065997,15.25599056256729,0.04826679958769084,16.889974725517224,1.62,bE439261,bE,G,g
214749660375,2459999.0004281,3.2631473396113058,0.07292709216001682,15.115973912884943,0.024292062289851448,17.495418368499852,1.62,bq504787,bq,G,g
214749660375,2460002.8894171,2.869448587896625,0.048825102886603654,15.255569502609134,0.01849510886204099,17.931032693624523,1.42,bi604632,bi,G,g
214749660375,2460004.8840577,2.9695592910557806,0.037422026712210614,15.21833561991886,0.013697694507750177,18.21982235034579,1.50,bi605496,bi,G,g
214749660375,2460004.8852985,3.107346843353927,0.0648143053629179,15.16909129205148,0.022672181596623528,17.623463434168865,1.49,bi605497,bi,G,g
214749660375,2460008.9976137,2.711749906202111,0.1300952726130226,15.316941537765132,0.052146366702451964,16.866986822678108,2.19,bq507430,bq,G,g
214749660375,2460010.8869717,3.063551327402579,0.12165084733471766,15.184502719800342,0.043162058589588805,16.939852765769736,1.54,bE445082,bE,G,g
214749660375,2460013.9600966,3.2811281781805883,0.09214732794498934,15.110007630903219,0.03052612809725104,17.241433745885207,2.18,bq509162,bq,G,g
214749660375,2460016.6255191,3.0347336741289834,0.07381412663463774,15.19476416293963,0.026438150743170435,17.482291897522778,1.53,bm440815,bm,G,g
214749660375,2460016.8700899,3.1968559654784574,0.07208467759615587,15.138257948405531,0.024509365225304267,17.50803321048363,1.52,bE447325,bE,G,g
214749660375,2460017.8732036,2.885241484367505,0.07169893381174193,15.24961020252226,0.027011126843512562,17.51385886743028,1.61,bE447734,bE,B,g
214749660375,2460023.0898302,2.860725918330299,0.03645897733005178,15.25887499547154,0.01385289060056794,18.2481294049882,2.21,bA407224,bA,G,g
214749660375,2460024.8573903,2.9041449317339896,0.038264278593804754,15.24251990705222,0.014321464026365176,18.195656786746895,1.35,bi613704,bi,G,g
214749660375,2460026.9295601,3.235247775710902,0.07512531178324347,15.125296754049218,0.025240090791048855,17.46317489290983,2.48,bq513038,bq,B,g
214749660375,2460028.9053111,2.7992552485604962,0.043280325545215236,15.282459369340167,0.016805838673896012,18.0619143144931,1.48,bi615493,bi,G,g
214749660375,2460031.0246772,2.802480143788606,0.03839476041367623,15.281209261776247,0.014891607822718892,18.191960706687862,1.71,bA409603,bA,G,g
214749660375,2460032.6164836,2.7011270441343456,0.03709348424849169,15.321203094367332,0.014926733900014371,18.22939653844533,2.14,bm444661,bm,G,g
214749660375,2460033.8551879,3.099880130502238,0.03698636195338883,15.17170337129973,0.012969071592496214,18.232536572912462,2.00,bi617717,bi,G,g
214749660375,2460035.7966539,2.879207565385142,0.036155292587550965,15.251883185293684,0.013649321968271514,18.25721091038626,2.00,bE455277,bE,G,g
214749660375,2460036.8797147,3.6308194105824008,0.3234351131421354,15.000054000921212,0.0968266018862353,15.878172695150134,2.39,bq516628,bq,B,g
214749660375,2460039.562115,3.04289202350164,0.11810113374702298,15.191849267865132,0.04218710245373343,16.972005444510163,1.54,bm447043,bm,G,g
214749660375,2460043.7759379,2.8079642967830187,0.09918408304892366,15.279086668666924,0.03839393045212707,17.161535654813246,1.46,bE458509,bE,G,g
214749660375,2460043.8072591,2.8541401944171945,0.10950241999660766,15.261377368024505,0.04170235568468087,17.05408131853473,1.48,bi622278,bi,G,g
214749660375,2460045.7601472,2.880752566506998,0.0694256149143522,15.25130072859044,0.026195455237728156,17.548841273795617,1.45,bi623176,bi,G,g
214749660375,2460049.9744032,2.950624492163356,0.04045272838294927,15.225280764711664,0.01490205109283489,18.135271065316868,1.68,bA415227,bA,G,g
214749660375,2460051.9684313,3.186631293499857,0.033967876439097267,15.141736080527448,0.011586406278134223,18.324969618833606,1.74,bA416132,bA,G,g
214749660375,2460052.8449948,2.93929631023976,0.03388190580621334,15.229457198598288,0.01252958347775778,18.327721034550258,1.50,bi626594,bi,G,g
214749660375,2460053.9016789,2.84419705779455,0.03923430653682508,15.265166415214551,0.014994033289375108,18.168475659208525,1.40,bi627119,bi,G,g
214749660375,2460056.9776923,2.9048123208583903,0.03160914602358561,15.242270427324032,0.011827878575917064,18.403108704511247,1.70,bA417319,bA,G,g
214749660375,2460059.9428066,2.9896805472273638,0.036737182036768914,15.211003658150293,0.013356517184491956,18.23987601083301,1.69,bA418641,bA,G,g
214749660375,2460061.8110553,2.7861705846034845,0.06017665105903335,15.287546365317903,0.02347645319582793,17.704070574461277,1.54,bq525915,bq,G,g
214749660375,2460063.8197832,2.7375096368294782,0.07891156786218144,15.306676480548095,0.03133265438575732,17.409788930716978,1.59,bq526739,bq,G,g
214749660375,2460064.8472538,2.8291339324970375,0.041886475033728394,15.270931853173526,0.016092832045738442,18.097456077083322,1.48,bE467461,bE,G,g
214749660375,2460065.8271266,3.004115048733411,0.034265580606106245,15.205774220165866,0.012398059231016566,18.315495373868238,1.45,bi632192,bi,G,g
214749660375,2460067.8771815,3.7060486042174294,0.16545777039047993,14.977787845480046,0.04852753479640992,16.60592269209409,1.63,bq527892,bq,G,g
214749660375,2460070.5790194,3.4092763647459035,0.16264211811497833,15.06841010306209,0.05185408634589164,16.624558057554495,2.17,bm455076,bm,B,g
214749660375,2460072.4456514,2.6858468825529425,0.1361571696295063,15.327362496422378,0.05510251700188485,16.81753932412423,1.68,bm455843,bm,G,g
214749660375,2460074.0019079,2.8672938143455133,0.06880339074034199,15.256385127785752,0.026082536051524628,17.558616007730805,1.66,bA421523,bA,G,g
214749660375,2460074.9663611,2.028549671558519,0.34773177691083357,15.632101506256227,0.18632490395898268,15.799529661938251,1.43,bq530264,bq,G,g
214749660375,2460076.0153976,2.868439540818693,0.0955457833619225,15.255951370966109,0.03620578745762037,17.20211179774894,1.73,bA422331,bA,G,g
214749660375,2460077.9862139,3.2682233650236814,0.03462445946474192,15.114286296020026,0.011515517093985616,18.304183105958558,1.80,bA423190,bA,G,g
214749660375,2460082.6947103,3.2607156453515937,0.040697979792540806,15.116783304076948,0.013566633637671778,18.128708481912746,1.50,bE475315,bE,G,g
214749660375,2460083.7135855,3.0605831209002874,0.05233410652434536,15.185555175308066,0.018586294228563397,17.85567857628946,1.38,bi640241,bi,B,g
214749660375,2460086.0189677,2.9605801036795434,0.02815338537519884,15.2216235818453,0.010336320846233645,18.52881404852106,1.73,bA425673,bA,G,g
214749660375,2460086.7017311,2.649086716075293,0.05395633082120664,15.34232518511164,0.022139020712056486,17.822534589478245,2.33,bE476787,bE,G,g
214749660375,2460087.6813815,2.91662062854264,0.04588992849758088,15.237865764463622,0.017102106655369792,17.998347158921064,1.38,bi641624,bi,G,g
214749660375,2460088.6773444,3.054670993557195,0.0320669125740634,15.187654519859668,0.011410505363075892,18.387497742069677,1.47,bE477466,bE,G,g
214749660375,2460089.6721755,2.815666950455657,0.0340593672097353,15.27611241419422,0.013148235201943392,18.322049174122135,1.38,bi642513,bi,G,g
214749660375,2460090.9497858,2.8048875437861684,0.048406105490596776,15.280276987795684,0.018758446188531983,17.940390254146973,1.75,bA427260,bA,G,g
214749660375,2460091.7184615,3.1446820314833643,0.03545527625433477,15.156123774421548,0.012255084415174703,18.27843842747987,1.56,bE478561,bE,G,g
214749660375,2460091.9381317,2.7589380051992283,0.03810045418935245,15.298210767878738,0.015010680589522367,18.200315229290286,1.66,bA427659,bA,G,g
214749660375,2460092.9342723,2.955582624938172,0.04789889110002564,15.223457860292822,0.01761548184305434,17.95182696332928,1.74,bA428028,bA,G,g
214749660375,2460093.8924676,3.25775757186088,0.05607643826958346,15.117768715107614,0.01871000187966977,17.780689558076933,1.72,bA428411,bA,G,g
214749660375,2460095.9011909,3.0268974451939323,0.0799622903572942,15.197571355273087,0.02871439636485281,17.395427548674633,1.74,bA429012,bA,G,g
214749660375,2460098.6787728,2.63203073724586,0.14602997348134655,15.349338230464745,0.060306374769404904,16.741535595585173,1.48,bi646048,bi,G,g
214749660375,2460100.8323442,2.8889840055537497,0.1549178009618076,15.248202778678122,0.05828655117688862,16.677387302432997,1.51,bE482215,bE,G,g
214749660375,2460100.8336465,2.2431584929145987,0.2754595878552952,15.522915721688106,0.13347812757798086,16.052495878053474,1.54,bE482216,bE,G,g
214749660375,2460101.7971116,-0.6244784585625935,0.40683547905036865,15.629093562492422,99.999,15.629093562492422,1.47,bq537581,bq,G,g
214749660375,2460104.7167413,2.8444789136939796,0.055017875228174064,15.265058825625577,0.02102389931723266,17.80138107626521,1.37,bi648798,bi,G,g
214749660375,2460104.937472,3.0150919299116254,0.04822618341858307,15.201814226577142,0.01738579313797336,17.944433377528767,2.17,bA432372,bA,G,g
214749660375,2460109.8131757,3.2003650974337194,0.04611067802012404,15.13706680870416,0.015660807648470176,17.99313684090594,1.68,bA434182,bA,G,g
214749660375,2460110.7491432,2.745863717775041,0.07171527731267494,15.303368175761477,0.028388658868512936,17.51361140616946,1.48,bi650750,bi,B,g
214749660375,2460111.8771878,3.349050925519302,0.04310628329457531,15.087761243650636,0.013990427974070864,18.066289164504756,1.49,bq540402,bq,G,g
214749660375,2460111.8799723,3.1546681840779773,0.04833779091113416,15.152681407786986,0.0166550248747242,17.941923614437847,1.42,bi651347,bi,G,g
214749660375,2460113.6893228,2.8238638682560087,0.03864912492685024,15.272956230824894,0.014876750565421266,18.184791448195877,1.41,bi652183,bi,G,g
214749660375,2460114.7744219,2.752886984019647,0.04088431359765218,15.30059466628721,0.016142860771170216,18.123748834377334,1.65,bi652716,bi,G,g
214749660375,2460117.8719964,3.1651712342589073,0.02009755965213458,15.149072596997426,0.0069017351410511334,18.89478229549721,1.78,bA437431,bA,G,g
214749660375,2460120.6528056,2.7922594636113276,0.03868094510169077,15.285176193440353,0.015057521012369821,18.183897919512837,1.39,bi654123,bi,G,g
214749660375,2460122.9587501,3.1511147085956424,0.021876452549874695,15.153905090066555,0.007546140007768999,18.80269836424039,1.75,bA439362,bA,G,g
214749660375,2460125.5436749,2.8655219043550497,0.132468899619431,15.257056290782744,0.05024841518402368,16.847355789516012,1.44,bi656137,bi,G,g
214749660375,2460127.5666881,2.6040804300018987,0.2213478923397179,15.360929637819718,0.09239174503979966,16.289952133915556,1.55,bi657151,bi,G,g
214749660375,2460129.7266521,2.674807997435501,0.12130034268722141,15.331834089704055,0.04929258425258095,16.942985541943536,1.41,bi658268,bi,G,g
214749660375,2460131.8919261,3.15917509026012,0.07351252463318195,15.151131381334988,0.02529296914434913,17.486737266599462,1.76,bA443005,bA,G,g
214749660375,2460134.9868775,2.919334623225709,0.04086245510558745,15.236855927214283,0.015214327168227708,18.124329470337827,2.02,bA444271,bA,G,g
214749660375,2460136.7049287,3.0753652613817994,0.029439162277648454,15.180323861367961,0.010404971999276922,18.48032699260555,2.02,bi661211,bi,G,g
214749660375,2460139.5859001,2.8790546470971625,0.03694681273964978,15.251940851622706,0.01394887697089322,18.23369816288882,1.39,bi662097,bi,G,g
214749660375,2460139.6316445,2.878079866000312,0.03875063577541658,15.252308518953136,0.014634846230365917,18.181943530691843,1.51,bE496524,bE,G,g
214749660375,2460141.9203796,2.989257523256945,0.03307146579913357,15.211157294945162,0.012025476277692702,18.354007000906673,2.04,bA447014,bA,G,g
214749660375,2460148.8080229,2.9348803301203845,0.03382493897575465,15.231089628363977,0.012527338045029087,18.329548057064553,1.73,bA448171,bA,G,g
214749660375,2460151.9148878,2.7972977638606613,0.027497972215268538,15.283218876876617,0.010684990572021338,18.554388939429227,1.78,bA449501,bA,G,g
214749660375,2460154.5545362,2.822282225838771,0.06512765690745018,15.273564520604037,0.025082867607297037,17.61822697674971,1.43,bE501787,bE,G,g
214749660375,2460156.5459355,2.783965323965858,0.10087450509671544,15.288406068377075,0.039384901905274834,17.14318706886514,1.56,bE502711,bE,G,g
214749660375,2460158.6920781,3.043157301551809,0.14775683673922574,15.191754617963957,0.052775864475801924,16.728771649159167,1.59,bE503747,bE,G,g
214749660375,2460158.8178759,2.73242443832659,0.09958065278794698,15.308695219947042,0.03961311371273925,17.157203189168545,1.82,bA452311,bA,G,g
214749660375,2460159.5509498,3.0951532459878335,0.08175037837460507,15.173360231024953,0.028709113852150712,17.371416182862973,1.50,bE504082,bE,G,g
214749660375,2460161.9208248,2.8832336827290095,0.05990637923343783,15.250366015091707,0.022584235884734207,17.70895793283257,1.69,bA453704,bA,G,g
214749660375,2460164.2425124,3.059527841431383,0.048935883076492846,15.18592959830266,0.017385420239278568,17.928572036886457,1.56,bm474672,bm,,g
214749660375,2460170.449811,2.8783350064604596,0.03356084862783701,15.252212273202542,0.012673710047388227,18.33805827651186,2.23,bm476941,bm,G,g
214749660375,2460179.78958,3.3936587742862896,0.0499189270375412,15.073395190479626,0.015988555983530318,17.906977506429094,1.77,bA456371,bA,G,g
214749660375,2460185.4154705,2.875663586466285,0.14918048073367624,15.253220426947227,0.056387922847716314,16.71836060561493,1.61,bm479829,bm,G,g
214749660375,2460189.8086404,3.083414994577339,0.050745899333299205,15.177485672186759,0.01788879743039839,17.889138227435883,1.67,bA459654,bA,G,g
214749660375,2460194.2436542,2.7613039071952565,0.04159352789051345,15.2972801037332,0.0163728288961332,18.105076216372357,1.57,bm481320,bm,G,g
214749660375,2460195.7568955,3.028239857635938,0.024445258729972837,15.197089943955396,0.008774382034218244,18.682154015889584,2.06,bA461815,bA,G,g
214749660375,2460196.8090358,3.099911671990335,0.02496484328417755,15.171692323917279,0.008753700780290077,18.65931850110932,1.74,bA462311,bA,G,g
214749660375,2460197.8160175,3.229080342360612,0.029433079748917814,15.127368495330998,0.009907612879203283,18.480551343554506,1.75,bA462770,bA,G,g
214749660375,2460201.7982669,2.9252997846517976,0.03135977303548193,15.23463967431483,0.011652381749049832,18.411708334334847,1.71,bA464417,bA,G,g
214749660375,2460205.8199206,3.0985740260979755,0.022782773152105452,15.17216093211217,0.007992025897205777,18.758624146659173,1.68,bA466075,bA,G,g
214749660375,2460215.7432806,3.1270076351988547,0.10796898889690233,15.162243268135017,0.037530319819511625,17.06939302561638,1.71,bA470149,bA,G,g
214749660375,2460216.5259068,2.6010652807647245,0.10355384209850652,15.362187491965447,0.04327400963463058,17.114725069176682,1.57,bE504516,bE,G,g
214749660375,2460220.7326667,2.925704999856975,0.027125346334033944,15.234489287557038,0.010077595691859622,18.569202381627942,1.74,bA472009,bA,G,g
214749660375,2460226.7417829,2.938069765928877,0.04657432155776249,15.229910361993982,0.017230449443320264,17.98227426818794,2.00,bA474638,bA,G,g
214749660375,2460228.4896457,2.9199896478683316,0.04837847131338326,15.23661234287491,0.018008726484438055,17.94101025845955,1.78,bE509192,bE,G,g
214749660375,2460229.6334016,3.161560147195696,0.05132800525707847,15.150312001091713,0.01764676535144483,17.876754644569594,1.49,bq572008,bq,G,g
214749660375,2460233.7469395,3.1751358232643057,0.02750230429736085,15.145659852517339,0.009414970156500942,18.554217903984405,1.75,bA477853,bA,G,g
214749660375,2460236.7188861,2.876948124363069,0.03868477414880723,15.252735544812221,0.014615719761148125,18.1837904472337,2.06,bA479242,bA,G,g
214749660375,2460238.5866781,3.3262476470736475,0.19628949723700434,15.095179171413148,0.06414379559452353,16.420397954826797,1.47,bq576148,bq,B,g
214749660375,2460241.2410196,3.309850646605371,0.30699451494271623,15.10054462939774,0.10081714427125682,15.934814071376186,2.05,bm491637,bm,G,g
214749660375,2460241.5045172,2.8711004914384204,0.07444969931483969,15.254944638504043,0.028185563846718432,17.472983241250898,1.75,bE512856,bE,G,g
214749660375,2460243.4979224,2.885209369761428,0.09218289161508131,15.249622287536553,0.034728431247978815,17.24101479380275,1.43,bi681362,bi,G,g
214749660375,2460244.5952105,3.1216186696886243,0.11471447824040365,15.164115998596328,0.03994390841907217,17.003595026080866,1.49,bq577223,bq,G,g
214749660375,2460245.49893,3.464524105657842,0.12809415218750275,15.050956653686837,0.04018813836205459,16.883817352472136,1.50,bi682162,bi,G,g
214749660375,2460250.5801859,2.9213259146793766,0.03438328107209174,15.236115594063534,0.012793208526410348,18.3117723177437,1.51,bq578446,bq,G,g
214749660375,2460253.5538394,3.028274611319162,0.06632454735563456,15.197077483543612,0.023806262163324238,17.598454874592207,1.52,bq579792,bq,G,g
214749660375,2460256.5488486,3.0689346408731106,0.052584660348596726,15.182596523889549,0.018624456431266014,17.85049292869809,1.52,bq580936,bq,G,g
214749660375,2460266.5380018,2.8651490013709817,0.0972426585722873,15.257197591610483,0.03689111521802957,17.18299855204924,1.74,bq582378,bq,B,g
214749660375,2460370.89079,2.6475205623853597,0.08096146122713402,15.342967267759471,0.03323924638797725,17.381944766693913,1.57,bi724832,bi,G,g
214749660375,2460371.8787478,2.9622670247228666,0.07421055754327206,15.221005111957044,0.02723037755554904,17.476476375312597,1.53,bE543688,bE,G,g
214749660375,2460384.8789277,3.225069401373207,0.044126762868838196,15.128717960273306,0.014872198614732808,18.04088543930996,1.54,bi730724,bi,G,g
214749660375,2460396.0970712,3.1097184969752427,0.09450983382499127,15.168262930055665,0.03303452719095865,17.213948112557038,1.77,bA530950,bA,G,g
214749660375,2460396.966464,3.0307123391911768,0.07407451979744871,15.196203829392374,0.026566619783525515,17.478468499536287,1.71,bq620312,bq,G,g
214749660375,2460401.8949435,3.0859581145192894,0.049756182635234035,15.176590554481415,0.017525450834136022,17.91052297825861,1.45,bE552996,bE,G,g
214749660375,2460405.9894125,2.871061639059012,0.07514575554682462,15.254959331030658,0.02844946550830795,17.462879472975533,1.49,bq623271,bq,G,g
214749660375,2460407.9867168,2.9063829213961228,0.11057799540590155,15.241683540173467,0.04135500259874484,17.04346882983832,1.51,bq623864,bq,G,g
214749660375,2460408.9835585,3.0650822288165056,0.05863478464964721,15.183960297052973,0.02079339372252742,17.732252275342454,1.49,bq624213,bq,G,g
214749660375,2460409.9802185,3.0018247985400874,0.03596533999875634,15.206602269642422,0.013022998839647753,18.262930185781926,1.51,bq624549,bq,G,g
214749660375,2460411.9737963,3.204529532007159,0.0418195776859787,15.13565492660852,0.014184941111676798,18.09919150446421,1.45,bq625047,bq,G,g
214749660375,2460419.1349798,3.0391886938171386,0.11891148730203785,15.193171459989967,0.04252832898977171,16.964581083581173,1.98,bA538401,bA,G,g
214749660375,2460423.0192502,2.9409634563395515,0.10050537770859795,15.2288415520114,0.037145982053849155,17.147167361362218,1.72,bA539232,bA,G,g
214749660375,2460423.7744935,3.1167545289919523,0.07845066099198406,15.165809124211439,0.027359375532073817,17.416149093643657,1.54,bE560383,bE,G,g
214749660375,2460424.1291087,3.2018507695488263,0.08441332675081217,15.13656290565989,0.028656431119811532,17.336613070783077,2.22,bA539662,bA,G,g
214749660375,2460427.9177023,3.162652924356637,0.1534942012042255,15.149936786744647,0.052753661890360896,16.687410678726376,1.48,bi747395,bi,B,g
214749660375,2460429.5451681,3.1315108354162833,0.08560629931237393,15.160680825400348,0.029714195552884733,17.321376303255537,1.57,bm538900,bm,G,g
214749660375,2460430.949601,2.9981034802080453,0.05161353857454911,15.207949075928397,0.01871238692526627,17.87073152418587,1.48,bq630329,bq,G,g
214749660375,2460432.8549236,2.708980737329574,0.05015922485949523,15.31805082998467,0.02012598164140244,17.901763570286903,1.60,bi748726,bi,G,g
214749660375,2460433.9145849,2.858484128665007,0.0413327999079353,15.259726159288823,0.015717056453502496,18.11190354734392,1.36,bi749203,bi,G,g
214749660375,2460436.7065897,2.9766014717439684,0.029582572381489713,15.21576389190362,0.010802578136548715,18.475050771932278,1.54,bE564566,bE,G,g
214749660375,2460438.0023554,3.1438727259597927,0.038049479342158694,15.156403232054153,0.013155153953349522,18.201768815467723,1.74,bA544803,bA,G,g
214749660375,2460439.6191453,3.0985261667485893,0.041493280839413074,15.172177702093856,0.01455575644341906,18.107696172711478,2.06,bm541134,bm,G,g
214749660375,2460440.4913109,2.8779292586341634,0.047751325019623314,15.252365336052145,0.01803505558590325,17.955177043856022,1.51,bm541415,bm,G,g
214749660375,2460442.868224,3.0747232259847,0.10171972653618497,15.180550551139769,0.03595930821143032,17.134127651577657,1.57,bq634116,bq,B,g
214749660375,2460444.7625319,3.2368449719552497,0.09932959975944967,15.12476087364966,0.03335561548227403,17.15994389763985,1.47,bq634797,bq,G,g
214749660375,2460447.7717315,2.822607654278431,0.05879564090926982,15.273439335012506,0.022641582948764557,17.72927778941623,1.52,bq635710,bq,G,g
214749660375,2460449.6653863,3.017859384159461,0.05342242006088388,15.200818121909219,0.01924140276285213,17.833331716751378,1.52,bE569207,bE,G,g
214749660375,2460451.733425,2.540809773988715,0.4562099630818281,15.387635243795943,0.19516628113237233,15.504728697647092,1.56,bq637133,bq,B,g
214749660375,2460452.9217526,2.985894957059882,0.06953468727315243,15.212379309030485,0.025312739699679985,17.54713684697236,1.45,bq637511,bq,G,g
214749660375,2460455.8246832,2.886123035235624,0.12618530216889337,15.249278519538784,0.04752324674505911,16.900118681356563,1.47,bi756283,bi,G,g
214749660375,2460456.7912418,3.078130889486181,0.11248937610949569,15.179347914462209,0.03972250218670605,17.024861841210214,1.51,bq638687,bq,G,g
214749660375,2460486.7138765,3.2428177274905923,0.04783532999167065,15.122759276015858,0.01603387185878787,17.95326867572656,1.50,bq644526,bq,,g
214749660375,2460490.547603,3.0715590762767526,0.033390209561128134,15.18166844063125,0.011816053392890812,18.343592749568764,1.50,bE580923,bE,,g
214749660375,2460491.0337236,3.077007406691935,0.039426154692160695,15.17974426817515,0.013927335981232629,18.163179557512112,1.75,bA559233,bA,,g
214749660375,2460491.5743379,3.1116260715073674,0.0323004340660523,15.167597118099774,0.011283221909145517,18.379619714962367,1.49,bE581340,bE,,g
214749660375,2460491.7333857,2.814118181001154,0.04896947369905014,15.276709792272685,0.01891451793413275,17.927827020317743,1.53,bi762960,bi,,g
214749660375,2460492.5461896,3.0444964130342136,0.02557606577485193,15.191276955498163,0.009131254474594074,18.633056261054207,1.60,bE581717,bE,,g
214749660375,2460492.7034844,2.9741314325956183,0.026914635985423322,15.21666522998337,0.009836498412263769,18.577669335308787,1.58,bE581838,bE,,g
214749660375,2460493.3040027,2.785784452339183,0.04934793627934374,15.287696846711622,0.019254562616343042,17.91946812324586,2.04,bm551867,bm,,g
214749660375,2460493.5742084,3.1031673993463533,0.04348336500060683,15.170552612058962,0.015231059460256114,18.056832748950253,1.42,bi763665,bi,,g
214749660375,2460493.9857255,3.0164847712791794,0.05443521023539003,15.201312779475648,0.01961511867752828,17.812940850048467,1.73,bA560231,bA,,g
214749660375,2460494.3249755,2.753555142348492,0.040110269323817685,15.300331177204768,0.015833392315162433,18.144501666195424,2.22,bm552280,bm,,g
214749660375,2460494.6521834,3.0047664402624954,0.026020592193113024,15.205538822156882,0.00941279561859979,18.614347670725056,1.50,bE582613,bE,,g
214749660375,2460494.8528634,2.889518217602695,0.02975152858652326,15.24800202999211,0.011191698959302478,18.46886740143724,1.69,bA560501,bA,,g
214749660375,2460495.7016153,3.0252290735661336,0.036359135788180265,15.198169958596914,0.013063737921563118,18.25110673137133,1.50,bE583088,bE,,g
214749660375,2460495.9058906,3.0697419860834394,0.030645264382673048,15.182310936626067,0.010851097627154437,18.43673218032345,2.03,bA560889,bA,,g
214749660375,2460496.6129431,2.8620971013718495,0.05301787724354282,15.25835471270378,0.020134930925652876,17.841584773331963,1.46,bi764960,bi,,g
214749660375,2460496.9575621,3.075724093617012,0.044675483707396706,15.180197185546117,0.01578825242432549,18.027467453024222,2.02,bA561254,bA,,g
214749660375,2460497.9017032,3.3399575977843314,0.03603326988915455,15.090713239059589,0.011726675132518207,18.260881425024184,1.77,bA561557,bA,,g
214749660375,2460498.3059167,3.228316513928038,0.06149304635573329,15.127625353072837,0.020704372538937765,17.680575590299366,2.13,bm552865,bm,,g
214749660375,2460498.8488294,3.1696773782324805,0.04503625274037729,15.147527971456892,0.015443984604560111,18.018734992195824,1.73,bA561866,bA,,g
214749660375,2460499.5180392,3.0525923821756358,0.03759972681808337,15.188393582048697,0.01338838048576835,18.214678887542576,1.53,bE584390,bE,,g
214749660375,2460499.9132306,3.2143044770977105,0.03387772263899017,15.132348089269074,0.011456167835527786,18.327855091250825,2.03,bA562231,bA,,g
214749660375,2460500.6271286,3.035870747021388,0.03727214357837003,15.194357428738051,0.01334483675942253,18.224179685400948,1.61,bE584884,bE,,g
214749660375,2460502.6679288,3.132427254008512,0.03773245505297955,15.160363137442008,0.013093213273693881,18.21085295298021,1.68,bE585712,bE,,g
214749660375,2460503.8969721,2.8923550457079306,0.0332900819966259,15.246936615000317,0.012510522105216288,18.346853449276086,2.03,bA563210,bA,,g
214749660375,2460504.7174222,3.0454577604031203,0.04172043744287984,15.190934171423699,0.014890471362947093,18.10176847794564,1.44,bi768114,bi,,g
214749660375,2460510.5429959,2.94132677669092,0.0849900098920379,15.228707430761245,0.0314077464180143,17.329220911972442,1.54,bE588925,bE,,g
214749660375,2460512.6447904,3.20115650227639,0.16606453849432443,15.136798354749486,0.056387412804605165,16.60194835422186,1.67,bi771291,bi,,g
214749660375,2460514.6580873,2.6743528053189816,0.07797828321332363,15.332018873291776,0.031693276715086774,17.42270643785124,1.61,bE590521,bE,,g
214749660375,2460515.5170275,2.806607966861776,0.04278033198023464,15.279611238112496,0.016568171043879622,18.074530235384465,1.46,bi772273,bi,,g
214749660375,2460516.5221913,3.0011218265488973,0.044189265200071125,15.206856558808365,0.016004618531367948,18.039348661519682,1.44,bi772697,bi,,g
214749660375,2460517.7678468,2.6573988819744416,0.06113453774927023,15.338923752403986,0.025005875091173253,17.68692402952836,1.47,bE591844,bE,,g
214749660375,2460518.8826242,2.9740931403339452,0.02447142040451247,15.216679209043626,0.008943690984041661,18.680992666409793,1.79,bA567569,bA,,g
214749660375,2460519.7571979,2.9629788106190844,0.044791249970267386,15.22074425806414,0.016431484794134348,18.024657655731502,1.52,bE592693,bE,,g
214749660375,2460524.7700269,3.08481195915655,0.023862263610275818,15.176993882550054,0.00840804671340142,18.708361513648853,2.47,bA569232,bA,,g
214749660375,2460528.4635076,2.9781958108399795,0.02929782305402804,15.21518250125725,0.010692869731877379,18.48555223212235,2.26,bm557115,bm,,g
214749660375,2460528.5482791,3.089773495308448,0.036555049550908734,15.17524901380365,0.012859761264762466,18.245272169108734,1.38,bi776189,bi,,g
214749660375,2460529.4178434,2.755374590629712,0.03508992680761884,15.299613999444592,0.01384248258679531,18.289684455585945,2.19,bm557473,bm,,g
214749660375,2460529.9000508,2.916980956571548,0.03764297638730899,15.237731637653155,0.01402692691211404,18.213430723233756,2.04,bA570865,bA,,g
214749660375,2460530.4050385,2.928669343579562,0.03827977298097366,15.233389769354336,0.014207288024364951,18.195217227643255,1.59,bm557863,bm,,g
214749660375,2460530.5260303,2.9526064783283252,0.07408470289609763,15.224551701516184,0.027273140381244093,17.47831925254786,1.46,bi776550,bi,,g
214749660375,2460530.9032864,3.004332145909158,0.02872168720507592,15.205695760538571,0.010391402716712997,18.507115740976484,1.71,bA571236,bA,,g
214749660375,2460531.4772266,2.861651184408035,0.029535780821533214,15.258523884431373,0.011218736149096438,18.476769470054876,1.82,bE595464,bE,,g
214749660375,2460531.8916267,3.102206926479356,0.024880415577027686,15.170888714320956,0.008717642186983898,18.66299653621611,1.99,bA571570,bA,,g
214749660375,2460531.8928614,3.104891649014142,0.03173044632366504,15.16994949912981,0.01110815431519235,18.39895015900855,2.00,bA571571,bA,,g
214749660375,2460532.5004472,2.671230954513752,0.08041162595409566,15.333287025464756,0.0327204733483489,17.389343501925122,1.39,bi777366,bi,,g
214749660375,2460533.3188687,2.869248063564061,0.07813881702398964,15.25564537925539,0.029601308385899982,17.42047353150727,2.34,bm558136,bm,,g
214749660375,2460533.523528,3.0851155072976817,0.047269018586468974,15.176887050432894,0.016653952796008894,17.96619914783138,1.43,bi777791,bi,,g
214749660375,2460533.894474,3.130242104666579,0.0331303882567861,15.16112080025757,0.011504315123030694,18.352074297862266,2.18,bA571891,bA,,g
214749660375,2460534.4973367,3.3680096522576224,0.05995037934501911,15.081632303636436,0.019347763972743792,17.70816077267456,1.41,bi778185,bi,,g
214749660375,2460534.8941646,3.219513175397933,0.03702789793193473,15.130590105482405,0.01250118044273345,18.23131796664628,1.70,bA572259,bA,,g
214749660375,2460535.8837458,2.9081084338025174,0.047549316947627165,15.24103913252646,0.01777239100155715,17.95977990489409,2.03,bA572615,bA,,g
214749660375,2460536.847879,2.7444737202214657,0.045835692278444584,15.30391793093326,0.018153354606165767,17.999631123708436,1.73,bA572941,bA,,g
214749660375,2460537.4791258,3.0712689639617845,0.09399309335950086,15.181770994517498,0.03326520960044958,17.219900754731693,1.76,bi779428,bi,,g
214749660375,2460538.3204104,2.5719626399350863,0.1330504477977023,15.374403982829723,0.05622945283438266,16.842599760038325,2.07,bm558806,bm,,g
214749660375,2460538.7950054,3.182925909722859,0.09706219638048393,15.14299929856433,0.03314635350066236,17.185015325038428,1.46,bq656436,bq,,g
214749660375,2460539.7740079,3.5288865231858924,0.10525232963978941,15.030971389350967,0.03241949135471799,17.09706131837937,1.54,bq656696,bq,,g
214749660375,2460540.8249984,2.9460207947565387,0.1219719533059696,15.226976102220602,0.0450024692124214,16.936990664361126,2.11,bA574276,bA,,g
214749660375,2460542.2784536,2.897337776456579,0.13114060323324178,15.245067799961525,0.049198314089393534,16.858297668829955,1.64,bm560006,bm,,g
214749660375,2460543.8628342,3.22325330852503,0.09204261616581244,15.129329529482016,0.031038926309252073,17.2426682256774,1.70,bA575428,bA,,g
