# "asas_sn_id":240518694216,"ra_deg":11.8015,"dec_deg":26.57762,"name":"NSVS 6391063"
asas_sn_id,jd,flux,flux_err,mag,mag_err,limit,fwhm,image_id,camera,quality,phot_filter
240518694216,2455946.7548122,15.383796533033667,0.07795179228381864,13.492122586354654,0.0055077567375653525,17.482791131105202,2.48,ba003152,ba,G,V
240518694216,2455950.763151,12.03842284750723,0.08318554162276395,13.758357420080063,0.00751087315395206,17.412236772033932,2.15,ba003612,ba,G,V
240518694216,2455952.7440494,12.381862320909491,0.07488684124175755,13.72781647801128,0.006574030494807846,17.52634261305146,3.16,ba004029,ba,G,V
240518694216,2455957.7155299,14.772846574841482,0.0796666272610691,13.536120935933821,0.005861711189355437,17.4591653151446,3.01,ba005021,ba,B,V
240518694216,2455968.7347118,14.928575777848158,0.07025021981040906,13.524735462117576,0.005114951065180455,17.595737174999332,2.19,ba006401,ba,G,V
240518694216,2456222.8174161,16.132191227811628,0.08708758227568839,13.440548000999023,0.005867796518172907,17.362465809074415,2.30,ba023019,ba,G,V
240518694216,2456231.7817661,10.784472230729488,0.1390574753925675,13.877784163254905,0.014015468401304026,16.854370542562908,2.47,ba027209,ba,G,V
240518694216,2456233.8554463,11.63774979214439,0.0929838984954032,13.795108865099737,0.00868462174315956,17.291337016916124,2.28,ba026629,ba,G,V
240518694216,2456235.9255509,12.274476358771347,0.08285075635174126,13.7372739701154,0.007336783037851661,17.41661519996332,2.14,ba026054,ba,G,V
240518694216,2456238.813679,13.996440073286522,0.040818402991548444,13.594737431951211,0.00316993672007496,18.185216371017223,2.05,ba025162,ba,G,V
240518694216,2456241.832065,14.950974921805281,0.05536308101869048,13.523107621970317,0.00402497243768845,17.854305765913992,2.05,ba024475,ba,G,V
240518694216,2456247.9690964,12.39990069796236,0.09880401501935597,13.726235886470208,0.008661010367361086,17.225419911121794,2.15,ba029288,ba,B,V
240518694216,2456251.8121779,12.563441194253345,0.1835456629256773,13.712009876280362,0.01587989725659347,16.552996076571475,3.21,ba030033,ba,B,V
240518694216,2456271.756208,12.256429013831541,0.08064363984834179,13.738871518924832,0.007151849055790691,17.44593109014531,2.07,ba031813,ba,G,V
240518694216,2456275.761364,11.909841548352688,0.08194062509049646,13.770016445632432,0.007478344399117158,17.4286082119786,2.21,ba033303,ba,B,V
240518694216,2456288.7360133,14.86552335607177,0.0913697549524348,13.529330895529553,0.006680891661623899,17.31035024326542,2.56,ba034223,ba,G,V
240518694216,2456306.7198955,16.97385985958539,0.10168627718550494,13.385329873986926,0.0065116928661185115,17.194200524269156,2.57,ba035465,ba,G,V
240518694216,2456313.7311228,12.877630058077912,0.07350493260168929,13.685191542649072,0.006204298889707863,17.546565184408074,2.42,ba036297,ba,G,V
240518694216,2456315.7349324,11.986750410493684,0.09574461227331335,13.76302774828603,0.008682105422062936,17.259570531743776,2.38,ba036594,ba,G,V
240518694216,2456319.7431776,11.45340590824847,0.15795974720000644,13.812444773590142,0.014990770323407504,16.715990318634855,2.24,ba037736,ba,G,V
240518694216,2456325.7349849,14.247973956258107,0.045296677598225484,13.575398622984533,0.00345561546362038,18.07219052184976,2.35,ba038615,ba,G,V
240518694216,2456447.0782078,16.486281913282337,0.12540605890303688,13.416974599640767,0.008268142829732714,16.966560094613477,2.93,ba056387,ba,B,V
240518694216,2456450.1132983,15.70523883482273,0.11768227094177855,13.469670041401328,0.008144767057576644,17.03557879247549,2.59,ba057246,ba,G,V
240518694216,2456458.0796967,12.189759632243986,0.09657553787980645,13.744793549703866,0.00861160629133716,17.25018855458377,2.12,ba059140,ba,G,V
240518694216,2456462.0439813,15.464452653107813,0.08847855857724281,13.486445021399621,0.006218929853963145,17.345261296587566,1.72,ba060283,ba,G,V
240518694216,2456465.0505214,16.348998334900063,0.13822339977422124,13.42605353052036,0.009189726658716625,16.860902466751174,1.87,ba061290,ba,G,V
240518694216,2456468.0518537,17.032027156833035,0.18330961497230472,13.381615552280374,0.01169852417782807,16.554393280645368,1.70,ba062156,ba,B,V
240518694216,2456471.0361116,13.98969179639324,0.1283068517487526,13.595261037622684,0.009969052308077177,16.941731771499935,2.12,ba062972,ba,G,V
240518694216,2456474.0536893,12.791489283857086,0.09712354312935985,13.692478626176563,0.008253070950237047,17.244045100271,2.12,ba063779,ba,G,V
240518694216,2456477.0374042,11.842275905594102,0.093808307596931,13.7761934664856,0.008610300296045936,17.281753141446185,2.00,ba064598,ba,G,V
240518694216,2456481.0078374,14.244106027493368,0.09559889796554473,13.575693410190347,0.007295076673408376,17.26122417894489,2.12,ba065904,ba,B,V
240518694216,2456481.99896,14.866370821387406,0.06570179797592092,13.529269000799925,0.004803794998653829,17.668413257435912,2.02,ba066226,ba,B,V
240518694216,2456486.0400907,15.610209829600901,0.07939616971468313,13.476259552494298,0.0055284448713069,17.462857515187974,2.10,ba067403,ba,G,V
240518694216,2456488.0328418,16.37749432316807,0.0929575694195397,13.424162760599165,0.006169492984201582,17.291644494655376,1.81,ba068110,ba,B,V
240518694216,2456491.9996785,13.659546977991203,0.04850836331089965,13.621190664246381,0.003860046159995533,17.9978148396121,2.01,ba069505,ba,G,V
240518694216,2456496.9527371,12.511018883634963,0.2767086854097395,13.716549705518911,0.024040432919608192,16.107299415897533,2.05,ba070742,ba,B,V
240518694216,2456498.0150102,11.912622912110345,0.13335088521777308,13.769762917929702,0.012167481119526771,16.899866636189667,1.84,ba071151,ba,B,V
240518694216,2456516.884897,13.640201663297823,0.06312457599523354,13.622729426551247,0.005030253309572226,17.711860208673965,1.75,ba074414,ba,G,V
240518694216,2456518.9873228,11.668568199367938,0.08851107466302932,13.792237482326183,0.008245029570665766,17.344862359188507,2.00,ba075220,ba,G,V
240518694216,2456521.9823008,12.845463302677109,0.09079850121954937,13.68790697260479,0.007683181271021876,17.31715969411023,2.07,ba076094,ba,G,V
240518694216,2456525.9685099,15.337175126457218,0.1266042603688463,13.495417963106192,0.008972534078357632,16.956235592673664,1.77,ba077211,ba,B,V
240518694216,2456531.8594088,12.109032824119858,0.09175092266209506,13.752007763406278,0.008235939666832606,17.30583029297312,1.71,ba078258,ba,G,V
240518694216,2456533.983673,15.878347011430956,0.08324766353840744,13.457768182145081,0.005698741231532144,17.411426260501813,2.01,ba079053,ba,G,V
240518694216,2456535.9634717,13.598618890373583,0.05352720691427212,13.626044398067116,0.004278504097731176,17.890919938187107,2.09,ba079789,ba,G,V
240518694216,2456537.9593662,12.063564054776313,0.08424640830657446,13.756092318121912,0.0075908067073820265,17.39847790723351,2.07,ba080532,ba,G,V
240518694216,2456540.9313804,12.245126574914574,0.09082036591920589,13.739873207814355,0.008061802255670337,17.316898275277353,2.18,ba081462,ba,G,V
240518694216,2456549.8252565,13.041717859233492,0.09054118744363295,13.671444403088547,0.007546117408772562,17.32024092880361,1.81,ba082586,ba,G,V
240518694216,2456555.9251378,14.600569510343298,0.19805719504175168,13.54885691396418,0.014744600179841146,16.470379833375386,1.67,ba083711,ba,B,V
240518694216,2456560.0234692,15.53560624192571,0.10227726774397528,13.481460891311013,0.007155880592542166,17.187908599484693,2.16,ba084575,ba,G,V
240518694216,2456567.873083,16.62063826786352,0.12939624813966205,13.40816216051641,0.008462255993858407,16.93255218344539,2.02,ba085997,ba,B,V
240518694216,2456570.7864515,12.663104486931037,0.07867177543536222,13.703430928571969,0.006752909562936704,17.472809015486853,1.65,ba087057,ba,G,V
240518694216,2456575.8899022,14.538395677725447,0.05375086643761525,13.553490193359538,0.0040186590129066765,17.886392720531447,2.23,ba088516,ba,G,V
240518694216,2456593.8609295,17.239892225598837,0.10203606552259202,13.36844503820448,0.006433263353450585,17.19047213365937,1.71,ba090569,ba,G,V
240518694216,2456600.8612645,11.816478987533028,0.0861154946685743,13.778561186945668,0.00792146278528103,17.374653142115072,1.99,ba091998,ba,G,V
240518694216,2456633.7636284,15.299700437034687,0.10637677236216904,13.498074085612936,0.007557463425932852,17.145239371152204,3.33,ba098812,ba,B,V
240518694216,2456638.7800093,11.963628296592537,0.17922594634713873,13.765124126326597,0.016283589427663482,16.578854188122634,1.67,ba099772,ba,G,V
240518694216,2456641.7112291,12.490925277905026,0.14734157207316304,13.718294878596755,0.012821618825269415,16.7915431454652,2.07,ba100851,ba,B,V
240518694216,2456655.7423088,15.548511822513522,0.07444431876951725,13.480559334003601,0.00520421109856883,17.532777493432746,1.90,ba103742,ba,G,V
240518694216,2456675.7465099,17.374014887596875,0.12967900240190533,13.360030931219098,0.00811300314321717,16.930182241424156,1.74,ba106579,ba,G,V
240518694216,2456795.1195352,16.240654918950604,0.2987555523178946,13.43327255808671,0.01999514783229532,16.024066430387997,1.91,ba120882,ba,B,V
240518694216,2456796.1125586,14.875962240228892,0.14841214307582265,13.528568736228841,0.010844175604674312,16.78368280279059,2.88,ba121164,ba,G,V
240518694216,2456801.1208043,11.55927418740306,0.3272454910024307,13.802454991083795,0.03077196845477103,15.925172215484391,2.26,ba122806,ba,B,V
240518694216,2456809.085007,15.228825116473248,0.091150633341975,13.503115406044648,0.006505871241803094,17.312957167152025,2.48,ba125134,ba,G,V
240518694216,2456810.1010512,15.15429353565494,0.08372795574768997,13.508442166535213,0.006005469495342179,17.405180174026444,2.48,ba125432,ba,G,V
240518694216,2456811.0986953,16.082111382013707,0.10196083177932444,13.44392374041342,0.0068913209485933795,17.191272969394312,1.65,ba125754,ba,G,V
240518694216,2456813.1134627,15.777962595138904,0.13328202948239096,13.464654099161006,0.009181906111321752,16.900427400914126,1.63,ba126387,ba,G,V
240518694216,2456815.0932677,16.8099875514777,0.12321040266736787,13.3958629249526,0.007966951213692426,16.985737951412958,1.61,ba126981,ba,B,V
240518694216,2456816.0837576,15.941182093829788,0.0878964759209112,13.453480097783858,0.005993259921238874,17.352427736105795,1.67,ba127299,ba,G,V
240518694216,2456818.0918008,14.876157687411864,0.08034068151727489,13.528554471424641,0.005870254239780203,17.45001761502051,1.69,ba127974,ba,G,V
240518694216,2456820.0892313,12.767670576149964,0.09687456541412487,13.694502232659412,0.008247271108656636,17.246831975566405,1.76,ba128563,ba,G,V
240518694216,2456821.0870419,12.38859641271573,0.18429566103685127,13.727226141955015,0.016169819729264776,16.5485686173484,1.64,ba128881,ba,G,V
240518694216,2456823.0932492,11.753458217122306,0.15123612176662152,13.784367235095008,0.013986274153532553,16.763217563741087,1.79,ba129547,ba,G,V
240518694216,2456827.0790541,12.479957024657187,0.10581732364109821,13.7192486799303,0.009216284144041869,17.15096446105827,1.67,ba130790,ba,G,V
240518694216,2456833.0534719,16.45625136130242,0.09132895007027766,13.418954123576805,0.006032394360231686,17.31083523125283,1.69,ba132403,ba,G,V
240518694216,2456835.0791335,16.754639863387894,0.09905123982057547,13.399443661454374,0.006425944812134609,17.222706603786982,2.06,ba132796,ba,G,V
240518694216,2456849.0505989,13.035209019646224,0.10060442232171872,13.671986405830696,0.008389020290628048,17.205813714548476,1.79,ba134055,ba,B,V
240518694216,2456850.0536255,13.985491686545863,0.10131340975013843,13.59558705595692,0.00787410796386094,17.19818906371512,1.75,ba134362,ba,B,V
240518694216,2456852.0355022,14.110949708065169,0.3889373380133763,13.585890794459228,0.029959569330749367,15.737657300048486,1.70,ba135040,ba,B,V
240518694216,2456855.040355,16.66668071820971,0.12196675754014562,13.405158615100346,0.007954347046367197,16.996752697812415,1.71,ba135552,ba,G,V
240518694216,2456859.9841921,12.15068575757132,0.08326475955210588,13.748279431425027,0.0074485650630711575,17.41120331303939,1.88,ba136709,ba,G,V
240518694216,2456862.1233572,16.739903515057843,0.10536535320120075,13.40039902828887,0.0068415900799172775,17.155611825384256,1.69,ba136996,ba,G,V
240518694216,2456863.0323904,12.062968481579082,0.0829483456441062,13.756145921795127,0.007474217096978639,17.415337071929116,1.79,ba137282,ba,G,V
240518694216,2456864.1229394,15.939099170207765,0.09779623290718602,13.453621972667122,0.006669150622933177,17.236551078260376,1.72,ba137692,ba,G,V
240518694216,2456868.0307486,11.710991052289156,0.08966008491339866,13.78829728162513,0.008321807573856269,17.33085852909568,1.65,ba138891,ba,G,V
240518694216,2456869.1329801,12.125367830177284,0.15359485970025694,13.750544099384177,0.013768731538295942,16.74641468974369,1.65,ba139275,ba,G,V
240518694216,2456870.0308764,13.119425127073344,0.06110415875543957,13.664994391157544,0.005062536141736001,17.747179470236063,1.74,ba139544,ba,G,V
240518694216,2456874.043946,14.450642002662697,0.0479908524244548,13.56006354941185,0.0036098029428013986,18.009460233580775,1.81,ba140060,ba,G,V
240518694216,2456875.0178687,16.04983938582207,0.08000761596537638,13.446104677804982,0.005418421821665556,17.454528069499972,2.20,ba140364,ba,G,V
240518694216,2456876.0195034,16.85723512757152,0.09305734890500589,13.392815543342438,0.006000348901974507,17.290479704097404,1.77,ba140697,ba,G,V
240518694216,2456881.9947365,13.132056659586787,0.12967627876048943,13.66394953484495,0.010733465485825178,16.930205045325284,1.74,ba141394,ba,G,V
240518694216,2456882.9979202,12.523694200537573,0.1370096527639193,13.71545026798211,0.01189134238095364,16.870478479537258,1.81,ba141494,ba,G,V
240518694216,2456887.0241331,11.366364125151762,0.11637293764090338,13.82072749277752,0.011128653114571249,17.04772639993034,2.09,ba142836,ba,G,V
240518694216,2456888.9378893,13.789466022115503,0.045284578918153774,13.610912781887139,0.0035695630498204134,18.07248055922762,1.64,ba143958,ba,G,V
240518694216,2456890.1287174,14.77740885544046,0.06936476622380372,13.535785681081382,0.005102145157073028,17.609509076336565,1.62,ba143701,ba,G,V
240518694216,2456891.9762589,14.218867202137352,0.045399745933312724,13.577618909217843,0.003470568310821273,18.069722837529177,1.69,ba144392,ba,G,V
240518694216,2456892.9923348,14.022717509193026,0.04285509034257694,13.592700941609742,0.003321868240378201,18.132350356244032,1.73,ba144763,ba,G,V
240518694216,2456894.9781509,15.907974799782805,0.08569085011093323,13.455744168672405,0.005855065120088124,17.380020265312307,1.74,ba145280,ba,G,V
240518694216,2456895.974406,16.76784375809708,0.09710497358686161,13.398588358044707,0.0062947201713145955,17.2442527075266,1.70,ba145562,ba,G,V
240518694216,2456897.126672,11.232106944849658,0.10103992203837481,13.833628329826313,0.009777862938349613,17.201123887554125,1.66,ba146021,ba,G,V
240518694216,2456900.9661772,15.395424981016967,0.07267180135738747,13.491302199940687,0.005130815715015425,17.5589415800977,1.71,ba147130,ba,G,V
240518694216,2456904.9627672,11.767033224093893,0.09577066991619426,13.783113955313649,0.008846627036251007,17.259275080371566,1.69,ba148114,ba,G,V
240518694216,2456909.9383222,13.151884130083772,0.24785919156878136,13.662311469470884,0.0204846820488951,16.226843821567723,1.68,ba149311,ba,B,V
240518694216,2456913.9156623,16.24766253130845,0.1297429075979178,13.432804179348693,0.00867970388301739,16.929647327573694,1.79,ba150590,ba,G,V
240518694216,2456914.9576528,15.115194339889744,0.09393265320827603,13.511247066056724,0.006754839383013876,17.28031491985296,1.66,ba150991,ba,G,V
240518694216,2456916.9481764,16.001038518958328,0.0864149090366097,13.449410977812146,0.005870197040120083,17.37088470085516,1.69,ba151514,ba,G,V
240518694216,2456918.0912677,11.835967788417415,0.09196903448771604,13.776771968122219,0.008445979544849744,17.303252325715846,1.66,ba151963,ba,G,V
240518694216,2456920.0900276,12.677443874383393,0.07397157146667858,13.702202163231076,0.0063422786821771,17.539694281082724,1.70,ba152650,ba,G,V
240518694216,2456920.9412166,16.17178840506326,0.08459603243149642,13.437886278761152,0.005685964153221329,17.393981406100476,1.66,ba152914,ba,B,V
240518694216,2456924.9356042,12.640485893505314,0.07098574443365702,13.705371983730913,0.00610407056443255,17.584428540731945,1.80,ba153840,ba,G,V
240518694216,2456928.9241319,11.738726880258486,0.08875217268759865,13.78572890901403,0.008218076279084417,17.34190890979052,1.72,ba154395,ba,G,V
240518694216,2456931.7705374,14.759511854487554,0.059969593123630725,13.537101419066392,0.0044164292826495855,17.767528637964077,1.70,ba154924,ba,B,V
240518694216,2456932.8491687,16.47834876224022,0.10033489925510955,13.417497178495378,0.006618361747099796,17.20872634632838,1.61,ba155351,ba,G,V
240518694216,2456940.7567745,11.904495632692164,0.15955614560155584,13.770503904446302,0.01456849566720775,16.705072552399464,1.86,ba157327,ba,G,V
240518694216,2456944.0101587,16.341860160658857,0.09747069157808315,13.426527679850743,0.006483130001581738,17.240171274927565,1.66,ba157933,ba,G,V
240518694216,2456969.9386512,13.861264296499684,0.18566963969723457,13.605274293482703,0.014559626123630508,16.540504157078143,1.80,ba159884,ba,B,V
240518694216,2456970.8971323,11.816085455553281,0.12257568657287239,13.778597346535475,0.011275683679523335,16.991345557421585,1.66,ba160179,ba,G,V
240518694216,2456971.9386312,12.320681549889326,0.11339247617977247,13.733194573020423,0.010003723495382432,17.07589579568882,1.75,ba160606,ba,G,V
240518694216,2456973.8508579,13.611880021302344,0.0659321966136092,13.624986123380419,0.005264917923871944,17.664612531055223,2.34,ba161205,ba,G,V
240518694216,2456978.808089,16.530997380123097,0.08970323365085843,13.414033761874437,0.005898223355544657,17.330336146395265,2.03,ba161756,ba,G,V
240518694216,2456981.7453943,11.880472773676516,0.08697500766262839,13.772697096061982,0.007957431796541977,17.36387020447289,1.72,ba162765,ba,B,V
240518694216,2456984.7455931,11.466159826042478,0.09363391869185135,13.811236426809817,0.008876206168602402,17.283773394900606,1.63,ba163889,ba,G,V
240518694216,2456986.8309095,11.803288017131486,0.08556380363823701,13.779773892864991,0.007879510713828242,17.381631187729635,1.68,ba164563,ba,G,V
240518694216,2456988.7418166,13.156908784382813,0.05483727710553268,13.661896745072625,0.004530375406647674,17.864666688275687,1.79,ba164892,ba,G,V
240518694216,2456995.8705558,12.503377980202472,0.16915768520895538,13.717213004002334,0.01470538996991847,16.64162705984164,2.09,ba167025,ba,B,V
240518694216,2456998.7972472,16.074364182744866,0.13172213478932526,13.444446895687538,0.008907116439501313,16.91320949216611,1.66,ba167593,ba,G,V
240518694216,2456999.7989576,16.868394871581625,0.12189783338961968,13.392097007407,0.007854786777130604,16.99736642731956,1.67,ba167979,ba,G,V
240518694216,2457000.8300093,17.131742146741306,0.13345346991110688,13.375277581714261,0.008467213563343672,16.899031717876277,1.67,ba168408,ba,G,V
240518694216,2457002.8106118,16.023501493169537,0.08002139119722018,13.447887841594843,0.005428262547829154,17.454341150037756,1.70,ba169174,ba,G,V
240518694216,2457004.8049331,15.71365466919121,0.07787627936713971,13.469088392892,0.005386915490312724,17.48384340767019,1.72,ba169962,ba,G,V
240518694216,2457006.7956211,12.39502163994537,0.0765156830191929,13.7266631812147,0.006709889106204281,17.502980245314635,2.05,ba170550,ba,B,V
240518694216,2457011.7623973,12.657079121954276,0.07588586798026169,13.703947667085929,0.006516877892143912,17.511954128827444,1.79,ba172426,ba,G,V
240518694216,2457013.7780546,12.81816690116774,0.06844384776054818,13.690216599288064,0.005803909971672359,17.62402035211938,1.63,ba173097,ba,G,V
240518694216,2457024.7707467,15.445886753293891,0.12318581467348369,13.487749288671548,0.008668820818366858,16.985954643662044,2.04,ba175329,ba,B,V
240518694216,2457031.750171,11.798373878850885,0.08353050015008652,13.780226018477759,0.007695469124352833,17.407743689151513,1.63,ba176052,ba,G,V
240518694216,2457034.7434149,13.405842818903592,0.057068062023920674,13.641546096859859,0.004627124384335202,17.8213735822278,1.66,ba176894,ba,G,V
240518694216,2457036.732717,15.06960793297048,0.07240333473445111,13.514526521036721,0.005222383836084311,17.56295997046935,1.88,ba177656,ba,G,V
240518694216,2457038.7279991,16.262536563079134,0.08736511692965022,13.431810689528216,0.005839315610504305,17.359011237405785,1.73,ba178561,ba,G,V
240518694216,2457040.7230831,16.836334675778552,0.09492363310538156,13.394162529147174,0.00612828528643487,17.26892051357096,1.82,ba179388,ba,G,V
240518694216,2457043.7211973,15.70101021237012,0.08321942708035018,13.469962414330926,0.005761151529543908,17.411794589701138,2.24,ba180522,ba,G,V
240518694216,2457051.7131814,11.842849322835368,0.18144484763941585,13.776140895105598,0.016653311639905896,16.565494792778335,2.02,ba183578,ba,G,V
240518694216,2457169.1185916,11.391039529822834,0.21242446451997318,13.818373007079268,0.0202699811972752,16.394345063286792,1.69,ba210605,ba,G,V
240518694216,2457170.1157593,11.867583282532916,0.16450652026451695,13.773875684198764,0.015067215524268316,16.671898603633974,1.69,ba210701,ba,G,V
240518694216,2457176.101385,14.892676271390135,0.18057555371776815,13.527349531617986,0.013179483136771463,16.570709005534166,1.73,ba211817,ba,G,V
240518694216,2457177.1015449,15.500900783237334,0.19057883941807247,13.483889063313462,0.01336379835647753,16.512169699014297,1.67,ba211994,ba,G,V
240518694216,2457180.1073029,16.627426430752763,0.13773638676802058,13.407718817159022,0.009004006994214398,16.864734678745513,1.74,ba212917,ba,G,V
240518694216,2457184.0953361,15.926407500099561,0.11071425714706334,13.454486845559718,0.007556103525214417,17.101847517595587,1.84,ba213935,ba,G,V
240518694216,2457189.0930642,12.159469275304254,0.08566166483676192,13.747494855299546,0.0076574481294554774,17.380390117008147,2.15,ba214918,ba,G,V
240518694216,2457193.0735602,12.335923265024466,0.07830541101155991,13.73185225649494,0.0068997330283173865,17.477876960075285,1.65,ba215967,ba,G,V
240518694216,2457196.0867119,13.316660875965287,0.06503722251801755,13.648793054319446,0.005308585525321031,17.679451428711573,1.83,ba216862,ba,G,V
240518694216,2457203.0660637,16.569019901932982,0.10006181345233076,13.41153935552223,0.006564228985950256,17.21168546998477,1.66,ba218648,ba,G,V
240518694216,2457204.0430146,15.392547344355416,0.14428138605855237,13.49150515934858,0.010188540599124083,16.81433062924006,1.64,ba218944,ba,G,V
240518694216,2457207.0336961,11.780190696800108,0.18453181335466712,13.781900602434769,0.01702672419799512,16.547178269968498,1.64,ba219778,ba,G,V
240518694216,2457211.09275,12.016999620658057,0.0930077890538767,13.760291285859644,0.00841270084679528,17.29105809214512,1.81,ba220702,ba,G,V
240518694216,2457218.0357318,14.94754628761981,0.07594795632743585,13.523356637114464,0.0055227878110829616,17.51106616370524,1.68,ba221957,ba,B,V
240518694216,2457222.0230265,17.359911566580088,0.10690298354600457,13.360912633268933,0.00669351884155893,17.139881828515506,1.61,ba222453,ba,G,V
240518694216,2457224.0783515,16.38725639562276,0.08890487367325138,13.423515782637871,0.005897004960473231,17.34004247068382,1.68,ba222900,ba,G,V
240518694216,2457228.0435687,14.987591859218337,0.06323100245487497,13.520451759732735,0.00458575007513007,17.71003122590772,1.64,ba223545,ba,G,V
240518694216,2457230.9663098,12.036321196827188,0.14047046753269304,13.758546982904463,0.012685378555422216,16.84339382392364,1.69,ba224343,ba,G,V
240518694216,2457232.0879312,13.181313042354704,0.06730341603479581,13.659884719037807,0.005549969624367159,17.64226362437215,1.69,ba224666,ba,G,V
240518694216,2457233.0595604,11.700075815078804,0.17604943715969237,13.78930971468926,0.01635528580273067,16.598269791317794,1.64,ba224977,ba,B,V
240518694216,2457234.0262444,11.868376413004162,0.12976528292763245,13.773803125053982,0.011884457963345862,16.929460098757712,1.75,ba225286,ba,G,V
240518694216,2457238.1242583,11.557218694964613,0.17128049868398607,13.802648075958412,0.016108932434791074,16.62808659683027,1.61,ba226090,ba,G,V
240518694216,2457242.020019,15.998841386658537,0.09116332954313493,13.449560072502207,0.0061936094743083,17.312805947518967,1.65,ba226796,ba,G,V
240518694216,2457244.0043889,16.912785911924338,0.09827428431097869,13.389243525895033,0.006315924224864135,17.231256669364065,1.65,ba227460,ba,G,V
240518694216,2457247.0503536,16.14884512137811,0.08325601885274982,13.439427731091707,0.005603847952336401,17.411317293935294,1.62,ba228515,ba,G,V
240518694216,2457261.8768716,15.281651773287978,0.1065329384950059,13.499355656801663,0.007577497118445704,17.143646627879928,2.14,ba230425,ba,G,V
240518694216,2457264.0421136,14.706032652017399,0.12755545121593434,13.541042589749182,0.009427915255139696,16.94810883524594,1.64,ba231252,ba,G,V
240518694216,2457271.0634688,16.95713738805997,0.10853556182767045,13.386400057342025,0.006957155212546409,17.123426246946604,1.65,ba232876,ba,G,V
240518694216,2457273.9011042,13.010482445267328,0.0719913144617918,13.67404790188461,0.006014490937750104,17.56915613554503,1.69,ba233545,ba,G,V
240518694216,2457274.9023395,13.060155307255098,0.06373203949794372,13.669910550859468,0.005304221454207603,17.70146185212461,1.65,ba233886,ba,G,V
240518694216,2457275.8821346,14.54595771650516,0.0604213710869915,13.55292560253927,0.004515027792285156,17.75937995343415,1.63,ba234273,ba,G,V
240518694216,2457283.0411279,12.612232301946012,0.07544566157873278,13.707801501205658,0.0065021125465056446,17.518270715690452,2.12,ba235330,ba,G,V
240518694216,2457288.9536749,16.27833296839752,0.09966573325554988,13.430756585519731,0.006655000789475617,17.21599172798933,1.60,ba236411,ba,G,V
240518694216,2457297.9629025,11.769507305843238,0.09709957401129873,13.782885697457719,0.00896749647092477,17.24431308216512,1.72,ba238155,ba,G,V
240518694216,2457302.9864274,12.898388606248156,0.06502879604893404,13.683442761157812,0.0054800236001567365,17.679592109923714,2.77,ba239073,ba,G,V
240518694216,2457305.9999924,13.690627300265616,0.04439136390769384,13.618723034948568,0.003524417212601115,18.09411017177102,1.65,ba240289,ba,G,V
240518694216,2457308.9639822,16.507469864980077,0.09120574414321668,13.41558012170568,0.006005564706609234,17.312300915971473,1.64,ba241062,ba,G,V
240518694216,2457311.8395042,11.654471472385666,0.08810600801488734,13.793549946647506,0.008217223770558368,17.349842582954786,1.60,ba242090,ba,G,V
240518694216,2457317.7291024,16.58173399175853,0.13055449999442864,13.410706545001226,0.008558035322594505,16.922876779130405,1.70,ba243696,ba,B,V
240518694216,2457319.847546,14.74226080515556,0.091520042095693,13.53837117944186,0.0067478325027979695,17.308565865657638,1.70,ba244734,ba,G,V
240518694216,2457323.8887767,15.379229768491221,0.14601534479108969,13.492444940962434,0.010319914175404973,16.801360147915936,1.82,ba246329,ba,G,V
240518694216,2457327.9554462,15.650421570869161,0.08956820570081961,13.473466303255499,0.006220710725658174,17.331971708225588,1.69,ba247312,ba,G,V
240518694216,2457328.8477658,15.722148313166942,0.07685001867992419,13.468501682445677,0.005313054382648262,17.498246450177742,1.63,ba247655,ba,G,V
240518694216,2457333.9424205,15.967400766338324,0.08312085078420203,13.451695840017573,0.005658325495459613,17.41308144418476,2.08,ba249219,ba,G,V
240518694216,2457342.8005392,16.610634326222886,0.09480251017522984,13.408815860547119,0.00620362863262418,17.270306801892477,1.68,ba250298,ba,G,V
240518694216,2457344.8987251,13.856332196069069,0.060943679618281336,13.605660687740297,0.004780711741211261,17.750034713099154,1.68,ba251051,ba,G,V
240518694216,2457354.8439154,12.13378260950024,0.2150116173203089,13.749790880020198,0.019260958203833667,16.381201578750726,1.66,ba252361,ba,B,V
240518694216,2457356.8798892,12.26082749861321,0.09180410120620652,13.738481948890977,0.008138689378002587,17.305201186005007,1.79,ba252837,ba,G,V
240518694216,2457358.8686397,11.595290012629896,0.08803758484270136,13.799077366129035,0.00825274977156284,17.350686093840626,1.74,ba253646,ba,G,V
240518694216,2457360.8027503,13.558784591640856,0.04809617685621581,13.629229501633501,0.0038556887419549874,18.00708000400215,1.66,ba254465,ba,G,V
240518694216,2457362.7915253,15.704261862669258,0.07514856400846207,13.469737583642678,0.0052013410412174955,17.52255467818132,1.67,ba255331,ba,G,V
240518694216,2457364.8451077,14.476340537728834,0.05354335874600991,13.558134427545648,0.004020304912910273,17.890592366766974,2.06,ba256232,ba,G,V
240518694216,2457368.728166,12.831445440347615,0.0711050154583018,13.689092450366836,0.006023332339296377,17.582605805739917,1.81,ba257577,ba,G,V
240518694216,2457371.7653443,12.407265706990819,0.07323527131641737,13.725591197185267,0.00641588224663088,17.550555656578673,1.81,ba258666,ba,G,V
240518694216,2457378.7676302,12.631040334707258,0.10191426804102241,13.70618359958238,0.008770170577404505,17.19176891948755,2.29,ba259887,ba,G,V
240518694216,2457381.8026082,12.425727684820814,0.14000399065313338,13.72397682544053,0.012247029274255505,16.847005356375377,1.85,ba260671,ba,B,V
240518694216,2457384.7941912,15.069813403085913,0.08528766332422116,13.514511717411871,0.006151634356346445,17.38514085379127,1.71,ba261206,ba,G,V
240518694216,2457386.7840607,16.269622248805614,0.08326314620076629,13.43133773071261,0.005562724100129961,17.411224350642097,1.68,ba261868,ba,G,V
240518694216,2457390.7620847,15.768189444706232,0.08148307361549585,13.465326831834417,0.005616913634142537,17.434687887129055,1.66,ba263375,ba,G,V
240518694216,2457394.7638407,12.358570344679285,0.07676438705894852,13.729860819732123,0.0067515536849255455,17.49945692728565,2.14,ba264699,ba,G,V
240518694216,2457396.7612803,11.611424823799501,0.08773333161292146,13.797567617628225,0.008212800618155512,17.354444839412114,1.66,ba265570,ba,G,V
240518694216,2457399.7508058,12.481370785656813,0.07840559486537124,13.719125691961434,0.006828053916777106,17.47648875825213,1.72,ba266846,ba,G,V
240518694216,2457402.725544,14.684724952652898,0.072870827711681,13.542616863199664,0.00539386482764397,17.555972137335317,1.83,ba267698,ba,G,V
240518694216,2457405.7343015,16.58715270556008,0.121041044361428,13.410351797260452,0.00793182259199121,17.005024738193633,1.79,ba268983,ba,G,V
240518694216,2457408.7204409,16.671072345195487,0.11835544643603593,13.40487256412176,0.007716793600507109,17.02938577386777,2.03,ba270240,ba,G,V
240518694216,2457410.712263,15.160933992171092,0.10932185365041142,13.507966512234786,0.007837782412039173,17.115588926334862,2.15,ba271099,ba,G,V
240518694216,2457413.7109274,12.732692388194124,0.08866519575490774,13.697480787036183,0.00756911498674339,17.342973450575847,1.85,ba272393,ba,G,V
240518694216,2457547.1141711,16.38191786528089,0.1297905730045858,13.423869544113671,0.008611733433640573,16.929248519233468,1.65,ba314494,ba,G,V
240518694216,2457548.1182591,17.26490207970042,0.2240447029743975,13.366871105690127,0.014105313191753323,16.336519692505128,1.66,ba314831,ba,G,V
240518694216,2457549.0839537,16.00205004385265,0.08304801041321914,13.449342343861519,0.0056411257488090255,17.41403331245225,1.68,ba315158,ba,G,V
240518694216,2457558.0658357,11.89365477619112,0.14553989261715908,13.771493083101426,0.013300834640846625,16.80490126829541,1.70,ba316954,ba,G,V
240518694216,2457561.0587458,13.461997089295053,0.12395710464662647,13.637007673719152,0.01000861777177862,16.979177834767675,1.63,ba317951,ba,B,V
240518694216,2457574.0594984,13.52117670272116,0.048628930991253205,13.632245183405844,0.003909240656215011,17.99511958720986,1.72,ba320839,ba,G,V
240518694216,2457578.0669023,11.582795372272946,0.08598858225785591,13.800247944672497,0.008069369031936625,17.376254422300732,1.68,ba322192,ba,G,V
240518694216,2457583.0441212,13.502696261594528,0.06167083838151158,13.633730158351176,0.004964454408307036,17.737156762517568,1.69,ba323383,ba,G,V
240518694216,2457587.0239024,16.395566725439025,0.11335179445024728,13.422965322043616,0.0075147431187823415,17.076285394305522,1.68,ba324244,ba,G,V
240518694216,2457590.0534262,16.486578381074047,0.12284531130698885,13.416955075352481,0.00809916461765588,16.988959930634685,1.77,ba324855,ba,G,V
240518694216,2457597.074403,14.71980838139957,0.07090281639144362,13.540026013250122,0.005235684914467891,17.585697677405815,2.04,ba326240,ba,G,V
240518694216,2457600.0430873,11.759075279482012,0.08201470127971429,13.783848477889604,0.007581073538156562,17.4276271251448,1.69,ba327042,ba,G,V
240518694216,2457604.0451741,12.385887583337716,0.07940102270428115,13.727463569635884,0.006968048020819982,17.46279115297553,1.67,ba328377,ba,G,V
240518694216,2457605.9958,15.128636674886927,0.06332816256212788,13.51028192174436,0.004549977687079012,17.70836417529447,2.35,ba328894,ba,G,V
240518694216,2457608.9974346,16.83571219892051,0.09206778442666931,13.394202671979238,0.00594413099619612,17.30208716327866,1.61,ba329923,ba,G,V
240518694216,2457612.9608739,13.922804099511023,0.04404304176065977,13.600464623388625,0.003438450411053283,18.102663130742616,1.79,ba331217,ba,G,V
240518694216,2457616.9061307,12.078033476589269,0.11996489502024045,13.754790832005677,0.010796180129385049,17.014720947921653,1.68,ba332202,ba,G,V
240518694216,2457619.9177102,12.666305231283733,0.13418565943354094,13.703156531017264,0.011515116285443475,16.89309113169635,1.77,ba333252,ba,G,V
240518694216,2457626.1279133,12.259761902635882,0.08923992475434701,13.738576314985858,0.007912055632205345,17.335958405122163,1.66,ba334338,ba,G,V
240518694216,2457627.1168491,11.713215615772523,0.08815380895881494,13.788091059988243,0.008180448538393075,17.349253688473816,1.77,ba334690,ba,G,V
240518694216,2457630.7687965,11.993750374776148,0.0962814149756755,13.76239389039145,0.008725687016979901,17.253500233302294,1.50,be230434,be,G,V
240518694216,2457637.0639206,16.76402713092085,0.09241059924876839,13.398835516954327,0.005991776483467935,17.298051927443364,1.64,ba336181,ba,G,V
240518694216,2457639.9633362,11.581210430137359,0.08466244894932139,13.800396522520078,0.007946008889744317,17.393129326829655,1.64,ba337264,ba,G,V
240518694216,2457642.7194572,13.22506876284433,0.07861990765786726,13.656286557522805,0.006461699587327349,17.47352507020533,1.52,be234704,be,B,V
240518694216,2457643.715908,12.12588776867544,0.11064905760410741,13.75049754376981,0.009918507995576717,17.102487095173718,1.71,be235094,be,B,V
240518694216,2457644.7122458,11.79822020221047,0.1537425813171051,13.780240160543498,0.014164128026727845,16.74537097232705,1.57,be235481,be,B,V
240518694216,2457645.7125996,11.416904269222252,0.13979691437612754,13.81591050574394,0.013309489526839139,16.848612429462694,1.62,be235871,be,B,V
240518694216,2457646.7205233,11.997475989428821,0.3043302735441621,13.76205668088957,0.027571947289825666,16.00399350276494,1.56,be236129,be,B,V
240518694216,2457647.7094579,11.497084115211802,0.19091302391161344,13.808312132599411,0.018049285744644122,16.510267502236893,1.47,be236363,be,G,V
240518694216,2457648.7057675,12.074821251491581,0.2160535491943303,13.755079628435434,0.019448802549574297,16.375952881108205,1.57,be236749,be,B,V
240518694216,2457651.6991451,13.491489735616057,0.1204550757976048,13.63463163629792,0.009704593990769488,17.010293630569443,1.45,be237821,be,B,V
240518694216,2457652.7907858,11.635042075479493,0.13119668118832367,13.795361509135338,0.012256516764018748,16.917549271013584,1.81,be238272,be,B,V
240518694216,2457656.7952267,12.670534117497724,0.09156957959884825,13.702794097893879,0.00785540300155357,17.307978342875256,1.63,ba340072,ba,B,V
240518694216,2457657.9891606,16.674815119185165,0.09307745502474121,13.404628836000967,0.0060673024584015234,17.29024514353422,1.77,ba340620,ba,B,V
240518694216,2457660.7106942,16.67271138203195,0.12426557619300944,13.40476582388794,0.008101338491124347,16.97647929894231,1.60,be241253,be,G,V
240518694216,2457664.6606146,11.752534993837347,0.11833241306622598,13.784452522020523,0.010944208052382604,17.029597091538662,1.57,be242717,be,G,V
240518694216,2457666.6533884,11.67391879170885,0.09959746800646205,13.791739734856051,0.009273502696902115,17.21673564914378,1.52,be243141,be,G,V
240518694216,2457669.7562881,12.191497028457519,0.0842186493556587,13.744638811660582,0.007508676740478706,17.39883571316319,1.63,ba343157,ba,G,V
240518694216,2457670.866728,17.098160047772595,0.10307665777448617,13.377407959544325,0.006552742815250802,17.179455573035607,1.66,ba343649,ba,G,V
240518694216,2457671.9959719,13.56534169956076,0.05488337034846295,13.628704560145664,0.004397665658301658,17.863754460600234,1.64,ba344155,ba,G,V
240518694216,2457673.7770021,11.675678414902807,0.1035993552366845,13.791576092922949,0.009644663960489916,17.173963762345544,1.60,ba344651,ba,G,V
240518694216,2457676.0047692,15.626950764422956,0.1374403000568358,13.475095794941927,0.009559870812204297,16.867071157099492,2.04,ba345643,ba,G,V
240518694216,2457680.9419817,13.569896331079702,0.08204523536336396,13.6283400799535,0.006571870667248843,17.427222980645432,2.02,ba347405,ba,G,V
240518694216,2457685.977487,11.938536148940232,0.11134574609934042,13.767403707594747,0.010137590017795515,17.09567231939129,2.06,ba348467,ba,B,V
240518694216,2457686.9544053,11.762321654553539,0.09222216868786748,13.78354877570936,0.008522253569336575,17.300268066597525,1.82,ba348864,ba,G,V
240518694216,2457687.7932069,16.622806913934213,0.09384904301227094,13.40802050386532,0.006136739113275354,17.281281772583718,1.72,ba349154,ba,G,V
240518694216,2457689.6927461,11.468025146525566,0.11114767136835237,13.81105981307893,0.010534742008875914,17.09760547288359,1.73,ba349899,ba,G,V
240518694216,2457690.9563908,13.018433268321939,0.060335714395557676,13.67338460136057,0.005037649070693008,17.760920245439305,2.08,ba350503,ba,G,V
240518694216,2457691.735305,11.993830029708413,0.0841478334005187,13.76238667963969,0.007626007378656781,17.399749047570914,1.72,ba350630,ba,G,V
240518694216,2457694.8326258,15.381947301994792,0.07185247189266294,13.492253106656912,0.005077413892627182,17.571252110000387,1.74,ba351529,ba,G,V
240518694216,2457695.6907351,13.271043345203124,0.1439481211589406,13.65251873540182,0.011789981014745165,16.816841391805802,1.79,ba351837,ba,G,V
240518694216,2457696.9452136,16.851756803697974,0.09360711233398236,13.393168447080136,0.006037759885679221,17.284084273699932,1.61,ba352457,ba,G,V
240518694216,2457697.6901409,14.063841661741646,0.13590923972876776,13.589521483923368,0.010504059846582252,16.879233936047104,1.81,ba352680,ba,G,V
240518694216,2457698.7052646,14.036675262941511,0.04695144271542802,13.591620772843804,0.003635773850188866,18.03323403935358,1.73,ba353084,ba,G,V
240518694216,2457699.9084331,15.436146309272406,0.07884395001939663,13.488434188726789,0.005551900322542144,17.470435458772624,1.68,ba353665,ba,B,V
240518694216,2457702.8654288,11.119879115049176,0.11282413370303326,13.84453123944876,0.011028440747355848,17.08135137476721,1.61,ba354784,ba,G,V
240518694216,2457705.8945845,12.257341100685403,0.24029368637924417,13.738790724684291,0.021308764062056784,16.260500493578107,1.86,ba356047,ba,G,V
240518694216,2457709.8888234,13.247999040909232,0.09637432880510072,13.654405684517002,0.007907209601952543,17.252452977566534,1.75,ba357687,ba,G,V
240518694216,2457711.9028762,14.048402521213182,0.06134904415112432,13.590714048659098,0.004746713623974935,17.742836892202195,1.74,ba358480,ba,B,V
240518694216,2457713.7412288,12.357510551452325,0.08810051937341287,13.729953929629408,0.007749249632668232,17.349910221956065,1.62,ba359010,ba,B,V
240518694216,2457716.8230211,14.991369713471627,0.09186303673210179,13.520178117622024,0.006660573969634713,17.304504399011694,2.23,ba359625,ba,B,V
240518694216,2457720.8722726,14.588569686336218,0.059123244457474924,13.549749618885787,0.004405119729428982,17.782960747525827,2.08,ba361040,ba,B,V
240518694216,2457721.8218229,11.61603326264007,0.0854978509349123,13.79713678710483,0.008000359896288849,17.382468397465832,1.75,ba361429,ba,G,V
240518694216,2457725.5273699,11.54243180582922,0.11475602194731452,13.804038111109154,0.010806631441519807,17.06291768146813,1.55,be258288,be,G,V
240518694216,2457728.5720728,11.550696953550236,0.11766672212429079,13.803260930104791,0.011072804655770388,17.035722255286974,1.40,be259278,be,G,V
240518694216,2457735.5330436,15.568771145270011,0.1814473636175282,13.479145567684007,0.012668012998338874,16.565479737682402,1.56,be260535,be,G,V
240518694216,2457737.8327373,16.600601898353155,0.11887662087799528,13.40947181748997,0.007783676708641845,17.024615264742394,1.63,ba363150,ba,G,V
240518694216,2457744.803806,11.621626586475529,0.08831046352172747,13.796614111900027,0.008259569652190818,17.347325982962843,1.74,ba363614,ba,B,V
240518694216,2457746.7939176,12.107668386498393,0.0806627785211339,13.752130110319957,0.0072414382667530435,17.44567344943555,1.72,ba364429,ba,B,V
240518694216,2457747.7859986,12.823389904024936,0.07119906727080778,13.68977428578728,0.006035088310576656,17.581170632962422,1.81,ba364815,ba,B,V
240518694216,2457750.7427162,16.48011438092147,0.09619576085960974,13.417380850490668,0.006344653150651505,17.254466558588756,1.72,ba365638,ba,B,V
240518694216,2457755.7342391,15.48473643079311,0.0767002588402511,13.485021860689614,0.005384001654668152,17.50036431976593,1.71,ba366470,ba,B,V
240518694216,2457757.7671833,16.102370366129232,0.0902289581650927,13.442556875748448,0.006090715360365321,17.323991536713613,1.70,ba367355,ba,G,V
240518694216,2457760.7629428,13.190614851200372,0.10910463559465826,13.659118805290957,0.008990634367646095,17.1177483858951,1.84,ba368461,ba,G,V
240518694216,2457764.7546647,11.73753810771645,0.148598933862648,13.785838866316853,0.013761027125381657,16.7823171598065,1.67,ba369912,ba,G,V
240518694216,2457769.7379578,14.161099397876654,0.03908481381669622,13.582038976659302,0.003000013776147048,18.232336274913784,2.19,ba371810,ba,G,V
240518694216,2457773.7202703,16.695697107681497,0.09368947565531593,13.403270011554822,0.006099558821956072,17.283129372741616,2.14,ba373325,ba,G,V
240518694216,2457777.7143015,16.023019073604555,0.09293689820050687,13.447920530347217,0.006304577629546651,17.291885959517458,1.71,ba374607,ba,G,V
240518694216,2457910.0905122,15.038819330782932,0.06509060138725306,13.516747049624813,0.0047045351184569,17.678560683405777,1.70,ba412116,ba,G,V
240518694216,2457915.0802963,17.126422079696077,0.18511473426595595,13.375614797065968,0.011748610815736568,16.54375392383781,1.60,ba413696,ba,G,V
240518694216,2457925.0863291,11.957617966014466,0.08890239946048938,13.765669719443014,0.00808129538562642,17.340072687022296,2.05,ba415249,ba,G,V
240518694216,2457931.0522003,15.642527456511365,0.0913479642268836,13.474014089655373,0.006347520612640694,17.31060921081249,1.76,ba417075,ba,B,V
240518694216,2457932.0524335,15.783701515256412,0.09108891651110923,13.464259256012392,0.006272907008802674,17.31369255308038,1.66,ba417409,ba,G,V
240518694216,2457934.9249361,11.705496888335798,0.09562472607682344,13.788806769883458,0.00887958201520641,17.260930883429474,1.51,be321817,be,G,V
240518694216,2457940.02167,12.251100770183513,0.10474151886279384,13.739343624206642,0.009292999801443191,17.16205922532592,1.62,ba419237,ba,G,V
240518694216,2457943.0291784,11.498555526321578,0.15016228464165052,13.808173187621925,0.014194815534599954,16.770954225602132,1.73,ba420244,ba,G,V
240518694216,2457944.8897376,16.71172778862431,0.18791853288435026,13.402228022112268,0.012222510889229135,16.527432360768586,1.42,be325442,be,G,V
240518694216,2457950.08542,12.216901469584368,0.10521427416805243,13.74237872634977,0.009361075864591078,17.15716973491484,1.78,ba422233,ba,G,V
240518694216,2457953.8664794,11.625992077857656,0.10605943797992429,13.796206347804334,0.009915884772003798,17.14848309013526,1.68,be328951,be,G,V
240518694216,2457957.8678418,11.915363490931432,0.09043911987468867,13.769513165759221,0.008250137836160583,17.321465575488386,1.48,be330249,be,G,V
240518694216,2457960.8457125,13.90706965562999,0.07102212046390884,13.601692329798931,0.005550986580033118,17.5838723071188,1.55,be331523,be,G,V
240518694216,2457966.9479932,13.581891671143314,0.0716370758708236,13.627380748962725,0.005733103215773026,17.57451176812292,1.65,ba425142,ba,G,V
240518694216,2457969.0903377,12.091201235989324,0.08280153411151156,13.75360778134638,0.007443567082865482,17.41726043547102,1.62,ba425595,ba,B,V
240518694216,2457969.8305328,15.454548031102883,0.12615253071577,13.487140632954658,0.008872618967532286,16.96011647562996,1.47,be335331,be,G,V
240518694216,2457971.9418322,16.37032423379982,0.13639999586445437,13.424638201473451,0.009056684702917782,16.8753205007945,1.69,ba426540,ba,G,V
240518694216,2457975.0875625,12.8169171997468,0.12751166492393023,13.690322457811764,0.01081380441387409,16.94848160272524,1.65,ba427720,ba,G,V
240518694216,2457980.0926684,15.56299812505483,0.10415513949121699,13.479548241690475,0.007274440775030827,17.16815463145278,1.62,ba429343,ba,G,V
240518694216,2457982.0043072,15.381490467283719,0.07455851586691091,13.49228535285704,0.005268791424673994,17.531113257343584,1.68,ba429990,ba,G,V
240518694216,2457983.8731085,12.992924050471256,0.06857441456897326,13.675514154994792,0.005736769248449877,17.621951122054053,1.55,be339947,be,G,V
240518694216,2457990.0606708,11.817562519284234,0.08423331203972859,13.77846163311762,0.00774761696583905,17.398646700142958,1.65,ba431988,ba,G,V
240518694216,2457995.88091,15.902413918597151,0.10665199442118183,13.456123771081455,0.007289841748932132,17.142433940462386,1.86,ba433302,ba,G,V
240518694216,2457996.9572988,17.09294812289338,0.1003593591717693,13.377738968153547,0.006381945301946489,17.20846169483887,1.64,ba433733,ba,G,V
240518694216,2457999.8720984,11.426193646619488,0.2079518129426186,13.81502745442113,0.01978214147913805,16.417449616337365,1.66,ba434688,ba,B,V
240518694216,2458002.9710043,15.761445329967536,0.16127435943612656,13.465791304683838,0.011121963316720744,16.693443079676978,1.74,ba435555,ba,G,V
240518694216,2458003.9734664,13.980069754855473,0.1496594015537513,13.59600805859776,0.011636083754297909,16.7745963830073,2.17,ba435881,ba,G,V
240518694216,2458009.0666389,15.699773435256828,0.08640946806835155,13.470047941730805,0.005982464348560671,17.370953064546992,1.71,ba436762,ba,G,V
240518694216,2458013.0038576,12.047698807737607,0.08522566395863738,13.757521150422534,0.007689152321760635,17.38593041036055,1.70,ba437882,ba,G,V
240518694216,2458015.9827146,14.065922501648764,0.04249598630181252,13.589360853836714,0.003283914684804887,18.141486610274132,2.33,ba438808,ba,B,V
240518694216,2458018.8075767,11.671028493128606,0.10376174572561325,13.79200858119688,0.00966363044095859,17.172263219009658,1.43,be348417,be,G,V
240518694216,2458020.0293523,14.548653357814146,0.05343244710795603,13.552724413709825,0.0039920359244300496,17.892843732356624,1.72,ba440032,ba,G,V
240518694216,2458022.0162598,15.478909150613124,0.07752765078375931,13.485430526337511,0.005444129480608978,17.488714832860218,1.68,ba440771,ba,G,V
240518694216,2458023.9209843,13.03464694414432,0.06779378839076486,13.67203322355943,0.005653310039045467,17.634381635085898,1.73,ba441420,ba,G,V
240518694216,2458026.8920092,11.504244595538168,0.0982138400966258,13.807636137479069,0.009279546617035185,17.23192466366814,1.64,ba442308,ba,G,V
240518694216,2458028.701175,14.454605449209904,0.08745693128907825,13.50005001795726,0.0065765808807428045,17.298155024838252,1.58,bq002265,bq,G,g
240518694216,2458029.6631615,12.995271736774386,0.13225999702558175,13.675317991471589,0.011062551768373993,16.908785122174347,1.65,be351486,be,G,V
240518694216,2458033.9826887,12.020908300556087,0.15507900548521006,13.75993819395752,0.014022579008374074,16.735973875594855,1.73,ba444144,ba,G,V
240518694216,2458035.9023797,14.300296801794914,0.13232360647789024,13.511702993996483,0.01005783369637,16.848547288793924,1.60,bq003700,bq,G,g
240518694216,2458036.939199,14.554827747970906,0.08033241146232586,13.552263729366826,0.005999235446683963,17.45012938355518,1.64,ba444826,ba,G,V
240518694216,2458037.9878807,12.729740107061883,0.07877186703398871,13.697732561765628,0.006726107043981413,17.471428545810763,1.68,ba445268,ba,G,V
240518694216,2458039.8932263,15.312106429020089,0.08902892621358544,13.43747827460687,0.0063198732597551195,17.278812773091317,1.47,bq006948,bq,G,g
240518694216,2458040.8949166,15.480070065110157,0.09174091998728667,13.42563331719963,0.006441727386963179,17.246232884024472,1.54,bq007299,bq,G,g
240518694216,2458042.8531596,11.780287930749466,0.055389499455701825,13.722175858546827,0.00511073906029823,17.79407201012128,2.19,bq007812,bq,G,g
240518694216,2458044.7798403,12.650958011596382,0.06975097425521382,13.704472868722345,0.0059929276735300645,17.603480698554492,2.48,ba445843,ba,G,V
240518694216,2458044.8367137,10.085247706196583,0.08850510362207818,13.890849198554498,0.009538803844164128,17.285219824217425,1.57,bq004229,bq,G,g
240518694216,2458046.7804208,13.158105206004883,0.06936081586270715,13.661798018294625,0.00572971487723857,17.609570911363686,2.36,ba446361,ba,G,V
240518694216,2458048.7702347,14.653960352750977,0.05826934062865527,13.544893874035928,0.004322124414774035,17.79875613448884,1.65,ba446630,ba,G,V
240518694216,2458048.8376882,10.702915113864815,0.07803570918736077,13.826310419788921,0.007925076684936073,17.421907157466677,1.64,bq005179,bq,G,g
240518694216,2458049.8486648,10.817361329781406,0.08229510020138593,13.814762280815806,0.008269225104351697,17.36420566553933,1.58,bq005427,bq,G,g
240518694216,2458051.714971,14.868383452947288,0.08017335554381196,13.4694062399196,0.005861091217739757,17.392565459525414,2.33,bq005883,bq,G,g
240518694216,2458052.6330201,10.145497561986469,0.08760452518645592,13.884382245183051,0.009385671762621155,17.296324261183255,1.60,bq006274,bq,G,g
240518694216,2458053.5887089,11.993577578604569,0.10070093878197474,13.762409532905691,0.009126346282995867,17.204772595497197,1.79,be359177,be,G,V
240518694216,2458053.6202126,10.046703829399236,0.09027097147182829,13.895006622991895,0.00976644905943227,17.26377032082999,1.53,bq008432,bq,G,g
240518694216,2458054.5844757,12.482941181272778,0.2762893158719759,13.718989094134859,0.024057989973102347,16.10894616607223,1.71,be359519,be,B,V
240518694216,2458054.6093526,10.36412751685493,0.08580077524492337,13.861233752870362,0.008998510687086155,17.318912581707618,1.59,bq008845,bq,G,g
240518694216,2458055.5811765,13.026381507328827,0.08208281842627979,13.672721921192093,0.006849212481683958,17.426725743374114,1.87,be359871,be,G,V
240518694216,2458055.6124531,10.699407156320099,0.08110186113629628,13.826666335983163,0.008239166488323254,17.38006356000957,1.85,bq009305,bq,G,g
240518694216,2458056.5859695,13.550159803545426,0.07575363250934859,13.629920361806665,0.00607674788307081,17.513847736683623,2.25,be360226,be,G,V
240518694216,2458062.7056149,12.251781010783892,0.13127016521832935,13.739283340534332,0.011646058811224784,16.916941314046632,2.02,ba450316,ba,G,V
240518694216,2458063.6422981,13.7096576651147,0.07744841389250562,13.55749909617786,0.006140420179347064,17.430109291348927,2.20,bq012391,bq,B,g
240518694216,2458063.7592379,11.754769374944905,0.11354567525266318,13.784246122474837,0.010499500951011563,17.07442990020857,1.68,ba450654,ba,G,V
240518694216,2458064.9119687,17.291386359919144,0.12284964622855099,13.365206867496795,0.007722470678868856,16.988921618238432,1.69,ba451037,ba,G,V
240518694216,2458065.896807,15.15157547462861,0.09765362627537266,13.50863692071104,0.007005558341390489,17.23813545607801,2.07,ba451375,ba,G,V
240518694216,2458066.7989112,11.972625197282317,0.08068743352290055,13.76430793666918,0.007325355186932375,17.44534163917121,2.03,ba451711,ba,G,V
240518694216,2458066.834063,11.005131374617115,0.07686709749470487,13.79607754392053,0.007592021402101063,17.43828940544627,2.10,bq013147,bq,G,g
240518694216,2458067.792915,11.819921601071668,0.08694069699269016,13.778244914578366,0.007995040981674712,17.3642985997937,1.78,ba452129,ba,G,V
240518694216,2458067.8219879,10.136340138671896,0.09258526958404795,13.885362683628255,0.00992825430230109,17.236285872794824,1.54,bq013476,bq,G,g
240518694216,2458068.7907993,12.652091658009887,0.07481431247152738,13.704375580769197,0.006427388218364131,17.527394670646657,1.78,ba452536,ba,B,V
240518694216,2458068.8039106,10.418337382776215,0.08296136466815682,13.855569578975768,0.008655449815582947,17.355450893088097,1.55,bq013924,bq,G,g
240518694216,2458069.8218239,10.50874233246087,0.08069555677437731,13.846188763409298,0.008346627877661524,17.38551655535244,1.52,bq014408,bq,G,g
240518694216,2458070.7579001,15.135451213914225,0.06887427908320103,13.509792973133525,0.004946224976810962,17.61721372852194,2.04,ba452780,ba,G,V
240518694216,2458071.7537792,15.834317587940946,0.07808500135190823,13.46078302624461,0.005360193200501695,17.480937338293995,1.73,ba453201,ba,G,V
240518694216,2458072.7458888,16.05311530216822,0.08284483288806821,13.445883091908751,0.005609424071595105,17.416692828088483,1.66,ba453549,ba,G,V
240518694216,2458072.7571518,14.744819368828008,0.07783206409110026,13.478466980775092,0.005737613160802243,17.424744241426886,1.52,bq015482,bq,G,g
240518694216,2458073.7574408,14.886178550938482,0.08240676977227505,13.468107562798606,0.006017163876741382,17.36273338456666,1.77,bq015704,bq,G,g
240518694216,2458074.7518571,15.346764082491632,0.08987121547813351,13.435023579796098,0.006365257409021175,17.268589072897218,1.50,bq015935,bq,G,g
240518694216,2458075.5249546,13.362769951230888,0.06751458752168386,13.645040174990669,0.005491782129532345,17.638862346943554,1.47,be362979,be,G,V
240518694216,2458075.7548324,15.92543019789861,0.09659919087850273,13.394837690085584,0.006593173259078835,17.19020688956683,1.50,bq016413,bq,G,g
240518694216,2458077.6379195,11.783054108319305,0.09520372483220593,13.78163672455237,0.008782299448761861,17.265721542610006,1.56,be363732,be,G,V
240518694216,2458077.7399344,14.177261601239852,0.06805350913592967,13.521084739508726,0.005217594741713957,17.570514300853247,2.00,bq017294,bq,G,g
240518694216,2458079.5160921,15.876112552729404,0.13342399005682348,13.45792098164144,0.009134860669892922,16.899271583357912,1.49,be363938,be,G,V
240518694216,2458079.7438827,12.902476551092468,0.03225479591396419,13.623382926137953,0.002717273744867182,18.381154865632908,1.57,bq017874,bq,G,g
240518694216,2458080.6950616,10.124411865917649,0.08649625232828347,13.886641111900106,0.009286234777816366,17.31014738406355,1.51,bq018313,bq,G,g
240518694216,2458081.5734648,14.071977510993792,0.06638006709885803,13.52917779131703,0.005127370818366898,17.597546393767157,2.04,bq018691,bq,G,g
240518694216,2458082.5661797,14.782832256845346,0.07937712111352324,13.475671499976876,0.005836464756695612,17.403402252287677,1.91,bq019160,bq,G,g
240518694216,2458082.5751566,15.74581979833467,0.11488155219590206,13.466868212294461,0.007930438299570585,17.06173065665507,1.56,be364964,be,G,V
240518694216,2458083.5769962,14.747589333096483,0.0794544696126768,13.478263033343643,0.005856113292564084,17.402344779121673,1.47,bq019504,bq,G,g
240518694216,2458084.7585008,10.203514123360394,0.09031925583074962,13.878191197400477,0.00962149931650472,17.26318973484107,1.57,bq020109,bq,G,g
240518694216,2458086.6129081,14.336506364590237,0.09233112792548599,13.5089572926688,0.007000305311900541,17.23927025900704,1.67,bi025049,bi,G,g
240518694216,2458088.5827306,15.174616639659481,0.16164130464115134,13.447271301807486,0.011578353142901123,16.63125974377379,1.70,bq021780,bq,B,g
240518694216,2458091.8614235,11.39332396713958,0.14572668082085213,13.818155287913143,0.013902752749458557,16.803508710675224,1.77,ba456918,ba,G,V
240518694216,2458092.5952126,12.814231151914102,0.10256552007486944,13.630834237709635,0.008700035111688481,17.125137145125308,1.54,bi027008,bi,G,g
240518694216,2458094.5888963,10.257706459101993,0.07202337422186221,13.872439955114812,0.00763194741828912,17.50895695202506,1.38,bi027279,bi,G,g
240518694216,2458095.5893485,10.03779518553028,0.07156289569937176,13.895969797409238,0.007749287045336341,17.515920847913502,1.35,bi027633,bi,G,g
240518694216,2458096.5860058,9.905487373281366,0.0753323564570103,13.910376000506098,0.008266427795344214,17.460186729623302,1.38,bi027985,bi,G,g
240518694216,2458096.8541908,12.737595184735362,0.06866461820357554,13.697062798526245,0.005859461969598972,17.62052386970444,1.67,ba457959,ba,G,V
240518694216,2458097.5829796,10.060481381486778,0.06760646461260798,13.893518718116242,0.007304351038075281,17.577670047203902,1.41,bi028338,bi,G,g
240518694216,2458099.577726,10.605079273030519,0.0640143230767344,13.83628082423587,0.00656108117267177,17.636947717996804,1.41,bi028649,bi,G,g
240518694216,2458099.6082063,10.366357263406575,0.0841069757476213,13.861000191852028,0.008818973096301462,17.340560568348636,1.55,bq024143,bq,G,g
240518694216,2458100.5967889,10.616406701131794,0.07956909235473303,13.835121753661895,0.00814664945481223,17.400779601220336,1.51,bq024583,bq,B,g
240518694216,2458103.5535273,15.783340387600619,0.11332870118448606,13.464284097704663,0.007804645140231215,17.07650661488067,1.42,be370684,be,G,V
240518694216,2458103.5905808,12.88255258591539,0.028238078936256492,13.625060812521202,0.002382568505461092,18.525552741661492,1.68,bq025549,bq,G,g
240518694216,2458104.561825,15.61295892139923,0.10789295306993076,13.476068361873823,0.007511385226814201,17.129873693526346,1.41,be371011,be,G,V
240518694216,2458104.5875477,13.340961977774818,0.04733696065594914,13.587097756243864,0.003856784704881873,17.964639686623254,1.69,bq026029,bq,G,g
240518694216,2458105.5389338,16.223217266120937,0.1166887005563017,13.434438943459103,0.007818149877571338,17.044784384746794,1.57,be371312,be,G,V
240518694216,2458105.5836939,13.698221562634588,0.05494949575353822,13.558405156155827,0.004360253081210751,17.802731332803678,2.37,bq026444,bq,G,g
240518694216,2458106.5315143,16.806613477019972,0.19028897377470155,13.396080874102516,0.012306812514149211,16.51382233372579,1.62,be371624,be,G,V
240518694216,2458106.5941322,13.953020352667547,0.12430339708496257,13.538395052986667,0.009683379277089494,16.916433117370374,1.45,bq026912,bq,B,g
240518694216,2458107.5950796,14.924721273244185,0.0807946178079422,13.465300049264869,0.005884212853287931,17.384184534201424,1.62,bq027206,bq,G,g
240518694216,2458108.5371739,16.139585130264134,0.12869586765650182,13.440050487156679,0.008667311553616207,16.938444888164053,1.45,be372164,be,G,V
240518694216,2458109.5491884,15.825636691618026,0.10844238232100416,13.461378425946108,0.007448177725397556,17.12435876910267,1.46,be372462,be,G,V
240518694216,2458109.6081825,15.476468613664625,0.09006504589055123,13.425885944037683,0.006325524992505899,17.266249924843947,2.00,bq027843,bq,B,g
240518694216,2458114.7018798,14.982187935580189,0.1206316506491034,13.461127520955781,0.008751816488018286,16.948987435239545,1.61,bq029856,bq,B,g
240518694216,2458117.7570847,15.946939213482553,0.11807427732983217,13.453088057547319,0.008048040070585313,17.031968153251512,1.68,ba461957,ba,G,V
240518694216,2458118.7646831,16.360603835643257,0.11475771030486717,13.425283083188454,0.007624207693604412,17.06290170760109,1.85,ba462334,ba,G,V
240518694216,2458119.7888734,16.692732429764373,0.13847829877040568,13.403462824346747,0.009017091156355217,16.858902094881717,1.99,ba462741,ba,G,V
240518694216,2458120.7901014,16.08975518682138,0.1472009584297031,13.443407814129799,0.009944280687531422,16.79257979939036,1.75,ba463125,ba,G,V
240518694216,2458121.7814667,17.240013555833883,0.13249591127629426,13.368437397079836,0.008353664827415576,16.906850202476797,1.70,ba463486,ba,G,V
240518694216,2458122.5748446,11.106168968358876,0.07304551592304209,13.78615493101216,0.007148936788423667,17.493656709282867,2.26,bq032863,bq,B,g
240518694216,2458122.7811192,16.601781966769636,0.12457392259898302,13.409394639718062,0.008156138773453458,16.973788544222526,1.86,ba463864,ba,G,V
240518694216,2458123.7653807,16.49553545379537,0.08803465432245608,13.416365360670762,0.005800953956473526,17.350722235505486,1.78,ba464230,ba,B,V
240518694216,2458124.5834652,11.809430537960882,0.05488900459907691,13.719493232224737,0.005052060836376071,17.803927223914634,1.58,bq033320,bq,G,g
240518694216,2458124.7646011,15.885571963166354,0.08101826262446678,13.457274263758102,0.005543604545296133,17.44089907910237,1.85,ba464645,ba,B,V
240518694216,2458125.6047456,11.71581669430016,0.05572910130731521,13.728134202057047,0.005170370252217863,17.7874355123438,1.60,bq033815,bq,G,g
240518694216,2458125.7727609,15.17386858651076,0.06652582650358674,13.50704060818889,0.0047654743132837015,17.654880696564742,1.82,ba465066,ba,G,V
240518694216,2458126.6031671,12.201608236834417,0.04578970292110176,13.684022930359468,0.004079086564043098,18.000721046745277,1.47,bq034183,bq,B,g
240518694216,2458126.7614438,14.186676892845268,0.04569828617598127,13.580079710467441,0.003501316803538041,18.06260661113202,2.17,ba465483,ba,B,V
240518694216,2458127.5887828,13.31377863420416,0.04920397594639479,13.58931229293306,0.004017085158155484,17.922640117643034,1.58,bq034650,bq,B,g
240518694216,2458127.7552876,13.095695570712842,0.06676912727855443,13.666959977797188,0.005541907869984511,17.6509171443687,1.78,ba465892,ba,G,V
240518694216,2458128.5855904,14.25883641274534,0.07157359367280924,13.514855405993032,0.005456082261903709,17.51575855279014,1.70,bq035126,bq,B,g
240518694216,2458128.7545566,11.929000647511415,0.08524534295426521,13.768271249123723,0.007767455481809985,17.385679737844345,1.72,ba466313,ba,G,V
240518694216,2458129.5802419,15.124184701836743,0.08434291225023076,13.450885691084501,0.006061621194147799,17.33751913004951,2.11,bq035582,bq,G,g
240518694216,2458129.7509704,11.621205095789445,0.08630778017797114,13.79665348986431,0.008072553901941107,17.372231526750962,1.66,ba466703,ba,B,V
240518694216,2458130.7492406,11.39283416225594,0.09052901869205594,13.818201965276875,0.008637105207760617,17.320386861748137,1.68,ba467066,ba,G,V
240518694216,2458131.7443003,11.505417014874611,0.09364599841074157,13.807525493685747,0.008847061221312638,17.283633333025705,1.66,ba467449,ba,B,V
240518694216,2458132.572609,14.896387918941791,0.08087647308204596,13.467363189011055,0.0059013775923495125,17.383085101498278,1.96,bq036175,bq,G,g
240518694216,2458133.7067005,13.752979699338082,0.06982880757345451,13.613789399685858,0.0055188678712938255,17.602269828911304,2.09,ba468239,ba,G,V
240518694216,2458134.7111641,14.09748848775314,0.04288988726813301,13.586927032996147,0.003306932488240924,18.131469131826762,2.08,ba468643,ba,G,V
240518694216,2458137.7044718,16.408487076664148,0.1280044914095364,13.422110056172311,0.008479472610693756,16.944293372679226,1.75,ba469756,ba,G,V
240518694216,2458138.7048954,16.604645887839396,0.1376168346397553,13.40920735894132,0.009008533932200668,16.86567748291179,2.06,ba470020,ba,G,V
240518694216,2458265.1172092,14.3744239315773,0.21675297298577872,13.56580528213026,0.016390295619129226,16.372443736236384,1.71,ba491301,ba,B,V
240518694216,2458281.9251473,10.397104862579676,0.08631112901225492,13.857784561835055,0.009023323878957271,17.3124736176062,1.51,bq078680,bq,B,g
240518694216,2458281.9263737,10.328279576002263,0.08978352214930468,13.86499565896598,0.009448890710864216,17.26964901521596,1.51,bq078681,bq,B,g
240518694216,2458287.0583223,11.932978169129765,0.08946582480693438,13.767909289262853,0.00814930358275847,17.333213468297327,1.77,ba496437,ba,G,V
240518694216,2458292.9352128,15.383492581424733,0.0904094739688367,13.432428256205913,0.006388092095295168,17.262105755474956,1.58,bq081788,bq,G,g
240518694216,2458297.0488306,15.998403806528241,0.14862999853901213,13.44958976859555,0.01009815405285204,16.782090209868162,1.79,ba498809,ba,B,V
240518694216,2458298.9278129,11.422781669185019,0.09619650882934971,13.755635932456842,0.009153761812910291,17.194742334249455,1.44,bi099871,bi,G,g
240518694216,2458301.0835875,16.344187327319247,0.11415249434889725,13.426373076324401,0.007591616256008389,17.0686428794042,1.77,ba499923,ba,G,V
240518694216,2458301.9258289,11.893361047569774,0.1490155562067285,13.771519897040672,0.013618810528970215,16.779277373282323,1.82,be417884,be,G,V
240518694216,2458303.6759909,12.595695466471783,0.0717936104808278,13.649510242535637,0.006195492209148623,17.512426125362797,1.55,bm059635,bm,G,g
240518694216,2458304.6737349,11.346283841084635,0.0863515689315313,13.762931512859629,0.008272347345363215,17.31196502963901,1.57,bm060085,bm,G,g
240518694216,2458305.6692144,10.611171844811063,0.0824134472789566,13.835657252624909,0.008442030277991494,17.362645409791536,1.47,bm060520,bm,G,g
240518694216,2458308.0740481,14.642645253287743,0.07114667811004306,13.54573255234042,0.005281378086682945,17.58196982525293,1.60,ba501167,ba,G,V
240518694216,2458308.6616945,9.949259744282916,0.08504705894617727,13.90558869954674,0.009291390289553883,17.328492362294735,1.51,bm061864,bm,G,g
240518694216,2458311.0260169,11.682603206187165,0.09062456852483768,13.790932338647695,0.00843176508260576,17.319241514045956,1.61,ba502140,ba,G,V
240518694216,2458316.0639525,12.243777171691796,0.077035089965977,13.739992861674768,0.00683888576761066,17.495634908432404,1.70,ba503397,ba,G,V
240518694216,2458319.632168,15.169115179504537,0.08858912466073046,13.447664999891183,0.006347932998441836,17.284189585215792,1.50,bm063591,bm,G,g
240518694216,2458319.949965,15.204146052030268,0.08769014535620258,13.445160540250843,0.006269038396566106,17.29526363651901,1.45,bq086439,bq,G,g
240518694216,2458320.9357847,13.955643160855452,0.06520917352203995,13.538190981744433,0.0050789157919867,17.61686887173829,1.48,bq086772,bq,G,g
240518694216,2458322.6247439,13.252659572247168,0.051777720422706175,13.594308016855692,0.004246704639731629,17.8672832960035,1.50,bm064894,bm,G,g
240518694216,2458322.8404782,10.636117594262137,0.09964860593015927,13.833107796530166,0.010183575081609775,17.156462543039936,1.48,bq087383,bq,G,g
240518694216,2458323.6264321,12.90215538227669,0.1194111653070441,13.623409952651027,0.010059927279844743,16.960028270075824,1.52,bm065304,bm,B,g
240518694216,2458324.0594264,16.715711321235894,0.1072897608428166,13.401969248738366,0.006976628336227376,17.135960700636417,1.72,ba505791,ba,B,V
240518694216,2458324.6177201,11.043457225705804,0.13560506278783727,13.79230298884406,0.013346980421582937,16.821950851114288,1.67,bm065673,bm,B,g
240518694216,2458324.8560954,10.576145427159105,0.09816494922146464,13.839247087423193,0.010088839312710065,17.172749495768826,1.54,bi109720,bi,G,g
240518694216,2458325.9587147,10.797314356504648,0.0857664485491825,13.816776257915373,0.008634035975879143,17.319347043908834,1.42,bq088327,bq,G,g
240518694216,2458328.8491877,13.090685380618362,0.09916384624962095,13.607659659223083,0.008233853787468414,17.161757203138205,1.47,bi110925,bi,G,g
240518694216,2458330.6031192,10.87278914377077,0.17508043871864123,13.809213207703595,0.017502852504336894,16.544546545935418,1.72,bm067092,bm,G,g
240518694216,2458332.0978423,14.992564552525415,0.09736706007175677,13.520091585947513,0.00705908322600716,17.241326251188887,1.68,ba508306,ba,G,V
240518694216,2458332.5953884,12.257832128803201,0.07814027792803657,13.679031448813967,0.0069290461650889194,17.420453232484988,2.11,bm067396,bm,G,g
240518694216,2458335.9856399,13.381780395680865,0.06797670573664125,13.64349665819817,0.005521516677304923,17.63145610835298,1.63,ba509299,ba,G,V
240518694216,2458336.8341131,13.917857241249823,0.0676723518630734,13.541134678480411,0.005285073910729912,17.576612436252205,1.43,bq090782,bq,G,g
240518694216,2458337.9887419,14.57599618132649,0.05451493203602099,13.550685789889842,0.004065270062613718,17.87106770621306,2.02,ba510004,ba,B,V
240518694216,2458339.5749115,14.817994637705707,0.0795945326796335,13.47309203906935,0.0058385630786205595,17.400432518373556,1.46,bm068801,bm,G,g
240518694216,2458343.5655184,11.010913327840786,0.06342581326088519,13.795507262003108,0.006261161024327722,17.646975500050278,1.51,bm069627,bm,G,g
240518694216,2458344.9293235,13.901461161626083,0.04353669028692559,13.602130277788117,0.0034041378019269318,18.115217867786992,1.58,ba511574,ba,G,V
240518694216,2458345.5588987,10.074278928290099,0.07818792163506252,13.892030694597155,0.008436025242839294,17.419791438907207,1.50,bm070160,bm,G,g
240518694216,2458345.8036221,12.901217327157424,0.068349101250439,13.683204676535542,0.0057585652171586186,17.625524373101364,1.49,be434216,be,G,V
240518694216,2458346.5556517,9.824975158763968,0.08095018688370985,13.919236969809974,0.00895568000401126,17.38209597215693,1.53,bm070580,bm,G,g
240518694216,2458346.8025496,11.982572818593228,0.03448302660674372,13.70369043003856,0.003128005247866662,18.308627168319685,1.36,bi118612,bi,G,g
240518694216,2458348.5519047,10.311641917873622,0.07482649892055566,13.866746064044857,0.007887507309541622,17.467502048032276,1.52,bm071031,bm,G,g
240518694216,2458349.5521162,10.650824760304149,0.07195889345189833,13.831607524211485,0.00734367434399874,17.509929420541802,1.79,bm071207,bm,G,g
240518694216,2458350.7585723,13.15865297278443,0.06665886831527654,13.60203703822658,0.005506284860380191,17.592995770796772,1.81,bq093034,bq,B,g
240518694216,2458351.9417902,10.542241016864013,0.08298259035204127,13.842733270184588,0.008555910231009793,17.355173142764656,1.51,bq093550,bq,G,g
240518694216,2458352.5434304,12.364993721192661,0.09111918753140627,13.669580871863662,0.008009918757425764,17.25361601474021,2.09,bm071788,bm,G,g
240518694216,2458352.8182932,14.949804193142858,0.10070249646818147,13.46347686109841,0.007321783876052912,17.14504001874939,1.43,bq093825,bq,G,g
240518694216,2458353.5391047,13.254830192296271,0.07977047591919999,13.594130201392947,0.006541542802487425,17.398035153676346,2.31,bm072143,bm,G,g
240518694216,2458354.5357975,14.117990524988345,0.10214974845024684,13.525633407053324,0.00786459907842296,17.129547357706876,1.97,bm072560,bm,G,g
240518694216,2458354.7753625,13.670737550217211,0.08623764702031962,13.5605857577082,0.0068567312117468115,17.313398365560946,2.22,bi121754,bi,G,g
240518694216,2458355.7730612,13.347635818739677,0.12131729519901323,13.586554750502863,0.009879399393799908,16.942833813849866,1.44,bi122183,bi,G,g
240518694216,2458356.7774347,14.154470009069126,0.1802331280944416,13.58254737311581,0.01384054463997421,16.5727698429089,1.75,be437747,be,G,V
240518694216,2458358.7809296,12.571052290791993,0.15230469751170966,13.711352322283707,0.013169031551409492,16.755573147616015,1.47,be438186,be,G,V
240518694216,2458359.5266202,14.459899912646488,0.12909475993435182,13.499652405020075,0.009704105289848393,16.87536907583388,2.43,bm073312,bm,G,g
240518694216,2458362.1105091,11.713609147752269,0.15346875894186177,13.78805458283673,0.014241030779747088,16.747306440887243,1.64,ba514854,ba,G,V
240518694216,2458362.5158774,11.929224471422383,0.07911870935309621,13.70853509540513,0.007209068563421592,17.406942626211798,1.59,bm074531,bm,G,g
240518694216,2458362.8910371,14.783935778560595,0.12764694366162022,13.475590454021624,0.00938496216239477,16.88761455980741,1.53,bq096466,bq,B,g
240518694216,2458366.9549104,14.61888861661595,0.07772506398807952,13.48777972937633,0.005779082625228384,17.42623789080855,1.53,bq097069,bq,B,g
240518694216,2458371.0053974,15.624112691968485,0.07595836396914744,13.475292997704534,0.0052843601889367335,17.510917388415205,1.74,ba516541,ba,G,V
240518694216,2458371.9171585,10.438330693873215,0.10061330041769032,13.85348799352977,0.01047698969020948,17.146002122957555,1.52,bq097472,bq,G,g
240518694216,2458372.4773603,13.61636544492022,0.056212713303890376,13.564912625341627,0.004487304308736084,17.778054240076603,1.60,bm075851,bm,G,g
240518694216,2458372.8894837,10.994832945994785,0.07556999617725176,13.797094034443983,0.0074709002488835,17.456767110820284,1.45,bq097821,bq,G,g
240518694216,2458373.4692934,14.289393679346121,0.07048469042965858,13.512531118761897,0.0053615846595379745,17.532403619812897,2.13,bm076140,bm,G,g
240518694216,2458374.8145727,15.20894217849832,0.0875066691965916,13.444818100301788,0.0062539487403255635,17.297537727889164,1.43,bq098543,bq,G,g
240518694216,2458375.4859469,14.784350263911865,0.07727340721318032,13.475560014533073,0.005681198864206686,17.43256545645212,1.50,bm076552,bm,G,g
240518694216,2458376.4793015,14.999283118042564,0.08410202297665846,13.459889365529406,0.006094640766929064,17.34062450550765,1.62,bm076893,bm,B,g
240518694216,2458376.7161944,11.36207765163063,0.04841461080456184,13.761421239677535,0.004631598073432268,17.940199498951557,1.73,bi130317,bi,G,g
240518694216,2458377.4939312,15.322115456895792,0.08809643937558355,13.43676879588296,0.006249593901747461,17.290244722102916,1.47,bm077317,bm,G,g
240518694216,2458377.97687,11.8069070870337,0.09086000400457588,13.779441040448159,0.008364669357521757,17.316424514627542,1.63,ba518110,ba,G,V
240518694216,2458378.7086427,12.205664289021513,0.09260554190144538,13.743377852711685,0.00824684305052534,17.2957639500499,2.22,be445579,be,G,V
240518694216,2458379.9795934,12.804679726735866,0.06742823155336572,13.691359603821919,0.005723810169436417,17.640251969818515,2.08,ba518819,ba,G,V
240518694216,2458380.8041051,14.295495448545607,0.05123913867719978,13.571783375544173,0.0038959626236070247,17.93835184191664,1.63,ba519079,ba,G,V
240518694216,2458382.8133652,11.830029313916281,0.064751805201825,13.717601070337022,0.005949469362321101,17.624510910127963,1.45,bi132692,bi,G,g
240518694216,2458383.7106919,12.47633374635669,0.11020691571906056,13.71956394508685,0.00960138837393384,17.106834272986717,1.57,be447433,be,G,V
240518694216,2458385.8485074,11.621685762559112,0.09931006103323,13.736892801226341,0.00928830126023048,17.160157489451628,1.52,bq099866,bq,G,g
240518694216,2458389.8226984,10.784512054104226,0.10797053730702401,13.818064371774351,0.01088220580521163,17.0693774549151,1.52,bq100800,bq,G,g
240518694216,2458390.8263455,10.995840356606507,0.08993318764166652,13.796994557528482,0.00889004038415002,17.26784064379168,1.45,bq101213,bq,G,g
240518694216,2458391.8702828,11.75857466038177,0.09851960840891615,13.78389470191993,0.009107101325814932,17.22854970128366,1.69,ba521735,ba,G,V
240518694216,2458392.7842961,13.21081985088855,0.06799872020116023,13.597741196401024,0.005594781643138842,17.571388764044404,1.47,bq101821,bq,G,g
240518694216,2458394.0162189,15.667799489425189,0.19072515215928154,13.472261392080007,0.013231593124429545,16.51133646856482,2.13,ba522499,ba,B,V
240518694216,2458395.4908097,12.673795608068234,0.038162625262256805,13.642798874975401,0.0032729827510465243,18.198545004427096,1.47,bm079893,bm,G,g
240518694216,2458396.0293966,15.41280026195919,0.07802357186775677,13.490077528708365,0.005502454378803427,17.481791823311056,1.70,ba522867,ba,G,V
240518694216,2458396.708607,13.976003532326356,0.06307295013771293,13.536608117933614,0.004905376156992313,17.653032749173512,1.45,bq102555,bq,G,g
240518694216,2458401.4600657,14.107018467181186,0.07032911808741793,13.526477535110486,0.005418912135907571,17.534802682730554,1.48,bm081615,bm,G,g
240518694216,2458401.8149408,15.231574022788504,0.0862634064577963,13.443203658740329,0.006155934514479631,17.313074101406883,2.17,bq103552,bq,G,g
240518694216,2458402.4664364,14.149508117675124,0.07356594930738007,13.523212265651331,0.005651291035177383,17.485948502560763,1.58,bm082003,bm,B,g
240518694216,2458403.6899307,10.594368519192523,0.15464803052660367,13.837377933398866,0.015866512954546143,16.67927962757244,1.39,bi138935,bi,B,g
240518694216,2458406.8564474,15.622718976833779,0.0757343463063026,13.47538985277118,0.005269245498133452,17.514124190685795,1.77,ba524558,ba,G,V
240518694216,2458408.7379826,10.580064120277894,0.06958437672805354,13.838844872930702,0.00714884061531791,17.5463612574748,1.79,bi140781,bi,G,g
240518694216,2458409.4150245,10.560854691974114,0.09138307530516263,13.840817954394868,0.009405434747152759,17.25047618836017,1.47,bm083245,bm,G,g
240518694216,2458409.645709,14.506491331756129,0.08360491695244605,13.4961596651923,0.00626443070572038,17.34706106190803,1.58,bi141085,bi,G,g
240518694216,2458412.4154413,12.409005412360768,0.0983487775661753,13.66572318731729,0.008614779478953246,17.170718195963023,1.66,bm083991,bm,B,g
240518694216,2458413.4410345,11.804743913984154,0.17113278388507708,13.7199241968902,0.015757554495265384,16.569307573321097,1.73,bm084348,bm,B,g
240518694216,2458413.6070955,12.211423041117916,0.1027534830866743,13.683149930296016,0.009146236945227256,17.12314923070004,1.57,bi142560,bi,G,g
240518694216,2458414.9437718,13.669398729315272,0.11668929623555685,13.620407874915925,0.009278842037753723,17.04477884223171,2.11,ba526771,ba,G,V
240518694216,2458418.692319,13.257944992491382,0.12455579003829194,13.593875090312766,0.01021174310039507,16.914230809596408,1.61,bi144389,bi,B,g
240518694216,2458419.4169561,14.572999880731201,0.17114818810669172,13.491193218913622,0.012765432015983104,16.569209847052374,1.56,bm086392,bm,G,g
240518694216,2458423.4122133,12.339580579895438,0.031261519978888506,13.671814626388572,0.0027537332246035644,18.415115385935824,2.28,bm087066,bm,G,g
240518694216,2458423.569238,12.694228382667548,0.053564184572137324,13.641049853612783,0.004586489071822457,17.830454366768553,1.37,bi145311,bi,G,g
240518694216,2458423.952098,12.360693887553907,0.07935928180139208,13.729674276365351,0.006978579819164736,17.463362071640258,1.70,ba528656,ba,G,V
240518694216,2458425.3912652,10.04440446654442,0.07993723402050695,13.895255141040126,0.008650418064881982,17.395767819508293,1.48,bm087713,bm,G,g
240518694216,2458425.5850671,13.06376808842664,0.047584302361186395,13.60989446707479,0.0039591997832324885,17.958981345307524,1.37,bi145972,bi,G,g
240518694216,2458426.6397204,11.718925228197616,0.057231337886732965,13.727846164081026,0.005308334574416244,17.758555865313788,1.58,bq108718,bq,G,g
240518694216,2458427.6718679,10.643846193760549,0.05768861518794429,13.832319146630192,0.005891199042822786,17.74991532677229,1.56,bE012225,bE,G,g
240518694216,2458428.5945375,14.459125237710268,0.06926949698370184,13.499710573829084,0.005207295065655511,17.55128552664328,1.45,bi147021,bi,G,g
240518694216,2458428.835886,15.121884119784053,0.06625125401546653,13.510766640253596,0.004762120384938875,17.659371135953204,1.61,ba529346,ba,G,V
240518694216,2458429.7130593,11.032417509251015,0.07420052683631527,13.793388900137572,0.007310523418242873,17.476623139306195,1.51,bq110042,bq,G,g
240518694216,2458430.7125209,11.341937829823618,0.06725248887141563,13.763347466291195,0.006445153595336744,17.583369708227416,1.46,bq110482,bq,G,g
240518694216,2458431.5533894,14.148049663705551,0.07227221037171021,13.52332418317378,0.005552479124070153,17.505212268006897,1.47,bE013586,bE,G,g
240518694216,2458433.5468144,11.314060503589094,0.0486251376263756,13.766019380122982,0.004671480274184972,17.935488502585105,1.47,bE014301,bE,G,g
240518694216,2458433.8306634,10.516297415312998,0.08707640742690796,13.845408472153352,0.009000151403522685,17.302889354584053,1.57,bq111069,bq,G,g
240518694216,2458434.5793838,12.696222759500191,0.043298603226315936,13.640879288141106,0.0037069055931475956,18.061455894859446,1.47,bE014685,bE,G,g
240518694216,2458434.7597145,11.630130364032278,0.09254634650348503,13.736104165198311,0.008649417654525376,17.236742415002833,1.65,bq111412,bq,B,g
240518694216,2458436.6468849,14.617673170836046,0.0741369550320835,13.487870003567838,0.005512754720414569,17.47755374986817,1.64,bE015242,bE,G,g
240518694216,2458437.3718858,15.166496691344866,0.09231897433498741,13.447852435530578,0.006616340825165464,17.239413184389477,1.51,bm088932,bm,G,g
240518694216,2458438.3778786,15.195717123468764,0.1029570085651868,13.445762621456815,0.007364561409599034,17.121000822508126,1.47,bm089249,bm,B,g
240518694216,2458438.6603904,14.227909788541474,0.08376818219286009,13.517212865040404,0.00639956067349334,17.344942883543354,1.49,bE015921,bE,G,g
240518694216,2458438.8288886,11.291775383770535,0.06663893315069021,13.768160045867258,0.00641472403834637,17.593320522290984,1.62,bq112313,bq,G,g
240518694216,2458439.656896,13.277922364283084,0.08761681741715496,13.592240309761873,0.0071724829000192215,17.29617192677318,1.65,bE016270,bE,G,g
240518694216,2458440.5248806,10.729377904789505,0.07777202790275774,13.823629267122563,0.007878817736491928,17.425582053153793,1.75,bE016522,bE,G,g
240518694216,2458440.7048328,15.45689298242037,0.1122807050618736,13.427260122162108,0.007895781174863293,17.026877783680824,1.43,bq113114,bq,G,g
240518694216,2458441.6033614,10.28739093684726,0.11370226659860502,13.869302512248181,0.012013679753649085,17.013217805891376,1.53,bi151359,bi,G,g
240518694216,2458445.8751848,15.664329180941595,0.16582372303070347,13.472501901725384,0.011506600450313815,16.6632397397166,1.69,ba534200,ba,G,V
240518694216,2458446.5728949,11.803842787170511,0.1276468328368448,13.720007080801848,0.01175435491077155,16.887615502458445,1.60,bi152884,bi,G,g
240518694216,2458448.3443194,10.2543069798015,0.10474963373687755,13.872799835708559,0.011103460991011635,17.102259328678834,1.45,bm091877,bm,B,g
240518694216,2458448.8851253,16.05207001581719,0.11489448143741948,13.445953791094867,0.0077800125334103725,17.061608470320767,1.76,ba535499,ba,G,V
240518694216,2458449.6980708,10.409538444951151,0.1187182604789649,13.856486938576664,0.012396475421033072,16.966346800253756,1.45,bq116045,bq,G,g
240518694216,2458450.5237325,14.987577118640855,0.08724203575764412,13.460737045340405,0.006327126725414921,17.30082613366441,1.55,bE019727,bE,G,g
240518694216,2458450.8040105,13.37946193314603,0.05526759915556133,13.643684783897928,0.004489977074053817,17.856179895970396,1.60,ba536300,ba,G,V
240518694216,2458452.5289722,13.75923456714184,0.0652408708794191,13.553579935882487,0.005153919699550251,17.616341237281176,1.75,bE020393,bE,G,g
240518694216,2458452.7458903,10.456021050781208,0.0621605861899744,13.851649499969959,0.006461908810835065,17.668852858146057,1.69,bA000052,bA,G,g
240518694216,2458453.5327151,13.542702820494556,0.05979101040196301,13.570802251127944,0.004798911233541529,17.71105087999545,1.41,bi155254,bi,G,g
240518694216,2458453.893787,14.460651681744743,0.04495299821884452,13.499595959144543,0.003378959376179729,18.02074395377877,2.06,bA000385,bA,G,g
240518694216,2458454.3242346,13.966331245288998,0.08040780974337523,13.537359776857059,0.006257892045113984,17.389395030499728,1.50,bm093210,bm,B,g
240518694216,2458454.6082149,15.484057975890877,0.09076166814041804,13.425353650410102,0.006371326383739787,17.257884438101406,1.42,bi155657,bi,G,g
240518694216,2458455.3259018,14.392208083759291,0.07295973776983782,13.50474704865932,0.005510208185691232,17.494932450461633,1.53,bm093513,bm,G,g
240518694216,2458455.5979789,14.547880975495435,0.06934624514187039,13.493066274315819,0.005181259974702915,17.550083235168888,1.40,bi155989,bi,G,g
240518694216,2458455.7657638,10.73609244637686,0.06249292953946592,13.822950016119137,0.006326985135865702,17.663063401509817,1.70,bA000600,bA,G,g
240518694216,2458456.5197917,9.972896197438121,0.12727356136559448,13.903012375472262,0.013871680285495791,16.890795119698993,1.71,bi156266,bi,G,g
240518694216,2458456.7487412,11.627962577935609,0.06179887848341296,13.736306558736079,0.0057768240612651985,17.675189127315804,1.49,bq118898,bq,G,g
240518694216,2458457.3193765,15.433070634362116,0.09132676362733172,13.428934762586923,0.006432175662634048,17.251145442185415,1.51,bm093850,bm,G,g
240518694216,2458457.7719581,11.436602138486322,0.06807439343454229,13.754323089919904,0.006469920437129463,17.57018116063931,1.54,bq119376,bq,G,g
240518694216,2458458.3157573,15.297423469000973,0.16662859158191967,13.438519899392459,0.011839773847876737,16.598266802725753,1.50,bm094147,bm,B,g
240518694216,2458458.580788,12.042536112578334,0.042844184126816884,13.698270728957638,0.0038671061410888346,18.07291091878453,1.40,bi156941,bi,G,g
240518694216,2458458.8278466,10.706591241440217,0.06024601524188266,13.8259375662747,0.0061163070205294025,17.702819793104652,1.75,bA001743,bA,G,g
240518694216,2458459.5279353,9.642465623850233,0.12368761107257449,13.939595374165258,0.013942808899533815,16.9218251075648,1.67,bi157226,bi,G,g
240518694216,2458460.5571818,9.66498581659829,0.0699986454854468,13.937062569691447,0.007872281001452205,17.5399165208311,1.49,bE022968,bE,G,g
240518694216,2458460.8514022,10.562211233007838,0.062493652746249816,13.840678500612844,0.006431218039604827,17.663050836772477,1.78,bA002645,bA,G,g
240518694216,2458461.5861142,9.9701428617724,0.07230097752259249,13.90331216892162,0.007882336305091373,17.504780188752264,1.44,bi157937,bi,G,g
240518694216,2458462.5272434,10.716621277262256,0.07418733008984207,13.82492091447113,0.007524610619828485,17.47681625733843,2.31,bE023586,bE,G,g
240518694216,2458463.300259,10.538470291201367,0.07270716585535726,13.843121683398355,0.0074991460733756996,17.498697571293405,1.58,bm094732,bm,G,g
240518694216,2458463.5798551,9.86628351754588,0.0732434325421255,13.91468164430056,0.008069140374351011,17.490718888316565,1.45,bi158565,bi,G,g
240518694216,2458464.3060801,10.342457613553258,0.0815390614756873,13.863506248021961,0.008569473326276137,17.374226340532996,1.68,bm095041,bm,G,g
240518694216,2458464.5763851,10.083187975641348,0.07441008407508265,13.891070963304024,0.008021324839322322,17.47356112333698,1.35,bi158864,bi,G,g
240518694216,2458465.2941195,10.049520589564086,0.08363991822571795,13.894702261491211,0.009046496674436405,17.346606612595817,1.60,bm095331,bm,G,g
240518694216,2458465.7676928,15.319484998029102,0.0593404651004614,13.436955208106298,0.004210357303282582,17.719263246641276,2.13,bA004119,bA,G,g
240518694216,2458466.2910035,10.13423164362013,0.08779063394507003,13.885588554851632,0.009416066799132209,17.29402014864007,1.69,bm095653,bm,G,g
240518694216,2458469.7146101,10.664734080446271,0.07111626520755551,13.830190544744212,0.007248215256563379,17.52271825933558,2.32,bA005417,bA,G,g
240518694216,2458472.5516077,15.215497439963947,0.13491100751847168,13.444350234013747,0.009637699986819959,16.827522147390233,1.54,bE026431,bE,G,g
240518694216,2458473.5335489,15.35133379649087,0.16388567238506166,13.434700334753975,0.01160398195883573,16.61628814325867,1.74,bE026735,bE,G,g
240518694216,2458473.7736888,10.845752047897399,0.0926457975008628,13.811916443502579,0.009284921263233943,17.235576301187233,2.05,bA006878,bA,G,g
240518694216,2458475.7228614,11.020667136410053,0.13273505040755523,13.794545908930232,0.013091514961667033,16.845176563727147,1.67,bq121943,bq,G,g
240518694216,2458477.533294,12.488409442213323,0.09052195529397558,13.658797799857147,0.007878779929714289,17.260755795843366,1.44,bi162872,bi,G,g
240518694216,2458478.5337116,11.31144841238359,0.08228567285281728,13.766270074329691,0.0079071172401886,17.364330049615027,1.53,bE028323,bE,G,g
240518694216,2458479.7190867,13.162661917085297,0.06344495348771685,13.601706305812778,0.005239206658905081,17.646647903111617,1.75,bq123660,bq,G,g
240518694216,2458483.777406,13.330408328602173,0.026600230113652916,13.587956990656306,0.0021689728393210063,18.590427127321526,1.76,bA009003,bA,G,g
240518694216,2458486.7801027,15.146949872160965,0.05490758418619976,13.449252651911308,0.0039402095621787064,17.803559771139927,2.38,bA010209,bA,G,g
240518694216,2458492.7584432,13.15194306602148,0.0211678735505312,13.602590821869509,0.0017494417434441736,18.838447530122377,1.67,bA012006,bA,G,g
240518694216,2458494.7466396,10.536863632053965,0.06379918629117276,13.843287223646946,0.0065813646301619705,17.64060276226887,1.99,bA012895,bA,B,g
240518694216,2458495.6572169,11.532306976427451,0.07081602790874499,13.745275136588296,0.006674635312466864,17.527311702933275,1.49,bq127018,bq,G,g
240518694216,2458496.7252018,10.179918450660416,0.07404829885692955,13.880704874866343,0.007906476044609789,17.47885289709232,2.02,bA013780,bA,G,g
240518694216,2458501.7117703,12.824422687630285,0.07237311495729953,13.629971062914173,0.00613411076798722,17.503697448508614,2.31,bA015871,bA,G,g
240518694216,2458503.6388788,15.690257078160498,0.12958543676107642,13.410990473845184,0.008977146448793506,16.87125011936669,1.58,bq129259,bq,G,g
240518694216,2458504.7090755,14.932937687903808,0.06528708340925636,13.464702490085426,0.004752194282207528,17.61557244228814,1.72,bA016548,bA,G,g
240518694216,2458505.6216392,14.873328343084053,0.21919164897361149,13.46904520849435,0.01601872740699669,16.300580601803773,1.57,bq130158,bq,B,g
240518694216,2458506.7099236,15.286178834947307,0.06867963118599678,13.439318281919807,0.004883612434102122,17.560570725677053,1.74,bA017450,bA,G,g
240518694216,2458507.626475,11.774395059099035,0.059664686487589345,13.722719113935753,0.005507961960651954,17.713347204106565,1.46,bq130746,bq,G,g
240518694216,2458510.6172848,10.36925502111344,0.08416577351499314,13.860696733200095,0.008822672047612235,17.33980181367597,1.52,bq132100,bq,G,g
240518694216,2458511.6066446,10.414705780930717,0.09561229962443869,13.855948108565887,0.009978814075146345,17.201356202001115,1.51,bq132543,bq,B,g
240518694216,2458512.6109367,10.635714574695614,0.08017306077507604,13.833148937597016,0.008193584988129542,17.392569451396213,1.95,bq132842,bq,G,g
240518694216,2458515.6051835,12.02018857788048,0.05331134772549256,13.700287419485964,0.004820815972850944,17.835591457073775,1.50,bq133227,bq,G,g
240518694216,2458519.581598,15.388577431670758,0.09151654155128462,13.432069436922339,0.006464177870103414,17.248891612473795,1.50,bq134023,bq,G,g
240518694216,2458522.5797705,15.590890764583078,0.09557463721200266,13.41788830045963,0.006663216156092138,17.201783966009952,1.52,bq134325,bq,G,g
240518694216,2458523.5800253,15.092616403244374,0.0958506713175418,13.453154287092065,0.006903078268078138,17.198652714116864,1.49,bq134710,bq,B,g
240518694216,2458526.570483,11.873014794323272,0.07968840243686222,13.713663099896834,0.007295352548295782,17.399152810592188,1.68,bq135074,bq,G,g
240518694216,2458629.1138995,15.216524377245687,0.11210477719071574,13.44427695705608,0.008007940293367898,17.02858031181557,1.71,bA039259,bA,G,g
240518694216,2458632.1075184,11.887342628725072,0.07112526253160212,13.71235367090514,0.0065035618458845,17.522580905348576,1.69,bA040372,bA,G,g
240518694216,2458635.1161408,10.666308229510111,0.1115335831494404,13.830030298413202,0.011365896520954545,17.034126474809696,2.06,bA041492,bA,G,g
240518694216,2458636.1008388,10.110522200590417,0.07089514576367706,13.888131654427866,0.007621756771670513,17.52609936199725,2.01,bA041831,bA,G,g
240518694216,2458638.0938247,10.747963443938225,0.062498578285933123,13.821750170688045,0.006320568321771923,17.662965266065868,1.67,bA042566,bA,G,g
240518694216,2458641.941771,13.590801469136965,0.07482344060837731,13.566952951135285,0.0059841817962631725,17.467546425200332,1.55,bq164126,bq,B,g
240518694216,2458643.9357866,11.23764490468219,0.10522753427521377,13.773377360229208,0.010178089414385725,17.097317126461473,1.47,bq164617,bq,B,g
240518694216,2458646.0732306,15.793838631289088,0.06506252559624125,13.403846381210222,0.0044777041331516615,17.619313317166206,1.72,bA044812,bA,G,g
240518694216,2458647.0725413,15.518985126969994,0.06326384789801079,13.422907330003888,0.004431027641333995,17.649751602734362,1.70,bA045179,bA,G,g
240518694216,2458648.6770782,11.170650821238159,0.06510819856570942,13.779869430800618,0.006335331949964219,17.618551413153078,1.50,bm143216,bm,G,g
240518694216,2458649.6756841,10.498728749955184,0.07836999143089841,13.847223834203543,0.008113817903412203,17.417266113238526,1.55,bm143624,bm,G,g
240518694216,2458650.919842,11.519782580359902,0.08969603188520975,13.746454916109606,0.00846332699003975,17.27070753528335,1.46,bi227086,bi,G,g
240518694216,2458651.0699613,13.794530255086928,0.0980361584633113,13.550798332171938,0.007724876442867721,17.174174898618986,1.66,bA046647,bA,G,g
240518694216,2458651.9348606,10.986704571177706,0.14355929094470712,13.797897005684746,0.01420286734185553,16.76006234984772,1.55,bi227559,bi,G,g
240518694216,2458653.6703476,9.827887486318932,0.20657419305233918,13.918915182643719,0.022846941082079825,16.364950449110246,1.54,bm145221,bm,B,g
240518694216,2458654.6776064,9.372142584218825,0.3176920152566366,13.970468404365885,0.03684508689284211,15.897624862488575,1.65,bm145668,bm,B,g
240518694216,2458657.0486659,10.360919379029253,0.0924707701780029,13.861569886383835,0.0097010412916308,17.237629424365362,1.65,bA048761,bA,B,g
240518694216,2458666.9167949,10.15518844744652,0.06713212587996033,13.883345654991519,0.007185460163645025,17.585314610815004,1.54,bE091436,bE,G,g
240518694216,2458667.0597123,15.445766879672554,0.061844168632156284,13.42804193273421,0.00435212592226317,17.67439372219508,1.69,bA050183,bA,G,g
240518694216,2458668.8918647,9.902961846101636,0.0682081055465512,13.910652857748138,0.007486572836638785,17.56805064309389,1.51,bE092265,bE,G,g
240518694216,2458669.9372834,10.162652309739842,0.09206859775730525,13.882547953505364,0.009847287866354394,17.242361789647486,1.57,bq169581,bq,B,g
240518694216,2458673.6698175,9.910645930199799,0.08497285811386336,13.909810720483867,0.009319453338175663,17.32944004579646,1.48,bm148597,bm,G,g
240518694216,2458675.0190379,10.621304081087125,0.06436283309269172,13.834621015811685,0.006586724252842199,17.631052730401006,1.71,bA052365,bA,G,g
240518694216,2458678.8576981,14.699025245885121,0.10784543664467566,13.481844282753526,0.007974903011582362,17.070636178549655,1.47,bE095858,bE,G,g
240518694216,2458680.8839683,15.071866487886734,0.12663190344303585,13.454648026466566,0.009132470316020361,16.896282774099973,1.43,bi236995,bi,G,g
240518694216,2458682.6591083,13.529532112134943,0.10359817235621328,13.571858677837605,0.008323030548990015,17.114260376939725,1.62,bm151756,bm,G,g
240518694216,2458683.8849585,13.635541819322675,0.11009381834947313,13.563384623121504,0.008776123123215006,17.048233275231738,1.40,bi238312,bi,G,g
240518694216,2458684.8921263,12.927796929788856,0.1310801892036156,13.62125431834797,0.011021094104391704,16.858797962493107,1.42,bi238769,bi,G,g
240518694216,2458690.8269585,11.26256030381947,0.05291847302953416,13.770972798874716,0.005107193908690696,17.843622351282352,1.48,bE100040,bE,G,g
240518694216,2458690.9989828,14.553287274009925,0.05605339440942551,13.49266286686165,0.00418651823961097,17.781135818506037,1.73,bA056621,bA,G,g
240518694216,2458693.0711343,15.928651850365124,0.06591887781087279,13.394618072095735,0.004498243468144519,17.60511609790726,1.69,bA057445,bA,G,g
240518694216,2458694.8419428,13.248344928043092,0.07173068098082595,13.594661555565091,0.005885122400146809,17.513378226783146,1.44,bq175799,bq,G,g
240518694216,2458697.8366598,15.244645639678579,0.08764601506555185,13.442272288069049,0.006249237268722521,17.295810173584528,1.53,bq176451,bq,G,g
240518694216,2458698.8254085,15.19285330020531,0.07986351803709721,13.445967261330756,0.005713750410417008,17.39676951839524,1.39,bi243641,bi,G,g
240518694216,2458698.9482605,11.565638658504096,0.07254206524245249,13.742141573137364,0.006817614940592284,17.50116582243256,1.50,bq176885,bq,B,g
240518694216,2458699.8974114,14.023186301881188,0.08597257611969222,13.532948862795092,0.006663853014024161,17.316740760636883,1.45,bE103662,bE,G,g
240518694216,2458703.9792426,13.807371038570302,0.03393045478299891,13.549788133317676,0.0026711043694654132,18.326166409689893,1.77,bA059534,bA,G,g
240518694216,2458704.9892058,13.783850420447477,0.03483693609675347,13.551639243307726,0.0027471449364833015,18.29754073173874,1.75,bA059700,bA,G,g
240518694216,2458707.8183492,10.001356234581861,0.09809516054714781,13.899918380967925,0.010661071559384082,17.173521655671017,1.53,bE106691,bE,G,g
240518694216,2458712.8384988,10.47601987382468,0.1479817415819747,13.849574838171247,0.015354086862009512,16.727120275984532,1.42,bi249491,bi,G,g
240518694216,2458713.8190133,11.03333485197185,0.17276239839652044,13.793298625200334,0.017019805722186643,16.559017550024485,1.55,bi249873,bi,G,g
240518694216,2458714.0156838,15.284894350282391,0.09559049841725228,13.439409519247167,0.006797738557414809,17.20160379628629,1.64,bA063085,bA,G,g
240518694216,2458715.0175784,14.048445217599403,0.20731827698441488,13.530994966622686,0.016040632949304856,16.36104663450491,1.72,bA063222,bA,B,g
240518694216,2458715.7521192,15.77127867131798,0.13847667936362917,13.405398358302804,0.009543812704090444,16.799199009646152,1.46,bq180428,bq,G,g
240518694216,2458718.1045454,16.267346863927777,0.07491719943598756,13.37177380452425,0.0050058401777827435,17.466186776050638,2.13,bA064083,bA,G,g
240518694216,2458719.1116098,16.215392080629236,0.07275282015500115,13.375246986846538,0.004876795574795863,17.498016029530433,1.76,bA064438,bA,G,g
240518694216,2458720.1186253,15.278689502931668,0.062080256733624,13.439850359401163,0.004416513596595076,17.670256850732862,1.78,bA064836,bA,G,g
240518694216,2458720.6017769,11.398484646625766,0.06572065708989837,13.757947825816553,0.0062671047118524415,17.608385869045794,1.52,bm161069,bm,G,g
240518694216,2458721.8522238,15.719795174136577,0.0973189405065384,13.408948414862461,0.006729188001530973,17.18214718094188,1.46,bq182333,bq,G,g
240518694216,2458722.7590449,12.066861572729216,0.04145240390570733,13.696079795605412,0.0037339419612553363,18.108766308441698,1.40,bi253625,bi,G,g
240518694216,2458722.8541624,15.876000857473118,0.09755097157558597,13.398212838053096,0.00667886489223511,17.179561613486563,1.49,bq182712,bq,G,g
240518694216,2458724.9166144,14.701909183649807,0.04653957202027362,13.481631283016329,0.0034408110330760504,17.983084648492145,1.67,bA066497,bA,G,g
240518694216,2458725.8414966,14.421362577374344,0.08764743529429157,13.502549882579206,0.006606099173756715,17.295792580300137,1.56,bq183629,bq,B,g
240518694216,2458726.8787281,15.603921822770403,0.09584498730647327,13.416981207817631,0.006676483977044095,17.198717100933465,1.44,bq184023,bq,G,g
240518694216,2458729.8185901,10.133835165992117,0.08949723363847277,13.88563103252049,0.00959948530714283,17.273116582764526,1.45,bq185139,bq,G,g
240518694216,2458730.9047207,14.182386339406621,0.07043049966182253,13.520692342971241,0.005397885031805347,17.533238687791947,1.42,bq185597,bq,G,g
240518694216,2458732.9401831,14.51621940583802,0.0474396530277597,13.495431812944151,0.003552222435190456,17.9622868515656,1.68,bA068608,bA,G,g
240518694216,2458733.953704,14.758145538981605,0.051684002947352196,13.477486150107008,0.0038065937163190167,17.869250255001003,1.77,bA069018,bA,B,g
240518694216,2458734.9639634,14.285212571974988,0.05034807681086851,13.51284885400145,0.003830966474657793,17.89768339623295,2.15,bA069222,bA,G,g
240518694216,2458738.7303798,15.076739957376265,0.13294786803369493,13.454297011747315,0.009584867326695347,16.843437168116125,1.40,bi258867,bi,G,g
240518694216,2458739.7463917,16.07057784114323,0.4433705654526696,13.384986890437938,0.029988002449553616,15.535723467111042,1.93,bE117854,bE,B,g
240518694216,2458740.0370732,14.616236197481232,0.09808837982071628,13.487976740848726,0.007294477368347781,17.1735967086563,2.13,bA070845,bA,B,g
240518694216,2458750.5187874,13.581970358864853,0.06208207679012232,13.567658676450973,0.004968389450657939,17.670225019803482,1.48,bm168749,bm,G,g
240518694216,2458751.0451598,11.111310077478148,0.0550641472979689,13.785652453805676,0.0053866136038132825,17.80046831570265,1.68,bA073661,bA,G,g
240518694216,2458752.040658,11.964225327273706,0.044007097849897085,13.705354163066142,0.003998069302633037,18.043833789065385,1.73,bA074067,bA,G,g
240518694216,2458752.5311098,12.426496984357549,0.03007406205302992,13.664193825371495,0.0026306044193208492,18.45716038272133,1.53,bm169219,bm,G,g
240518694216,2458753.0360808,12.725037783800294,0.0319217316990254,13.638417920934776,0.002726713668358168,18.392424503826636,1.67,bA074472,bA,G,g
240518694216,2458753.5280203,11.239706396673673,0.06547578253171497,13.773178205402893,0.006331956220838898,17.612438867480037,1.47,bm169612,bm,G,g
240518694216,2458754.0314931,13.544728264899456,0.03160618455283857,13.570639880741597,0.0025363778257572493,18.403210432240343,1.70,bA074811,bA,G,g
240518694216,2458754.8758264,10.991157022664435,0.05864687502281623,13.797457091380565,0.005799808259878413,17.73202842182671,1.70,bA074992,bA,G,g
240518694216,2458755.8270934,14.414937204175178,0.07836761221549038,13.503033735256542,0.005909299914680033,17.417299075338843,1.45,bq188715,bq,B,g
240518694216,2458757.7634298,12.810576997897192,0.038916209018915564,13.631143894454585,0.003301976733867402,18.177314293137073,1.47,bq189224,bq,B,g
240518694216,2458758.7013653,15.398044709178933,0.08342669915511342,13.431401681542868,0.005889136994112177,17.34937795966467,1.45,bE125016,bE,G,g
240518694216,2458760.4291724,14.384626079491703,0.07454294782653591,13.50531917946994,0.005632745880355623,17.47162420373663,1.62,bm170949,bm,G,g
240518694216,2458761.4447502,14.565710057088127,0.07833705113700852,13.49173647052892,0.0058458508574902625,17.41772256330755,1.48,bm171348,bm,G,g
240518694216,2458761.7801578,14.856280167381124,0.058895254955401724,13.470290419887439,0.004309058576710163,17.72743984602357,1.72,bA076352,bA,G,g
240518694216,2458762.6911542,13.304576296013908,0.07596074984202002,13.590063001394633,0.006205837044334536,17.451167503446523,1.36,bi267673,bi,G,g
240518694216,2458763.9498087,10.132404314346292,0.06675228486680551,13.885784344380799,0.007160870127757395,17.59147527200374,1.69,bA077171,bA,G,g
240518694216,2458764.7564239,14.408503487764497,0.106223240883241,13.503518432349363,0.008013326612049093,17.087091742293126,1.39,bi268477,bi,G,g
240518694216,2458765.4356278,14.865773397314927,0.11249564873054872,13.469596851136053,0.008225463673287945,17.02480130018725,1.57,bm172671,bm,G,g
240518694216,2458765.7961997,15.601658754239574,0.08743477793983591,13.417138685768474,0.006091519088166945,17.29843008297067,1.70,bA077887,bA,B,g
240518694216,2458767.7249155,10.739782683658087,0.37378051282684105,13.822576888203692,0.03782973809463965,15.721098972583025,1.77,bi269598,bi,B,g
240518694216,2458768.6026151,12.119608366407357,0.16222129641773117,13.691344156670308,0.014548943396138688,16.62737094190879,1.63,bE128012,bE,B,g
240518694216,2458772.6846069,10.916291324493589,0.15445550123743268,13.804877829216917,0.015379436971585413,16.68063215852263,1.52,bi271327,bi,G,g
240518694216,2458773.3556743,11.494305910398207,0.12168482831173595,13.748858744031295,0.011507099146412535,16.939549527231748,1.52,bm175269,bm,G,g
240518694216,2458774.7244932,11.27728829171694,0.09922155640982722,13.769553915168242,0.009563426512380919,17.16112552347583,1.39,bi272100,bi,G,g
240518694216,2458774.9930652,14.074630748192336,0.06680546207484897,13.528973097687995,0.005159256678856703,17.590610680852517,1.77,bA080586,bA,G,g
240518694216,2458775.9966409,15.038619319059022,0.08874318718510017,13.457045707447437,0.0064141517265826125,17.282303055898627,1.71,bA080982,bA,B,g
240518694216,2458777.9955343,15.953358519685176,0.07308600491376052,13.392935309281333,0.004979597843980367,17.493055054499692,2.04,bA081445,bA,G,g
240518694216,2458778.7997868,10.954452218015165,0.060316680033517193,13.80108895887801,0.005984928084698241,17.701547039019488,1.68,bA081676,bA,G,g
240518694216,2458778.8265952,10.5500019665562,0.08374534325668331,13.841934270813017,0.008628201900501429,17.34523894393576,1.46,bq195251,bq,G,g
240518694216,2458779.4514224,11.184405348544942,0.06391179178530774,13.778533375990703,0.006211267987181042,17.638688128219997,1.69,bm176540,bm,G,g
240518694216,2458779.9789599,14.9240262478663,0.051882995557587755,13.465350611802915,0.003778776548101094,17.865078004179743,1.78,bA082164,bA,G,g
240518694216,2458780.8327563,10.758519629951577,0.07793408504312913,13.820684330753183,0.00787384927639738,17.423322008705384,1.46,bq196116,bq,G,g
240518694216,2458781.6347365,13.151116402288546,0.04947974627566724,13.602659067827389,0.004089564053966916,17.91657195151917,1.45,bi274159,bi,G,g
240518694216,2458781.8688853,10.346246107780555,0.06313017263925409,13.86310861021483,0.006632333326881835,17.652048169005596,1.75,bA082908,bA,G,g
240518694216,2458784.7469314,15.399863085970116,0.09114037489306787,13.431273472994969,0.006432889976406486,17.253363584794293,1.45,bq197399,bq,G,g
240518694216,2458785.6575893,10.759462525188638,0.06315294051153236,13.820589179127028,0.006379919107976998,17.65165666925731,1.39,bi275631,bi,G,g
240518694216,2458786.6019473,9.82651574944299,0.11350300020768006,13.91906673589865,0.01255509373398084,17.01512225813873,1.46,bi275948,bi,B,g
240518694216,2458786.8059711,15.066263635583347,0.08425012278733289,13.455051715722725,0.006078230318811774,17.33871425521513,1.55,bq198301,bq,G,g
240518694216,2458788.8013482,15.52581780868241,0.09112462898042313,13.422429408462824,0.006379600159029251,17.253551178760382,1.51,bq198901,bq,G,g
240518694216,2458791.7690633,12.951859294773524,0.0367446711796479,13.61923532797672,0.0030837163274306974,18.239654698135016,1.64,bA085148,bA,G,g
240518694216,2458794.5762623,15.13930848697873,0.11605683362760823,13.449800526041187,0.008332529343227407,16.990963817549694,1.42,bi278253,bi,G,g
240518694216,2458796.6029592,13.893554887074346,0.144849521066235,13.54303216950915,0.011332242386735041,16.750347952489783,1.44,bi278976,bi,B,g
240518694216,2458800.9089886,14.07678073742959,0.09740001781663946,13.528807257253284,0.007520866209260531,17.181243020640217,2.06,bA088489,bA,G,g
240518694216,2458801.6562287,14.486224022121082,0.22098676258944996,13.497677629629889,0.016581477854257898,16.291724962371234,1.56,bi280753,bi,G,g
240518694216,2458802.3982222,13.274065298259785,0.10508591723102138,13.592555748011417,0.00860503700340933,17.09877931325198,1.56,bm180902,bm,G,g
240518694216,2458802.6697289,14.837511944102966,0.12808746343024044,13.471662918364505,0.009383345688483582,16.88387404839006,1.50,bE138380,bE,G,g
240518694216,2458803.319824,14.757088603111754,0.080671446795012,13.477563910190833,0.005941982024386542,17.38584099686909,1.52,bm181090,bm,G,g
240518694216,2458804.9224586,10.842236754151171,0.07363428965184748,13.812268406218799,0.007381988899113449,17.484940357572828,2.02,bA089890,bA,G,g
240518694216,2458806.5170981,10.814160650919298,0.07807160503445605,13.815083579793184,0.007847159201174772,17.4214078417021,1.43,bi282348,bi,G,g
240518694216,2458807.6574536,11.79005304592162,0.05711282650925887,13.7212762245786,0.005265384219002191,17.76080647670184,1.47,bi282799,bi,G,g
240518694216,2458808.6504282,10.30644625354682,0.07736667186058799,13.867293265215004,0.008159379719772712,17.43125582421191,1.45,bi283133,bi,G,g
240518694216,2458808.8245089,13.698907318486771,0.02999313152116779,13.558350803748336,0.002379841629435453,18.460086081641304,1.78,bA090684,bA,G,g
240518694216,2458810.6439067,9.70353517167246,0.08309061590560454,13.9327406613985,0.009307524036969252,17.353760666017475,1.36,bi283687,bi,G,g
240518694216,2458811.2786647,10.472709034534697,0.07879455132307345,13.849918028264632,0.00817804172308207,17.411400144245498,1.72,bm182972,bm,G,g
240518694216,2458811.5560422,12.008581974469571,0.02514063011043668,13.701336304653859,0.002275603557294895,18.651700215452355,1.51,bE141121,bE,G,g
240518694216,2458811.8084836,15.71572754597723,0.06032461197521234,13.40922939451876,0.004172268208138004,17.701404268726805,2.11,bA091156,bA,G,g
240518694216,2458812.8747106,14.680223194273573,0.048326494388288344,13.48323397595735,0.0035782016085852027,17.94217738021824,1.71,bA091593,bA,G,g
240518694216,2458813.7070572,10.50612246908841,0.10357415741440838,13.846459474694532,0.010715714214874827,17.114512089047405,1.59,bq207453,bq,B,g
240518694216,2458814.6362667,10.659199140966141,0.06037019503417203,13.830754182254918,0.006156163924066515,17.700584164183528,1.47,bE142109,bE,G,g
240518694216,2458814.6910323,10.33991176671676,0.09908010057929983,13.863773540230632,0.01041553969985526,17.162674514492448,1.57,bq207800,bq,B,g
240518694216,2458815.5306677,15.185399458659585,0.08358808595924908,13.446500070499036,0.005983156084925061,17.34727965979693,1.43,bi285270,bi,G,g
240518694216,2458816.5349549,14.75401836581857,0.07763977707450768,13.477789822949847,0.00571986966161176,17.42742991209889,1.46,bi285614,bi,G,g
240518694216,2458817.6301306,12.7402715614294,0.05480448567776542,13.637118909353497,0.004675731819434027,17.80560034546055,1.38,bi286031,bi,G,g
240518694216,2458817.8885607,15.756779938007647,0.06339760090310723,13.40639694822443,0.004373383142708301,17.647458552473495,2.04,bA093497,bA,G,g
240518694216,2458819.3394805,12.165591889670637,0.04245533386759548,13.687232513762787,0.003793247582896227,18.082809960166387,1.46,bm185043,bm,G,g
240518694216,2458820.7184529,11.33570838307132,0.06971541792137718,13.763943959946772,0.006684860408774792,17.54431852352486,1.50,bq209338,bq,G,g
240518694216,2458820.7893451,10.38146851227062,0.06688783806836597,13.859418644650962,0.0070032646852906085,17.58927271388204,2.27,bA093860,bA,G,g
240518694216,2458821.6639944,14.461145873129226,0.0808289952115847,13.499558854847882,0.006075424745842879,17.38372266119134,1.44,bq209751,bq,G,g
240518694216,2458823.3754675,13.007729981267586,0.15925360357915103,13.614561839492163,0.013307605805939999,16.647417440684567,1.51,bm186124,bm,G,g
240518694216,2458823.778263,10.938452527885092,0.1480363150287995,13.802675906442383,0.014710402377720352,16.72671994656959,1.49,bq210556,bq,B,g
240518694216,2458824.770835,11.98942355232942,0.10689498056121848,13.703069865131578,0.009691057768963333,17.08024732984552,1.48,bq211007,bq,G,g
240518694216,2458826.6038887,12.535615394154075,0.16901077029105854,13.654701474646956,0.014654833706663593,16.582854658651566,1.46,bi288495,bi,B,g
240518694216,2458827.5269183,9.712047861258473,0.19324711860338226,13.931788587401034,0.021627901640717765,16.437358043633555,1.58,bi288761,bi,B,g
240518694216,2458827.7723331,13.530695138865394,0.07488654597613811,13.5717653497057,0.006015834271919466,17.466631111691683,1.72,bA096152,bA,G,g
240518694216,2458828.5980709,10.617100729652371,0.12973737849810466,13.835050777927464,0.013282240911400883,16.869977815858658,1.48,bi289145,bi,B,g
240518694216,2458828.8263215,11.89719174256797,0.09210033387604274,13.71145446977483,0.00841451165342888,17.241987600003803,2.02,bA096640,bA,B,g
240518694216,2458830.8530713,11.836672985440762,0.09600143991383887,13.716991498728364,0.008815770389115702,17.196946243896782,2.02,bA097505,bA,G,g
240518694216,2458833.3292761,10.307006601412867,0.077506352345801,13.867234236776646,0.00817366655678003,17.429297365638615,1.50,bm188090,bm,G,g
240518694216,2458833.5336573,12.54303538148705,0.0688359217391253,13.654059003949994,0.005965195169161365,17.55810278104902,1.42,bi290725,bi,G,g
240518694216,2458833.7848126,15.939711525469772,0.06244366281804439,13.393864478946664,0.00425814146215248,17.663919686524487,1.75,bA098052,bA,G,g
240518694216,2458834.7395968,13.685817515074987,0.07332210525658965,13.559388760101456,0.005823396403503515,17.489553296132932,1.70,bq214408,bq,G,g
240518694216,2458835.5419064,13.439606438666251,0.06775229355608711,13.579099244389894,0.005479609665629567,17.575330607524684,1.35,bi291383,bi,G,g
240518694216,2458836.5497833,14.067136243318535,0.07855292884524606,13.529551387990308,0.00606972285141581,17.41473465558287,1.42,bi291714,bi,G,g
240518694216,2458836.8283163,15.498010016671383,0.05916500402332699,13.42437577915675,0.004149551259335773,17.72247836548075,1.74,bA098580,bA,G,g
240518694216,2458837.551194,14.831928460923734,0.10815602335132013,13.472071567117238,0.007926204286705775,17.06751383424209,2.07,bE148819,bE,B,g
240518694216,2458838.7360297,10.418267677264366,0.08482821176795817,13.855576843287556,0.008850279227310208,17.33128983169866,1.52,bq215937,bq,G,g
240518694216,2458839.7097286,10.644226668807235,0.07939590963380297,13.832280336585159,0.00810767230547368,17.403145289544057,1.46,bq216375,bq,G,g
240518694216,2458840.5439236,15.074822526757433,0.08672771382723228,13.454435102358497,0.006253423812632588,17.307245865473988,1.57,bi292701,bi,G,g
240518694216,2458841.5403544,14.304507588843185,0.0820967687416479,13.511383341121432,0.006238286613028384,17.36682545144773,1.38,bi292985,bi,G,g
240518694216,2458842.5374777,13.767391347195394,0.0749939861117735,13.552936478038786,0.005920889458264128,17.46507451640263,1.51,bE149908,bE,G,g
240518694216,2458844.533989,11.976368366679456,0.09023126354520791,13.704252758579871,0.008189248808352975,17.264248013909402,1.40,bi293813,bi,G,g
240518694216,2458845.8085017,10.573035201604373,0.06277304040396396,13.839566426935521,0.006453356520191002,17.658207701051413,1.76,bA100541,bA,G,g
240518694216,2458847.8054317,11.204079789225997,0.05587504439964455,13.77662513986637,0.00542068113180161,17.784595908339945,1.72,bA101195,bA,G,g
240518694216,2458849.712178,15.549182337423874,0.0650339173187777,13.420796731428377,0.0045461580570544825,17.61979082511958,2.49,bA101954,bA,G,g
240518694216,2458853.6856838,13.524997806296483,0.06491740242346127,13.572222613938008,0.005217183392495261,17.621737776861025,1.52,bq221445,bq,G,g
240518694216,2458854.6939483,13.006520740716056,0.07273490227948418,13.614662777724984,0.006078464638375777,17.498283462217316,1.61,bq221906,bq,G,g
240518694216,2458855.6897491,12.033602463164627,0.08691015919641105,13.699076471707766,0.00785031453657326,17.30496424785041,1.54,bq222359,bq,G,g
240518694216,2458856.6847538,10.460699247947389,0.1319055606014219,13.851163832231567,0.013706120972506206,16.851982851393352,1.59,bq222810,bq,B,g
240518694216,2458861.6677095,11.100564589884382,0.09652778268457256,13.786702951884134,0.009451906888918562,17.191009785853865,1.52,bq224656,bq,G,g
240518694216,2458862.6711264,11.347836318284251,0.09075769295764421,13.762782965068968,0.008693257771030695,17.25793199225577,1.46,bq225114,bq,G,g
240518694216,2458866.6451208,15.163990421630947,0.08647407990969228,13.448031868703767,0.006198471675710895,17.310425736974505,1.54,bq226184,bq,G,g
240518694216,2458867.635328,15.691156057976011,0.09525509778816925,13.410928267919077,0.006598503602105178,17.20542004343318,1.47,bq226633,bq,G,g
240518694216,2458868.6358171,14.775382193072872,0.08049701189418314,13.476218813425088,0.005921792811553513,17.38819121306765,1.50,bq227089,bq,G,g
240518694216,2458869.6451645,15.599313513931497,0.09677777638194383,13.417301905830609,0.006743452851551361,17.188201513181,1.50,bq227205,bq,B,g
240518694216,2458871.6299503,14.56857340786464,0.0789055287659873,13.491523055730596,0.00588711582749512,17.409872025204525,1.59,bq227439,bq,G,g
240518694216,2458872.5936197,11.056928662857747,0.07256675466344015,13.790979353235953,0.007133708613661562,17.50079635903927,1.50,bq227814,bq,G,g
240518694216,2458873.5902972,10.686439039243407,0.07914262069304102,13.827983090608134,0.008049883351593767,17.406614543442974,1.50,bq228262,bq,G,g
240518694216,2458874.5871939,10.191672384460018,0.08874885504971869,13.87945198568415,0.009465193066867161,17.282233714132712,1.53,bq228537,bq,G,g
240518694216,2458877.5924333,10.73140751844226,0.07887229391420257,13.823423904179169,0.007988770728092938,17.410329431470668,1.45,bq229267,bq,G,g
240518694216,2458995.11065,15.527418162004754,0.07172684594858225,13.422317499897439,0.005021051289670647,17.513436276485294,2.01,bA132638,bA,G,g
240518694216,2458999.1003771,11.437472190667416,0.05613244821192863,13.754240494476706,0.005334529312772865,17.77960565056857,1.68,bA133745,bA,G,g
240518694216,2459001.0931925,10.26392767984178,0.06577781292590976,13.871781663990806,0.0069659125605468246,17.607442038073902,2.02,bA134437,bA,G,g
240518694216,2459004.0861559,10.587814420196056,0.06653883344895643,13.838049820976979,0.0068309488715913615,17.594952654943437,1.70,bA135052,bA,B,g
240518694216,2459005.9414285,15.377286679648822,0.1731063758977564,13.432866344739075,0.012236170668893898,16.556857950907112,1.59,bq254113,bq,G,g
240518694216,2459008.9276607,12.257788105289363,0.0981915037344014,13.679035348199125,0.008707108855750633,17.17245583395291,1.57,bq254781,bq,B,g
240518694216,2459010.9247047,10.858574990271292,0.08866215515361872,13.810633534856557,0.008875189227133085,17.283294902201373,1.45,bq255326,bq,G,g
240518694216,2459012.9383637,10.291686063665876,0.09833829020457907,13.868849297095858,0.010385999457553282,17.170833978950863,1.75,bq255708,bq,B,g
240518694216,2459015.1067391,15.73319522672144,0.0769387908845243,13.408023293089819,0.00531545686184712,17.437277219041356,1.77,bA138822,bA,G,g
240518694216,2459018.0898669,14.051108557231146,0.0411974445878092,13.530789149527111,0.0031869251377081224,18.11546491576665,2.11,bA139816,bA,G,g
240518694216,2459023.0565495,10.466210421990443,0.06718098491281012,13.850591967448667,0.006977005691994271,17.5845246950291,1.77,bA141286,bA,B,g
240518694216,2459028.0414587,12.740910868581915,0.05059177129724187,13.637064428449913,0.00431610081297054,17.892440898928314,1.98,bA142488,bA,G,g
240518694216,2459029.0349649,14.144908574166031,0.04301150991812945,13.523565260449676,0.003305192180651088,18.06867888964184,1.71,bA142763,bA,G,g
240518694216,2459031.0409287,14.684734618984429,0.04908528855471499,13.482900366271052,0.00363326787308904,17.925262240445203,1.69,bA143371,bA,G,g
240518694216,2459033.654488,14.130829410824633,0.09164186702164878,13.524646488366264,0.007049177520126775,17.247405790197345,1.49,bm226779,bm,B,g
240518694216,2459038.0096118,12.31070379362629,0.0674321120005465,13.674358417461834,0.0059538248293802215,17.580473706028613,1.67,bA145521,bA,G,g
240518694216,2459041.0037425,10.46907298781511,0.08407507046297534,13.850295053257167,0.008729134495649377,17.340972511524015,1.73,bA146535,bA,G,g
240518694216,2459043.0907524,12.880438277448054,0.050663469213406295,13.625239020188806,0.004275397085816571,17.89090329878035,1.67,bA147280,bA,G,g
240518694216,2459047.6158256,14.484951379866033,0.07718589439421128,13.497773017804773,0.005792060262947992,17.43379575912879,1.67,bm229424,bm,G,g
240518694216,2459050.5978683,15.18244221788462,0.08800551323773778,13.446711529938263,0.006300578338449067,17.29136591135864,1.69,bm230600,bm,G,g
240518694216,2459053.9629509,15.222962528953914,0.057782979801452555,13.443817676350914,0.004125845190858871,17.748140776067398,1.69,bA150370,bA,G,g
240518694216,2459056.0488883,15.440159710900607,0.057213556449012215,13.428436151518024,0.0040277205338905345,17.758893249536534,1.83,bA150989,bA,G,g
240518694216,2459059.589378,10.439034565899561,0.07464839000437376,13.853414783205258,0.007772706742214733,17.470089497892268,1.65,bm233872,bm,G,g
240518694216,2459060.9375284,10.445340167582847,0.09213845812328174,13.852759152348625,0.009588055185690007,17.241538260582413,1.72,bA151971,bA,G,g
240518694216,2459062.5682274,11.265665211509814,0.11254915174176873,13.770673520024646,0.010859193150612645,17.024285046025255,1.54,bm235109,bm,G,g
240518694216,2459065.8215421,15.378682844907464,0.17138701554621055,13.432767770888624,0.012113536391125194,16.56769582083242,1.48,bq267292,bq,B,g
240518694216,2459069.9319421,15.133259624890517,0.09303068027060571,13.45023441514038,0.006681991001835752,17.231075119764263,2.01,bA154532,bA,G,g
240518694216,2459071.9215515,15.379927865705188,0.06931907911385317,13.432679875881323,0.004899036314192667,17.55050864996806,1.72,bA155179,bA,B,g
240518694216,2459073.9693466,15.53531905339262,0.0637288130937632,13.42176517999368,0.004458900958318758,17.641801036160032,1.69,bA155928,bA,G,g
240518694216,2459075.9124661,13.552430323303987,0.034385157701173515,13.570022664448684,0.0027578205917835135,18.311713060207136,1.68,bA156622,bA,G,g
240518694216,2459078.8712892,10.541710053347085,0.08781589766014945,13.84278795503108,0.009054703856493247,17.293707748753036,1.47,bq270828,bq,G,g
240518694216,2459079.9249278,10.717918299066948,0.05860938322969238,13.824789516870691,0.005943864242944274,17.7327227335704,1.72,bA157760,bA,G,g
240518694216,2459082.8792552,11.06606476050583,0.05507213264059557,13.790082603654124,0.005409421961221339,17.80031087483726,1.74,bA158556,bA,G,g
240518694216,2459084.8875622,11.740508337093658,0.047624309679052686,13.725848369097092,0.004409140772501234,17.9580688775152,1.68,bA159277,bA,G,g
240518694216,2459085.8872005,12.254749141337232,0.051729526870665815,13.67930455845439,0.00458824133811802,17.86829434574998,1.45,bq273044,bq,G,g
240518694216,2459086.9299097,11.419021689214155,0.06353060194824317,13.755993377651198,0.006047365877488574,17.64518318577671,1.51,bq273449,bq,G,g
240518694216,2459089.8623855,15.746296970303574,0.09464564461927093,13.407119527674231,0.006533326588920368,17.212389027693128,1.75,bA161048,bA,G,g
240518694216,2459090.9312081,14.091836113423055,0.06558436731089667,13.527646662934051,0.005058769857876053,17.61063977823498,1.45,bq274915,bq,G,g
240518694216,2459092.782166,11.003892726270934,0.12734122540593698,13.79619975246096,0.0125786736461709,16.89021804952156,1.65,bq275327,bq,B,g
240518694216,2459094.8479089,13.436856535765568,0.21947215691052852,13.579321421627435,0.017753906329138383,16.299192031968467,1.62,bq275689,bq,B,g
240518694216,2459096.86502,12.241586591296251,0.08403479122170002,13.680471349982543,0.0074616279262654725,17.34149279785286,1.99,bA163741,bA,G,g
240518694216,2459101.0041458,15.558047878468429,0.06943406611633192,13.4201778631408,0.0048509820502906555,17.548709114829006,2.26,bA165266,bA,G,g
240518694216,2459104.048442,16.148121783749534,0.0683220639264754,13.37976058214527,0.004598870008417573,17.566238167973847,1.70,bA166411,bA,G,g
240518694216,2459106.9640952,10.53485433104242,0.06151021587917407,13.843494285156115,0.006346450382938936,17.680272483324796,1.71,bA167491,bA,G,g
240518694216,2459109.9691095,10.668157625287861,0.05930857545251065,13.82984206253502,0.006042828119670218,17.71984687961478,1.73,bA168415,bA,G,g
240518694216,2459114.0206956,10.403251012930035,0.06317248079313242,13.857142928760178,0.006600411727756226,17.651320781339667,1.75,bA169909,bA,B,g
240518694216,2459116.4297096,10.161492593518478,0.09341833902301794,13.882671859912856,0.009992791109829174,17.22656025826826,1.52,bm246213,bm,B,g
240518694216,2459120.0635132,11.731615246837077,0.04771030204854729,13.72667109401938,0.00442045045585635,17.956110196349513,1.75,bA171783,bA,G,g
240518694216,2459127.9356677,10.398932260918917,0.1318804414363414,13.85759374927488,0.01378490621078433,16.85218963103164,2.19,bA173908,bA,B,g
240518694216,2459129.8433029,13.072110035956703,0.031795407419147874,13.609201384966276,0.0026438138418765364,18.396729625676198,2.02,bA174489,bA,G,g
240518694216,2459130.8253149,14.279422773911406,0.08771371485280481,13.513288992192319,0.006676810114440424,17.29497184982843,1.44,bq280124,bq,G,g
240518694216,2459131.743737,14.938517432406803,0.08933171275832287,13.464296876722015,0.006499954779323882,17.27512645943341,1.45,bq280427,bq,G,g
240518694216,2459133.8372248,16.10192358886763,0.06640971674127405,13.382871218828598,0.004482972131893747,17.597061541848085,1.73,bA176011,bA,G,g
240518694216,2459135.9306806,13.494414607365137,0.028531979163245957,13.57468049866248,0.002298211647705602,18.51431086597771,2.09,bA176495,bA,G,g
240518694216,2459136.7701581,11.695543210181967,0.05981160729901036,13.730014627738914,0.005558751351776466,17.71067692836327,1.44,bq282184,bq,G,g
240518694216,2459138.8797248,16.138908883025362,0.06576973464431739,13.380380198129272,0.004429595738029328,17.607575387314842,1.68,bA177575,bA,G,g
240518694216,2459140.8634265,15.19654068279103,0.08556085104620646,13.44570377961763,0.00611987471303526,17.321952872171686,1.47,bq283660,bq,B,g
240518694216,2459142.8899762,13.861580551580381,0.06358505549067651,13.545533739649432,0.0049860252583429614,17.644252974860052,1.51,bq284223,bq,B,g
240518694216,2459143.6255645,15.069441317432343,0.07966672510350847,13.454822743196694,0.005746348825598777,17.399448199465496,1.38,bi319822,bi,G,g
240518694216,2459144.7085022,13.913741296740644,0.06658755913047919,13.541455812029161,0.00520189215250963,17.59415787281394,1.46,bq284929,bq,B,g
240518694216,2459145.6656273,15.155527997431987,0.08957133847983255,13.448637944330986,0.006424068533808535,17.272217951442975,1.40,bi320489,bi,G,g
240518694216,2459150.3298668,14.309531867515654,0.1424051592827984,13.511002056869563,0.010817140493821823,16.768826301682708,1.56,bm253748,bm,B,g
240518694216,2459151.6361274,10.318068984854193,0.14239238595086187,13.866069554367153,0.015000319612368999,16.768923693455775,1.51,bE177347,bE,G,g
240518694216,2459156.9396931,11.561409232448078,0.08706152545663488,13.742538687465764,0.008185169384200466,17.303074930393937,1.69,bA182663,bA,B,g
240518694216,2459157.935768,12.199884485951141,0.07327921588263174,13.68417632579034,0.006528858671020964,17.490188577548842,2.05,bA183081,bA,G,g
240518694216,2459158.9356746,12.698101616097569,0.05053140119585797,13.640718626837039,0.004325484056043821,17.89373725882147,1.63,bA183462,bA,G,g
240518694216,2459162.9402314,15.406107760293978,0.06736695583208314,13.430833294100621,0.004752981942662814,17.581523304037127,2.49,bA184151,bA,G,g
240518694216,2459163.8458576,14.131780616611143,0.03801504259753891,13.524573405338192,0.0029239555578024984,18.20275190776907,1.74,bA184389,bA,G,g
240518694216,2459166.5905828,14.317282940134369,0.07319533849699884,13.510414103202342,0.005556930799851151,17.491432052563084,1.40,bi325554,bi,G,g
240518694216,2459166.7721017,10.884106570250198,0.0764113568759566,13.808083658622401,0.0076309269993988975,17.444745832083864,1.47,bq291462,bq,B,g
240518694216,2459167.7619368,11.479860770599617,0.06157807684999466,13.750224070012138,0.0058304445990906405,17.67907530821185,1.48,bq291873,bq,B,g
240518694216,2459168.7811283,11.840382486918225,0.05750370549220981,13.716651292566045,0.005278885861836043,17.7534010335021,1.53,bq292305,bq,B,g
240518694216,2459170.6735543,15.237730923014832,0.09023463389672506,13.442764871601096,0.00643672763985141,17.264207459846645,1.39,bi326826,bi,G,g
240518694216,2459171.8122502,11.719449402582354,0.05853844407105843,13.727797601404117,0.0054293287482838435,17.734037674257788,1.48,bq293619,bq,B,g
240518694216,2459173.5942992,10.057005188565226,0.07786618277091054,13.893893936813077,0.008415741425887344,17.424268399376405,1.47,bi327752,bi,G,g
240518694216,2459174.8178142,13.936815204208528,0.06814221399648276,13.539656768447813,0.005314530100596731,17.56910001132868,1.48,bq294921,bq,B,g
240518694216,2459178.6508653,10.453902960542115,0.08977381911877877,13.85186946129207,0.009334335562602672,17.26976635858353,1.48,bq296027,bq,B,g
240518694216,2459181.7805598,13.921879176491306,0.06541790812626429,13.540820971434503,0.005107530454397679,17.613398980089062,2.01,bA188574,bA,G,g
240518694216,2459185.7814046,10.332281924494833,0.08216736550914866,13.864575002952668,0.008644010535809949,17.365892204863094,1.68,bA189706,bA,G,g
240518694216,2459188.8555038,11.402970670428067,0.06117183053468368,13.757520604092965,0.005831034917842092,17.686261919629708,2.15,bA191099,bA,G,g
240518694216,2459191.8618295,10.292612319527157,0.06434475718993583,13.868751584800261,0.006795160576934525,17.63135769551055,1.74,bA192358,bA,B,g
240518694216,2459194.6973959,15.330067578829638,0.06028243269691732,13.436205448934924,0.004274239694592193,17.70216368657884,2.32,bA193556,bA,G,g
240518694216,2459195.5813725,9.696871601892399,0.07946566611428559,13.933486509599735,0.008907586650978263,17.402191790991782,1.51,bi334764,bi,G,g
240518694216,2459196.5629489,10.144396228894422,0.06717262218078551,13.884500112454809,0.007197443604751696,17.584659856579847,1.70,bi335058,bi,G,g
240518694216,2459198.7390963,15.85779095657944,0.09756153506318901,13.399458900986346,0.006687258464825186,17.179444048896286,1.69,bq302999,bq,B,g
240518694216,2459201.5851536,10.833024574378557,0.05568021235633332,13.813191301454479,0.005586802608726482,17.788388404086067,1.54,bE189498,bE,G,g
240518694216,2459202.5805961,11.909726603651093,0.060207198202542535,13.710311142145503,0.005494887407560784,17.703519567983662,1.59,bi336917,bi,G,g
240518694216,2459206.7469607,9.935979084409372,0.08165600894015064,13.907038950712028,0.008932842018151397,17.372670238162577,1.68,bA196222,bA,G,g
240518694216,2459208.6509314,13.391378425483811,0.10607644039504657,13.583002415045337,0.008610053052555891,17.08859326720689,1.46,bq306911,bq,B,g
240518694216,2459212.7300556,11.245270031741061,0.07009649392494077,13.772640900846206,0.006775456792740549,17.53839987134476,1.69,bA198296,bA,G,g
240518694216,2459215.6883272,15.160952976291211,0.11383081295366097,13.448249370470748,0.008161040055221941,17.011991017709214,1.58,bq309275,bq,B,g
240518694216,2459217.7247355,15.11127134454499,0.052256165590019846,13.451813112213367,0.003758795583381293,17.857296763300234,2.00,bA199983,bA,G,g
240518694216,2459219.7750626,15.44185575493775,0.05631673703276541,13.428316893989651,0.003964150784225398,17.776046901367902,1.75,bA200891,bA,G,g
240518694216,2459220.6721324,12.669630433540094,0.032837172232784415,13.643155754966102,0.0028171759785042944,18.36172623427727,1.54,bq311285,bq,G,g
240518694216,2459221.675623,11.720923176261447,0.056281295379652554,13.72766107375826,0.005219326169523829,17.776730399762812,1.48,bq311708,bq,G,g
240518694216,2459226.7170219,10.596558090807942,0.0615482852117184,13.837153564051743,0.006313400015309737,17.67960071739905,2.18,bA203426,bA,G,g
240518694216,2459228.6170013,12.522092134564868,0.03113527187633092,13.655873385042272,0.0027026383817032045,18.419508955499314,1.70,bq313548,bq,G,g
240518694216,2459230.745254,10.556275078877837,0.06388151648401055,13.841288875573486,0.006577739822242519,17.63920256816663,2.02,bA205036,bA,G,g
240518694216,2459237.7290291,13.865934102260244,0.06038764777896565,13.545192792565626,0.004733813611239697,17.700270328219165,2.13,bA206687,bA,G,g
240518694216,2459240.6245103,12.757232227167606,0.08453743279633714,13.635674469010041,0.007202856565813527,17.33501797347244,1.50,bq317545,bq,B,g
240518694216,2459245.6058801,10.683334780264602,0.08098661913602924,13.828298527394164,0.00823983668527607,17.381607438178722,1.55,bq318824,bq,G,g
240518694216,2459248.6000866,12.14587065844511,0.051621446482219016,13.688993992275085,0.004619699113660624,17.870565187131177,1.45,bq319996,bq,B,g
240518694216,2459251.5901145,14.664791632432722,0.07892283412869215,13.484375880776955,0.005849772122270972,17.409633930370923,1.51,bq321167,bq,G,g
240518694216,2459254.5867899,15.785219773687777,0.09824869692583987,13.404439040171345,0.006765319926297353,17.17182361386602,1.47,bq322389,bq,B,g
240518694216,2459257.5756631,14.42016013859872,0.07523477678357553,13.502640413951376,0.005671014087256996,17.461594019472674,1.72,bq323441,bq,G,g
240518694216,2459354.1148687,12.629125969220397,0.09602475500434476,13.646632384429022,0.008264604688777037,17.19668259197143,2.02,bA234646,bA,G,g
240518694216,2459359.1015134,15.50308897389235,0.06422147044654143,13.42402002352446,0.0045027120888682425,17.633439998528388,1.73,bA236414,bA,G,g
240518694216,2459363.0953066,13.36578238092462,0.08926373414750041,13.585079657915355,0.0072592681237191765,17.27595298489934,1.78,bA237858,bA,G,g
240518694216,2459364.0917734,12.271893744825197,0.09413649764229617,13.677786656486203,0.008337937255129942,17.21824552068717,1.64,bA238217,bA,G,g
240518694216,2459368.1010682,10.332464111605468,0.08065025237477243,13.864555858546856,0.008484260564738073,17.3861262845848,1.68,bA239723,bA,G,g
240518694216,2459373.0946831,11.305875426048217,0.05691113527860877,13.766805132606137,0.005471485163204547,17.76464748864798,1.74,bA241154,bA,G,g
240518694216,2459374.9310431,12.777693389571368,0.0677637908242066,13.633934465541744,0.005764443716755081,17.575146378466705,1.39,bi395913,bi,G,g
240518694216,2459376.9131778,10.277970330249328,0.06243905529775053,13.870297223134777,0.006603301642871521,17.663999802519314,1.54,bE246829,bE,G,g
240518694216,2459383.0412113,12.749304189447955,0.033784409127210535,13.636349414264977,0.00288032847034255,18.330849792118762,1.72,bA244609,bA,G,g
240518694216,2459385.0453196,11.956295731585675,0.04213131325891771,13.706074001017981,0.0038301917871800136,18.091128120033073,1.71,bA245315,bA,G,g
240518694216,2459389.0428932,10.298054340270756,0.09729608157579851,13.868177674379238,0.01026957199040145,17.18240223595824,1.70,bA246684,bA,G,g
240518694216,2459393.9471361,14.79944274060821,0.1673953028189817,13.474452215422406,0.012294477521665872,16.593282443075925,1.56,bE252577,bE,G,g
240518694216,2459394.9110071,13.739881090494714,0.08793664834818453,13.555108186755325,0.006956633233752255,17.292215839618798,1.47,bE252967,bE,G,g
240518694216,2459396.9420625,14.118826977084543,0.13696369838247185,13.525569082075863,0.01054433101559833,16.811126924961606,2.09,bi404047,bi,B,g
240518694216,2459402.8786791,10.509678718602068,0.06022908854079846,13.846092022713758,0.0062291533681185975,17.703124884061012,1.43,bE256222,bE,G,g
240518694216,2459405.0194643,12.569076573275341,0.03608590964636082,13.651807192160891,0.003120660026560699,18.259296467992613,1.68,bA251833,bA,G,g
240518694216,2459405.6810462,11.338862974549949,0.07632919653651216,13.763641854637028,0.007317005078964962,17.44591388420546,2.30,bm314532,bm,G,g
240518694216,2459408.972855,10.652484290978622,0.06019145986588029,13.831438366214906,0.006141806743580487,17.703803419685805,1.64,bA253051,bA,G,g
240518694216,2459411.590786,13.648182327249142,0.06356608254615109,13.562378583182785,0.005062473985784815,17.644576992611732,2.37,bm315823,bm,G,g
240518694216,2459412.9589667,12.761759821449536,0.08673921057077759,13.635289205119168,0.007387833021425841,17.30710194834667,1.47,bq357290,bq,G,g
240518694216,2459415.9926637,12.282271463428666,0.04075910020984745,13.676868892401298,0.003607099055352169,18.127079141347835,2.04,bA255420,bA,G,g
240518694216,2459418.8339439,10.13098731093914,0.1091664233093045,13.88593619377821,0.01171249673196792,17.057417907777804,2.40,bE262559,bE,G,g
240518694216,2459420.8266827,9.882565817124519,0.12112622136414512,13.912891333801426,0.01332234347857683,16.944545188327446,1.72,bE263364,bE,G,g
240518694216,2459422.8184121,10.715724294315152,0.1122533536318976,13.825011794571775,0.01138649254740629,17.02714229979118,1.61,bE264174,bE,G,g
240518694216,2459423.8031816,12.507056332690633,0.12305455297909049,13.65717785742155,0.010694358874894517,16.92739639370973,1.66,bq359428,bq,B,g
240518694216,2459424.8159712,11.72829676399123,0.07103632171066025,13.726978256040532,0.006583512910487168,17.523939447918163,2.04,bE264989,bE,G,g
240518694216,2459426.9149908,10.439950574784753,0.06941216439764325,13.853319515738523,0.007226854594721352,17.54905164467711,1.75,bA258447,bA,G,g
240518694216,2459429.8042706,14.750919008706113,0.07616003710031391,13.478017926077001,0.005612033323023557,17.44832274409956,1.50,bE267018,bE,G,g
240518694216,2459430.7981503,14.685954819351924,0.07471323663339087,13.482810152813883,0.005529775953817542,17.469146734494615,1.48,bE267416,bE,G,g
240518694216,2459431.7958518,14.691346602090103,0.08120393066190387,13.482411610162956,0.006007968119903405,17.378697982198258,1.38,bi418632,bi,G,g
240518694216,2459432.7970827,14.711564516388608,0.08175166428285106,13.480918470595263,0.006040180468656664,17.37139910470155,1.47,bE268224,bE,G,g
240518694216,2459433.7935895,13.497238501770596,0.05680087294318024,13.574453316993152,0.004574274899118534,17.766753085919348,1.46,bE268623,bE,G,g
240518694216,2459436.7865047,10.603279735678596,0.06690721205706508,13.836465074498578,0.006858748642846736,17.588958277120913,1.49,bi420444,bi,G,g
240518694216,2459437.5441905,15.015877934859015,0.08566307250989207,13.458688799240054,0.006200905184550133,17.320656493080406,2.41,bm321764,bm,G,g
240518694216,2459438.943545,15.629798143291682,0.059995398961415015,13.415182199278512,0.004172311732857554,17.707345747245057,1.71,bA262923,bA,G,g
240518694216,2459440.7728121,9.872676871681461,0.0915684626117858,13.913978314828215,0.01008145398812741,17.248275804784416,1.39,bi422076,bi,B,g
240518694216,2459443.7713766,11.250370726142371,0.0575162213340701,13.772148538015962,0.0055569397139586885,17.753164745702772,1.50,bE271907,bE,G,g
240518694216,2459444.8005287,10.656093296575467,0.09812634158219631,13.831070586802031,0.010009209188459975,17.17317659278472,1.66,bi423175,bi,G,g
240518694216,2459446.9771199,13.993640451183113,0.07382982011338442,13.535238844596245,0.00573473391366756,17.48206108578287,2.02,bA265716,bA,G,g
240518694216,2459448.7491924,16.570067877914692,0.2945360197619255,13.351754903596078,0.019320853114549837,15.97979457732473,1.61,bq363184,bq,B,g
240518694216,2459454.8446919,15.318962364484578,0.057855723070573045,13.436992249288867,0.004105151120240925,17.74677479721442,1.72,bA267995,bA,G,g
240518694216,2459457.1262466,14.34091868788487,0.04955281927327649,13.508623188809954,0.0037558095999212712,17.914969690423472,1.75,bA268991,bA,G,g
240518694216,2459460.5100866,13.440400670917768,0.06244115306280267,13.579035083193272,0.0050497615516316395,17.66396332565086,1.62,bm325683,bm,G,g
240518694216,2459460.904682,15.437055125679159,0.09152052324320388,13.4286544847197,0.0064441584746754935,17.2488443754065,1.48,bq365753,bq,G,g
240518694216,2459461.8757842,14.18021535418427,0.07958212240158262,13.520858556020803,0.006100211089722064,17.400601818177115,1.56,bi428435,bi,G,g
240518694216,2459464.9103473,14.257058013231644,0.04010629360668874,13.51499083030848,0.003057699376555551,18.144609289356342,1.75,bA270848,bA,G,g
240518694216,2459466.0237702,14.979383771916101,0.051131109829707796,13.461330753419869,0.0037102523134068437,17.880927562850616,1.72,bA271325,bA,G,g
240518694216,2459466.9834169,15.69534760579304,0.05876310793509863,13.410638276061768,0.004069546276511955,17.72987871838417,1.67,bA271699,bA,G,g
240518694216,2459467.4829564,10.665525734824483,0.07978929993023154,13.830109952400012,0.008131572890118946,17.397778974946064,1.77,bm327235,bm,G,g
240518694216,2459470.8252261,11.690890485102795,0.08380423784687618,13.730446641632241,0.007791670189119762,17.34447565952706,1.69,bi431500,bi,G,g
240518694216,2459472.6798034,13.099307099943342,0.07741934236501652,13.606944812652317,0.006424115294829085,17.430516916681093,1.48,bE280521,bE,G,g
240518694216,2459475.6689428,10.037754018761275,0.10011997676741723,13.895974250214099,0.010841674492153399,17.15133876104398,1.46,bE281628,bE,G,g
240518694216,2459476.6720375,10.293472835040077,0.3015481430244199,13.8686608154441,0.03184248172909674,15.954248965519355,1.57,bE282005,bE,B,g
240518694216,2459481.7520341,10.339655453423223,0.14705158850073938,13.863800454587167,0.01545880168570401,16.7339663107833,1.47,bi435585,bi,G,g
240518694216,2459482.7913672,10.77753309054539,0.10167550223535783,13.818767209897665,0.010254373549803788,17.134599795644995,1.47,bE283995,bE,G,g
240518694216,2459485.855168,12.306482819733542,0.0412267827196054,13.67473074792279,0.0036413101130358077,18.114692000465972,1.71,bA277656,bA,G,g
240518694216,2459486.8489404,11.821103306253905,0.05978752454134488,13.718420590509586,0.005497493595582768,17.71111418107337,1.51,bq373237,bq,G,g
240518694216,2459487.8517452,10.443957754299978,0.10138957128703219,13.852902856187688,0.010552135343653624,17.137657394693854,1.51,bq373579,bq,G,g
240518694216,2459489.6228214,14.172401264207695,0.07426349888521021,13.5214570221676,0.0056956610905666855,17.475702094128536,1.50,bE286113,bE,G,g
240518694216,2459489.6526789,15.025343297632471,0.08385027120829992,13.45800461351306,0.00606585801961793,17.34387943233744,1.46,bi438211,bi,G,g
240518694216,2459492.715757,14.678980194508542,0.07855836685529928,13.483325911002748,0.005817129532097006,17.4146594955586,1.39,bi439367,bi,G,g
240518694216,2459493.7434864,14.725258606385932,0.08188997240505297,13.479908295664913,0.006044772587702347,17.369563799525153,1.41,bi439757,bi,G,g
240518694216,2459495.7725513,15.110152007908422,0.05821329233083873,13.45189353888937,0.004187602991538029,17.740085206225952,2.09,bA281305,bA,G,g
240518694216,2459496.743255,15.404065081788746,0.08571544503138259,13.430977260187564,0.006048336039606911,17.319992900638333,1.53,bE288109,bE,G,g
240518694216,2459497.6529025,9.97610763485882,0.07909221985416312,13.902662806748289,0.008617569831435,17.407306199176706,1.47,bi440776,bi,G,g
240518694216,2459497.7162002,13.214971491948003,0.05580446520075036,13.597400045819308,0.004590023325368413,17.78596823531413,1.53,bE288436,bE,G,g
240518694216,2459499.9195869,11.976129438817619,0.061606534104272824,13.704274419170932,0.005591424538994853,17.678573669710612,1.51,bq377225,bq,G,g
240518694216,2459502.5896956,12.852242863874269,0.08141085699226935,13.627618313151558,0.006885184390411045,17.375934795244593,1.48,bE290012,bE,G,g
240518694216,2459505.6157669,12.386689189650419,0.12494234968686996,13.667677521558055,0.010963938769612987,16.91086643868726,1.48,bi443552,bi,G,g
240518694216,2459506.7857664,10.268694927211754,0.16297509614610842,13.871277493309965,0.017251154590992877,16.62233749663835,1.52,bq379507,bq,G,g
240518694216,2459509.8294637,10.638050877580616,0.09447861475012731,13.83291046466251,0.009653473897549655,17.2143068189269,2.16,bA285296,bA,G,g
240518694216,2459511.551254,11.190057505763711,0.05614365049286041,13.777984826343017,0.005453565097947369,17.779388993200456,1.54,bE292964,bE,G,g
240518694216,2459511.6118206,14.01120353427833,0.11761197753565579,13.533877017499936,0.00912406316161631,16.97651173071518,1.36,bi445654,bi,G,g
240518694216,2459513.4621649,11.207296148340063,0.17070192293604336,13.776313501922196,0.0165557834782678,16.572044577902435,1.50,bm336988,bm,B,g
240518694216,2459514.9742463,14.525229148273354,0.05688172439568489,13.494758141047022,0.004256591112506277,17.765208727045657,1.71,bA287504,bA,G,g
240518694216,2459515.6910201,15.12220493037595,0.08437280908432923,13.451027824382482,0.006064563700459139,17.337134339879736,1.50,bi447065,bi,G,g
240518694216,2459516.8836602,10.618822576058026,0.08551403678251683,13.834874711084613,0.008753328282418853,17.322547090796064,1.48,bq383147,bq,G,g
240518694216,2459517.694904,13.917460040593832,0.07466642840823272,13.541165664664502,0.005831463577159551,17.46982716695353,1.40,bi447717,bi,G,g
240518694216,2459518.3067953,10.999338425338767,0.0708718765980939,13.79664921094694,0.0070035710783047786,17.52645578022956,2.02,bm337551,bm,G,g
240518694216,2459520.8794945,12.35608175330074,0.03686705959336433,13.67036368947409,0.0032431713922293904,18.236044359052876,1.66,bA289964,bA,G,g
240518694216,2459522.929576,11.427458453075628,0.05043759412845946,13.755191494793555,0.0047975209976812375,17.89575470503482,2.16,bA290860,bA,G,g
240518694216,2459524.2994374,10.63867426434151,0.07810441419903794,13.832846842693288,0.007979951287239955,17.42095166285296,1.59,bm338856,bm,G,g
240518694216,2459525.32716,10.467098123888118,0.07876651439452902,13.850499883573075,0.00817951408331591,17.411786543113436,1.56,bm339041,bm,G,g
240518694216,2459529.6398725,13.096968744439156,0.06815868948230325,13.60713864457349,0.005656693047957206,17.56883753278192,1.47,bE298434,bE,G,g
240518694216,2459531.812066,10.399853682061197,0.0835449895170516,13.85749754940077,0.008731831619018365,17.34783958928418,2.00,bA294462,bA,G,g
240518694216,2459532.8124935,10.16512833208186,0.10658776267459562,13.882283457625446,0.011397422638638398,17.083372245775113,1.52,bq389043,bq,G,g
240518694216,2459536.524594,10.056619068265027,0.1851828751541142,13.893935622466945,0.020015248911868497,16.483638554739667,1.42,bi453623,bi,G,g
240518694216,2459539.808726,12.822721925078048,0.06536913032508115,13.630115061749851,0.005541210590264722,17.61420884363236,1.76,bA296692,bA,G,g
240518694216,2459543.8953488,11.610321884208592,0.06179138030241733,13.73795497160122,0.00578489937460968,17.675320869844168,1.76,bA298467,bA,G,g
240518694216,2459544.6338451,9.720978363662216,0.07187969704517819,13.930790681016635,0.00803726770712152,17.511125016444886,1.45,bE303173,bE,G,g
240518694216,2459546.8189649,15.904621501542108,0.06275841910881913,13.39625727673533,0.004289047239367151,17.65846062361971,2.02,bA299515,bA,G,g
240518694216,2459551.5385876,14.85117668308858,0.07643015749171847,13.47066346008063,0.005593917567338172,17.44447872521317,1.33,bi458296,bi,G,g
240518694216,2459552.7738913,10.371241904810311,0.08467732170860692,13.860488711996107,0.008874594568263148,17.333222828696325,1.49,bq395664,bq,G,g
240518694216,2459554.593803,15.230379439071667,0.09376668656885234,13.443288814329136,0.006691908884844913,17.222519187378413,1.41,bi459246,bi,G,g
240518694216,2459555.6659181,13.274075943236456,0.04417526445063491,13.592554877318703,0.003617320859056429,18.039692716328645,1.52,bq396504,bq,G,g
240518694216,2459556.6065033,14.91520662683872,0.08824260003455141,13.465992436757395,0.006430743602987058,17.2884448715874,1.35,bi459850,bi,G,g
240518694216,2459558.7543935,12.910099293866518,0.03609854749015948,13.62274166599409,0.003039291234450846,18.25891629294533,1.48,bq397680,bq,G,g
240518694216,2459563.5773259,12.408420064743563,0.19869902440619158,13.665774403999787,0.017405697043991558,16.407151274518775,1.86,bq398109,bq,B,g
240518694216,2459564.3426881,13.664893494987439,0.22058653027183395,13.561049994471691,0.017546274164136576,16.293693137727722,1.55,bm344439,bm,B,g
240518694216,2459565.5830931,10.202372505949445,0.13968787994519571,13.87831268149758,0.014882288607458884,16.78974379625099,1.47,bE309310,bE,G,g
240518694216,2459566.580979,10.374355571194638,0.1602513958437959,13.86016279992225,0.01679008384037437,16.64063605879472,1.52,bE309600,bE,G,g
240518694216,2459575.7019683,11.575243082243858,0.06146006507695744,13.741240322156896,0.005771318847237568,17.68115807200947,1.46,bq402326,bq,G,g
240518694216,2459578.6433608,15.503075650112061,0.09580310554800527,13.424020956636362,0.006716977503590642,17.199191643012483,1.45,bq403265,bq,G,g
240518694216,2459583.6823051,15.325669166417605,0.09087850737734102,13.436517006649009,0.006445459914805708,17.256487647916654,1.53,bq404157,bq,G,g
240518694216,2459585.6225103,12.804381726905191,0.022375815764884635,13.631669089924758,0.0018994699934452126,18.778193417591893,1.58,bq404960,bq,G,g
240518694216,2459588.7272578,14.38788012054302,0.05889878983913848,13.50507359570524,0.004449607808921456,17.727374682266603,1.69,bA301955,bA,G,g
240518694216,2459594.7414373,10.537612040976075,0.08667845232458943,13.843210109067618,0.008940897490067377,17.307862740865975,1.70,bA303821,bA,G,g
240518694216,2459597.7348044,10.393097030584016,0.0895592653175713,13.858203167520227,0.009366508099812194,17.27236430576898,1.75,bA305111,bA,G,g
240518694216,2459599.7318023,11.144363275722874,0.05840999710619759,13.782427471138728,0.005696972157005265,17.7364226496335,1.82,bA305827,bA,G,g
240518694216,2459600.6314336,15.367213798725741,0.09589109620633587,13.433577788524179,0.0067825862100541565,17.198194902899683,2.17,bq409848,bq,G,g
240518694216,2459601.6288123,16.054111551736963,0.09853894018212,13.386099931433508,0.0066716581189215024,17.168620893972985,1.48,bq410064,bq,G,g
240518694216,2459603.7218373,14.170987151750131,0.04509095236706016,13.521565361584999,0.003458609073733547,18.017417091073792,1.76,bA307451,bA,G,g
240518694216,2459606.7153584,15.545035262393657,0.07019659417704882,13.421086343444912,0.004908361065555367,17.536850507969376,2.01,bA308701,bA,G,g
240518694216,2459608.5975791,10.504289811069489,0.0866821284411187,13.84664888393987,0.008969640644150316,17.30781669472571,1.50,bq412742,bq,G,g
240518694216,2459609.6191508,10.408339620791018,0.08601168923772991,13.856611985595492,0.00898231321891135,17.316246918610364,1.54,bq413142,bq,G,g
240518694216,2459611.6102844,10.5786246540546,0.08491983831799212,13.83899260236831,0.008725536173494489,17.33011771487846,1.46,bq413846,bq,G,g
240518694216,2459620.5734387,14.821172905564454,0.10204535746863097,13.472859187691803,0.007483811674046794,17.130657483021142,2.20,bq414840,bq,G,g
240518694216,2459622.5757744,15.571685789631987,0.11556887070035403,13.419226542772131,0.008067099440281278,16.995538437642153,2.01,bq415663,bq,G,g
240518694216,2459721.1121774,13.413432960966922,0.09300042048381632,13.581215764677882,0.007536282013972846,17.231428331095294,1.65,bA345885,bA,G,g
240518694216,2459725.1099426,15.28670573579965,0.09520930535088812,13.439280858213161,0.006769828448979863,17.20594212007531,1.72,bA347308,bA,G,g
240518694216,2459731.0964803,12.475753912784294,0.04323475054739951,13.659898623263338,0.0037668500358205865,18.063058217543816,2.01,bA349002,bA,G,g
240518694216,2459736.0864617,10.326010231513589,0.06646174664666482,13.865234244703403,0.006996025313174322,17.59621123504089,1.72,bA350655,bA,G,g
240518694216,2459737.9427623,14.960814068095736,0.1047109768670275,13.462677558303554,0.0076076260747071555,17.102660083393666,1.56,bq448652,bq,G,g
240518694216,2459739.9358146,15.403931703524323,0.0958446190766118,13.430986661227927,0.0067631391636909415,17.198721272265438,1.48,bq449041,bq,G,g
240518694216,2459739.9370548,15.46985820762428,0.09904418829509243,13.426349789541337,0.006959128193860937,17.16306811860639,1.52,bq449042,bq,G,g
240518694216,2459746.9169843,9.906696253682549,0.10199855447009328,13.910243503730868,0.011191217652203642,17.131155569049902,1.54,bE364738,bE,G,g
240518694216,2459749.9158629,11.3424634616884,0.12244523538187045,13.763297149993337,0.011734015948453873,16.932785885393884,1.50,bq450957,bq,G,g
240518694216,2459759.0086517,12.466004018828269,0.04164766719283268,13.660747465869287,0.003631412552257892,18.103663910629805,2.05,bA356150,bA,G,g
240518694216,2459763.0178117,14.722663616161281,0.052453993813727146,13.48009964871345,0.003872615183879383,17.853194209706885,2.00,bA357100,bA,G,g
240518694216,2459763.9079107,11.98227129789777,0.048133863673228805,13.70371775105379,0.0043664023068228685,17.946513802427653,1.40,bi528281,bi,G,g
240518694216,2459766.6972931,15.3765326171661,0.4086450110883516,13.432919587748042,0.028886834954114995,15.624275108352396,1.78,bm385965,bm,G,g
240518694216,2459768.9827744,12.503796179067349,0.04105153228345003,13.65746090789656,0.003568614691399163,18.119317181017458,1.99,bA358777,bA,G,g
240518694216,2459773.043468,13.484796569692062,0.06490255737368548,13.575454624495457,0.005231540398127527,17.621986087029946,1.73,bA360123,bA,G,g
240518694216,2459779.9053116,15.42320630859462,0.10596487193479416,13.4296289523627,0.007467915965086478,17.089735817462337,1.59,bq457854,bq,G,g
240518694216,2459782.8658734,12.950271154470382,0.04964009638933451,13.619368467714466,0.00416644762619666,17.913059071130316,1.44,bi531862,bi,G,g
240518694216,2459785.0231131,14.306199085351746,0.0428771951631321,13.511254961279395,0.0032577239166319094,18.07207469147805,1.73,bA362627,bA,G,g
240518694216,2459788.9484507,14.373867441407706,0.04338368437987724,13.506131533804018,0.003280688295338931,18.059324531671418,1.78,bA363518,bA,G,g
240518694216,2459790.8172393,11.84353129907537,0.05708409556593835,13.716362592023387,0.005238972093384055,17.76135280011321,1.57,bq460239,bq,G,g
240518694216,2459792.8158862,12.528938090130175,0.03812417095101806,13.655279964178394,0.003307488308506442,18.19963959073953,1.38,bi535913,bi,G,g
240518694216,2459794.0228258,13.827418305303306,0.036889509812541445,13.548212869121102,0.002899839463099401,18.235383400531774,1.75,bA365381,bA,G,g
240518694216,2459796.5702551,11.459080017149374,0.06263904272257827,13.75219124214655,0.005941656389597313,17.660527831389253,1.53,bm392479,bm,G,g
240518694216,2459796.5730719,11.441848943255211,0.08747014354146072,13.753825097640934,0.00830951740853864,17.297991013397493,1.49,bm392481,bm,G,g
240518694216,2459799.8993359,14.35001665829805,0.08469988677464432,13.507934609223453,0.0064156785676640965,17.33293353700798,1.77,bA366154,bA,G,g
240518694216,2459800.8273204,14.141064412683441,0.09600633713633028,13.52386037105635,0.007379551583473572,17.196890859767613,1.56,bi538548,bi,G,g
240518694216,2459801.782456,11.650810163352244,0.11845896619871307,13.734175307323543,0.011051570153737603,16.968720765949023,1.61,bE380306,bE,B,g
240518694216,2459802.9412421,13.928747067821183,0.10673070885102917,13.540285492027113,0.008328935796636136,17.081917126945445,1.51,bq463147,bq,G,g
240518694216,2459805.9308528,15.304124920694264,0.10646024998717597,13.438044367321238,0.007561207428009521,17.08467190734998,2.01,bA368403,bA,G,g
240518694216,2459806.9074151,14.593564770126719,0.13300065803223043,13.489662147364339,0.00990614253068981,16.843006137237634,1.53,bq464131,bq,G,g
240518694216,2459809.9964856,15.948118346531777,0.07440332399836457,13.393291997831327,0.005071016937661447,17.473659765793194,1.70,bA369688,bA,G,g
240518694216,2459813.120418,12.903541700194511,0.033275190042980685,13.623293298134676,0.0028030044517763377,18.347339250145115,1.75,bA370912,bA,G,g
240518694216,2459813.1216471,13.030442231594941,0.05580074376054401,13.61266773428966,0.004654714035825429,17.7860406423712,1.74,bA370913,bA,G,g
240518694216,2459815.5036923,11.808191313599258,0.07270290451121346,13.71960717009409,0.006692379392331603,17.49876120781607,1.86,bm396503,bm,G,g
240518694216,2459820.4817076,14.578448705775859,0.0812269424413263,13.490787339481887,0.006056210548146235,17.37839034705791,2.01,bm397655,bm,G,g
240518694216,2459821.9621083,11.070143654666255,0.05559258435849207,13.789682480649097,0.0054585309833197,17.790098452045378,1.82,bA373272,bA,G,g
240518694216,2459823.958067,12.085934312440195,0.04102112760315481,13.694365048506903,0.003689262329636116,18.1201216258532,2.02,bA373971,bA,G,g
240518694216,2459825.594302,14.274530382256613,0.08016483149220058,13.513661049032953,0.0061042769233849116,17.392680901412657,1.62,bm398333,bm,G,g
240518694216,2459827.6777169,11.658177055657625,0.07572375361992723,13.733489005350517,0.007060145634673075,17.454560277028918,1.44,bq465951,bq,G,g
240518694216,2459828.6928166,11.687340178728244,0.09656971451197359,13.730776409633414,0.008981263434286176,17.19053824267472,1.45,bi548484,bi,G,g
240518694216,2459829.7087379,11.739671987505671,0.10782671946810164,13.725925715609371,0.009983494945031325,17.07082463047293,1.56,bi548860,bi,G,g
240518694216,2459831.0512293,12.873987805172632,0.06024701251428124,13.625782888758131,0.005086682087844254,17.702801820699623,1.72,bA375927,bA,G,g
240518694216,2459832.8156363,9.642537717848958,0.19276018561369443,13.939587256451906,0.021728921059506134,16.440097271885698,1.59,bq467465,bq,G,g
240518694216,2459836.9485349,11.76643002405083,0.08308602639291938,13.723453831365875,0.007675301520391135,17.35382063834592,1.68,bA377201,bA,G,g
240518694216,2459837.821687,11.754758773133208,0.07804533555529526,13.72453131948311,0.007216812195843577,17.421773230938737,1.41,bi550841,bi,G,g
240518694216,2459840.8050426,15.335402122284949,0.057476932310399936,13.4358277011241,0.004073902068310362,17.75390665973428,1.68,bA378675,bA,G,g
240518694216,2459841.82303,14.077936929347947,0.0795756038365691,13.52871808431673,0.006144026784292063,17.400690754381593,1.41,bi552366,bi,G,g
240518694216,2459842.9248049,11.15937640263357,0.07323627698198615,13.780965806132725,0.0071334316561521135,17.490824965134166,1.47,bq469794,bq,G,g
240518694216,2459843.6571419,9.772379039656988,0.07037032145346496,13.925064863440582,0.007827109399903871,17.53416677419105,1.48,bE395855,bE,G,g
240518694216,2459844.67309,9.66216506990125,0.06988401691716568,13.937379490364666,0.007861683939769134,17.541695961004788,1.47,bE396244,bE,G,g
240518694216,2459845.7028175,9.959743180455012,0.07326088808239146,13.90444527239498,0.007995326651175555,17.49046016404073,1.47,bi553733,bi,G,g
240518694216,2459846.4634412,13.883186307816416,0.08131713503042243,13.54384274281119,0.006366563718927798,17.377185438568397,1.50,bm403585,bm,G,g
240518694216,2459847.0594913,10.407002232431042,0.06366153558422631,13.856751502974019,0.0066491117943229495,17.64294783629708,1.67,bA381181,bA,G,g
240518694216,2459847.9607073,12.451482654027174,0.08464011862329932,13.66201295251318,0.007388688680268392,17.33369995305183,1.42,bq471706,bq,B,g
240518694216,2459848.7202352,9.9716296251101,0.06759167277915283,13.903150274306915,0.007367823746436654,17.577907624873106,1.46,bE397722,bE,G,g
240518694216,2459849.4480755,10.37760957301876,0.08517437372213374,13.859822303242037,0.0089212106459492,17.326868239112763,1.51,bm404282,bm,G,g
240518694216,2459850.6365188,13.247023589835434,0.056047576816406854,13.594769848056362,0.004598865453445239,17.781248509257978,1.38,bi555559,bi,G,g
240518694216,2459851.8235665,10.559501199286958,0.07081761091403818,13.840957112657437,0.007289706453387769,17.527287432905712,1.42,bi555951,bi,G,g
240518694216,2459853.3909827,11.331884762846238,0.06901925350786423,13.764310248764847,0.006620339801893318,17.55521496699645,1.53,bm405380,bm,G,g
240518694216,2459854.0007633,14.95567568787008,0.053029165265760056,13.46305052488788,0.003854081770090118,17.841353634128875,1.70,bA383835,bA,G,g
240518694216,2459854.3763363,11.995241415756409,0.05936387124878351,13.702543139818609,0.005379295403324598,17.718835075206968,2.05,bm405702,bm,G,g
240518694216,2459855.0356996,13.993129671924013,0.04106611653226702,13.535278475574158,0.003189928503042972,18.118931523430938,1.69,bA384260,bA,G,g
240518694216,2459855.3739286,12.036614002613724,0.05297072372728879,13.698804788448609,0.0047834776128997366,17.842550844828093,2.02,bm405996,bm,G,g
240518694216,2459855.7986189,10.006055061984643,0.06901779854963427,13.899408401235986,0.007497394905872407,17.55523785506604,1.48,bE400170,bE,G,g
240518694216,2459856.6234162,14.94260288675984,0.0892623406652307,13.463999985194237,0.006493131355163202,17.275969934290657,1.45,bE400395,bE,G,g
240518694216,2459857.3946089,11.99650539909068,0.07821389613355482,13.70242873777193,0.007086655793897981,17.41943081069872,1.61,bm406470,bm,G,g
240518694216,2459858.3838884,14.838188773837228,0.15377183274077402,13.47161339242043,0.011264400190949922,16.685448635027797,1.60,bm406827,bm,G,g
240518694216,2459859.6550589,13.661987892210725,0.12590968415349707,13.561280882006827,0.010017455250329009,16.90249277519792,1.56,bi558492,bi,G,g
240518694216,2459860.3873818,13.26319774301176,0.1754557708247928,13.593445010693197,0.014379096057378722,16.542221469089732,1.65,bm407419,bm,G,g
240518694216,2459860.3886328,15.09173544619054,0.40152114798703675,13.453217663438409,0.0289188762933727,15.643369550529979,1.76,bm407420,bm,G,g
240518694216,2459864.6501698,9.66632548999746,0.1318837113655081,13.936912085133903,0.014830026190224822,16.852162710918,1.64,bE402900,bE,G,g
240518694216,2459865.5929388,10.704490835758028,0.08782109422743813,13.826150585541352,0.008917538683662279,17.29364350145312,1.46,bi560594,bi,G,g
240518694216,2459866.3535715,12.361101154893687,0.1150002544941554,13.669922721251226,0.010112390074131469,17.000893607834566,2.15,bm408558,bm,G,g
240518694216,2459866.7524078,14.142089361718867,0.22390092999018593,13.523781679388147,0.01720895476272886,16.277500867794213,1.51,bq475514,bq,G,g
240518694216,2459867.5849854,11.883302922322512,0.030856656578920835,13.712722702156785,0.0028224344971059198,18.429268443870036,1.48,bE403874,bE,G,g
240518694216,2459868.5759765,12.586684971311286,0.044953481320451856,13.650287216043777,0.003882076957317603,18.020732285634086,1.48,bE404210,bE,G,g
240518694216,2459869.5823567,13.25063363409036,0.060410134224938294,13.594474006371984,0.0049554754276806045,17.699866109724656,1.47,bE404550,bE,G,g
240518694216,2459869.940458,13.116655492284451,0.03556157194463459,13.605507842307071,0.002946931294433482,18.275188236335673,1.70,bA387174,bA,G,g
240518694216,2459870.374248,10.145194696671625,0.08449514490142085,13.884414657269668,0.009052812839168417,17.335561223775034,1.75,bm409082,bm,G,g
240518694216,2459870.9306005,14.482546247137677,0.04404278948235091,13.497953312265828,0.0033055373306946226,18.04295356761687,1.73,bA387579,bA,G,g
240518694216,2459871.7106168,9.926713398225827,0.08062363184270777,13.908051914255608,0.008828136657333984,17.386484716774305,1.47,bi562730,bi,G,g
240518694216,2459872.3457166,11.11219810862765,0.08674900478038898,13.785565683745576,0.008485485551883115,17.306979358717605,2.43,bm409495,bm,G,g
240518694216,2459872.6191753,13.660888580934628,0.0621009903659549,13.561368249239525,0.004941192228076529,17.66989429590252,1.57,bE405583,bE,G,g
240518694216,2459872.9732062,13.822643823375872,0.037555297835955244,13.548587828708172,0.002953195960935742,18.215962585080522,2.02,bA388370,bA,G,g
240518694216,2459873.5683263,13.554183504049577,0.058682927896131894,13.56988221962413,0.004705985511586918,17.731361175993126,1.46,bE405884,bE,G,g
240518694216,2459874.3199748,11.873888935612836,0.047145626765341814,13.713583166373088,0.0043157929775113155,17.969037077123915,2.21,bm409928,bm,G,g
240518694216,2459874.7496084,9.73376342343544,0.10084719725171103,13.929363655726249,0.011261473490093486,17.14348102946364,1.55,bq476273,bq,G,g
240518694216,2459875.35162,12.652880744413626,0.10737202996064762,13.6445920853859,0.009223885894097542,17.07541270169647,2.12,bm410201,bm,B,g
240518694216,2459875.6804027,12.80547702276402,0.05294049945552057,13.631576219254818,0.004493703830400866,17.84317052584066,1.48,bE406626,bE,G,g
240518694216,2459876.4270101,10.798389254323341,0.09353791315953151,13.816668175724567,0.009415445428392483,17.22517142012723,1.99,bm410347,bm,G,g
240518694216,2459876.8857796,13.23280724629709,0.021556046262463338,13.595935656135527,0.0017706360133411176,18.818717843979243,2.11,bA388898,bA,G,g
240518694216,2459877.4488234,10.88480967789956,0.1671107448393579,13.808013522891038,0.016687670187254505,16.595129674105195,1.51,bm410676,bm,B,g
240518694216,2459878.3307844,12.104572714967496,0.055066204047952066,13.692691963076802,0.004944789958866378,17.800427762160528,1.57,bm410904,bm,B,g
240518694216,2459878.9023404,12.477457731402371,0.05837518853048778,13.659750353967246,0.005085274039540548,17.737069870970647,1.43,bq477277,bq,G,g
240518694216,2459879.5529389,10.045553300197255,0.07902150810057987,13.89513096653404,0.00855034471679128,17.40827732694757,1.66,bi565296,bi,G,g
240518694216,2459880.3046579,13.989898786362374,0.07019403543519942,13.535529191071126,0.005453782458944898,17.536890084950727,1.54,bm411539,bm,G,g
240518694216,2459881.6094854,11.985874096966308,0.043136924582590004,13.70339134370335,0.00391193509321801,18.06551766358366,1.41,bi566030,bi,G,g
240518694216,2459882.8356224,11.026319091662069,0.07176572143231574,13.793989231249597,0.007074547571107059,17.512847973941547,1.48,bq478439,bq,G,g
240518694216,2459883.573589,9.645481741547963,0.08373580253202034,13.939255814112869,0.009436249956617774,17.345362643951646,1.39,bi566654,bi,G,g
240518694216,2459883.9372677,10.362839552533437,0.06456844885184533,13.861368687179986,0.006772573889840344,17.62758972809662,2.01,bA390486,bA,G,g
240518694216,2459884.7809726,15.02239024852741,0.06076144766903367,13.458218022776236,0.004396440960561599,17.693570329999908,1.68,bA390742,bA,G,g
240518694216,2459885.7409561,16.04877475911017,0.07979875328476689,13.386460917605872,0.005404635345155684,17.39765034565232,1.78,bA391099,bA,G,g
240518694216,2459886.7600235,15.575208855731423,0.08032190844407898,13.418980924679168,0.005605473610692394,17.390555564601488,2.08,bA391507,bA,G,g
240518694216,2459893.2810903,12.344631658718669,0.11186638027927631,13.67137028251606,0.0098499408463136,17.030891647422596,1.53,bm413571,bm,G,g
240518694216,2459893.2823422,12.40226315007056,0.14920340892225567,13.666313267460291,0.01307645358200882,16.718193746978372,1.48,bm413572,bm,G,g
240518694216,2459893.6819559,9.932244413745009,0.16500204579710961,13.907447126833187,0.01805735363612966,16.608917289196995,1.47,bi569915,bi,G,g
240518694216,2459893.6844292,10.715326944018782,0.3575707676061947,13.825052055555522,0.03627177032146179,15.76923559442564,1.46,bi569917,bi,G,g
240518694216,2459893.8455333,15.238162895030358,0.159587425159583,13.442734092674018,0.011383563344196585,16.6451439421347,1.54,bq482261,bq,G,g
240518694216,2459893.8467655,15.521876775668535,0.19304431095447377,13.422705043888099,0.013518389290754076,16.438498092883446,1.52,bq482262,bq,G,g
240518694216,2459898.7166654,11.750913696124865,0.07381993897681603,13.724886530708035,0.006828325539629782,17.482206406815543,1.45,bq484080,bq,B,g
240518694216,2459898.7179061,11.957429275608645,0.08079804660929013,13.70597107018759,0.0073447194778645105,17.384138458177162,1.45,bq484081,bq,B,g
240518694216,2459901.9232784,13.863982734128482,0.03590358123061478,13.545345600166561,0.0028148932756775105,18.264796186993316,1.75,bA394064,bA,G,g
240518694216,2459902.4439157,11.477817134329326,0.10849521977424216,13.750417369169227,0.010274565741112381,17.06411410172741,1.67,bm415623,bm,B,g
240518694216,2459906.3534625,14.423991813386946,0.09050692175972858,13.502351954226588,0.006820378861971216,17.260936125663896,1.48,bm416404,bm,G,g
240518694216,2459907.381545,14.8105689649393,0.12097360856586717,13.473636265380426,0.008878325545781957,16.94591402251783,2.05,bm416583,bm,G,g
240518694216,2459907.6386262,10.393033249589111,0.07224119984724779,13.858209830553163,0.007555353805428292,17.505678235138987,1.37,bi573986,bi,B,g
240518694216,2459909.8893878,11.481301953111052,0.05237806436653571,13.750087775169302,0.0049587301938218845,17.854766998902672,1.73,bA396032,bA,G,g
240518694216,2459910.6380121,9.878401965940526,0.07555347256029336,13.913348886700474,0.008313423570188796,17.457004536408604,1.48,bi574968,bi,G,g
240518694216,2459911.5728865,10.737250279977886,0.06114882158476541,13.82283293124074,0.00619023573867556,17.686670381321523,1.54,bi575245,bi,G,g
240518694216,2459912.6579032,10.434055422479428,0.08483796490627184,13.853932774205678,0.008837903912919288,17.33116500616659,1.50,bq486579,bq,G,g
240518694216,2459912.6591244,10.414740910295434,0.08873259253433728,13.855944446325246,0.009260765195865332,17.282432684808462,1.50,bq486580,bq,G,g
240518694216,2459916.3465379,10.135775995694186,0.18042709293365014,13.885423112490408,0.019348928532554002,16.511886232028765,2.11,bm418515,bm,G,g
240518694216,2459921.526293,11.704664308871294,0.1223975540046082,13.729168215794264,0.01136647887196482,16.933208764077555,2.15,bE418447,bE,G,g
240518694216,2459921.5276025,11.365102060097568,0.14100063170297567,13.76113227203337,0.013485277597020616,16.779587965539516,2.09,bE418448,bE,G,g
240518694216,2459924.7778762,11.065652639596248,0.11590354265324947,13.79012303925017,0.011384968937920292,16.9923988349231,1.48,bq489135,bq,G,g
240518694216,2459926.5966425,11.409852951276587,0.05866156832263841,13.756865503975668,0.005588378267101448,17.731756437181566,1.47,bi579273,bi,G,g
240518694216,2459926.5991237,11.754968704588372,0.09898910367566281,13.724511929196119,0.009153308232915484,17.16367213186686,1.51,bi579275,bi,G,g
240518694216,2459928.8023484,12.451627751890864,0.033986778500435896,13.662000300438699,0.0029668531119027507,18.324365608618635,2.04,bA399186,bA,G,g
240518694216,2459929.5844057,9.941882496720712,0.07709709156603309,13.906394057533724,0.008429106511011374,17.43504562418274,1.47,bi580147,bi,G,g
240518694216,2459929.5856348,9.619421343660276,0.09831068709847697,13.942193252690247,0.011108718360566537,17.17113878289408,1.43,bi580148,bi,G,g
240518694216,2459931.5841375,10.035129820982117,0.07416591352244514,13.896258134341188,0.008033291530061389,17.477129735388523,1.43,bi580735,bi,G,g
240518694216,2459931.5866182,9.578866326192111,0.09672843777564162,13.946780340560032,0.010976205606960119,17.188755177181392,1.45,bi580737,bi,G,g
240518694216,2459932.6370306,10.013036343785352,0.0900687134817359,13.898651141022695,0.00977733148690593,17.266205712847842,1.63,bq491494,bq,G,g
240518694216,2459934.7247545,12.589734307941287,0.0359432680485027,13.650024210001563,0.0031032243145349084,18.263596707270892,1.57,bq492299,bq,B,g
240518694216,2459935.726409,11.541545722838757,0.06335424485662007,13.744405681267406,0.0059665586638444935,17.648201314536173,1.65,bq492735,bq,G,g
240518694216,2459935.7289241,11.420344710892996,0.07783164412961839,13.755867590226725,0.00740779856703228,17.42475009979157,1.74,bq492737,bq,G,g
240518694216,2459937.5600503,14.017771584072747,0.07070409613870357,13.533368174807197,0.00548248899268378,17.52902917458412,1.45,bi582425,bi,G,g
240518694216,2459939.5568236,14.956101614274761,0.07696222116923258,13.463019604376974,0.005593341793531484,17.436946628511084,1.45,bi583014,bi,G,g
240518694216,2459960.7657,11.973467718717226,0.048603338927235375,13.704515753158542,0.004412231900259863,17.935975348375734,1.69,bA400047,bA,G,g
240518694216,2459963.6293628,13.969154412568846,0.06412202539316644,13.537140327302769,0.004989411071690442,17.635122532041045,1.71,bq494273,bq,G,g
240518694216,2459965.6342635,14.404472802513437,0.075167930308758,13.503822202490394,0.005672145950421759,17.462559130328085,1.72,bq493834,bq,G,g
240518694216,2459967.634253,15.64529425692559,0.09593592305200749,13.41410628284208,0.006665146434320521,17.1976874652054,1.44,bq494652,bq,G,g
240518694216,2459967.7471867,10.973526815289155,0.0588754420945517,13.799200049184714,0.005831766471448788,17.72780515829711,1.70,bA401717,bA,G,g
240518694216,2459969.6023716,14.979308710687434,0.08665548295539505,13.461336194024033,0.006288056689533176,17.308150493819145,1.74,bq495177,bq,G,g
240518694216,2459969.6036098,15.116750830284833,0.09950171272418397,13.45141948565838,0.007154582144272026,17.158064220626606,1.99,bq495178,bq,G,g
240518694216,2459970.6283336,15.308133121858859,0.0988593305315001,13.437760046632501,0.007019523099295473,17.16509644863534,1.55,bq495689,bq,G,g
240518694216,2459970.6295674,15.183480027421531,0.10270457206942173,13.446637315996778,0.007352425413783251,17.12366616797179,1.54,bq495690,bq,G,g
240518694216,2459978.592077,11.03428543587338,0.18554834547149684,13.793205086944306,0.018277847295164264,16.4814978961611,1.58,bq498148,bq,G,g
240518694216,2459981.5954523,10.552698629393175,0.28018122883803165,13.841656783628213,0.028859424934785126,16.034043022157913,2.40,bq499588,bq,B,g
240518694216,2459985.5848703,14.99712344792998,0.08614152461367448,13.460045706391801,0.006243336750309216,17.314609226325747,1.76,bq500977,bq,G,g
240518694216,2459992.565585,12.175138121927667,0.13044810149475317,13.6863808802656,0.011645979967392797,16.86404620423818,1.65,bq503095,bq,G,g
240518694216,2460101.0978431,10.710214012474733,0.13194341114168975,13.825570249705809,0.013390652238500772,16.85167134210871,2.03,bA430778,bA,G,g
240518694216,2460102.0867372,10.382273281234148,0.11235300199767906,13.859334481901367,0.011762628949392282,17.02617890901562,1.78,bA431194,bA,G,g
240518694216,2460103.1079807,10.339616594071227,0.09932273339526429,13.863804535098827,0.010441343916257378,17.16001895399661,1.67,bA431633,bA,G,g
240518694216,2460103.9426877,13.098414180848104,0.15256554237053344,13.607018824783344,0.01266047240396406,16.693999468222998,1.48,bq538267,bq,G,g
240518694216,2460110.926116,10.915589949825748,0.10415229494259148,13.804947590302612,0.010371314492603718,17.108468501826795,1.52,bq540059,bq,B,g
240518694216,2460111.9125296,9.909567012895902,0.07823214633648604,13.909928925024179,0.008581095577579984,17.419177497724565,1.43,bi651355,bi,G,g
240518694216,2460118.0336075,10.748025046774195,0.06286033012865454,13.821743947719572,0.0063571163534385895,17.656698967675105,1.77,bA437557,bA,G,g
240518694216,2460121.098561,11.982543520363897,0.04405816319090615,13.703693084742827,0.003996589516642789,18.042574643402254,2.12,bA438637,bA,G,g
240518694216,2460126.0158639,12.5363283746036,0.06849753369720736,13.654639723655912,0.005939046804649422,17.563453274717553,1.76,bA440588,bA,G,g
240518694216,2460128.9116681,13.083498415497422,0.16098737412701075,13.60825590692204,0.013374578470368461,16.635661069840605,1.52,bi657906,bi,G,g
240518694216,2460130.9272539,12.739813765765419,0.11159547667863641,13.637157923769692,0.009521287626541933,17.033524132405137,1.50,bi658889,bi,G,g
240518694216,2460134.1064439,13.735016803814814,0.05716355842819338,13.555492634569049,0.004523787886599688,17.75984247202541,2.06,bA443919,bA,G,g
240518694216,2460137.9999326,11.6931947376711,0.04791470574843668,13.730232666150835,0.004453975416375176,17.95146854788375,2.05,bA445418,bA,G,g
240518694216,2460141.1130742,15.97927889594371,0.06591195952056883,13.391172680234472,0.004483521110559896,17.60523005361621,2.12,bA446713,bA,G,g
240518694216,2460142.9194115,12.372577526523687,0.044197357464419565,13.668915162834006,0.003882829251754498,18.039149851696628,1.38,bi663920,bi,G,g
240518694216,2460145.8692679,14.603163491972072,0.09493864868719676,13.488948253663043,0.007066563584827254,17.209032996743186,1.61,bi664607,bi,G,g
240518694216,2460150.0671065,11.069062328290178,0.05565990120638564,13.78978854002607,0.005465674582119902,17.788784533574308,1.73,bA448797,bA,G,g
240518694216,2460151.8751448,11.588483031528748,0.04964817810561647,13.739999149317722,0.004656814083218848,17.91288232091428,1.35,bi666850,bi,G,g
240518694216,2460154.9278666,12.448647485328534,0.07100620047149202,13.662260199840707,0.006199922744809532,17.524399925807252,1.66,bA450774,bA,G,g
240518694216,2460156.9232354,10.693674306365994,0.11915346427798128,13.827248240269505,0.012111331556793494,16.962373927490095,1.85,bA451599,bA,G,g
240518694216,2460159.5612977,10.095885110420518,0.1675080533905448,13.889704622968468,0.018034473360711147,16.592551382129486,2.10,bm472861,bm,G,g
240518694216,2460167.5400186,14.973959920517352,0.11511556919248768,13.46172395639298,0.008356214344880089,16.999805448390383,1.54,bm475907,bm,G,g
240518694216,2460177.8786912,10.41692553181683,0.06556666300013726,13.855716723526903,0.00684156872764367,17.610932909158056,1.68,bA455585,bA,G,g
240518694216,2460180.5163202,10.864020816336456,0.07030877762155888,13.8100891495814,0.00703446593698913,17.535116742895454,2.05,bm478528,bm,G,g
240518694216,2460184.0162315,12.895952886152273,0.027191405418204223,13.623932027732025,0.0022918721645072875,18.566561473532936,1.71,bA457993,bA,G,g
240518694216,2460191.9844872,11.94447585127118,0.062449373836330015,13.70714788041096,0.005682941220288028,17.66382039100747,1.70,bA460486,bA,G,g
240518694216,2460196.0273754,12.532819372210835,0.03759326219409907,13.654943671042062,0.003260418929034388,18.214865577190626,1.77,bA462028,bA,G,g
240518694216,2460197.0602567,11.703852028293984,0.05144884011612436,13.729243566356327,0.004778140749297115,17.874201640705042,1.70,bA462509,bA,G,g
240518694216,2460200.9300818,13.382809797996435,0.033700339782258,13.5836973581994,0.002737153457612023,18.333554912319045,1.69,bA464050,bA,G,g
240518694216,2460204.8471981,11.650203822355572,0.050062513696365926,13.734231813565982,0.0046708003213215095,17.903858980829938,1.69,bA465690,bA,G,g
240518694216,2460207.9682066,10.310490248944955,0.06471660470082838,13.866867332655001,0.006822579125330805,17.62510130062288,1.71,bA467110,bA,G,g
240518694216,2460212.8378139,16.257068365211182,0.08507562291455209,13.372460042138671,0.005688202884468226,17.328127767349855,1.70,bA468840,bA,G,g
240518694216,2460219.4966056,9.79657784017014,0.16700658690377973,13.922379638327937,0.018529827636760098,16.595806610226667,2.02,bm486555,bm,G,g
240518694216,2460221.3798732,12.878670965240747,0.0535443636963118,13.625388003201653,0.004519130543761824,17.830856206641975,1.51,bm487323,bm,G,g
240518694216,2460221.7363234,12.260494816963154,0.05454968239127289,13.678795627099461,0.004836112564719374,17.810660045676613,1.47,bE506607,bE,G,g
240518694216,2460222.7681574,11.482021776057726,0.06944520184403313,13.750019706814417,0.0065740961409131715,17.548535000104252,1.46,bi673350,bi,G,g
240518694216,2460224.6780624,15.1676391999667,0.07975148624405197,13.447770648926866,0.005715220209849873,17.398293648213933,1.56,bE507675,bE,G,g
240518694216,2460225.9377209,11.527875007803328,0.0506974462856973,13.745692474912518,0.004780232249088077,17.890175402061615,1.76,bA474393,bA,G,g
240518694216,2460227.6382922,11.175720903933522,0.05573742194395554,13.779376753733787,0.005421051116763696,17.78727341853841,1.41,bi675368,bi,G,g
240518694216,2460228.9102984,10.216673061857916,0.06557602793263041,13.87679188232163,0.00697666361638061,17.610777843767707,1.67,bA475678,bA,G,g
240518694216,2460229.7419275,15.461452054826303,0.09118942076979006,13.426939927145128,0.006410713254347736,17.252779468685983,1.60,bq572094,bq,G,g
240518694216,2460230.8155476,14.794105868061196,0.08216899480184389,13.474843816705775,0.006037142466137952,17.365870676066134,1.47,bq572621,bq,G,g
240518694216,2460231.8586064,13.65447607116514,0.05754271864997879,13.561878020515632,0.0045806542110595405,17.75266466990295,1.54,bq573131,bq,G,g
240518694216,2460233.8443545,15.130657888094746,0.05496449835542553,13.450421092878988,0.003948540796666737,17.80243493982355,1.68,bA477928,bA,G,g
240518694216,2460234.8138381,15.625513934893146,0.0936074050014325,13.415479845975147,0.0065116052997253905,17.224365096860407,1.56,bq574391,bq,G,g
240518694216,2460235.728603,9.893537428910454,0.07650419175036853,13.911686619483897,0.008405156473199076,17.443427533225417,1.58,bi678409,bi,G,g
240518694216,2460236.7117699,10.262888835778678,0.08477734465400397,13.871891560292601,0.008978883932381982,17.331941087118267,1.43,bq575274,bq,G,g
240518694216,2460237.9175259,15.331855371771418,0.05736570973365717,13.436078837728651,0.004066959334484531,17.75600968373237,1.69,bA479760,bA,G,g
240518694216,2460239.7422388,10.14935123093992,0.07547241546400044,13.883969917109372,0.008082805721603081,17.45816998736141,1.36,bi680062,bi,G,g
240518694216,2460241.3488371,12.421516333207803,0.07611245793751313,13.664629085388452,0.006660292537683298,17.44900124380252,1.66,bm491673,bm,G,g
240518694216,2460242.6703321,13.49535754529861,0.08926814118575692,13.574604634231475,0.007189923491815197,17.27589938235937,1.44,bE513116,bE,G,g
240518694216,2460243.6186563,15.243838596287972,0.15551675440167703,13.442329767884797,0.01108906719058075,16.67319765131112,1.53,bi681452,bi,G,g
240518694216,2460247.7986284,12.107622049588105,0.09730864398812068,13.692418483283026,0.008735841337901463,17.182262059856587,1.71,bA484421,bA,G,g
240518694216,2460249.9137747,10.320038688520372,0.07267363853214086,13.865862308758848,0.007654340041272485,17.499198350326285,1.69,bA485501,bA,G,g
240518694216,2460250.7874989,14.24732476875082,0.08087300608031107,13.515732311814265,0.006169961225594344,17.383131645689026,1.48,bq578611,bq,G,g
240518694216,2460252.5938637,10.226558410645012,0.06795750403586809,13.875741864184745,0.007223041149015561,17.57204706247099,1.41,bi684356,bi,G,g
240518694216,2460253.8273719,14.572424784818523,0.04681025253399854,13.491236066287495,0.0034915746711619766,17.976788151230597,1.71,bA487281,bA,G,g
240518694216,2460254.8051753,15.554358990972384,0.09609915266656428,13.420435326907285,0.006715519474968497,17.195841715472117,1.45,bq580226,bq,G,g
240518694216,2460256.5701386,12.210818370934978,0.04138902978106206,13.68320369377322,0.0036842801589829707,18.110427496374662,1.44,bi685892,bi,G,g
240518694216,2460257.9089475,13.81921922997537,0.037062177025357475,13.548856855803296,0.0029151411781774207,18.230313296169903,2.06,bA488993,bA,G,g
240518694216,2460259.6883704,10.100081083345206,0.07488093514838252,13.88925347151175,0.00805858093037226,17.466712462847354,1.42,bi686722,bi,G,g
240518694216,2460261.5973817,14.19640642390446,0.06790782838717424,13.519619561990144,0.005199404323779555,17.572841005292506,1.69,bi687435,bi,G,g
240518694216,2460264.5822767,14.602758557997873,0.07660140514829254,13.488978360671862,0.005701826580890464,17.44204877082828,1.45,bE518823,bE,G,g
240518694216,2460265.924801,15.322722423664143,0.057189564080677116,13.43672578662978,0.004056888060368902,17.75934864591385,1.69,bA492241,bA,G,g
240518694216,2460267.5701298,12.999451719978563,0.046773064221962306,13.615253033824617,0.003910956268997855,17.97765105501081,1.41,bi689452,bi,G,g
240518694216,2460268.664828,15.011256642013446,0.08777709935208293,13.459022997295616,0.0063558896417144255,17.294187548393722,1.64,bi689923,bi,G,g
240518694216,2460269.6677075,15.59601909866911,0.10386775550820208,13.417531226414019,0.0072390097456138695,17.111438743951062,1.51,bq583487,bq,G,g
240518694216,2460270.7906298,11.926462325361001,0.0753338954608692,13.70878652073785,0.006865796976952853,17.46016454878071,1.46,bq583874,bq,G,g
240518694216,2460276.3684116,13.724362137806523,0.35918781832018915,13.556335199671484,0.028447336038801004,15.764336613043886,2.04,bm500792,bm,G,g
240518694216,2460277.3546875,13.368960108459005,0.17904431337970272,13.584821553776102,0.014557107099544256,16.520239281555135,1.72,bm501074,bm,B,g
240518694216,2460279.611456,10.855920164354853,0.059114116180271015,13.810899020248561,0.005918841805779691,17.723412609443706,1.43,bi694055,bi,G,g
240518694216,2460283.312125,11.811504116118718,0.058525839303836744,13.719302608194138,0.005385854510667156,17.73427148514841,1.63,bm502138,bm,G,g
240518694216,2460283.8548927,15.727647039388188,0.06260234817734703,13.408406236932834,0.004326523252787731,17.661164052324335,1.73,bA497958,bA,G,g
240518694216,2460284.8515018,14.847865482127293,0.052120741370625,13.470905561543686,0.0038155639151549294,17.860114150110885,1.74,bA497745,bA,G,g
240518694216,2460286.837211,11.913490411197241,0.047794367783696,13.709968073268445,0.004360636385459282,17.954198808435947,1.69,bA498826,bA,G,g
240518694216,2460287.7549336,10.78917762104215,0.07879830884363563,13.817594765036192,0.0079385416301387,17.41134836936038,1.62,bq590071,bq,G,g
240518694216,2460289.5953359,14.273509912769347,0.08068006176116939,13.51373866981933,0.006143949164680558,17.385725056451147,1.38,bi697500,bi,G,g
240518694216,2460290.5694869,12.117386209505403,0.05657830176962542,13.691543247048475,0.00507519963745788,17.771015842149357,1.43,bi697840,bi,G,g
240518694216,2460290.761179,11.759142819051913,0.06015789451298677,13.724126459624888,0.005560695773593609,17.704409041876218,1.53,bq591323,bq,G,g
240518694216,2460291.5812664,12.383171177706247,0.046062411078755555,13.667985931287102,0.004043216185141701,17.994273944393285,1.41,bi698188,bi,G,g
240518694216,2460292.3369043,15.244192623351717,0.0928769663645735,13.442304552743956,0.0066224054499727635,17.232870557380807,1.51,bm504388,bm,G,g
240518694216,2460294.729383,14.93317140690083,0.0837363014929229,13.464685497100097,0.006095002630987417,17.34535617433786,2.14,bq592401,bq,G,g
240518694216,2460296.640517,11.602473872378672,0.059943625746062636,13.738689124522143,0.005615708827105033,17.708283091165825,1.52,bq593348,bq,G,g
240518694216,2460298.7002414,13.766633069557674,0.08156463067696818,13.552996279648044,0.0064400065585842395,17.373885926316515,1.49,bq593901,bq,G,g
240518694216,2460301.6169571,10.56367946038317,0.11100517361452812,13.840527585544324,0.011421947992609692,17.039282560424184,1.51,bq594894,bq,G,g
240518694216,2460304.7816869,13.510545899778378,0.09551757673418167,13.573383379173551,0.007684623089407487,17.202432371585385,2.31,bA503238,bA,G,g
240518694216,2460305.5527279,15.05794641755197,0.18259437856925015,13.455651253765588,0.01318055896303399,16.49892210388371,1.48,bi703048,bi,G,g
240518694216,2460309.5496239,14.333203539579202,0.07768266135519318,13.50920745192889,0.005891053954052653,17.426830371970507,1.55,bi703457,bi,G,g
240518694216,2460310.6760864,13.323292183739449,0.04775035994709347,13.588536741771598,0.003895626129345811,17.955198987221447,1.51,bq597939,bq,G,g
240518694216,2460312.7431771,11.642673858682166,0.0492792014264139,13.734933792477946,0.00460069138985568,17.92098145785483,1.82,bA506139,bA,G,g
240518694216,2460314.7478021,13.546035555720666,0.03212080604931239,13.570535094255307,0.002577427135430278,18.38567452378795,2.03,bA507100,bA,G,g
240518694216,2460316.7600338,13.978347088408933,0.038766031358657776,13.536426072303065,0.003014447297719297,18.181512254607455,1.67,bA508074,bA,G,g
240518694216,2460334.6392743,15.46933375663037,0.16998798553872152,13.426386598222857,0.011944247399757316,16.576595043270398,1.42,bq602666,bq,G,g
