# "asas_sn_id":266288123637,"ra_deg":267.69483,"dec_deg":6.13272,"name":"V3119 Oph"
asas_sn_id,jd,flux,flux_err,mag,mag_err,limit,fwhm,image_id,camera,quality,phot_filter
266288123637,2457041.1755634,3.8366197079722557,0.45761960406026164,14.99990952113828,0.12964866235644562,15.561094841141825,1.75,bd084610,bd,G,V
266288123637,2457042.172928,2.7219008781610032,0.20218741499140394,15.372600640235852,0.08074097447919004,16.44797109429673,1.61,bd084911,bd,G,V
266288123637,2457043.1706885,3.3183659113022945,0.141196305383894,15.157470721168977,0.04624994623400721,16.837798061455118,1.57,bd085325,bd,G,V
266288123637,2457044.1681692,2.182199892361327,0.09521758049320629,15.612545079475865,0.04742799707011174,17.265563539357274,1.46,bd085737,bd,G,V
266288123637,2457045.1656742,2.6256811717375284,0.0724661523743157,15.411676429685352,0.029998903818349,17.562018386543926,1.51,bd086148,bd,G,V
266288123637,2457051.1625116,2.2966853046276436,0.07610170946137838,15.55702767559197,0.03601679744624517,17.50887036274574,1.58,bd088383,bd,G,V
266288123637,2457053.1584365,2.1638643973406304,0.09058966588485055,15.62170630101376,0.04550517502701288,17.319659748965172,2.06,bd089092,bd,G,V
266288123637,2457054.152847,2.9322402719469878,0.060946784643688974,15.291782519176998,0.02259245454108056,17.74997939722973,2.02,bd089432,bd,G,V
266288123637,2457055.1503325,2.4088782766769117,0.07983646623815885,15.505244266604098,0.036024554868702395,17.45685312931734,1.75,bd089839,bd,G,V
266288123637,2457056.1482746,2.38306083415685,0.16387420343227438,15.516943581905773,0.07474594505202282,16.676079909518297,1.65,bd090230,bd,G,V
266288123637,2457061.1356971,3.0412749050321795,0.10974171560823683,15.252142208528202,0.039221864912587306,17.111427030421765,2.43,bd090645,bd,G,V
266288123637,2457062.1265187,2.071271618786077,0.11437114755174518,15.669188768576149,0.060019392726008924,17.06656519703323,2.26,bd091018,bd,G,V
266288123637,2457065.1291794,3.291789278000989,0.09835883163459916,15.166201338721146,0.03247831634617668,17.23032299046175,1.75,bd091474,bd,G,V
266288123637,2457070.1181304,2.8525338818677537,0.07712393763023953,15.321704375541742,0.029388035501440278,17.494383406811217,1.74,bd092574,bd,G,V
266288123637,2457071.131873,2.2299195707613353,0.0716985425329369,15.58905840676706,0.03494888310198488,17.57358057481206,1.41,bd092974,bd,G,V
266288123637,2457072.1175666,3.248502084333579,0.06531571315517946,15.180573530123318,0.02185479293008646,17.6748122109459,1.61,bd093365,bd,G,V
266288123637,2457074.1207863,3.0223308493717806,0.06475735661819801,15.258926394324426,0.02328945261613825,17.684133612094687,1.59,bd093850,bd,G,V
266288123637,2457078.1046102,3.0534123553638963,0.08206331427543834,15.247817758029926,0.02921297363931872,17.42698376179298,1.65,bd094655,bd,G,V
266288123637,2457079.0956051,2.515339187966741,0.0811670332171309,15.458290012021427,0.03507480682034506,17.438907213401794,1.63,bd095046,bd,G,V
266288123637,2457083.1038879,3.259863617526571,0.12408744150527148,15.17678282719578,0.04137524437676212,16.97803681827314,1.47,bd095808,bd,G,V
266288123637,2457084.0993761,2.137558483232637,0.1114143242956797,15.634986390054173,0.056654602603061294,17.095003816882354,1.79,bd096071,bd,G,V
266288123637,2457092.0633745,2.708986798271631,0.12063623418095472,15.377764183048646,0.048404201004116396,17.008661964520307,1.56,bd097073,bd,G,V
266288123637,2457097.1003825,2.0256963213646695,0.10181712056418524,15.69334555595538,0.05463345223798593,17.192804366617416,1.54,bd098034,bd,G,V
266288123637,2457102.0427439,3.7082157980498023,0.18900010488476687,15.036868905038116,0.05539993026347546,16.521201280719193,1.51,bd099617,bd,B,V
266288123637,2457104.0627984,2.566186013771597,0.07022334615263383,15.43656107037978,0.029744423697004658,17.596152594133272,1.51,bd100139,bd,G,V
266288123637,2457106.0635345,2.420608409229218,0.09910901966596067,15.499970060266492,0.044504181212602946,17.22207344280929,1.51,bd100778,bd,G,V
266288123637,2457107.0536668,3.245917552355326,0.07564512828712434,15.18143769358865,0.02533119347711705,17.515403984330405,1.48,bd101120,bd,G,V
266288123637,2457109.0460262,3.179478601954629,0.07676719242202874,15.203891638250697,0.026244114493310124,17.49941724966005,1.61,bd101526,bd,G,V
266288123637,2457110.0930871,2.206208720041861,0.07045958504041612,15.600664912503962,0.0347140797618006,17.59250619080133,1.57,bd101896,bd,G,V
266288123637,2457111.0191255,2.972237855718827,0.06459390765932937,15.277072501408067,0.02362219061971504,17.68687749786521,1.60,bd102197,bd,G,V
266288123637,2457112.0104209,2.090169615013929,0.13415538729835316,15.65932757934021,0.06976518656808246,16.893336100207193,1.48,bd102498,bd,G,V
266288123637,2457114.0262049,1.938748688460123,0.1404789800796104,15.740977611949909,0.07875932784567018,16.843328030020402,1.60,bd103208,bd,G,V
266288123637,2457115.000647,2.5191999100460967,0.09235686975687271,15.456624824214513,0.039849120948804474,17.298683381200593,1.68,bd103541,bd,G,V
266288123637,2457126.1158189,2.1217229591607034,0.07406907150475575,15.643059714749013,0.03794551026732717,17.538264142244003,1.50,bd106327,bd,G,V
266288123637,2457131.0928912,2.9809063524330885,0.0692003415803606,15.273910573174426,0.025233185378653007,17.612085798210643,1.59,bd107249,bd,G,V
266288123637,2457132.0889581,2.3034731082915263,0.07328665451949673,15.55382353830981,0.03458230391302134,17.549794151351815,1.51,bd107582,bd,G,V
266288123637,2457133.9511681,2.231350913315447,0.08111642019343851,15.588361717117202,0.03951418910546099,17.439584453044922,1.72,bd108100,bd,G,V
266288123637,2457135.9704859,2.06235027530122,0.07531688906160641,15.673875332032738,0.03969557681013162,17.520125460352553,1.46,bd108517,bd,G,V
266288123637,2457136.9676909,2.805846343623298,0.062216736704975524,15.339621694257717,0.02410213512813758,17.727588322590158,1.53,bd108827,bd,G,V
266288123637,2457137.962084,2.1720349132229844,0.07117769095935433,15.617614399994045,0.03561961869010708,17.58149665577306,1.68,bd109161,bd,G,V
266288123637,2457138.9606846,2.6178560241624313,0.06131035877536345,15.414917010239883,0.02545659261088236,17.743521749839665,1.61,bd109497,bd,G,V
266288123637,2457153.9185888,2.4321962748187236,0.07509057819156356,15.494784857095018,0.03355822658373467,17.52339277274141,1.54,bd111746,bd,G,V
266288123637,2457161.9343936,2.6877969472492422,0.09383265894264736,15.386290263670514,0.03794632652374103,17.28147133584355,1.49,bd113585,bd,B,V
266288123637,2457162.9702423,2.321737671166607,0.07048687709641786,15.545248534400784,0.03299949503704202,17.59208571946456,1.62,bd113932,bd,G,V
266288123637,2457168.857036,2.4614599045252246,0.046525546154412865,15.48179948999081,0.020545224290284894,18.043127693847225,1.51,bd115274,bd,G,V
266288123637,2457173.8618686,2.970703986788301,0.109717670589389,15.277632956856678,0.04014480679581104,17.111664947314395,1.48,bd116244,bd,G,V
266288123637,2457178.9114516,3.3325984927822505,0.14170558726387963,15.152823920600266,0.046218532648604746,16.833888958071807,1.58,bd117312,bd,G,V
266288123637,2457179.8410165,2.518389518026118,0.08364046149241537,15.456974146832518,0.036099874324329456,17.40631534266674,1.53,bd117586,bd,G,V
266288123637,2457181.8704364,2.2591033475982303,0.06368170360394625,15.574941156714786,0.03064014008980962,17.702319711002698,1.54,bd118201,bd,G,V
266288123637,2457188.9581492,2.182908904070126,0.09206502003333801,15.612192373633007,0.0458428080817731,17.302119763682843,1.53,bd119421,bd,G,V
266288123637,2457190.926928,2.272054813994047,0.06791095081127754,15.568734392896664,0.032488763223129186,17.632506866170054,1.96,bd120021,bd,G,V
266288123637,2457192.9458769,2.4239869475920655,0.07162605672494549,15.49845571211388,0.0321183286737477,17.574678787863903,1.52,bd120480,bd,B,V
266288123637,2457194.9028629,2.7871676795016063,0.07016370665484271,15.346873661517645,0.02736286700608913,17.59707508327434,1.69,bd121058,bd,G,V
266288123637,2457200.8104677,2.8694210292042324,0.08967200529190034,15.315295712496756,0.033968375493675054,17.330714189211857,1.47,bd122506,bd,G,V
266288123637,2457206.9800047,1.9896339848871867,0.21204790567800513,15.71284842827157,0.11584384653084843,16.396271425066274,1.54,bd124332,bd,G,V
266288123637,2457208.9964331,2.294561676722214,0.10235147868959467,15.558032064977318,0.048484906027987745,17.187121090247743,1.79,bd124644,bd,G,V
266288123637,2457209.8314336,2.8889125633247894,0.053670909656076404,15.307945410619727,0.020193738647182866,17.888009003406694,1.74,bd124831,bd,G,V
266288123637,2457215.8733873,2.759901238827869,0.07420135042596492,15.357547550983924,0.029223379674849087,17.536326870465633,1.57,bd125991,bd,G,V
266288123637,2457222.9455778,2.7347468198259532,0.06639416072033223,15.367488589582042,0.026389121463519634,17.657031680138385,1.54,bd127280,bd,G,V
266288123637,2457227.8866856,2.8122064481314317,0.07691827154278781,15.337163405260977,0.029729971265049566,17.49728260244231,1.53,bd128005,bd,G,V
266288123637,2457233.8214018,2.9172280563599777,0.11763009265244019,15.29735545020152,0.04382886558443637,17.03606029593668,1.67,bd129704,bd,G,V
266288123637,2457237.9141766,2.282357320960571,0.10572384653810585,15.563822310475732,0.05035023370029376,17.15192400459823,1.50,bd130503,bd,G,V
266288123637,2457240.894946,3.1989889687147204,0.09207737417632436,15.197249548316245,0.03128616676842791,17.301974079247742,1.55,bd131010,bd,G,V
266288123637,2457243.8927906,2.1663117112380634,0.07206134707872877,15.62047903564665,0.03615710092236287,17.568100452812068,1.50,bd131939,bd,G,V
266288123637,2457246.8852292,2.8978842717305073,0.06531323811642346,15.304578810161164,0.024498097049318362,17.674853354033395,1.48,bd132955,bd,G,V
266288123637,2457251.8702828,3.3630141348729214,0.08277018870195495,15.142959672831344,0.026752072042233038,17.41767153038309,1.49,bd133926,bd,G,V
266288123637,2457263.8284784,2.1795874831206046,0.09975073027082847,15.613845641557088,0.04974551728517077,17.21506618412258,1.52,bd135637,bd,B,V
266288123637,2457264.7360925,2.210724526814506,0.09021764969847247,15.59844483067748,0.04435770333494791,17.324127621418018,1.57,bd135966,bd,G,V
266288123637,2457267.7319852,2.58989940441943,0.07924117358522297,15.426574165118872,0.033256778341175956,17.464979146317205,1.47,bd136568,bd,G,V
266288123637,2457272.8131831,2.6423101136740703,0.05210574242617418,15.404821936845199,0.02143453043497508,17.920142422924673,1.46,bd137863,bd,G,V
266288123637,2457275.7964132,3.004912764084209,0.08395600137926121,15.265201733326322,0.030369108990137075,17.40222702865199,1.45,bd138782,bd,G,V
266288123637,2457302.7205334,2.3698844911771153,0.06341986399185615,15.522963457283813,0.029087761462803206,17.706793127880747,2.74,bd143428,bd,G,V
266288123637,2457309.6995463,2.7892013567734684,0.11080152538882784,15.346081735041338,0.04317954325798494,17.100992045417247,1.78,bd145805,bd,G,V
266288123637,2457411.1756666,3.203374681595843,0.2851805837268686,15.195762057675728,0.0967663561606437,16.074556509620514,1.71,bd175948,bd,G,V
266288123637,2457412.1722802,3.001035470521052,0.20261099380771075,15.266603583098705,0.0733844512197987,16.44569887674701,1.80,bd176376,bd,G,V
266288123637,2457413.1688842,2.8762154614616358,0.14870828970921185,15.312727863123317,0.05619865670771336,16.781518446571454,1.62,bd176805,bd,G,V
266288123637,2457422.163585,2.337882323104587,0.07804717742748903,15.537724786417922,0.036286637556455455,17.48146339006977,1.53,bd180616,bd,G,V
266288123637,2457425.149422,2.6217145470355256,0.06012054376888904,15.413317894938128,0.02492583230084632,17.764799143748384,1.54,bd182023,bd,G,V
266288123637,2457430.1434909,3.159328297147189,0.06786654106811008,15.210794511144341,0.023349260502135788,17.63321710565162,1.46,bd183503,bd,G,V
266288123637,2457431.1405129,2.26520475111065,0.06851825756799995,15.572012744871609,0.032878426060700544,17.622840618065286,2.05,bd183925,bd,G,V
266288123637,2457432.1371784,2.9364081395092816,0.057575427624103906,15.29024035643268,0.021312427828373146,17.8117634630785,1.65,bd184225,bd,G,V
266288123637,2457433.1336259,2.2594908415465516,0.06951026678574855,15.574754941183036,0.033438789138389,17.607234005255815,1.63,bd184643,bd,G,V
266288123637,2457434.1260165,3.042199191156713,0.060962741091295375,15.251812288189653,0.021781561577196584,17.74969517837382,1.73,bd185058,bd,G,V
266288123637,2457435.1378017,2.458278706205923,0.06067551416793833,15.483203606324807,0.026828384295165836,17.754822730534453,1.87,bd185386,bd,G,V
266288123637,2457440.1086458,2.374565703040411,0.10166858432183003,15.520820927530782,0.046538754704955484,17.19438945294845,1.52,bd187108,bd,G,V
266288123637,2457445.1029091,3.0809838971879904,0.10986658268851984,15.238057833327588,0.038760409842931255,17.11019235281161,1.55,bd189092,bd,G,V
266288123637,2457448.0995852,2.5344914867777844,0.06784601672414702,15.450054312542527,0.02909683095684412,17.633545505968467,1.46,bd190204,bd,G,V
266288123637,2457453.0741423,2.261068384854946,0.0702043436593512,15.573997160621717,0.03374912041850622,17.5964464349718,1.53,bd192228,bd,G,V
266288123637,2457456.103071,3.0204417931426613,0.08968760386248954,15.259605227346594,0.0322755850348824,17.330525340307094,1.51,bd193453,bd,B,V
266288123637,2457458.0642826,3.0726588173726133,0.06834748259764968,15.2409955554206,0.024177999045625245,17.625550085959535,1.63,bd193900,bd,G,V
266288123637,2457459.1133466,2.8367172523848274,0.05040951221767707,15.32774127955734,0.019315618437695206,17.956075156042495,1.45,bd194324,bd,G,V
266288123637,2457465.1424726,2.9905422211297665,0.06049991813967272,15.270406558877042,0.021989584404448797,17.757969426116535,1.54,bd196414,bd,G,V
266288123637,2457480.1081919,2.4488087072209366,0.0657850932432925,15.487394252488338,0.02920013144479652,17.667037657195777,1.73,bd200756,bd,G,V
266288123637,2457483.0429825,2.8335834454117235,0.05581892994782231,15.328941388058524,0.02141202160166816,17.845402626722965,1.54,bd201869,bd,G,V
266288123637,2457489.0144803,3.2886230404792127,0.06084072016512025,15.167246166555383,0.02010909026567738,17.751870528404737,1.58,bd203141,bd,G,V
266288123637,2457490.0221908,2.0699669629025195,0.0669437162088164,15.669872869309032,0.035152690949518894,17.648081850087102,1.50,bd203523,bd,G,V
266288123637,2457493.9664559,2.225018748019255,0.08418836596232165,15.591447217767305,0.041127335901672245,17.39922619305907,1.62,bd204924,bd,G,V
266288123637,2457495.0499108,2.406300249393235,0.05972048905521066,15.506406864340004,0.02697650680806769,17.77204800483928,1.43,bd205371,bd,G,V
266288123637,2457495.9554284,2.2662786452104347,0.09054197462010864,15.57149813823,0.043425899993567475,17.32023148931747,1.54,bd205615,bd,G,V
266288123637,2457498.1049252,3.0207654171851925,0.05858282454957219,15.259488902801579,0.02107975112658439,17.79293062567487,1.58,bd205878,bd,G,V
266288123637,2457500.9496495,2.064690106864466,0.153638478110425,15.672644212451539,0.08088300768090206,16.746106402317796,1.63,bd206897,bd,G,V
266288123637,2457508.1033511,2.3007894571578276,0.07394561101047759,15.55508920788679,0.03493395012384652,17.54007538903796,1.77,bd209415,bd,G,V
266288123637,2457511.0395401,3.0280477325105424,0.05817921937443531,15.256874612352329,0.020884176048408396,17.800436669277033,1.63,bd210256,bd,G,V
266288123637,2457521.9869274,3.110477421385654,0.057549609399469875,15.227713771531658,0.02011071446145616,17.812250442842807,1.47,bd212631,bd,G,V
266288123637,2457527.8768335,3.082463560330382,0.2566472691063785,15.2375365264173,0.09050047712869508,16.18901477506187,1.45,bd213856,bd,G,V
266288123637,2457528.8897148,1.825609438223707,0.12228888269972858,15.806261723666273,0.07281004129557606,16.993888951037587,1.58,bd214217,bd,G,V
266288123637,2457536.0373291,2.831836594195933,0.08548827577522815,15.329610930530627,0.0328133477321991,17.382589999115584,1.56,bd215967,bd,G,V
266288123637,2457538.9134461,3.1027173207563186,0.06434575737048137,15.23042587921105,0.02254186681854717,17.691056601097745,1.47,bd216767,bd,G,V
266288123637,2457543.9072598,3.127757297400851,0.0687215703370877,15.221698789462543,0.02388208289822389,17.619623706485832,1.50,bd218035,bd,B,V
266288123637,2457548.908157,2.3563782672581617,0.07317100229123166,15.529168882993773,0.03375251726251365,17.5515088836536,1.52,bd219470,bd,G,V
266288123637,2457561.9567294,3.1577485856072696,0.1283226174897267,15.21133753130368,0.044171061180372756,16.94159836955009,1.49,bd222667,bd,G,V
266288123637,2457562.791415,3.1379671899065054,0.07706385995615583,15.218160408618065,0.026694053857277696,17.495229498527582,1.52,bd222887,bd,G,V
266288123637,2457570.8809881,1.9881174618088635,0.0734662928946539,15.713676305082542,0.04016596993076376,17.547136078876626,1.51,bd224553,bd,G,V
266288123637,2457575.9837392,2.3691949935520444,0.07661937615297204,15.523279388908227,0.03515199501422005,17.501509864758486,1.50,bd225607,bd,B,V
266288123637,2457576.9496651,3.1077677514736504,0.06190334350857192,15.228660014991295,0.02165098820920383,17.7330711270189,1.62,bd225931,bd,G,V
266288123637,2457578.8831271,3.248586645363069,0.060460232204753384,15.180545267935418,0.020229610866196904,17.758681866664684,1.58,bd226588,bd,G,V
266288123637,2457585.8596779,2.7353413674950544,0.09580214789724975,15.367252570742771,0.038069387130606695,17.258918278353594,1.60,bd228085,bd,G,V
266288123637,2457592.92765,2.7077165522223816,0.1501638273151646,15.378273405009184,0.0602801468623299,16.77094307148386,1.58,bd229667,bd,B,V
266288123637,2457596.9263214,3.1008486149288013,0.058094839230760455,15.231079993846206,0.020364284821015446,17.80201250818955,1.60,bd230312,bd,G,V
266288123637,2457600.9126125,3.0150962041652534,0.05945945067261295,15.261528469651992,0.021435414763329552,17.776804162237703,1.49,bd231488,bd,G,V
266288123637,2457602.823618,3.1900985999659404,0.07560104364812836,15.200271138285204,0.025759406760811447,17.51603691658085,1.42,bd232018,bd,G,V
266288123637,2457605.8955804,2.8088713673233006,0.059052481437472375,15.338451776823499,0.022851697863439956,17.784261014249395,2.09,bd232994,bd,G,V
266288123637,2457607.8825908,3.220733543188036,0.0630248903445386,15.189894413571345,0.02127009722265939,17.713576146849892,1.53,bd233680,bd,G,V
266288123637,2457609.8905946,3.335516932415412,0.0736539388384724,15.151873530401119,0.024001865616157497,17.544366451573055,1.53,bd234369,bd,G,V
266288123637,2457611.7583824,2.7150928913590926,0.06150138169643036,15.375319672822183,0.024621377833389645,17.74014421170203,1.54,bd234858,bd,G,V
266288123637,2457616.791682,2.5339697792980416,0.09821584411791028,15.450277826809014,0.04213008109814551,17.231902509802012,1.55,bd236281,bd,G,V
266288123637,2457619.856809,2.6400200275369636,0.07911488559391512,15.405763350774421,0.03257340473404692,17.466710882686098,1.63,bd237370,bd,G,V
266288123637,2457622.8531299,3.0208739526604056,0.07653566197639715,15.259449893225622,0.02753869848081624,17.502696786488528,1.59,bd238187,bd,G,V
266288123637,2457627.8299742,2.3676732047685882,0.06289574070640735,15.523977006475725,0.02887431230490469,17.71580330352706,1.55,bd239012,bd,G,V
266288123637,2457631.8133583,2.9762055335618562,0.05954580034637303,15.275624104965521,0.02174705184127739,17.77522855136808,1.60,bd239894,bd,G,V
266288123637,2457637.7845111,3.0402676066149597,0.05476146803838096,15.252501873980995,0.019578320900047522,17.8661686883556,1.57,bd240517,bd,G,V
266288123637,2457647.7834959,1.7198093419533413,0.21263510506097932,15.87108064528173,0.13438996321197277,16.393268978442936,1.69,bd242345,bd,B,V
266288123637,2457650.7643589,3.0074078100499357,0.07083731597531151,15.264300596449258,0.025602474770650363,17.586701150128697,1.61,bd242692,bd,G,V
266288123637,2457656.745116,2.2812667005033047,0.06817952517392775,15.564341251621226,0.03248553951211748,17.62822146286531,1.70,bd244197,bd,B,V
266288123637,2457658.7438336,2.2550162311728887,0.06767173815746219,15.576907224033649,0.032618939106002755,17.636338064833428,1.51,bd244913,bd,G,V
266288123637,2457661.7302009,3.164008270021042,0.06291208265664713,15.209187379573777,0.02161268008929037,17.71552123764821,1.68,bd245605,bd,G,V
266288123637,2457670.7096648,2.982823131050997,0.069176840673386,15.273212648823765,0.0252084065395965,17.61245458423991,1.79,bd247689,bd,G,V
266288123637,2457786.172039,3.193726670802623,0.12460645683311446,15.199037041762246,0.04240870145331535,16.973505025944146,1.62,bd281879,bd,B,V
266288123637,2457788.1565916,3.111442594161809,0.06015904771067884,15.227376922767062,0.02101606160866784,17.764104011273442,1.89,bd282596,bd,G,V
266288123637,2457794.1404411,2.3693476990009033,0.1377539575345013,15.523209410501233,0.06319568993636518,16.864596182295575,1.80,bd284234,bd,G,V
266288123637,2457797.1390573,3.1395351310467157,0.09889667605273407,15.21761803669649,0.03423958724042125,17.224402155993776,1.62,bd284896,bd,G,V
266288123637,2457800.1306643,2.3267639415897987,0.07787123842415788,15.54290059248112,0.036377841751839994,17.483913689808627,1.75,bd286030,bd,G,V
266288123637,2457807.1331204,2.270793212993637,0.06219870792628926,15.569337435705572,0.02977254416534884,17.72790298606208,1.64,bd288502,bd,G,V
266288123637,2457817.0894487,3.248751740706359,0.07358457350226198,15.180490091498289,0.024619681173386837,17.545389451075742,1.58,bd290160,bd,G,V
266288123637,2457818.0857775,2.3008548138509495,0.060087544043547755,15.555058366681443,0.028386209977372547,17.765395260001494,1.52,bd290546,bd,G,V
266288123637,2457819.086126,3.1523177851309137,0.061753788739800065,15.213206423897656,0.021293438031355885,17.735697374341125,1.46,bd290865,bd,G,V
266288123637,2457820.0824912,2.1224071910806415,0.07386560398235562,15.642709633414055,0.03782907460841275,17.541250760413597,1.53,bd291205,bd,G,V
266288123637,2457826.0537957,2.4029624118335926,0.1066019315472136,15.507913960924771,0.04822034009130243,17.142943709044918,1.49,bd292313,bd,G,V
266288123637,2457829.0623321,2.375783319915592,0.08473987515774602,15.52026433232168,0.038769764558050784,17.392136844064375,1.59,bd293472,bd,G,V
266288123637,2457839.1359972,3.1040535708706742,0.061788691289050034,15.22995838486479,0.02163674673550179,17.73508390175488,1.67,bd297120,bd,G,V
266288123637,2457845.0259675,2.995218910681595,0.053358137215412396,15.26870998192176,0.019363517981043275,17.894354744853455,1.56,bd298889,bd,G,V
266288123637,2457848.9939491,2.898123272794076,0.06644071328194166,15.304489268487576,0.024918942299228263,17.65627067811971,1.82,bd300225,bd,G,V
266288123637,2457850.0891594,3.069275446950938,0.06333158458864845,15.242191741499578,0.022428315767191946,17.708305507593458,1.74,bd300673,bd,G,V
266288123637,2457851.9842293,2.8194885466336292,0.10135697565606464,15.334355567690118,0.03907468460712621,17.197722285285792,1.71,bd301339,bd,G,V
266288123637,2457856.0073946,3.02511129655572,0.1280585837298452,15.257928011102928,0.04601288980948007,16.943834657642704,1.60,bd302669,bd,G,V
266288123637,2457869.0828247,2.223277038609653,0.05978960478573597,15.592297447676248,0.029231040363148858,17.77079218690953,1.77,bd305053,bd,G,V
266288123637,2457876.9348049,2.3542022920487624,0.0664127617149383,15.53017195902816,0.03066337362620485,17.656727542777922,1.48,bd306251,bd,G,V
266288123637,2457878.0439794,2.845699399276603,0.05606933780485035,15.324308849027528,0.02141650393996959,17.840542826214623,1.55,bd306696,bd,G,V
266288123637,2457878.9126236,2.5335006049706856,0.09737214201376475,15.450478873688969,0.041775906660497915,17.241269584134994,1.52,bd306958,bd,G,V
266288123637,2457879.9091458,3.2423247927177714,0.09784043979589306,15.182640111564032,0.03280001570626975,17.23606040317658,1.52,bd307317,bd,G,V
266288123637,2457881.0945448,3.162589936856082,0.06456378958231204,15.20967419275301,0.022190051051781533,17.68738386005541,1.58,bd307816,bd,G,V
266288123637,2457882.8986112,2.0788681728089267,0.139159887984835,15.665214028755495,0.07276110615769477,16.85357121743869,1.62,bd308176,bd,G,V
266288123637,2457886.0179805,1.9169836706609968,0.1345368999278053,15.75323537085082,0.07628430175446879,16.89025285314407,1.52,bd309138,bd,G,V
266288123637,2457891.0107378,2.7412777283212355,0.06070568954883251,15.36489881040815,0.024070689547455476,17.754282902238128,1.69,bd310094,bd,G,V
266288123637,2457894.0194904,3.150169377436623,0.06847865010575431,15.213946640909274,0.023628353403939827,17.623468417008596,1.50,bd311101,bd,G,V
266288123637,2457897.96063,3.0681544712523166,0.06401274019845284,15.24258835178447,0.022677823455447176,17.696690347496727,1.49,bd312317,bd,G,V
266288123637,2457901.0181975,2.3617356576100152,0.06129742151854721,15.526703187904348,0.028211299546030473,17.743750878009738,1.63,bd313372,bd,G,V
266288123637,2457903.9513257,2.8987444401513613,0.053909191329642656,15.3042565828632,0.020214595769738834,17.88319935068057,1.61,bd313954,bd,G,V
266288123637,2457907.9226218,2.5925136101948443,0.0843931178829574,15.425478791944329,0.035383285747103775,17.39658881346709,1.55,bd315146,bd,G,V
266288123637,2457910.0094426,2.1662386108609217,0.08028581724624942,15.620515673525109,0.04028512474176814,17.45075931241384,1.55,bd315755,bd,G,V
266288123637,2457926.0247281,2.3036948874018366,0.07229569404614691,15.553719008320918,0.034111407967633775,17.5645753152984,1.63,bd319207,bd,B,V
266288123637,2457928.9534622,3.0993643055759983,0.06803421556413251,15.231599836778972,0.02385980705004489,17.63053793935654,1.44,bd320126,bd,G,V
266288123637,2457930.7537325,2.441433808409453,0.11309224092419222,15.490669018797279,0.05035006413330855,17.078774369413726,2.40,bd320579,bd,B,V
266288123637,2457931.9877685,2.1402446123452217,0.05801610559620829,15.633622873339482,0.02946438177204621,17.80348496146766,1.53,bd321047,bd,G,V
266288123637,2457936.8823389,3.077038645053881,0.08236431172874592,15.239449027866282,0.02909499558480438,17.423008709600353,1.87,bd322030,bd,G,V
266288123637,2457939.8774859,2.3368260846043665,0.11446883695004574,15.53821542510596,0.0532442913396401,17.065638218094392,1.57,bd322810,bd,G,V
266288123637,2457944.964941,2.004009050153096,0.137619356494582,15.70503220830707,0.07464350375458666,16.86565758677039,1.54,bd324533,bd,G,V
266288123637,2457948.9607677,2.9442284550255504,0.08077105457979501,15.287352640262018,0.029819229684230994,17.44421701056686,1.55,bd325477,bd,G,V
266288123637,2457951.9082219,2.7758454532486962,0.07464104907146461,15.351293197348934,0.029227698891783407,17.52991205682459,1.76,bd326140,bd,B,V
266288123637,2457959.8273986,2.1468323192140484,0.05923148706926128,15.630286092778887,0.029989324543898552,17.780974803174228,1.49,bd327192,bd,G,V
266288123637,2457964.8080197,2.609513071924338,0.059176706341640344,15.418382712708642,0.024649237279219246,17.781979419862168,1.68,bd328338,bd,G,V
266288123637,2457970.8082943,1.9658639724218052,0.11396128092498868,15.725897745484769,0.06301095053619675,17.070463088512998,1.73,bd329735,bd,G,V
266288123637,2457972.7451857,2.3274373323521096,0.10633882365598958,15.542586414089314,0.049662208421368856,17.145626764323474,1.77,bd330401,bd,G,V
266288123637,2457975.8903514,2.508220202424724,0.09646708768231883,15.461367250655451,0.04180475461768148,17.25140847498083,1.58,bd331678,bd,G,V
266288123637,2457978.8771319,3.14932593537325,0.06734238841897232,15.214237380260547,0.023242512773710852,17.64163510527585,1.59,bd332478,bd,G,V
266288123637,2457980.8493475,3.1630768597072105,0.0576472724207753,15.209507042067889,0.019809850186199438,17.81040948496571,1.50,bd333169,bd,G,V
266288123637,2457983.8634875,2.6414388562977003,0.039290125202045695,15.405179999157067,0.016167952450040483,18.226647861831257,1.51,bd334244,bd,G,V
266288123637,2457985.8181542,2.538680603009027,0.05469129926078334,15.448261242600708,0.02341651972423549,17.867560791901237,1.60,bd334768,bd,G,V
266288123637,2457989.834403,3.2354772078132603,0.06928716760859895,15.184935542518733,0.023276980138549497,17.610724373266578,1.47,bd335457,bd,G,V
266288123637,2457998.7682143,2.3323511644833426,0.09089653485197838,15.540296555899323,0.042360937265950756,17.31598807515308,1.55,bd337963,bd,G,V
266288123637,2458001.8119801,2.2461274111609124,0.10652707236153715,15.581195434771644,0.05155108097153882,17.14370641454252,1.57,bd338751,bd,G,V
266288123637,2458008.798106,2.6301154530048194,0.04209336420377295,15.409844372168644,0.017396063998239862,18.15182230116793,1.51,bd340194,bd,G,V
266288123637,2458011.7782152,3.132173365523329,0.07122683384396263,15.220166923984538,0.02471781173472467,17.580747294596264,1.47,bd341040,bd,B,V
266288123637,2458012.7785853,2.289762451114466,0.06570505844672564,15.560305331332572,0.031190371627920863,17.668359378798307,1.54,bd341343,bd,B,V
266288123637,2458013.7754656,3.265590226732461,0.06928107842106865,15.174877185476483,0.023060309100156502,17.610819795580895,1.56,bd341698,bd,G,V
266288123637,2458016.7772568,2.1699317286433657,0.06514643400018959,15.618666229273412,0.03263298119928636,17.677629773195715,1.46,bd342660,bd,G,V
266288123637,2458017.7216861,3.2121166813588147,0.06470247632893665,15.192803122503895,0.021894839320923537,17.685054137313845,1.51,bd342720,bd,G,V
266288123637,2458018.7513845,2.167224536710248,0.06657794778874916,15.620021631982887,0.03339171060827812,17.654030383047598,1.49,bd343086,bd,G,V
266288123637,2458020.7506198,2.406102940324425,0.059499887546007345,15.506495894951616,0.026879062290725307,17.77606603138055,1.50,bd343832,bd,G,V
266288123637,2458026.7113074,3.3354534342064546,0.09215298715044962,15.15189419974924,0.03003078662519367,17.301082849945736,1.58,bd345810,bd,G,V
266288123637,2458032.7191961,2.6248765100437237,0.08272067923993222,15.412009213512645,0.03425448071118488,17.418321164017478,1.69,bd347343,bd,G,V
266288123637,2458162.1440394,2.90658402195347,0.06587978456351928,15.301324199959357,0.02463663907226712,17.665475967942207,1.46,bd378027,bd,G,V
266288123637,2458180.0927656,2.1743555404498625,0.11521633353216748,15.616455006118027,0.057596443090328193,17.058571266704174,2.04,bd379544,bd,G,V
266288123637,2458184.0859472,2.803308800319674,0.11054211713175956,15.340604053544682,0.04286166230759706,17.103536948557494,1.51,bd380064,bd,G,V
266288123637,2458185.0708899,2.206975035012402,0.10718099156929077,15.600287853236864,0.05278767360050934,17.13706196733156,1.46,bd380443,bd,G,V
266288123637,2458186.0672303,3.2793553994450164,0.09708239685066804,15.170310190036453,0.0321783800623618,17.244505168641098,1.55,bd380830,bd,G,V
266288123637,2458195.0443143,2.8482521511756413,0.047802935827518246,15.32333531937253,0.01824266606260659,18.013719969377945,1.39,bd382329,bd,G,V
266288123637,2458197.0426958,3.1318834419936494,0.15282360557867453,15.220267427694091,0.053039207185081975,16.751880289151714,1.44,bd382896,bd,G,V
266288123637,2458198.0580946,2.215136258473933,0.07174683673409796,15.59628028976344,0.035205821675280066,17.572849498427033,1.44,bd382989,bd,G,V
266288123637,2458207.0137656,2.461824817890946,0.11192788325337881,15.481638540675126,0.049418927692403095,17.090010667199635,2.04,bd383641,bd,G,V
266288123637,2458208.011198,2.757783434172822,0.12430433645413683,15.358381008289939,0.048993480602948614,16.976140694654244,1.53,bd383932,bd,G,V
266288123637,2458210.0070746,3.8239067470442305,0.18019941304351056,15.003513172845963,0.05122220288782098,16.57297296358958,1.47,bd384494,bd,G,V
266288123637,2458218.9877495,2.8728587602877225,0.07179740110394682,15.313995716786927,0.02716480686507516,17.572084583441757,1.44,bd384977,bd,B,V
266288123637,2458220.8392837,1.7536352198223564,0.06300041338826025,15.790217474242656,0.03904957509439597,17.654282113536354,1.56,bt063629,bt,G,g
266288123637,2458221.123203,2.6414305240936957,0.06441214034047053,15.405183424029008,0.026505787444957647,17.68993706743707,1.43,bd385428,bd,G,V
266288123637,2458222.0406751,2.0383371111576354,0.0649027341600772,15.68659137559586,0.034609805114096864,17.68169891186006,2.20,bd385712,bd,G,V
266288123637,2458224.8320971,1.929806486047658,0.05090865649586847,15.686281217969075,0.028674116597302606,17.8856615215757,1.45,bt064604,bt,G,g
266288123637,2458228.8285411,2.7087923624440555,0.052912535341612124,15.318126331645441,0.021232201540698693,17.843744182546278,2.05,bt065405,bt,G,g
266288123637,2458230.9546473,2.4857090342082424,0.1383061323032551,15.471155677656125,0.060478821307990586,16.860252802289743,1.46,bd387757,bd,B,V
266288123637,2458232.0018901,3.327811037574211,0.06925953964629512,15.154384759860836,0.022622110288469627,17.611157392281306,1.46,bd388133,bd,B,V
266288123637,2458234.0673443,2.6635834694874485,0.04881125655680057,15.396115627151508,0.019918922855796873,17.991056423876945,1.50,bd388892,bd,G,V
266288123637,2458234.9774226,1.9602143490545332,0.1846376145073068,15.669306712358287,0.1023832211736806,16.486840160225547,1.99,bt066958,bt,G,g
266288123637,2458236.8086098,2.224727332133161,0.09914386102778465,15.531873646244314,0.04843967383239676,17.161976041621884,1.61,bt067353,bt,G,g
266288123637,2458243.8257332,2.6946199840408145,0.06264249405289249,15.323821806519014,0.0252687458165028,17.660468010375332,1.51,bt068987,bt,G,g
266288123637,2458244.9021949,2.8134318706401045,0.08346723338005424,15.336690397388999,0.03224718345617178,17.408566347335146,1.50,bd389858,bd,B,V
266288123637,2458245.8087061,2.638633041171046,0.10746354350052502,15.346618131267707,0.04426845174547349,17.074487719228443,1.46,bt069683,bt,B,g
266288123637,2458246.0637477,2.972872187338945,0.07496160300875618,15.276840809545877,0.02740783933375922,17.52525923091422,1.55,bd390257,bd,G,V
266288123637,2458246.7757598,1.8126727397557931,0.06225901545119953,15.75426711334969,0.03733318287274273,17.667134990006236,1.45,bt070008,bt,B,g
266288123637,2458247.7853255,2.356232223296522,0.04690143826166886,15.4695203947639,0.021636162893206707,17.974675209370417,1.48,bt070299,bt,G,g
266288123637,2458248.9168558,2.990001433212601,0.08369697319787352,15.270602913274331,0.030426397076842186,17.40558201235061,1.49,bd390882,bd,B,V
266288123637,2458249.8306704,1.9361877360956294,0.048737166351142426,15.68269695989587,0.0273605600473872,17.932989923747858,1.45,bt071022,bt,G,g
266288123637,2458251.8791378,2.5738031659939375,0.04029708669032509,15.433343077613682,0.01701807728106553,18.19917226964243,1.59,bd391379,bd,G,V
266288123637,2458253.1112761,3.002115993214357,0.15274937995004184,15.266212734182787,0.05530496992907207,16.752407753670692,2.11,bd391912,bd,G,V
266288123637,2458253.7500573,1.9721461078232787,0.05476098252124989,15.662717905263614,0.030181743052502503,17.806462532339474,1.51,bt072035,bt,G,g
266288123637,2458254.0020852,3.131860830436313,0.06982903106458958,15.22027526651553,0.024235151187035942,17.602266353955383,1.65,bd392042,bd,B,V
266288123637,2458254.7854573,2.5994291839054595,0.044131903838600516,15.362870646102142,0.018453844017423955,18.040758953442612,1.61,bt072384,bt,G,g
266288123637,2458255.7520496,1.7452026197944892,0.04250260371703738,15.795450981651364,0.02647170120943768,18.08160177188669,1.59,bt072698,bt,G,g
266288123637,2458256.9686058,2.139156469866842,0.07153352510264836,15.634175023365842,0.03634789354055687,17.576082325721735,1.36,bd392560,bd,G,V
266288123637,2458257.9413745,3.0854935090134203,0.04936958328254089,15.236469811713754,0.01739189869229686,17.97870774004258,1.42,bd392852,bd,G,V
266288123637,2458258.8313986,2.055865443511261,0.037138516126750204,15.617578905633763,0.019635503110913537,18.228079242768423,1.53,bt073500,bt,G,g
266288123637,2458259.7317572,1.636019869753286,0.08962142410102582,15.865594187403925,0.059543648103032365,17.27161100981319,1.53,bt073694,bt,B,g
266288123637,2458259.9228035,2.599251327710491,0.046751109977263255,15.42266071830712,0.019550407975780646,18.037876577512403,1.49,bd393427,bd,G,V
266288123637,2458261.8562877,2.6578203720424605,0.04179432263143342,15.398467339662062,0.01709243108893596,18.159563166350623,1.37,bd394081,bd,G,V
266288123637,2458265.8493493,2.7849814516545655,0.20234237363333754,15.347725636865508,0.07897264899709357,16.447139292927595,1.49,bd394836,bd,B,V
266288123637,2458266.7807037,1.7639148912405203,0.12066344678298124,15.783871555718328,0.07435501625820792,16.948701294209002,1.55,bt075323,bt,G,g
266288123637,2458270.7410363,2.029354843204403,0.1487956868552784,15.63167064150065,0.07969746778173868,16.721164755227026,1.60,bt076651,bt,G,g
266288123637,2458271.7792272,1.908976115144242,0.15164781197428592,15.698064385800354,0.08634711399752877,16.70055024008016,1.59,bt076991,bt,B,g
266288123637,2458272.9401631,2.5954288904049263,0.10508916352289946,15.424258568087224,0.04401097332221816,17.15846155567212,1.47,bd396196,bd,B,V
266288123637,2458273.9851755,3.0189640814086425,0.17363611020309144,15.26013653959656,0.06251644514650909,16.613256273155116,1.50,bd396428,bd,B,V
266288123637,2458275.8100885,2.083927895947081,0.08214367737549974,15.662574683848034,0.04284534316978203,17.425921040487967,1.51,bd396743,bd,G,V
266288123637,2458277.863057,3.0235777683472906,0.05064641093613101,15.258478545975764,0.018207054981687665,17.95098470753399,1.73,bd397244,bd,G,V
266288123637,2458279.8835946,3.0738473179958823,0.06075295150078741,15.24057567520126,0.02148311546317683,17.753437939467403,1.67,bd397691,bd,G,V
266288123637,2458280.8899708,2.339021264150133,0.10646891786991247,15.537195979471354,0.049476713365091116,17.144299293671622,1.46,bd397992,bd,B,V
266288123637,2458281.8594022,3.010681158209066,0.05601215849391774,15.26311949295399,0.02022226126657213,17.84165062108672,1.46,bd398284,bd,G,V
266288123637,2458282.7525547,2.202004784824603,0.036118552570237404,15.543019976450545,0.01782888781285019,18.25831476670689,1.65,bt078814,bt,G,g
266288123637,2458284.845905,1.8689707603791432,0.047331661256939765,15.72105935479733,0.027527160391498724,17.96476124219801,1.51,bt079557,bt,G,g
266288123637,2458286.8267448,1.7427662274788482,0.041354618778303966,15.796967784061103,0.025792714981710627,18.111330557197842,1.48,bl094383,bl,G,g
266288123637,2458287.5699241,1.7112940883795118,0.04933620691723015,15.816753997048316,0.03133670140667363,17.91972621928344,1.55,bl094648,bl,G,g
266288123637,2458287.8921478,1.8437286268409194,0.03798725998010566,15.735823125144568,0.02239510705494857,18.203545688850188,1.52,bt080067,bt,G,g
266288123637,2458288.6541452,2.13270188494544,0.05787773947311698,15.577740240306063,0.029498068542961043,17.746361710020736,1.48,bt080202,bt,G,g
266288123637,2458289.7093198,2.6729219926373764,0.05001135770758892,15.332599911381802,0.020337357981650275,17.904968999122705,1.44,bl095700,bl,G,g
266288123637,2458290.5924885,2.3699718126329676,0.050131063955036116,15.463207670432876,0.022991955692127357,17.902373306577324,1.58,bl096077,bl,B,g
266288123637,2458291.5668457,2.1227628197263972,0.06896479454271222,15.582811941434308,0.03531328724151201,17.5560719946608,1.42,bl096527,bl,B,g
266288123637,2458293.9667429,2.7615372004885046,0.08896334426403757,15.356904159637248,0.03501647098087738,17.33932864288082,1.47,bd401409,bd,G,V
266288123637,2458294.6604628,1.7583962899386438,0.0768963930236823,15.787273725389074,0.04753367393548318,17.437875689332955,2.04,bl097913,bl,G,g
266288123637,2458295.5709726,2.7858552013807416,0.12155550200723476,15.287669273214178,0.04742728394302509,16.940704058341545,1.50,bl098312,bl,G,g
266288123637,2458300.7755276,2.295451777794626,0.08553570471636708,15.497895188128389,0.04050339588154312,17.32227201688852,2.24,bl100610,bl,G,g
266288123637,2458305.9870525,2.255782855890791,0.06362081786999108,15.576538175355736,0.030655904100688008,17.703358274103937,1.45,bd404186,bd,G,V
266288123637,2458308.9762119,3.1143461659216536,0.07433322228014001,15.226364195437938,0.0259434810501779,17.534398994935017,1.56,bd404808,bd,G,V
266288123637,2458309.518575,1.6958501729190365,0.044559205081013686,15.826596922216371,0.02856025805802808,18.030297024969244,1.47,bl103560,bl,G,g
266288123637,2458309.9560588,2.229634912936789,0.06747990111021424,15.589197014023737,0.032896739359650665,17.639420299997138,1.65,bd405153,bd,B,V
266288123637,2458311.9370511,2.0841797205513863,0.06666676440740496,15.662443489975113,0.03476853442211982,17.65258294950744,1.47,bd405810,bd,G,V
266288123637,2458315.4992077,2.087164478550313,0.052822164543326146,15.60117393503771,0.027508802891578987,17.845600127123614,1.47,bl106286,bl,B,g
266288123637,2458315.8887465,2.413410283236525,0.06201287010227036,15.503203507329946,0.027929479731490094,17.731151813707676,1.36,bd406690,bd,G,V
266288123637,2458316.6513935,1.8645397264444703,0.04300351099547832,15.723636519770185,0.025069429238362577,18.068880824602832,1.56,bl106630,bl,B,g
266288123637,2458320.8667786,2.1028138120278634,0.1394242375826176,15.652779352126645,0.07206918818113797,16.851510697912783,1.50,bd408069,bd,B,V
266288123637,2458321.8355317,2.940599919567827,0.07815701113769982,15.28869155197369,0.028889775997901154,17.479936536578492,1.48,bd408388,bd,G,V
266288123637,2458322.5927664,2.4374629609519163,0.09604715096057279,15.432720559793143,0.04283104145725595,17.19642939408177,1.50,bl108550,bl,B,g
266288123637,2458325.8697708,3.085492889518699,0.098185844912389,15.236470029704137,0.03458888038035171,17.232234189473022,1.53,bd409731,bd,G,V
266288123637,2458328.8969061,2.935714584193785,0.07568853331203312,15.29049682863361,0.028023890792155164,17.51478116971261,1.56,bd410799,bd,G,V
266288123637,2458329.6865163,2.5528002658948625,0.08607124666672628,15.382523531230355,0.03664826588609758,17.315495377974848,1.99,bt088960,bt,G,g
266288123637,2458330.679015,2.6673146164695454,0.2732187509624791,15.334880010187247,0.11133928535703234,16.061364357446198,1.44,bl111609,bl,B,g
266288123637,2458331.9074715,2.4337850309815776,0.12387599982755744,15.494075865407861,0.05532445314005967,16.979888461717806,1.54,bd411587,bd,B,V
266288123637,2458332.462941,2.6084358370858935,0.05739837729024664,15.359115226500592,0.02391837270667829,17.755391574865946,1.52,bl112330,bl,G,g
266288123637,2458332.8060259,2.836235161592527,0.03976289028285925,15.327925812544837,0.015238698645807394,18.213661531559705,1.65,bd411864,bd,G,V
266288123637,2458333.5338877,1.6562612994012937,0.057715253484316664,15.852243486908865,0.03787685626735478,17.749414092911568,1.46,bl112836,bl,B,g
266288123637,2458334.6827876,1.6796556257275363,0.047529063511116874,15.837015000076315,0.030757510506467425,17.960242468297395,1.51,bl113367,bl,G,g
266288123637,2458335.6387909,2.631778670800636,0.044936348968914734,15.349442215105746,0.018559257325407273,18.021146152575472,1.44,bl113779,bl,G,g
266288123637,2458336.6989627,1.9108049917547112,0.04903781850574589,15.697024704391298,0.027895037362097627,17.926312756605405,1.40,bl114273,bl,G,g
266288123637,2458338.8554247,2.7582001682720003,0.054416484670431094,15.35821695294362,0.02144454691252472,17.873030186853022,2.38,bd413654,bd,G,V
266288123637,2458339.6972573,1.8409571381586018,0.04416886852926396,15.7374564292377,0.02607862981195903,18.039849926166426,2.02,bt091619,bt,G,g
266288123637,2458341.6938389,1.6635415810695082,0.04721600881870239,15.847481470401254,0.030850896244496374,17.96741742826563,1.45,bl116242,bl,G,g
266288123637,2458342.3018973,2.591998219178126,0.04396307726101093,15.365978875236246,0.018435951533843694,18.04492040168239,2.38,bp069215,bp,G,g
266288123637,2458342.5554865,2.173148315904446,0.02481400975908763,15.557342203189657,0.012411370885614548,18.66589823970382,1.50,bl116573,bl,G,g
266288123637,2458342.5556662,2.117225958943644,0.015532852456723234,15.64536337911228,0.007974366272870922,19.23422835119063,1.42,bh300968,bh,G,V
266288123637,2458342.7919111,2.6781304445385845,0.05577346892746979,15.3902020882456,0.02263643875687797,17.846287251104734,1.43,bd414343,bd,G,V
266288123637,2458360.6366722,1.9815203028016242,0.06913311870237303,15.657569306017331,0.03792274756683771,17.55342523888457,1.45,bl123871,bl,G,g
266288123637,2458363.7811191,2.5781763031322127,0.05175615526799121,15.43149987366142,0.02182034271292469,17.92745137598946,1.45,bd418562,bd,G,V
266288123637,2458367.7625271,3.02611559042354,0.05514382842305827,15.257567621964368,0.019807222211798477,17.858614108163913,1.61,bd419031,bd,G,V
266288123637,2458368.6135475,2.5685556556016826,0.046908663057884575,15.375843171086153,0.01985071926537143,17.974507973161767,1.51,bl126910,bl,G,g
266288123637,2458369.6099259,1.7630284492295174,0.04245204299744322,15.784417321335816,0.026172876006275814,18.08289412286233,2.01,bl127322,bl,G,g
266288123637,2458371.791057,2.8725963732984154,0.05558639564450617,15.314094884928537,0.02103323523882028,17.849935108043184,1.51,bd420149,bd,G,V
266288123637,2458376.7798249,2.757253766185908,0.06733772415140386,15.358589558002578,0.02654568082309183,17.641710308126118,1.53,bd421034,bd,B,V
266288123637,2458377.4938736,1.7730066536411249,0.04972586986008337,15.778289708781623,0.030484859395518735,17.911184638882624,1.51,bl130474,bl,G,g
266288123637,2458380.7536064,3.320742912548833,0.09097319462851508,15.156693268504508,0.029777646089744852,17.31507277935315,1.50,bd422431,bd,G,V
266288123637,2458382.5675091,1.4394960196852185,0.08848785999688466,16.00453945138511,0.06681675753392188,17.28543138096918,1.52,bl132423,bl,G,g
266288123637,2458383.570552,2.5073389182564405,0.08541599481648135,15.402033017960836,0.03702868884242099,17.323792603042076,1.53,bl132823,bl,G,g
266288123637,2458384.6593097,2.99617145370334,0.09816387002186301,15.208648967481748,0.0356120670556195,17.17276143213236,2.12,bt099249,bt,G,g
266288123637,2458385.5055029,2.384634370020063,0.08564068751536637,15.456511124277538,0.03903646822815324,17.32094024866329,1.65,bl133358,bl,G,g
266288123637,2458386.6392148,2.8128889752196375,0.10455546247641635,15.277184145051796,0.0404023204695869,17.104273793034444,1.43,bt100051,bt,G,g
266288123637,2458396.7240037,2.26586575197853,0.06684562380111439,15.57169596649518,0.032066457016218755,17.649673942514344,1.74,bd426424,bd,B,V
266288123637,2458398.5916917,1.880535800037411,0.060062387627652286,15.71436160836916,0.03471627817019039,17.706134130242003,1.55,bt102838,bt,B,g
266288123637,2458401.6116454,2.5644048514699826,0.049216690905564686,15.377599147700732,0.020861137868912145,17.922359585270492,2.49,bt103333,bt,G,g
266288123637,2458413.6018704,1.9966313893979915,0.1633905600898439,15.649320886152935,0.08894903477091641,16.61957320768495,1.53,bt104901,bt,B,g
266288123637,2458416.5672044,2.3441724566618896,0.14573814815629277,15.475091725267847,0.06757652584581765,16.743707494453044,1.57,bt105063,bt,B,g
266288123637,2458419.5579337,2.41614430454903,0.0466069692551682,15.44225844972964,0.020967186891536177,17.981513454762485,1.77,bt106332,bt,G,g
266288123637,2458421.5420044,2.569729391714352,0.11743313988436235,15.375347142624207,0.04967243542342612,16.978163928832583,2.28,bt107205,bt,G,g
266288123637,2458425.5435626,2.6111828782848203,0.07469906268975858,15.357972398825373,0.031094962376502208,17.46935273043848,1.54,bt108159,bt,G,g
266288123637,2458508.1725233,1.27555390831131,0.17611795144665643,16.135818577839316,0.1500779815521195,16.538131548371194,1.51,bD018225,bD,G,g
266288123637,2458509.165244,2.645940320382586,0.05983814222445313,15.34361551133533,0.024581604671347377,17.710195357280494,1.46,bD018670,bD,G,g
266288123637,2458511.0237106,2.5358756210214395,0.0836091739452637,15.389745750863613,0.03583753719767213,17.347005779829804,1.62,bt132366,bt,B,g
266288123637,2458520.1509335,2.497116467947521,0.03975911086693573,15.406468625427364,0.01730653151748513,18.15404895217811,1.47,bD019973,bD,G,g
266288123637,2458531.0271863,2.5114848581772296,0.09159894639964256,15.400239211961983,0.03964350883874551,17.247914415685575,1.61,bt136562,bt,B,g
266288123637,2458536.980227,2.5286659217981393,0.10600306096754379,15.392836982989468,0.04556581296474652,17.08934459587177,1.53,bt138051,bt,G,g
266288123637,2458540.890206,2.4905329869593813,0.08010391738441883,15.409334876505362,0.03496017754984532,17.393506223327847,1.46,bl184833,bl,G,g
266288123637,2458543.9673325,2.270845105182825,0.038985881046370414,15.509596842499704,0.01866087544341189,18.17537222809692,1.54,bt139834,bt,G,g
266288123637,2458549.9764409,2.663005668308165,0.05327229627144218,15.33663539515189,0.021744103119784447,17.83638706844187,1.47,bt141521,bt,G,g
266288123637,2458552.8726781,1.8696573184296748,0.042945725506021035,15.720660587696244,0.024967215093081724,18.07034075164862,1.48,bl189236,bl,G,g
266288123637,2458553.8549046,2.7829080350577398,0.047277998189115725,15.288818485468754,0.01846598156283088,17.9659929122449,1.45,bl189613,bl,G,g
266288123637,2458554.853906,1.8103460494592913,0.04061781554666243,15.755661625708814,0.02438749183915876,18.13084920382073,1.48,bl190005,bl,G,g
266288123637,2458555.8568216,2.5925309056154138,0.05098451644551078,15.36575576646827,0.021376004636291426,17.884044849787827,1.41,bl190400,bl,G,g
266288123637,2458557.8476052,2.3171789280800748,0.03879316448842763,15.487666696118097,0.018197335833073872,18.18075259168884,1.50,bl191181,bl,G,g
266288123637,2458560.8635653,2.4153270850408175,0.07895709704889384,15.442625743559704,0.03553263328450368,17.40916267993079,1.48,bl192386,bl,G,g
266288123637,2458561.8775655,1.760600077011114,0.04781129709870598,15.785913830989958,0.029517663819753178,17.953814296274608,1.54,bl192797,bl,G,g
266288123637,2458562.831336,2.3434590163944784,0.12483888411605619,15.475422215383672,0.05790348297422119,16.911765916369333,1.50,bl193166,bl,G,g
266288123637,2458565.9901482,2.663554719273207,0.09657338822235241,15.336411564210444,0.03941014366822315,17.19049693982405,1.51,bt144961,bt,G,g
266288123637,2458568.8529495,2.24167143176021,0.07453333790757298,15.52363572945665,0.03614021956019149,17.471764183571867,1.47,bl195639,bl,G,g
266288123637,2458570.8638231,1.9556642124399084,0.05533408721886519,15.671829901065452,0.03075463906044938,17.7951587356971,2.32,bH060272,bH,G,g
266288123637,2458571.5388913,2.970904362092126,0.14173305435458286,15.217843943702203,0.0518554786692064,16.773962745708403,1.49,bp122144,bp,B,g
266288123637,2458573.8042331,2.2595353911739897,0.04646991427877498,15.51501775206063,0.02235449667541116,17.984710933058082,1.54,bl197405,bl,G,g
266288123637,2458575.7839085,2.420013406967946,0.05212364072517156,15.44052119229389,0.02341149477101347,17.86005375483319,1.45,bH062004,bH,G,g
266288123637,2458575.8732559,2.555120193739066,0.03772501554409354,15.381537286496913,0.016048345505953174,18.211067042959787,1.43,bl197859,bl,G,g
266288123637,2458576.8592901,1.80990628876989,0.0569581704696375,15.755925399644802,0.03420677371112939,17.763750533803716,1.48,bt148284,bt,G,g
266288123637,2458577.9872247,1.7625609260102917,0.04050190989415641,15.784705277098459,0.02497718771174374,18.133951853594645,1.46,bD023135,bD,G,g
266288123637,2458578.8804623,2.155343726310883,0.03793455313822093,15.566274273005227,0.01913068872936763,18.20505318013143,1.50,bt149077,bt,G,g
266288123637,2458579.9026538,1.8331297169280238,0.05111423813566887,15.742082627698856,0.030308250410341103,17.88128588153375,1.64,bl199437,bl,G,g
266288123637,2458580.9776161,2.5783336850288143,0.035592588385580444,15.371717815893959,0.015004883307356214,18.27424168100133,1.52,bD024339,bD,G,g
266288123637,2458581.8676488,1.9077741900870633,0.04080745897975688,15.698748199772325,0.023250096318592373,18.12579172959523,1.47,bt149924,bt,G,g
266288123637,2458582.8465958,2.641739917652184,0.048887886301857045,15.345340475808573,0.020115154597456095,17.929637459747315,1.44,bt150287,bt,G,g
266288123637,2458583.9878183,2.217989397198507,0.028414099255724145,15.535166957953601,0.01392472413725798,18.51880587844465,1.53,bD025522,bD,G,g
266288123637,2458584.8913757,2.5286428379552532,0.04097451928095304,15.392846894570969,0.017613211438580315,18.121355943776912,1.43,bl201538,bl,G,g
266288123637,2458586.5142883,2.123320250654937,0.023079284260346625,15.582526867904555,0.011814599581065177,18.744584770792073,1.49,bp126923,bp,G,g
266288123637,2458586.7359908,2.1514734174068764,0.04501789872585973,15.568225660998552,0.022743715176384648,18.01917756187231,1.50,bH066270,bH,G,g
266288123637,2458587.8853609,1.9296113989210872,0.03879252876649694,15.686390982271824,0.021851960535200523,18.18077038430723,1.59,bl202808,bl,G,g
266288123637,2458588.7719528,2.6666809914238074,0.05556923870053935,15.3351379592769,0.022650383232146545,17.79055449398025,1.44,bl203145,bl,G,g
266288123637,2458589.9486564,2.7732999601739503,0.09486336936633637,15.292573508738744,0.03718038419487079,17.209894246684062,1.45,bD026592,bD,G,g
266288123637,2458591.7599457,1.5847713345334205,0.1364455740445883,15.900149104658912,0.09358473575234713,16.815241979441087,1.56,bH068021,bH,G,g
266288123637,2458593.940119,2.4799265555676544,0.10409988652839897,15.413968574434438,0.04562717807925011,17.10901497114608,1.99,bD028116,bD,G,g
266288123637,2458594.7281309,2.1408828012114767,0.11380395347136621,15.573583389100197,0.05777987910192892,17.012247237907577,1.58,bH069072,bH,G,g
266288123637,2458595.816616,2.7139572525147715,0.08573377627347403,15.316058115247031,0.03433690312086775,17.319760728183525,1.61,bl206126,bl,G,g
266288123637,2458598.6618095,2.4269169457751802,0.1267463378633128,15.437428337003205,0.056766573238901996,16.895302061620697,1.57,bp129007,bp,G,g
266288123637,2458598.9618524,2.7804069162796283,0.09499805972124883,15.289794721909258,0.03713800306062467,17.20835377350849,1.51,bt153853,bt,G,g
266288123637,2458599.7206929,2.5350927291121397,0.10281869913750111,15.390080998113607,0.04408495764310034,17.122460349265562,1.41,bH070665,bH,G,g
266288123637,2458600.7067656,2.0786723315666547,0.05265436535310261,15.605600533883683,0.02753344283726257,17.849054655061337,1.46,bl207712,bl,G,g
266288123637,2458601.741748,2.560825503137505,0.04829915227333791,15.379115656593774,0.02050084181591229,17.94279184078713,1.47,bH071524,bH,G,g
266288123637,2458602.7150424,1.9176644721310159,0.04092512380139232,15.693134066511035,0.023196878737327693,18.122665606798503,1.52,bH071931,bH,G,g
266288123637,2458604.9118761,2.702872004322378,0.03750093570942889,15.320501922327566,0.01508095336201566,18.217535350898103,1.50,bD031319,bD,G,g
266288123637,2458605.9826599,2.4350527758989475,0.038598564910649634,15.433794676543886,0.017229590370546805,18.186212716535593,1.47,bD031761,bD,B,g
266288123637,2458607.6968357,2.3544045773454916,0.05446103455757492,15.470362888703493,0.02514299252669586,17.81242589377723,1.44,bH073746,bH,B,g
266288123637,2458608.7090314,2.097130039470928,0.040101680879070414,15.596002219373943,0.02078496933609502,18.144734169841495,1.52,bl211264,bl,G,g
266288123637,2458610.9124391,1.9234560403890906,0.03621020460897882,15.689859959341126,0.020462603369545185,18.255563164333417,1.47,bD032723,bD,G,g
266288123637,2458611.9387924,2.6972468908360416,0.04781470571816529,15.322763869405227,0.019268724117163627,17.953736893445924,1.51,bt158007,bt,G,g
266288123637,2458612.9263954,1.7273959748665844,0.04884798054370197,15.806585864079388,0.03073738262581274,17.930524076507638,1.55,bt158347,bt,G,g
266288123637,2458614.9742199,2.0330097262708433,0.03223618528710108,15.62971698132455,0.017235201278686593,18.38178150308091,1.42,bD034317,bD,G,g
266288123637,2458616.0098096,2.0006712636214226,0.03428020114755254,15.647126286653632,0.018624293196681907,18.31503220747007,1.53,bD034729,bD,G,g
266288123637,2458616.7611732,2.1041026467416946,0.04823401755905513,15.592398315628698,0.024917168388473087,17.944257018577073,1.44,bl214430,bl,G,g
266288123637,2458617.8995884,2.5292172279735414,0.06251162691893128,15.392600293821614,0.026864999895045212,17.662738606597596,1.43,bD035192,bD,G,g
266288123637,2458618.7491466,1.97455027190784,0.06958733209957005,15.661395133983278,0.03830664913027078,17.546315145317646,1.43,bH075713,bH,B,g
266288123637,2458620.0133578,1.8937153748597972,0.05951657166979027,15.706778859342583,0.034161377462979314,17.716045844906688,1.47,bD035956,bD,G,g
266288123637,2458622.0155786,1.5589569919004571,0.09188282177920541,15.91798028690466,0.06406375088446226,17.244554800981465,1.44,bD036617,bD,G,g
266288123637,2458623.8751492,2.075989207545243,0.08962404548045483,15.60700289374837,0.046925793441294536,17.27157925306576,1.53,bD037271,bD,G,g
266288123637,2458625.482943,1.763275296320306,0.0788992093468314,15.784265314677693,0.04863676723570492,17.409958983584307,1.53,bp137159,bp,G,g
266288123637,2458626.3854544,2.0189462877488396,0.07566093573080004,15.637253709574672,0.04073419289681921,17.455461341208377,1.55,bp137519,bp,G,g
266288123637,2458627.5302182,1.9110415238808678,0.06562237693989288,15.696890313074308,0.03732450064297328,17.61001071862801,1.48,bp138073,bp,G,g
266288123637,2458627.7091983,2.3897931079102652,0.09730592013154693,15.454164861525069,0.04425793351764212,17.182292452131822,1.38,bH079171,bH,B,g
266288123637,2458627.715591,2.0521591485292063,0.07673820709266117,15.619538027177079,0.04064552923476585,17.440111491072336,1.50,bl218951,bl,B,g
266288123637,2458627.7235044,2.316612982773096,0.047832249410124116,15.487931907558135,0.022442926735026188,17.953338599078627,1.55,bt161539,bt,G,g
266288123637,2458629.9323431,2.4546274102985524,0.04702862682884437,15.425101673325841,0.020825186105874544,17.971734866116535,1.50,bD039493,bD,B,g
266288123637,2458630.9162089,1.9198446932732356,0.06456254263016327,15.691900378104757,0.036553309243087265,17.627689047379224,1.47,bt162154,bt,G,g
266288123637,2458631.8811961,2.243436311444585,0.044124379587435474,15.522781259963839,0.021378490628678866,18.040944081381525,1.60,bt162352,bt,G,g
266288123637,2458632.8801229,2.097194049993499,0.044629341911639205,15.595969080045478,0.023130980298142707,18.02858940410172,1.52,bt162618,bt,G,g
266288123637,2458634.9350787,1.8308227227067895,0.03846783423181829,15.743449887521379,0.022838291647176094,18.189896271724507,1.44,bD041353,bD,G,g
266288123637,2458635.8792204,2.6687244986773826,0.050478086810805525,15.334306266194712,0.020559441670023007,17.894883395973608,1.46,bl220390,bl,G,g
266288123637,2458637.055259,2.725296815183775,0.0393444038879649,15.311531100542691,0.01569210963066349,18.165433187328915,1.44,bD042167,bD,G,g
266288123637,2458637.7150432,1.7582227139055115,0.05103640528932748,15.787380906623891,0.03155138034369473,17.882940417476206,1.44,bl221178,bl,G,g
266288123637,2458638.6106649,3.2260987385350686,0.14555538160326925,15.128371483911573,0.04904139151666003,16.74506994345656,1.70,bp140707,bp,B,g
266288123637,2458641.338184,2.5465991068711538,0.0469637401124342,15.385164166211124,0.020045378741686146,17.97323392121427,1.64,bp140962,bp,G,g
266288123637,2458643.3389932,2.6950887350402226,0.05104304083460726,15.323632950327006,0.02058617417795154,17.88279926365862,1.57,bp141828,bp,G,g
266288123637,2458644.0341673,2.027249760829718,0.03703549685446623,15.632797477648829,0.01985743228073439,18.231095173041897,1.48,bD044046,bD,G,g
266288123637,2458644.0354474,2.0306053949152707,0.04369333805905929,15.631001783072627,0.023388472658829287,18.051602549035874,1.41,bD044047,bD,G,g
266288123637,2458645.3301655,2.64306316056089,0.054715177232038635,15.344796768600402,0.022501550329147597,17.807371085651546,1.62,bp142243,bp,G,g
266288123637,2458646.5788303,2.1119458956640624,0.07287329126864815,15.588358651921734,0.03750574262706014,17.496219650045003,1.48,bH085184,bH,G,g
266288123637,2458647.6069217,2.31697182141213,0.0747272872785326,15.487763742252303,0.03505666815135024,17.46894256906778,1.54,bl225697,bl,G,g
266288123637,2458648.6029614,1.9639372975117484,0.11157250065873285,15.667246577325159,0.061750676761118756,17.033747694020352,1.47,bH086087,bH,G,g
266288123637,2458649.923263,2.3964790520967187,0.07191664234077459,15.451131529468205,0.0326187968743115,17.510567104524757,1.50,bD046166,bD,G,g
266288123637,2458651.0231397,1.8771142591731738,0.07026508414913134,15.71633885040102,0.04068750268834919,17.535791684678465,1.46,bD046611,bD,G,g
266288123637,2458654.586757,1.963656563574777,0.09569908244943177,15.667401788383415,0.05297298097967499,17.2003711768501,1.49,bH088234,bH,G,g
266288123637,2458655.327884,1.776895717128826,0.10248736730010718,15.775910770839408,0.06269321897107634,17.125964768693613,1.51,bp145723,bp,B,g
266288123637,2458656.7242477,3.012991748678317,0.21582823755316466,15.202570766471208,0.0778614513255082,16.317369950667,2.36,bH089230,bH,B,g
266288123637,2458657.7475462,1.8264651708536643,0.057093947583277446,15.746037134786308,0.03397745528783894,17.761165431480038,1.53,bl229921,bl,G,g
266288123637,2458658.9124043,1.604702778109079,0.07308773036742436,15.886579111085162,0.049506479496219134,17.49302942215871,1.47,bt168252,bt,G,g
266288123637,2458662.8280356,1.7237369176145978,0.03918886600247128,15.808888164539072,0.02471177187519692,18.16973386994485,1.44,bD049739,bD,G,g
266288123637,2458666.7901414,1.936083512513033,0.04748042900249907,15.68275540586196,0.026656475108477896,17.96135402568018,1.46,bl231399,bl,G,g
266288123637,2458668.8423396,2.736615814615818,0.03677097771292998,15.307031041346974,0.01460506579781074,18.23887766746861,1.50,bD050620,bD,G,g
266288123637,2458669.8247368,2.169595243524477,0.0964723421468588,15.559118822107648,0.048332167844188,17.191633555405467,1.42,bt169421,bt,B,g
266288123637,2458670.5300777,2.1615116626035715,0.04824649086070509,15.563171664418473,0.02426164928895355,17.943976283836108,1.51,bl232913,bl,G,g
266288123637,2458670.8892414,2.528973673985154,0.03372785736095805,15.39270485111822,0.014496281594347548,18.332668730146413,1.49,bD051331,bD,G,g
266288123637,2458671.5509601,2.548404373465582,0.09264682503034881,15.384394767960309,0.039516126927774564,17.235564259412993,1.48,bH092910,bH,B,g
266288123637,2458671.964819,2.6738411828402167,0.0414811255491119,15.33222660212558,0.01686269933833285,18.108014281377223,1.48,bD051746,bD,G,g
266288123637,2458672.7604846,2.54563271445368,0.049227545336746704,15.385576263415286,0.02101960787554892,17.92212015939014,1.51,bt170046,bt,G,g
266288123637,2458673.3061326,2.2740127718759724,0.053417575989247464,15.508083373404169,0.025533094323436333,17.833430170217348,1.58,bp148273,bp,G,g
266288123637,2458674.7469994,2.7126580282781863,0.05287912368256093,15.316578002781238,0.02118855666709027,17.844429988014,1.43,bH093901,bH,G,g
266288123637,2458676.7241921,2.87925934455949,0.10499461866355031,15.251863659775825,0.03963678566139009,17.099723010067724,1.52,bH094696,bH,G,g
266288123637,2458677.954019,2.3893070445466424,0.06278581360553359,15.454385713391183,0.028562862913326968,17.657986795444206,2.30,bD053005,bD,G,g
266288123637,2458678.6110107,2.4318341657916958,0.0896131809299403,15.435230732928085,0.04005438891178519,17.27171087790835,1.45,bl235780,bl,G,g
266288123637,2458683.8304483,2.4310435266325214,0.058135350605734055,15.435583785429865,0.025993199131249235,17.74153987150318,2.06,bD054934,bD,G,g
266288123637,2458684.6899619,2.0767808161176236,0.07359645579893055,15.606588963724535,0.03851930207882007,17.48549836038203,1.43,bH097869,bH,G,g
266288123637,2458684.8513494,2.10118085774728,0.12481699751824617,15.593907033222155,0.0645687633104605,16.911956282977535,1.51,bt173204,bt,G,g
266288123637,2458685.8988929,1.9584047855171116,0.036066559157759796,15.670309468032963,0.020017711345035227,18.259878832724016,1.97,bD055423,bD,G,g
266288123637,2458686.4224527,1.9993106502433653,0.065657319680223,15.64786492362451,0.03569562929985006,17.609432737414732,1.60,bp152320,bp,G,g
266288123637,2458688.7247445,1.9749091833335628,0.047700070283911815,15.661197799064565,0.026253309731942096,17.956343064057172,1.57,bl239483,bl,G,g
266288123637,2458688.9252294,2.621442115598844,0.03788678980455951,15.353714941174237,0.015709404003535692,18.206421090154205,1.39,bD055810,bD,G,g
266288123637,2458689.7482852,2.678570328851566,0.06955027918639876,15.330307987920737,0.028223313286250745,17.546893417287404,1.39,bH099267,bH,G,g
266288123637,2458690.6492797,1.8567454908228498,0.04223991063142241,15.728184677561671,0.024727646608235725,18.088333134758546,1.43,bH099500,bH,G,g
266288123637,2458691.6723408,2.5705123748386915,0.04308999754517609,15.375016374862305,0.01822086301233677,18.066699438075318,1.45,bl240498,bl,G,g
266288123637,2458691.7187212,2.1748230255140437,0.03362971079315622,15.556505816377172,0.016807819782109407,18.33583278016693,1.46,bH099885,bH,G,g
266288123637,2458692.7361018,2.331485164031986,0.03930046143655524,15.480983981662423,0.018322180867729018,18.166646487528222,1.41,bH100327,bH,G,g
266288123637,2458693.701113,2.1767400826936654,0.03569010375008261,15.555549186095408,0.017821875630044132,18.27127108534521,1.55,bl241370,bl,G,g
266288123637,2458693.8327876,1.7828629353353698,0.039431618871623816,15.772270731415661,0.024040241370086535,18.163029092764916,1.41,bD057645,bD,G,g
266288123637,2458695.6043425,2.3900341454307767,0.03967114544457935,15.454055358336323,0.018041922266376274,18.156453760806443,1.43,bH101470,bH,G,g
266288123637,2458695.7183905,1.8479474457030602,0.04617930486005447,15.733341582190121,0.027162513037765987,17.991522133520835,1.43,bt175971,bt,G,g
266288123637,2458698.7107909,2.677040186748714,0.05079152531413265,15.330928395517539,0.02062284307966455,17.888162473268892,1.52,bt176624,bt,G,g
266288123637,2458699.4598363,2.664048099255502,0.12828672262894084,15.336210467946605,0.05234218175453918,16.88218633580832,1.46,bl243682,bl,G,g
266288123637,2458700.4602163,1.7784020156292109,0.10424892483840427,15.774990767487886,0.06371677930049166,17.107461649909375,1.59,bl244123,bl,G,g
266288123637,2458700.7309989,2.332372928109067,0.05139035277747049,15.480570642494563,0.02394946298370605,17.875436613990153,1.52,bt177080,bt,G,g
266288123637,2458701.6033179,1.9976962352931922,0.049917088059805624,15.648741994345887,0.027160137489506284,17.907017504914723,1.48,bl244670,bl,G,g
266288123637,2458701.7255396,2.004748994534343,0.04152347534519702,15.64491561145372,0.02251364757123598,18.10690637385479,1.40,bt177424,bt,G,g
266288123637,2458703.550827,1.8242870092122692,0.06213166454007874,15.747332708475152,0.03701962335822802,17.66935813957391,1.46,bl245499,bl,B,g
266288123637,2458703.5941778,1.549239413034908,0.1318608203048084,15.924769279747434,0.09251441538749022,16.85235117854819,1.44,bH104513,bH,B,g
266288123637,2458703.7409953,2.473198871490203,0.06917917490701067,15.416918023131691,0.030403845077124486,17.55270216663449,1.59,bD059350,bD,G,g
266288123637,2458704.8014233,1.9304115133870132,0.06512271425435749,15.685940874448224,0.036668636962245704,17.618309378317782,1.60,bt178190,bt,G,g
266288123637,2458705.7036875,2.2613525483826447,0.0887370181085144,15.514144935258354,0.042652916115056,17.2823785346236,1.41,bH105426,bH,G,g
266288123637,2458707.7777453,2.4820951661457276,0.07258351020180985,15.413019550306535,0.031785694948629484,17.500545693362074,1.45,bD060856,bD,G,g
266288123637,2458708.7614073,2.308881050751009,0.14488536700681492,15.491561723654435,0.06820797222160929,16.750079298369883,1.58,bt179225,bt,G,g
266288123637,2458709.3837869,2.618349799146935,0.12518190574992044,15.354996457834753,0.051966810890943696,16.90878671419356,1.53,bp157049,bp,G,g
266288123637,2458711.761734,2.213596418482242,0.2626476897437967,15.5373195136299,0.12896958854066096,16.104206648717472,1.59,bt179893,bt,B,g
266288123637,2458712.3854334,2.3763726613245435,0.11386840263637292,15.460279253662112,0.052083583050747506,17.011632540586568,1.60,bp158077,bp,G,g
266288123637,2458713.8745902,1.6844815243911426,0.06666165505225444,15.83389999241767,0.043015206554528604,17.59295038151755,1.44,bD062993,bD,G,g
266288123637,2458715.4171946,1.7615541804931594,0.08195995503658253,15.785325608758253,0.05057290240344397,17.368636332756473,1.51,bp159107,bp,G,g
266288123637,2458715.8720772,1.8905477642794635,0.05529214993061128,15.708596486799456,0.031789814626006795,17.795981918976963,1.47,bD062473,bD,G,g
266288123637,2458716.2825355,2.248946986229543,0.03408061763303774,15.520117577133943,0.01647177538107917,18.32137196954843,1.51,bp159422,bp,G,g
266288123637,2458717.2217212,2.4159392634092964,0.04106570190288307,15.44235059241959,0.018475891831876593,18.11894248576301,1.57,bp159795,bp,G,g
266288123637,2458717.8354083,2.117738790832168,0.0562641629925112,15.58538464302362,0.02887830131348346,17.777060955138495,1.50,bD063876,bD,G,g
266288123637,2458718.2184715,1.946488929474332,0.04460819606450333,15.676935777181304,0.024910066993509245,18.02910395913688,1.59,bp160078,bp,G,g
266288123637,2458718.8461628,2.1018185149805637,0.030868453366481214,15.593577588704889,0.015963636471728028,18.42885343611966,1.48,bD064233,bD,G,g
266288123637,2458720.744126,2.6039479975890707,0.05899561354458316,15.360984855131727,0.024626323934140916,17.725591306243683,1.48,bt181809,bt,G,g
266288123637,2458721.6729822,1.9138992039650995,0.04330414205803623,15.695267967774278,0.02459362516624913,18.06131701450134,1.47,bt182117,bt,G,g
266288123637,2458722.6565778,2.719892452764418,0.05397977767397851,15.313686292430528,0.02157205566165863,17.822062882693604,1.43,bH112047,bH,G,g
266288123637,2458724.4010038,1.8318557220570435,0.0693495342647498,15.742837458753353,0.04114948990851462,17.550031739444822,1.64,bp161732,bp,G,g
266288123637,2458724.6083857,2.5669910745715727,0.05085584994248559,15.376504725702038,0.021534199441187046,17.8867883190026,1.56,bl254265,bl,G,g
266288123637,2458725.669309,1.7498410787679397,0.04925848841426679,15.792569103063915,0.03059811309870346,17.92143790995078,1.50,bt183418,bt,B,g
266288123637,2458726.72067,2.1821940260435,0.07089624319231001,15.55283221598482,0.035313603183307694,17.52608255536311,1.53,bt183824,bt,B,g
266288123637,2458728.2602875,2.064459771693521,0.046558490882750804,15.613049560832977,0.02451346158507306,17.982643374128607,1.52,bp162779,bp,G,g
266288123637,2458729.8169509,2.127843088225983,0.036229028900878694,15.580216624820281,0.01850671201179442,18.254998878525452,1.56,bD067967,bD,G,g
266288123637,2458730.8131052,2.2189687863718244,0.03883814975903401,15.534687639349595,0.019024774224917457,18.179494281355733,1.41,bD068151,bD,G,g
266288123637,2458741.4910623,2.7039352914708563,0.0760259729175979,15.320074886812932,0.03056172510674012,17.45023564495781,1.48,bl259805,bl,G,g
266288123637,2458744.4758138,1.5596841264150727,0.08386908084232945,15.917473991853319,0.058449042886248984,17.343635902887797,2.10,bl260936,bl,G,g
266288123637,2458748.7764679,1.8260037659969641,0.036830362632460464,15.746311450034048,0.021923833678137456,18.23712562407267,1.49,bD072965,bD,G,g
266288123637,2458749.7754508,2.6545641037953196,0.03827643877567704,15.340082578849861,0.015672940313133474,18.195311800436865,1.57,bD073282,bD,G,g
266288123637,2458750.3102652,1.8762540825340652,0.03893892929285756,15.716836496702097,0.022558204423596205,18.17668059765503,1.47,bp168458,bp,G,g
266288123637,2458750.7546629,1.7676775946005239,0.036707866309027,15.78155797915029,0.022571907233310796,18.240742758132807,1.47,bD073443,bD,G,g
266288123637,2458751.3233457,2.597669367864974,0.04533596709826307,15.363605939475114,0.01897016830410157,18.011533400311205,1.50,bp168841,bp,G,g
266288123637,2458751.7499314,2.594848766816013,0.034716049636133124,15.36478549394168,0.014542210337489715,18.30131485984378,1.49,bD073850,bD,G,g
266288123637,2458752.5703417,2.2399370422438376,0.05285669151162126,15.52447609273069,0.025649348384612223,17.84489067241807,1.37,bH122195,bH,G,g
266288123637,2458753.5692323,2.1380919284206685,0.042747908271220755,15.574999687280481,0.021732048593640977,18.075353439424482,1.46,bl264591,bl,G,g
266288123637,2458754.6517295,1.7091327134682277,0.048245154256837064,15.818126155227121,0.0306824535324502,17.94400636310793,1.48,bt188147,bt,G,g
266288123637,2458755.5507066,2.399344914653087,0.045026342106407546,15.449833912571814,0.020397932745610775,18.018973944541685,1.48,bl265363,bl,G,g
266288123637,2458757.231468,2.5505502479831583,0.0591692639347797,15.383480912487917,0.025215898950145834,17.72240019471627,1.49,bp170106,bp,G,g
266288123637,2458758.5376718,1.926519666486925,0.0607455513499622,15.688132005334342,0.03427308547899984,17.693854415844775,1.45,bl266518,bl,G,g
266288123637,2458758.6361911,1.902087820952173,0.05669106668416118,15.701989210291849,0.03239636150230434,17.768854039846445,1.51,bt189309,bt,G,g
266288123637,2458759.7097618,1.9531590667697138,0.04358841904197852,15.673221587274032,0.024257479667713522,18.054212817987,1.51,bD076091,bD,G,g
266288123637,2458761.7046708,1.651348790428464,0.07616115724567513,15.855468590609085,0.05013106077360353,17.44830677544361,1.51,bD076296,bD,G,g
266288123637,2458762.6397357,2.8440423417303804,0.08896890595382108,15.26522547771898,0.03400277525392376,17.279544986183144,1.47,bt190084,bt,G,g
266288123637,2458763.2606577,1.8462415019062763,0.07076736794054007,15.734344349022777,0.04166359169689359,17.52805800359891,1.52,bp171841,bp,G,g
266288123637,2458764.2612219,2.72975575369174,0.14724062035627075,15.309756147143078,0.05862947714084642,16.73257151505679,1.64,bp172102,bp,B,g
266288123637,2458764.6354663,2.8255222584025543,0.113248240620596,15.272318790141934,0.04356572076258674,17.017561952162726,1.47,bt190632,bt,G,g
266288123637,2458765.2639168,1.705354484538383,0.07925454529681245,15.820528953290403,0.05051515427958561,17.405080164794423,1.49,bp172424,bp,G,g
266288123637,2458765.710082,1.9395558042602865,0.06695266061615385,15.680809923548438,0.037521287577631755,17.588221011397174,2.46,bD077822,bD,G,g
266288123637,2458766.2510256,2.6052655508027898,0.08823992148830787,15.360435630093036,0.036815041027165284,17.28847782889794,1.59,bp172717,bp,G,g
266288123637,2458770.7594199,1.6062261878857804,0.08812550341998465,15.885548866385967,0.0596358043445796,17.28988658412023,1.56,bD079192,bD,B,g
266288123637,2458772.4922589,2.4661595564335967,0.06804944286900154,15.420012694028532,0.02999270081054352,17.570579176642617,2.25,bH128589,bH,B,g
266288123637,2458773.4925679,1.9483334355643949,0.08503015728540422,15.67590741336704,0.047437508548992625,17.328708155397287,1.56,bl271429,bl,G,g
266288123637,2458773.539743,1.6363443470062837,0.05516012058848757,15.865378871088858,0.03664060863672431,17.798577594094116,1.45,bH128985,bH,G,g
266288123637,2458774.5387411,2.1587559614273104,0.054942057110092306,15.564556747567345,0.02766390845498516,17.80287832143575,1.45,bH129345,bH,G,g
266288123637,2458776.2847136,1.6351318505384995,0.0536392203969702,15.86618367680591,0.03565675784022444,17.828934468683176,1.58,bp175849,bp,G,g
266288123637,2458777.5377448,2.08712118124177,0.06635799724961357,15.601196458391065,0.034558730239659954,17.59790743616591,1.52,bl272872,bl,B,g
266288123637,2458779.5725132,2.8592753281478873,0.05757159227950357,15.259425680076388,0.021885901325790734,17.75212000876843,1.51,bt195404,bt,G,g
266288123637,2458782.5630838,1.94183499377604,0.03991877916016183,15.679534814193081,0.02234483232976815,18.14969748457022,2.08,bt196298,bt,G,g
266288123637,2458784.6034836,2.3584499935774637,0.08774735376281746,15.468498941544066,0.040440780469196906,17.294555541148387,1.49,bt197210,bt,G,g
266288123637,2458786.5914763,2.6622341451023175,0.05950863625188139,15.336949999080582,0.02429662334275941,17.716190617105564,1.47,bt198056,bt,G,g
266288123637,2458789.5929338,1.79066883747267,0.09840166700011958,15.767527432864128,0.05973094044945907,17.170134471999475,1.50,bt199102,bt,G,g
266288123637,2458898.6286672,2.1026169472619385,0.07964702814090648,15.593165220931311,0.0411738604064972,17.399716672275837,1.55,bp202287,bp,G,g
266288123637,2458903.8793744,1.8614576639842988,0.11187763936864867,15.725432714029546,0.06532844238221519,17.030782376113407,1.47,bl311061,bl,G,g
266288123637,2458904.6294137,1.855744543757285,0.04447811925955932,15.728770141487145,0.02605195955795952,18.0322745739811,1.61,bp203692,bp,G,g
266288123637,2458904.8823468,2.2219102451759456,0.05829451632810276,15.533249343569508,0.028517625697091094,17.738571353209114,1.41,bH166419,bH,G,g
266288123637,2458907.8755058,2.4013966602603336,0.06712178234272412,15.448905866523257,0.030381677577693066,17.58548191101555,1.46,bl312513,bl,G,g
266288123637,2458909.8666125,2.833608940653031,0.06619715260488546,15.269215836927756,0.02539285704253121,17.600542338544646,1.41,bH168149,bH,G,g
266288123637,2458915.8509645,2.335584659874148,0.04373402439720872,15.47907658692878,0.020353354711195,18.050592004228946,1.46,bl315444,bl,G,g
266288123637,2458915.93643,2.0382049937394995,0.10247918149490558,15.62694596901797,0.05465123233949465,17.126051491382064,1.57,bt237396,bt,B,g
266288123637,2458918.9240163,2.607023763134811,0.1736742774892189,15.35970314778365,0.07241068963185977,16.553301859390626,1.52,bt237831,bt,G,g
266288123637,2458919.9386179,1.8750709069671976,0.212461410554489,15.717521383559795,0.12316137750418242,16.334440460242728,1.53,bt238233,bt,B,g
266288123637,2458921.8420383,2.02320001410203,0.15378245183269396,15.634968573873604,0.08261903805035796,16.685373659433942,1.48,bH172423,bH,B,g
266288123637,2458922.8397172,2.5055997734342212,0.1366183726340793,15.402786369513963,0.05926654076938426,16.813867841902486,1.55,bl317958,bl,B,g
266288123637,2458924.8345031,2.566529312551941,0.09157094588202577,15.376700050432921,0.03878141439550558,17.248246360805886,1.42,bl318710,bl,G,g
266288123637,2458925.822241,1.741568117701406,0.07128294653592215,15.797714458223249,0.044489482115844886,17.520176503193813,1.53,bl319077,bl,G,g
266288123637,2458929.565435,2.3595915049467884,0.03277239508280228,15.467973562423774,0.015096752337674935,18.36387015696132,1.43,bp208489,bp,G,g
266288123637,2458931.5595908,2.2512140271413337,0.04633417404016633,15.519023656895751,0.022371587972160784,17.987887047370883,1.53,bp209225,bp,G,g
266288123637,2458933.5690723,1.9333447246805737,0.04476024519701428,15.684292377952483,0.025164907122073425,18.025409469112695,1.59,bp209905,bp,G,g
266288123637,2458942.007981,2.6031544900074075,0.04256211362045768,15.361315764661118,0.017771963652693814,18.08008264458578,1.48,bD118344,bD,G,g
266288123637,2458949.9814279,2.3048051117316573,0.10228512732032373,15.493480101089377,0.04823812896449682,17.12810938621074,1.51,bD119784,bD,G,g
266288123637,2458951.9768164,2.0955233643989626,0.09672541623665576,15.596834353687118,0.0501718681750514,17.188789093220834,1.49,bD120270,bD,B,g
266288123637,2458956.9462155,2.6598305674799523,0.0403810418697724,15.337930690433998,0.016501967212353582,18.13719681152196,1.52,bD121157,bD,G,g
266288123637,2458959.0595724,2.1638161844890966,0.03144443720157116,15.56201471023096,0.015795582052518162,18.408781046316893,1.48,bD121982,bD,G,g
266288123637,2458960.9391223,2.549302550645718,0.046836355408683895,15.384012171036883,0.01996980780216373,17.976182879188162,1.49,bt242686,bt,G,g
266288123637,2458963.7930535,1.9336809783598827,0.04294743770621596,15.684103559556865,0.024141519738354877,18.070297465368963,1.49,bt243471,bt,G,g
266288123637,2458965.7993472,1.9203539675319523,0.04471944030505627,15.691612404719566,0.025312045648842527,18.026399712906077,1.50,bt244139,bt,G,g
266288123637,2458966.9705928,1.8257424983104422,0.11913616062762494,15.746466810109114,0.07092776056261718,16.962531611230688,1.53,bt244620,bt,B,g
266288123637,2458968.9628126,1.764412938086514,0.03526306737601351,15.78356503800109,0.021723611425368525,18.284340394105094,1.51,bD125525,bD,G,g
266288123637,2458972.9987908,2.3884508489704985,0.05936854143552759,15.454774850959911,0.02701794065693314,17.718749663132556,1.56,bD126985,bD,G,g
266288123637,2458974.8656678,1.827909298120548,0.08366925425666993,15.745179017287478,0.049753476103462105,17.34622586609206,1.50,bt245935,bt,B,g
266288123637,2458980.4330701,2.943238838192432,0.1353611286611865,15.228001858045488,0.04998971190479601,16.823905694137405,1.66,bp211973,bp,B,g
266288123637,2458983.0440097,1.9187799916428887,0.048675886968640364,15.692502669410558,0.02757406947249813,17.934355926571847,1.51,bD128489,bD,G,g
266288123637,2458984.4906726,2.5689075607867777,0.06809054352627311,15.375694429894398,0.02881048017624162,17.569923609175977,1.58,bp213243,bp,G,g
266288123637,2458985.8750109,1.8790166826836843,0.04400800009426525,15.71523903237511,0.02545734859726652,18.04381152926226,1.54,bt248776,bt,G,g
266288123637,2458987.9683978,2.816791721453774,0.037022119221796,15.275678783099139,0.014286265338768383,18.231487423860962,1.47,bD130119,bD,G,g
266288123637,2458992.8432136,1.9572487579293734,0.04379112803234973,15.670950556948643,0.0243193676921436,18.049175280209123,1.62,bt250224,bt,G,g
266288123637,2458993.7853706,2.3214194992989268,0.03614701108000299,15.48568155208984,0.016925088053517074,18.257459630887766,1.50,bt250500,bt,G,g
266288123637,2458994.8968971,1.8574717145439024,0.04211260062324276,15.727760099593745,0.024643479379210315,18.091610457223656,1.51,bt250902,bt,G,g
266288123637,2458997.717512,2.5022989845151633,0.05617175061220322,15.404217623109883,0.024400062120181983,17.77884571387696,1.57,bt251531,bt,G,g
266288123637,2458999.970639,1.7607242534526184,0.07200059240954806,15.785837255903017,0.044448478139138235,17.509300437060563,1.45,bD133626,bD,G,g
266288123637,2459000.9185053,2.631718551853726,0.04558077769613441,15.349467017367244,0.01882584425597366,18.005686284415845,1.54,bD133937,bD,G,g
266288123637,2459002.757283,1.739096176085917,0.08906581472979767,15.799256621863677,0.05566723078101917,17.278362999022164,1.53,bt253005,bt,G,g
266288123637,2459005.0240562,1.8515573690652245,0.07239406632995904,15.731222690105415,0.042498927577000294,17.50338318302672,1.55,bD134936,bD,G,g
266288123637,2459006.9033212,2.451610377441116,0.09246297970894825,15.426436994750885,0.04099478438289818,17.23772089922395,1.56,bD135540,bD,G,g
266288123637,2459008.0507063,2.6367979673274826,0.0831820642672156,15.347373484218966,0.03428980466736842,17.352566377130387,1.53,bD135999,bD,G,g
266288123637,2459009.3350021,1.9459933128972278,0.11317748760931683,15.677212263408261,0.06321656269611932,17.01824048908556,1.56,bp220671,bp,G,g
266288123637,2459011.9388056,2.543918278194203,0.038622628335284834,15.386307732887056,0.016502541813389,18.185536049131624,1.48,bD137314,bD,G,g
266288123637,2459014.8898644,1.7906574455922695,0.03513519776283788,15.767534340124742,0.021327603693781335,18.288284605540397,1.64,bD138305,bD,G,g
266288123637,2459017.8183401,2.746793898224367,0.037395639347940456,15.30300043734738,0.014798137603307034,18.22058820470701,1.49,bD139244,bD,G,g
266288123637,2459020.3259387,1.8993108949000685,0.030306331936048033,15.703575473619836,0.017344008943628742,18.448807172398222,2.11,bp223454,bp,G,g
266288123637,2459022.8410068,2.5225493088299475,0.04644229414506156,15.395466461676406,0.02001180089078875,17.985356449520236,1.50,bt257984,bt,G,g
266288123637,2459027.8780489,2.259318430411988,0.018908371296168493,15.51512200953998,0.009096804248211946,18.961005306985538,1.45,bD141983,bD,G,g
266288123637,2459030.7031499,2.613127687995176,0.07143349207512432,15.357164043202312,0.02971347341286149,17.517885907876366,1.46,bt259444,bt,G,g
266288123637,2459031.8705898,2.4763012108538547,0.05627148030357487,15.415556947244578,0.024700005086536105,17.776919761302985,1.57,bD143202,bD,G,g
266288123637,2459036.3906252,1.9969522006815918,0.12662936404233874,15.649146448123334,0.0689253418497046,16.896304547024844,1.53,bp227523,bp,G,g
266288123637,2459036.834562,1.3018866017680821,0.13707411283511114,16.113632728466683,0.11444437687996976,16.810252002083526,1.43,bt260448,bt,B,g
266288123637,2459037.8214118,2.9198498492573215,0.13601728933104973,15.236664325267045,0.050634411815822594,16.81865532243148,1.47,bt260736,bt,B,g
266288123637,2459038.8541422,1.6743224831303576,0.12849145572554851,15.840467849615045,0.08341560672799364,16.880454987889063,2.08,bt260904,bt,B,g
266288123637,2459040.8713837,2.1902222891269933,0.02883496986793034,15.548845136503704,0.014310126742702007,18.502841856650793,1.40,bD146050,bD,G,g
266288123637,2459041.8130777,2.507421243868699,0.07063106246646848,15.40199736963672,0.030618267342602142,17.530151263524377,1.53,bt261614,bt,G,g
266288123637,2459042.861637,2.2992730050187973,0.052220764854027525,15.496089271170785,0.024686803526328852,17.858032540319133,1.70,bt261964,bt,G,g
266288123637,2459043.8525653,2.0850287688074696,0.05652144287523265,15.602285493134723,0.029465469191812782,17.772107511553198,1.49,bt262267,bt,G,g
266288123637,2459046.2376776,1.9056759425191077,0.04035122321805006,15.69994299372623,0.02301546882049237,18.137998849992922,1.58,bp228557,bp,G,g
266288123637,2459047.8895774,1.7164970699714464,0.06627033992307281,15.81345795620772,0.041965104070029846,17.59934261584055,1.48,bt263160,bt,G,g
266288123637,2459049.4644409,1.95000040473254,0.03624973604744149,15.67497886852582,0.020206091707705515,18.254378489937203,1.47,bp229969,bp,G,g
266288123637,2459052.2438854,1.948635915912044,0.032814274849443346,15.675738865023078,0.018303927256235947,18.362483582978648,1.52,bp230963,bp,G,g
266288123637,2459054.793464,2.3051714131735754,0.039626448232786216,15.493307559326512,0.018685042723433146,18.157677742114945,1.53,bD150209,bD,G,g
266288123637,2459056.3327212,2.3912759949994538,0.04734597156749788,15.453491361846535,0.02152115133551492,17.964433029040812,2.17,bp232649,bp,G,g
266288123637,2459058.7584715,2.303593006013419,0.054867398512708054,15.494051244058802,0.0258893287523293,17.804354688916252,1.58,bt264995,bt,G,g
266288123637,2459059.8585638,2.5447591681282384,0.051069306963452465,15.385948903048245,0.02181350477477675,17.882240700697526,1.55,bD151169,bD,G,g
266288123637,2459060.8054499,1.8309550438128652,0.10731625318555771,15.743371419725275,0.06370888334086909,17.07597685791939,1.45,bt265690,bt,B,g
266288123637,2459061.7597768,2.976571551527255,0.16300923636969344,15.215774805566776,0.05952618625439798,16.622110079101844,1.44,bt265984,bt,B,g
266288123637,2459062.7594437,1.7861996450987396,0.15918470846995644,15.770240625431978,0.09686871090101272,16.647887245433054,1.44,bt266286,bt,B,g
266288123637,2459063.6878987,2.7147153550373866,0.15843396622064398,15.31575487376589,0.06343605510204749,16.65301987536604,1.50,bt266562,bt,B,g
266288123637,2459066.7837944,2.2753127116143057,0.050603006177233796,15.507462889474652,0.024173937632039007,17.892199817000613,1.47,bD153277,bD,G,g
266288123637,2459067.7978759,2.1205316465140496,0.12609430657718254,15.583953726798608,0.064634276556803,16.90090191717312,1.56,bt267740,bt,G,g
266288123637,2459068.797427,2.63809828969667,0.11465951145444447,15.346838191377596,0.04724232764244768,17.004115393981312,1.46,bt268073,bt,G,g
266288123637,2459070.89366,2.284712111173092,0.04713287323785684,15.502986912586822,0.022423562121306966,17.969330823134143,1.44,bD154444,bD,G,g
266288123637,2459072.8414759,2.5642406358602132,0.036088443594895124,15.377668676715132,0.0152975382170897,18.259220230394565,1.42,bD155088,bD,G,g
266288123637,2459073.7587307,1.8099093113877385,0.04813066435619577,15.755923586422254,0.02890528226383405,17.946585970533718,1.53,bt269533,bt,G,g
266288123637,2459074.7318678,2.5939237373791113,0.044523609348700914,15.365172613615915,0.018657151270697763,18.03116470248058,1.55,bt269856,bt,G,g
266288123637,2459077.7931958,2.3960351452129998,0.03387387838041237,15.451332662216792,0.015366816757988011,18.327978301644677,1.46,bD156505,bD,G,g
266288123637,2459080.8447784,1.7574902597646753,0.03458555544022677,15.787833305324519,0.02139015840051277,18.30540372446106,1.47,bD157687,bD,G,g
266288123637,2459082.7630599,1.923303323746461,0.0649820663542332,15.689946166962848,0.03672467049151205,17.620656818220606,1.53,bt271914,bt,G,g
266288123637,2459084.8158223,1.8615861271564713,0.034036824852137174,15.72535778763873,0.01987367020661803,18.322768011811522,1.48,bD158836,bD,G,g
266288123637,2459086.6406056,2.319117045341261,0.05427649708389474,15.486758952430389,0.025439075013918892,17.816111083345866,1.45,bt273093,bt,G,g
266288123637,2459087.7406529,2.543341487107406,0.08402924093852027,15.386553933394636,0.03591186316029932,17.341564510322446,1.43,bt273551,bt,G,g
266288123637,2459088.7645502,1.9066513823760507,0.1245840295675853,15.69938739065173,0.07102369352611886,16.91398467728774,1.44,bt273926,bt,B,g
266288123637,2459089.746318,2.633477210775849,0.1294224568475858,15.348741711102992,0.05341856878592081,16.8726165118238,1.50,bt274283,bt,B,g
266288123637,2459092.8063349,2.5928586990728517,0.07653847780424325,15.365618497236051,0.03208582004220137,17.44294105960677,1.45,bD161693,bD,G,g
266288123637,2459100.7218732,2.251764750596305,0.07223516986161449,15.51875808140612,0.03486886849935068,17.50576886551312,1.51,bD164694,bD,G,g
266288123637,2459101.7576535,2.5361735431097374,0.033091369227904614,15.389618202889464,0.014182341619826667,18.35335376789879,1.46,bD165000,bD,G,g
266288123637,2459103.7274464,2.6283347792824134,0.0435073676252033,15.35086391761325,0.01799261546005486,18.05623359273192,1.57,bD165774,bD,G,g
266288123637,2459106.7857578,1.6733448773989914,0.0373311495951145,15.841101975919953,0.02424923700098289,18.222462201378143,1.47,bD166966,bD,G,g
266288123637,2459110.757376,2.1717389832092886,0.03078390037175732,15.558046554524918,0.015407358587910319,18.43183149939161,1.42,bD168373,bD,B,g
266288123637,2459112.3276149,2.130055877041877,0.04302263559649756,15.579088131557858,0.021954228923309938,18.068398081323195,1.50,bp244738,bp,G,g
266288123637,2459118.7367286,2.5973113856458987,0.04842513743788475,15.363755574006968,0.020265578954112597,17.939963456475915,1.60,bD170799,bD,G,g
266288123637,2459122.7302117,2.1745621589879214,0.054282672125166645,15.556636056500935,0.0271332342651165,17.81598756608001,1.56,bD172221,bD,G,g
266288123637,2459125.6388785,1.7316260279579982,0.12150798231190674,15.803930359676633,0.07627160350150007,16.94112858820837,1.49,bt278025,bt,G,g
266288123637,2459128.7265919,1.7571265102501195,0.036917747735425305,15.788058044489368,0.022837278041652503,18.234552616737968,2.03,bD173603,bD,G,g
266288123637,2459131.7107806,2.477464040275276,0.043324018626391625,15.415047223443798,0.019007874111735452,18.060818776743595,1.60,bD174764,bD,G,g
266288123637,2459133.2585124,2.5216466959060106,0.05328359777577935,15.395855026886773,0.022967909897186774,17.83615675828244,2.29,bp249558,bp,B,g
266288123637,2459134.6067089,2.188325988203259,0.04700851252651889,15.54978557729199,0.02334945046734478,17.972199338488853,1.44,bt281289,bt,G,g
266288123637,2459138.7018079,2.5918331426898726,0.054998321709006044,15.366048024677035,0.0230650590432179,17.80176701878105,1.45,bD177059,bD,G,g
266288123637,2459143.5769747,2.1853360937890436,0.07687870719671316,15.551270025362623,0.03823842584572579,17.438125432532065,2.26,bt284286,bt,B,g
266288123637,2459147.5727126,2.127336930168983,0.07912616760866091,15.580474923706829,0.04042928165385897,17.40684028232235,1.56,bt285771,bt,B,g
266288123637,2459161.5374156,2.6430231417112724,0.14907244811357334,15.34481320795134,0.06130679188217552,16.719147152339037,1.63,bt289287,bt,B,g
266288123637,2459237.1755637,2.7598414109557443,0.19681425139838993,15.29785530509531,0.07751479243678729,16.417499254766,2.45,bD206221,bD,G,g
266288123637,2459238.168352,1.9203569880651283,0.06631950014972582,15.691610696961671,0.03753802738461403,17.598537500752876,1.55,bD206643,bD,G,g
266288123637,2459242.0241129,2.3973580876865674,0.0914410135642193,15.45073335124561,0.04145914060922679,17.249788033227077,1.60,bt317910,bt,B,g
266288123637,2459252.1320213,2.6855231653693488,0.048249092987004076,15.327493364883729,0.01952865905850748,17.94391772731735,1.51,bD209345,bD,G,g
266288123637,2459259.1141021,2.010619254451739,0.03950746416057923,15.641741029263912,0.021358044657951086,18.160942724432374,1.64,bD211658,bD,G,g
266288123637,2459263.115219,2.7443899765317856,0.037982115160725874,15.303951061125895,0.01504338236782637,18.203692745915372,1.45,bD212619,bD,G,g
266288123637,2459269.6297058,1.854122062385139,0.07051145988918459,15.729719818155669,0.041336486274966715,17.531991345127768,1.51,bp281367,bp,G,g
266288123637,2459270.9685514,2.8354974010724745,0.0977577281429837,15.268492488378307,0.037474342284788124,17.177262861050288,1.51,bt324575,bt,B,g
266288123637,2459272.8751209,2.406857508723034,0.1378402095290315,15.446439672671806,0.06224976516576582,16.804200799928132,1.47,bH209779,bH,B,g
266288123637,2459277.5874685,2.5353884698710996,0.09501020677771113,15.389954344868286,0.040732205386288134,17.208214953243,1.63,bp283315,bp,G,g
266288123637,2459281.9665131,2.6559193926470144,0.047704384598686485,15.339528397217578,0.019523405754952247,17.956244867222264,1.52,bt328013,bt,G,g
266288123637,2459284.8937774,2.020979530497708,0.19043364236284716,15.636160835323402,0.10242216034412654,16.45328142619118,1.32,bH213885,bH,B,g
266288123637,2459286.8772078,1.9279904695309036,0.05589090935475656,15.687303415378127,0.03151000453019067,17.78428767214298,1.69,bl364086,bl,G,g
266288123637,2459291.5721352,1.7649044272062724,0.04505771663080286,15.78326264097652,0.02774981930554182,18.018217662933196,1.48,bp286373,bp,G,g
266288123637,2459294.0389758,2.0456118267756134,0.042220888675082384,15.623007557496923,0.022434495977342917,18.088822185944476,1.40,bD217009,bD,G,g
266288123637,2459296.5507242,2.6635458796319287,0.05335707395936177,15.336415167490838,0.021774289665721806,17.8346605980646,1.44,bp287836,bp,G,g
266288123637,2459297.9649683,1.9961990931229112,0.04507664795311576,15.649555987403001,0.024544824531568483,18.0177615788983,1.55,bt331876,bt,G,g
266288123637,2459298.5736776,2.270272996643268,0.03461487438752267,15.50987041343259,0.016572836623758077,18.304483711549334,1.51,bp288288,bp,G,g
266288123637,2459299.8740698,2.0335909917422086,0.06124092866499558,15.629406598764326,0.03273334071604511,17.68503619201407,1.50,bt332290,bt,B,g
266288123637,2459303.7769034,1.8325202668172629,0.18676279403488705,15.742443656198182,0.1107780583223889,16.47441470519105,1.50,bl369815,bl,B,g
266288123637,2459304.9071187,1.6817951501064832,0.08253973718253119,15.835632882920487,0.0533460366011316,17.36098290721124,1.44,bt333942,bt,B,g
266288123637,2459305.9649176,2.4645531746121336,0.07130755237504734,15.420720140216972,0.031449193266244055,17.51980178747494,1.57,bt334284,bt,G,g
266288123637,2459308.5517635,2.2198838896801503,0.046894571280506156,15.534239973756918,0.022961723504759966,17.97483418692427,1.47,bp290890,bp,G,g
266288123637,2459311.9735335,1.9325509661572526,0.044109582366746176,15.684738231874904,0.024809280098863268,18.041308246789647,1.41,bD221625,bD,G,g
266288123637,2459312.8072961,1.7612080766257765,0.055675407262140694,15.785538951285059,0.034360929765895366,17.78848210505515,1.49,bl373375,bl,G,g
266288123637,2459313.5549462,1.910126728099567,0.027123362691704168,15.697410168183112,0.015434534020984018,18.569281783049078,1.57,bp292718,bp,G,g
266288123637,2459315.7529805,2.6816339042776,0.06021404806605754,15.329066902703246,0.02440678130646852,17.703396049168596,1.39,bH224492,bH,G,g
266288123637,2459317.5151901,1.892248158125961,0.042018646966810964,15.707620394341017,0.02413660288641118,18.094035452256673,1.44,bp294263,bp,G,g
266288123637,2459318.5556824,2.2602975068353293,0.031144333112654184,15.514651607297207,0.014977026647882637,18.41919302181903,1.49,bp294697,bp,G,g
266288123637,2459320.7260855,2.16756076555495,0.04554105155023778,15.56013741887783,0.02283725733369018,18.00663297563056,1.43,bH226456,bH,G,g
266288123637,2459322.5129273,2.1473808714107436,0.02763070029337279,15.570292921901805,0.01398604704174818,18.549160881082376,1.48,bp296055,bp,G,g
266288123637,2459325.4709198,2.4198824251047166,0.05151424010086494,15.440579958745088,0.023139032979111598,17.87282236687945,1.49,bp296838,bp,G,g
266288123637,2459326.72678,2.7238797784117934,0.129665376087683,15.312095783347539,0.05174260160058976,16.87058055136898,1.45,bH228615,bH,B,g
266288123637,2459327.9442538,2.6335103765697365,0.07468622676148017,15.34872803751725,0.030826034324656755,17.46953931416622,1.43,bD226781,bD,G,g
266288123637,2459328.9829234,2.23106389894406,0.06938631803264898,15.528785600022436,0.03380446025806286,17.549456005503956,1.58,bD227184,bD,G,g
266288123637,2459332.7034658,1.8735998216687073,0.19091034606912552,15.718373531303074,0.11075537226647046,16.450566949193263,1.61,bH230949,bH,B,g
266288123637,2459333.9309429,2.0744883139180894,0.09831335408420697,15.607788140560622,0.051512626356542864,17.17110932929372,1.45,bD228883,bD,G,g
266288123637,2459333.933449,1.6645448460486456,0.12334359634882938,15.846826871328988,0.08054401585176682,16.924849093771975,1.46,bD228971,bD,G,g
266288123637,2459336.5173326,2.8376778062956443,0.0857200792046852,15.267657913410368,0.032834594163161326,17.31993420230545,1.60,bp299458,bp,G,g
266288123637,2459342.1296953,2.4833742941618606,0.18275045652403354,15.412460168906868,0.07998866745000408,16.49799443511544,1.97,bD230084,bD,G,g
266288123637,2459342.8883908,2.29030064213697,0.03132283151596668,15.500334385153995,0.014865540082043003,18.4129880753452,1.99,bD230286,bD,G,g
266288123637,2459345.7518824,1.7751398795759623,0.04534914992138259,15.776984170305257,0.02776826481648712,18.01121773509704,1.50,bH234515,bH,G,g
266288123637,2459346.6669746,2.5916359495225785,0.0389134131368016,15.366130633353718,0.01632065190327657,18.17739229918034,1.50,bl385372,bl,G,g
266288123637,2459349.6421275,2.067384039078793,0.07844548128075927,15.611512724665833,0.041243825949764154,17.416220781830855,1.49,bl386352,bl,B,g
266288123637,2459349.6679409,1.7160334185768162,0.053411342897134007,15.813751269324838,0.03383139679472739,17.833556868003928,1.43,bH235804,bH,G,g
266288123637,2459352.6734268,2.6054200139475583,0.06391442151834315,15.36037125997262,0.026664490535361806,17.638643455123734,1.46,bl387544,bl,G,g
266288123637,2459353.7541497,2.686525917211987,0.05921492599616185,15.327088035752945,0.023958097550245704,17.721562634300238,1.49,bt344951,bt,G,g
266288123637,2459355.8474144,2.229529114075231,0.05466370796916713,15.529532752501714,0.026650055163856712,17.80839289248663,1.51,bD234819,bD,G,g
266288123637,2459357.406411,2.3265573187439306,0.08843273454056354,15.483281230799372,0.041315353277427844,17.286107974961247,1.59,bp304119,bp,G,g
266288123637,2459359.7848408,2.420017066822922,0.1117917889610738,15.440519550305448,0.05021155253572229,17.031615846301722,1.48,bt346353,bt,B,g
266288123637,2459362.4432479,2.5496765018671748,0.0868222971863335,15.383852918615368,0.037013347414837826,17.30606243037178,1.69,bp305560,bp,G,g
266288123637,2459365.7668109,1.788704405918855,0.0754567384751562,15.768719180429333,0.04585340860308462,17.458395537879472,1.47,bl391716,bl,G,g
266288123637,2459368.0569033,1.9402293071039103,0.09233848682379846,15.68043297152265,0.05172992702108237,17.239183728016656,1.47,bD239299,bD,G,g
266288123637,2459368.6762385,2.7894729033565295,0.049993316739868794,15.286260254591198,0.019480584166414835,17.9053607354519,1.45,bH242393,bH,G,g
266288123637,2459368.7176265,2.5888696117132017,0.045029441040595024,15.367290177866973,0.018905951998468052,18.018899221410592,1.56,bl392988,bl,G,g
266288123637,2459370.5888115,2.337261617431617,0.05131765858725264,15.478297304451205,0.023865562702001773,17.876973528712302,1.58,bp307209,bp,G,g
266288123637,2459374.3424597,1.9864864643847306,0.06014396273849432,15.65485159681919,0.03290929674775797,17.704660513173106,1.48,bp308079,bp,G,g
266288123637,2459375.8502257,2.433941913009753,0.03247707585883137,15.434290098763588,0.014503702501314282,18.37369831213933,1.61,bD241616,bD,G,g
266288123637,2459377.8732542,1.9075104543318808,0.042381231221630226,15.69889830519566,0.024150093422067337,18.084706688209767,1.55,bD242346,bD,G,g
266288123637,2459381.7944681,2.0342515045589082,0.0701045952827733,15.629054007588168,0.03745881316824465,17.5382743953222,1.59,bD243660,bD,G,g
266288123637,2459383.8994667,1.9737397648206585,0.04059498780687804,15.661840895005364,0.022356030685036096,18.13145957320058,1.45,bD244445,bD,G,g
266288123637,2459384.8712764,2.561246467703048,0.04508626948492217,15.378937191131607,0.019133970617624278,18.01752985513061,1.60,bt352288,bt,G,g
266288123637,2459388.8690708,2.498183760447881,0.08715479723534994,15.406004670079994,0.037920939506400075,17.301912369330267,1.46,bD246144,bD,G,g
266288123637,2459391.954463,2.0824683853917203,0.07497749682614459,15.60361957986325,0.03913494184619895,17.465313268652316,1.43,bD247190,bD,G,g
266288123637,2459392.7746225,2.2266596265274456,0.02749836069275839,15.530931035712639,0.01342348068651267,18.55437360080379,1.57,bD247399,bD,G,g
266288123637,2459395.5300762,1.8786327858742564,0.04471634072197093,15.715460878861762,0.02587238897432329,18.02647496980076,1.45,bH252138,bH,G,g
266288123637,2459395.6009454,1.7930058520992482,0.05785043498265344,15.766111354692637,0.035070107281702304,17.746874039443338,1.49,bl403168,bl,G,g
266288123637,2459397.6854705,2.3730018536307855,0.050342817895838596,15.461820428633839,0.023059591862889924,17.89779680856219,1.60,bH253074,bH,G,g
266288123637,2459401.8998867,1.8182413435084575,0.038200684143163424,15.750936800758467,0.022836617873943383,18.19746275933699,1.46,bD250295,bD,G,g
266288123637,2459403.9347454,2.1824735939423308,0.021607161535772877,15.552693127735132,0.010761204723286016,18.816146314585453,1.44,bD251028,bD,G,g
266288123637,2459405.7737865,1.907198816704246,0.05715078322603715,15.699075700762034,0.03257154734260385,17.76008514498072,1.50,bl407375,bl,G,g
266288123637,2459405.8363123,1.861518747958316,0.04428602860791425,15.725397086040116,0.025858986201505615,18.036973770800305,1.45,bt355761,bt,G,g
266288123637,2459408.5624445,1.8269510870466947,0.0498205239217862,15.745748321922337,0.029641047194528303,17.90911988557945,1.45,bl408501,bl,G,g
266288123637,2459409.7112084,1.8088136003311224,0.04830459144233694,15.756581085340795,0.029027308667173183,17.94266957838849,1.48,bl409041,bl,G,g
266288123637,2459410.8195778,2.367511096609977,0.043743508357028206,15.46433556419724,0.020083239212903628,18.05035658198379,1.51,bt356517,bt,G,g
266288123637,2459411.8516839,2.772253404633112,0.05837440953465449,15.292983308511543,0.022887678680571694,17.737084359825317,1.43,bt356855,bt,G,g
266288123637,2459413.2961295,1.8827708277283906,0.06340735648394254,15.713071970820025,0.03660617566483873,17.647291492958622,1.47,bp314927,bp,G,g
266288123637,2459415.3811603,2.8332102196102658,0.0970493296358344,15.269368623124105,0.0372328184643467,17.18515926178253,1.48,bp315621,bp,G,g
266288123637,2459416.7459505,2.565849024162418,0.13778013417542445,15.376987875565852,0.0583670410837821,16.804674103071008,2.46,bH260711,bH,G,g
266288123637,2459418.6388193,2.688105849672975,0.15205015253463194,15.326449707399384,0.061482662577834926,16.69767346104556,1.45,bH261456,bH,B,g
266288123637,2459423.6663208,2.4760724585877023,0.08027363739290282,15.415657248487591,0.035238853122135844,17.39120825554891,1.40,bH263512,bH,G,g
266288123637,2459423.667612,2.2999398382538243,0.08661245382205843,15.49577443251663,0.04093323224367133,17.308689754455038,1.51,bH263513,bH,G,g
266288123637,2459424.6206857,1.8944353093232573,0.05443340876149394,15.70636617305494,0.031231865433786542,17.812976781898236,1.50,bH263885,bH,G,g
266288123637,2459425.7245557,2.287025089616226,0.07791245522276634,15.501888299722387,0.03702952438676779,17.423623385677644,1.46,bH264371,bH,G,g
266288123637,2459426.6326579,1.7983371505096464,0.05184770342540305,15.762887831932327,0.03133794981628824,17.865816800842836,1.50,bl416219,bl,B,g
266288123637,2459427.6148571,2.686468900950235,0.059233406768211844,15.32711107862633,0.023966083422280154,17.72122383268098,1.45,bl416621,bl,G,g
266288123637,2459429.7271372,1.874750493730553,0.05674175367267185,15.717706930664674,0.032898148001922985,17.767883726280655,1.48,bl417550,bl,G,g
266288123637,2459429.8739191,2.3160380220289873,0.02514750549820407,15.488201410138299,0.011802157325032652,18.651403332007504,1.46,bD259142,bD,G,g
266288123637,2459430.8816103,1.8338269204568682,0.038240999945098365,15.741669762646264,0.022666427144495634,18.19631751167885,1.55,bD259496,bD,G,g
266288123637,2459431.4709094,2.5312116885901275,0.049512203309675505,15.391744454030869,0.021261600732849686,17.915859978912664,1.58,bp318498,bp,G,g
266288123637,2459431.8109041,2.0268854651760497,0.053238879305064275,15.632992601372848,0.028550378432801952,17.837068349279185,1.54,bt360815,bt,G,g
266288123637,2459432.8842755,1.7310332065700593,0.042023631808594315,15.804302124615965,0.02638762820270996,18.093906654625663,1.50,bD260227,bD,G,g
266288123637,2459433.7135666,1.7237091262367645,0.06129283457562594,15.808905669732605,0.03865074754422525,17.68411634546251,1.59,bl419198,bl,B,g
266288123637,2459437.6540577,1.6756451188595785,0.0536734507178287,15.839610507848107,0.03481686345477115,17.82824181795459,1.51,bH268928,bH,G,g
266288123637,2459439.5148043,2.025245009281052,0.07032505930587966,15.633871695699174,0.03774372063820209,17.53486534373567,1.39,bH269595,bH,G,g
266288123637,2459439.5320778,1.6970030755680723,0.052105331817758636,15.825859048749338,0.03337426493333559,17.860435196640918,1.49,bl421260,bl,B,g
266288123637,2459440.868957,2.4141583168013456,0.0333906606258243,15.44315125462838,0.01503389238387064,18.34357808257596,1.43,bD263084,bD,G,g
266288123637,2459443.6303031,2.529263582985338,0.09117511284053398,15.39258039483753,0.03918270289779206,17.25294983774331,1.55,bH270845,bH,G,g
266288123637,2459445.7774564,2.1838883428153752,0.08091639431738605,15.551989546974717,0.04027339713051133,17.382549306167817,1.51,bD264780,bD,B,g
266288123637,2459448.4982776,2.1558313023070457,0.13359111141457966,15.566028688490404,0.06735579432540165,16.83819670396799,1.48,bl423671,bl,G,g
266288123637,2459450.8552358,2.0916333564103984,0.05336499922531718,15.598851724426602,0.02773212320543091,17.83449934279773,1.47,bD266396,bD,G,g
266288123637,2459451.8311807,1.9864293032773297,0.04676691051932821,15.654882839305788,0.02559043924025176,17.977793909395178,1.45,bD266525,bD,G,g
266288123637,2459452.6445946,2.2798911270241247,0.11155154679852719,15.505280351339865,0.05318310153740245,17.03395161972877,1.55,bH272656,bH,G,g
266288123637,2459453.5780558,2.377136202667016,0.051202103041633876,15.459930456800592,0.023412398399982996,17.879421113269228,1.52,bl424953,bl,G,g
266288123637,2459454.8139331,2.030855992560135,0.03167042000504071,15.630867800296357,0.01695066991298601,18.401006054160018,1.55,bD267577,bD,G,g
266288123637,2459455.5934331,1.920185370237661,0.047688943554266186,15.691707731011242,0.02699521047009289,17.95659635723603,1.46,bl425757,bl,G,g
266288123637,2459457.3484298,2.4384137335199667,0.04029675188878553,15.432297133083491,0.017962832421875546,18.139465508101043,2.03,bp323228,bp,G,g
266288123637,2459459.5595687,1.7419917960014524,0.04575109167999039,15.797450358920697,0.028547463651894815,18.00163695806228,1.47,bH275081,bH,G,g
266288123637,2459461.5316026,1.8074798240470933,0.0482017404884171,15.757381976804147,0.028986877466631665,17.944983810924505,1.45,bl427970,bl,G,g
266288123637,2459462.5365669,2.557604265397732,0.04720850221140112,15.380482253404946,0.02006314661515426,17.9675900570725,1.37,bH276093,bH,G,g
266288123637,2459462.7331,1.763213767474242,0.05445307585142748,15.784303201706182,0.03356832110620943,17.81258457028646,1.45,bt366282,bt,G,g
266288123637,2459464.7270563,1.7106777482782796,0.0569597846786688,15.817145106503059,0.03619197683236841,17.763719764199656,1.48,bt366793,bt,G,g
266288123637,2459465.5220084,1.7498657616460964,0.05097689955126909,15.79255378801287,0.031665099483499055,17.88420706679473,1.50,bH277099,bH,G,g
266288123637,2459466.7673515,2.3283732274411144,0.031147372181200787,15.482434129903876,0.014540555151718428,18.419087080691334,1.45,bD271123,bD,G,g
266288123637,2459469.7347662,1.9427115188874597,0.043019289056254115,15.679044834185945,0.02406950097616886,18.068482539217868,1.51,bD272320,bD,G,g
266288123637,2459471.6426179,2.0947724545156357,0.055958854805824666,15.59722348614497,0.02903649131394963,17.782968566183282,1.53,bt368959,bt,G,g
266288123637,2459474.543027,1.7864757074850164,0.1400650142715357,15.770072834687747,0.08522062745776632,16.78681643679426,1.49,bH280218,bH,G,g
266288123637,2459475.5374562,2.722020664521623,0.12769314779408672,15.312837077595898,0.05099039165471355,16.88722162895437,1.45,bH280572,bH,G,g
266288123637,2459476.6765477,2.459524797936218,0.11398715958653378,15.422937608151631,0.05037521337905004,17.010500782109634,1.59,bt370634,bt,G,g
266288123637,2459478.5711902,2.4276925192885344,0.19319595586707072,15.437081422073744,0.08650008291201539,16.43764553350796,1.43,bH281598,bH,G,g
266288123637,2459479.572833,1.6977549160458456,0.12664791991193183,15.825378130555885,0.08108401348858295,16.896145458304773,1.60,bl434489,bl,G,g
266288123637,2459480.6574498,2.4163355686603283,0.08240382053791805,15.442172505297023,0.037068266225775186,17.362772242391415,1.52,bt371536,bt,G,g
266288123637,2459481.7574297,2.7724061372885216,0.04933170555906698,15.292923493342581,0.019341112532085713,17.919825284671752,1.57,bD275781,bD,G,g
266288123637,2459482.3114017,1.8206552809781806,0.054171926622453244,15.749496309333832,0.032341393537064,17.818204907621816,1.54,bp328940,bp,G,g
266288123637,2459483.7524528,2.6624940087822675,0.03696468663455075,15.336844024316164,0.015090740891411316,18.233173039319237,1.50,bD276536,bD,G,g
266288123637,2459485.6530165,2.6849624681298145,0.06183538254373467,15.327720074100224,0.025032890823595954,17.67454798171855,1.46,bt372633,bt,G,g
266288123637,2459486.5528496,2.226992547589029,0.04681085887893597,15.530768713000207,0.022847570101549895,17.976774087508403,1.52,bl437120,bl,B,g
266288123637,2459487.7460156,2.1429436546419915,0.033122567580959945,15.572538742040898,0.016800624118548872,18.35233062426528,1.49,bD277950,bD,G,g
266288123637,2459489.5159868,2.2656296263573155,0.055711747727002096,15.512093334606895,0.02672822019312688,17.78777365425036,1.48,bl437913,bl,G,g
266288123637,2459490.5238997,2.0875491017657914,0.04998102252875678,15.600973873719308,0.026024393081278394,17.905627769378366,1.45,bl438286,bl,G,g
266288123637,2459492.7313934,2.764665778532945,0.040591688895549274,15.295959030298135,0.015959036103393266,18.13154780805914,1.57,bD279695,bD,G,g
266288123637,2459494.6205822,2.081429838489106,0.04479316845440026,15.604161181955936,0.02339172124879898,18.024611152830257,2.49,bt374943,bt,G,g
266288123637,2459497.2669027,1.8555118107735755,0.056123497946998634,15.728906314579298,0.03287707561983664,17.779778783966485,1.45,bp332410,bp,G,g
266288123637,2459499.5930683,1.7172436565800429,0.060553451023186454,15.8129858203138,0.03832826416406426,17.697293363404384,1.55,bt376868,bt,G,g
266288123637,2459501.6044119,1.9067678409210413,0.07137338045397698,15.69932107575096,0.04068652706327608,17.518799944660522,1.66,bt377461,bt,G,g
266288123637,2459503.5745828,1.787019530190164,0.05697670126755549,15.769742375031173,0.03465613888582475,17.763397357325378,1.56,bt378164,bt,G,g
266288123637,2459506.5948371,2.3146302714068447,0.08180321342206429,15.488861550648462,0.038415006243864076,17.370714701161813,1.51,bt379236,bt,G,g
266288123637,2459507.4925333,1.8971305158108867,0.2445113245096611,15.704822597713903,0.14009219534442527,16.181893165899815,1.98,bH290704,bH,G,g
266288123637,2459508.4928132,2.9659599174527944,0.283228375159022,15.219652428298032,0.10379672621640405,16.02229870925742,1.68,bl444323,bl,G,g
266288123637,2459509.5907983,2.831929452587059,0.10633832544783112,15.269859546642714,0.040814977311933884,17.085916068884707,1.50,bt380498,bt,G,g
266288123637,2459511.5798531,2.7799134739158493,0.05501346178527887,15.289987425999357,0.02151046844876202,17.801468175720174,1.47,bt381264,bt,G,g
266288123637,2459513.574601,2.594344287918569,0.049997053152753754,15.364996598442684,0.0209473442847187,17.9052795924628,1.54,bt382055,bt,G,g
266288123637,2459516.5647376,1.8418349843376645,0.04467391945592284,15.736938827719522,0.026364255493673307,18.027505469270523,1.61,bt382778,bt,G,g
266288123637,2459524.5422573,2.5566457914527048,0.0798385349273485,15.380889214294244,0.033943308265658965,17.397109214303704,2.43,bt385540,bt,G,g
266288123637,2459604.1686467,2.5595220121237534,0.07185640574790592,15.379668450095604,0.030515380796280914,17.511476886356956,2.13,bD307336,bD,G,g
266288123637,2459605.1691103,1.937166595983456,0.06732478516726363,15.682148193348269,0.03777636598936483,17.58220317080148,1.64,bD307761,bD,G,g
266288123637,2459615.1657021,2.545989895826793,0.057456573087337495,15.385423932899545,0.02452986829854695,17.754291312507803,1.47,bD311487,bD,G,g
266288123637,2459618.1284111,1.85125590056803,0.04258405680977388,15.7313994828513,0.02500303618602424,18.07952303009001,1.55,bD312534,bD,G,g
266288123637,2459620.1406006,1.9464540483619759,0.034562646445297836,15.676955233765572,0.019300786470605565,18.3061231394405,1.58,bD313373,bD,G,g
266288123637,2459622.1578826,1.8845428123446943,0.03535310221983064,15.712050602185563,0.020390773173120384,18.281571789034864,1.54,bD314245,bD,G,g
266288123637,2459624.1158864,1.880005601893929,0.07755757993288331,15.714667763926226,0.04484120538440171,17.428579988655024,1.58,bD315088,bD,G,g
266288123637,2459625.119404,2.6537586225458063,0.064737835043266,15.340412076586396,0.026516055908673883,17.624745182259133,1.48,bD315506,bD,G,g
266288123637,2459629.1245352,2.002455969646869,0.04534374230531938,15.646158183487211,0.024613113679356986,18.011347210393378,1.47,bD316907,bD,G,g
266288123637,2459632.1054689,2.4638016945963495,0.06865083899674355,15.4210512483,0.030286722074277444,17.561025988412307,1.44,bD317584,bD,G,g
266288123637,2459634.1014461,2.526638936651742,0.058052362671114036,15.393707660956284,0.024974044883259886,17.74309086201597,1.65,bD318443,bD,G,g
266288123637,2459636.1101103,2.3051283433380574,0.050465021097843794,15.493327845417319,0.02379619510580962,17.895164463556657,1.58,bD319224,bD,G,g
266288123637,2459637.6351507,2.6310075920047407,0.07830537578460839,15.349760369075758,0.032350548571187895,17.41816166627657,1.47,bp356886,bp,G,g
266288123637,2459639.0801119,2.402130569002067,0.03070915717630993,15.448574097279508,0.013895796964845742,18.434470868340107,1.48,bD320443,bD,G,g
266288123637,2459641.0775242,2.6983147585820797,0.04189000163949204,15.322334100360134,0.016874462229764246,18.09736466804556,1.43,bD321288,bD,G,g
266288123637,2459644.0716952,1.8205126019357456,0.044820756485266657,15.749581398408047,0.026760712075895594,18.023942655721218,1.52,bD322109,bD,G,g
266288123637,2459646.1117047,1.9764064931626628,0.03605548155722387,15.660374942222893,0.019829291675902187,18.260212360503846,1.52,bD322984,bD,G,g
266288123637,2459648.0109364,1.9913750202250764,0.059437879946102896,15.65218298467297,0.03244310619024529,17.717482335340208,1.49,bt423458,bt,G,g
266288123637,2459649.6272856,1.9768825715741145,0.08847975342773082,15.660113440692571,0.04864914406805805,17.28553085222793,1.57,bp359665,bp,B,g
266288123637,2459651.1232489,1.7127026384299049,0.04017598703073607,15.815860705381171,0.02549745071940726,18.14272422350796,1.46,bD324664,bD,G,g
266288123637,2459654.0369153,2.9299015746160713,0.08008833750939083,15.232933044365469,0.029711762854178533,17.393717414991862,1.45,bD325846,bD,G,g
266288123637,2459656.5724508,2.1019718624107018,0.16531142563868245,15.593498376926025,0.08548465154518348,16.606883433346166,1.68,bp360994,bp,G,g
266288123637,2459659.0429148,2.0011815374017203,0.08814281522599611,15.646849403545653,0.04787542062712477,17.289673317723167,1.51,bD327863,bD,G,g
266288123637,2459659.562318,2.564992327049403,0.16313609223147119,15.377350446542845,0.06913152819681655,16.621265473971643,1.53,bp361590,bp,G,g
266288123637,2459664.009109,2.1924869709461667,0.06394187963126201,15.547723069254307,0.0317000940021391,17.638177114904277,1.48,bD329586,bD,G,g
266288123637,2459666.5744162,2.599014786161275,0.059123383072063836,15.363043746605898,0.02472650296552523,17.723242419782906,1.55,bp362290,bp,G,g
266288123637,2459669.7718583,2.7429275275933755,0.053451220019917,15.304529789729242,0.02118143903223638,17.832746555453397,1.50,bl495284,bl,G,g
266288123637,2459670.8701916,2.5740522919881537,0.03785023663586425,15.373522208857404,0.015983187944074353,18.207469113917423,1.58,bt430370,bt,G,g
266288123637,2459672.7731369,1.8164417593136506,0.04957998035625062,15.752011928255525,0.029668599458034708,17.914374735534807,1.48,bl496458,bl,G,g
266288123637,2459674.9573538,2.370167574683156,0.03927434610104573,15.463117991236482,0.018011176546147024,18.167368203996762,1.46,bt431785,bt,G,g
266288123637,2459677.9892033,2.7634770333775167,0.03677903767037001,15.296425973254308,0.014466273602512179,18.238639707283536,1.60,bD333391,bD,G,g
266288123637,2459680.5702613,1.97511229367479,0.041035136654984726,15.661086141822949,0.022582720765007915,18.119750901325308,1.62,bp364132,bp,G,g
266288123637,2459682.5233563,1.8647617277984925,0.12147810397565674,15.723507254324199,0.07080873411142465,16.941395599312287,1.45,bp364750,bp,G,g
266288123637,2459684.051145,1.7533246575355013,0.11545230994294013,15.79040977112163,0.07157353357404961,16.996634044934652,1.56,bD335462,bD,G,g
266288123637,2459687.8883795,2.520020227211948,0.1085535425998013,15.396555555515594,0.046822235715656677,17.063530608837567,1.54,bt435073,bt,G,g
266288123637,2459688.4745835,2.5694038361682305,0.252218447556054,15.37548470179144,0.10669809183550305,16.148198490912968,1.58,bp366074,bp,G,g
266288123637,2459690.8296976,2.39305459187838,0.06627468209382087,15.452684106963533,0.0301028226320243,17.599271478472755,1.35,bH345572,bH,G,g
266288123637,2459692.870051,2.5909789519401425,0.044818588469546936,15.366405909861456,0.01880210450788783,18.023995174917136,1.55,bt436666,bt,G,g
266288123637,2459693.6967678,2.5520509895599317,0.06336860694614455,15.382842254111527,0.026989633387188967,17.64795521147871,1.48,bH346636,bH,G,g
266288123637,2459696.8463712,2.662137795893648,0.04789452429079748,15.336989293790014,0.019555436091165914,17.951925951404032,1.69,bl505559,bl,G,g
266288123637,2459702.939914,1.7053317715236516,0.044311547460213624,15.820543413924167,0.028243610014489308,18.03634831931865,1.53,bt439629,bt,G,g
266288123637,2459704.8833117,1.973587115694102,0.04108873528488204,15.661924869142002,0.022629692113797544,18.1183336768352,1.57,bt440132,bt,G,g
266288123637,2459704.9136118,1.7962896760646612,0.04238063110013784,15.764124687651096,0.02564503041103978,18.08472206242675,1.38,bH350758,bH,G,g
266288123637,2459706.8604858,1.7875229973123392,0.04108643306256411,15.769436527509786,0.024983827586834043,18.118394512880272,1.45,bH351516,bH,G,g
266288123637,2459710.0460438,1.845462884430354,0.04171684331153711,15.734802334336514,0.024570743354636097,18.10186201595384,1.54,bD342046,bD,G,g
266288123637,2459710.7974727,1.9084030771771174,0.07161636522920743,15.698390351883857,0.04079005959489651,17.51510992310894,1.42,bt441988,bt,G,g
266288123637,2459711.7665008,2.619822568427536,0.06279896038606984,15.35438592467199,0.026055100208960576,17.657759475918077,1.36,bH353062,bH,G,g
266288123637,2459711.767799,2.8766790027105977,0.11617387808996554,15.252837113827846,0.04389643555176964,16.989869393645396,1.39,bH353063,bH,G,g
266288123637,2459711.769074,2.3287932199657213,0.08701866289548081,15.482238302206461,0.04061567267387269,17.303609597042158,1.40,bH353064,bH,G,g
266288123637,2459712.9064054,2.741787431798098,0.07043012739548782,15.30498116899282,0.02792137910167525,17.533244426557218,1.52,bt442509,bt,G,g
266288123637,2459712.9089975,3.040848264353403,0.13585470583768844,15.192578747849328,0.04856150181851519,16.819953895357106,1.52,bt442511,bt,G,g
266288123637,2459713.799892,2.287359919384311,0.09164359316492798,15.501729355164125,0.043549159195304436,17.247385339734432,1.53,bl511991,bl,G,g
266288123637,2459714.7748115,1.177768745403493,0.13187208064427064,16.22241555925828,0.12170404304835901,16.852258465366063,1.50,bl512395,bl,G,g
266288123637,2459716.6838,1.847130630519744,0.1825355760772603,15.733821596854643,0.10741429522543261,16.499271809484267,1.50,bl513178,bl,G,g
266288123637,2459716.6850403,1.953302351699493,0.2218018273032118,15.673141939931199,0.12342633105986905,16.287727812089305,1.41,bl513179,bl,G,g
266288123637,2459720.9528642,1.8801087402594898,0.03763763272630643,15.714608201345184,0.021759629897276315,18.213584861365597,1.51,bD345343,bD,G,g
266288123637,2459720.9541289,2.055720412973594,0.05627115055010309,15.617655501337273,0.029753216288651345,17.7769261237859,1.41,bD345344,bD,G,g
266288123637,2459721.6838658,2.230665613001068,0.04891456631680688,15.528979441208076,0.02383504123442503,17.929045093030172,1.41,bH356487,bH,G,g
266288123637,2459722.8196109,2.571599279915241,0.05016739443652226,15.374557383580296,0.021204616515227256,17.901586747712045,1.56,bl515340,bl,G,g
266288123637,2459725.6343015,1.9797419945847428,0.05258120235189732,15.658544133533939,0.028869156169649177,17.850564329666376,1.49,bl516455,bl,G,g
266288123637,2459726.908952,1.8138334250096437,0.07644420265264583,15.753572120434631,0.04580989823913921,17.444279223612654,1.40,bt445593,bt,G,g
266288123637,2459729.4308018,2.6958281609770367,0.06020595056618423,15.323335108037519,0.02427500816361384,17.703542067253526,2.29,bp373231,bp,G,g
266288123637,2459731.8077953,2.679757268309757,0.05243794766950942,15.32982697844891,0.02126975076438156,17.853526396900936,1.42,bt446940,bt,G,g
266288123637,2459733.4944008,2.0164786088400453,0.029774911836792577,15.638581574042782,0.0160497782933717,18.46801440090411,1.56,bp374263,bp,G,g
266288123637,2459734.4439388,2.2840924152353828,0.046552658252780384,15.503281443165118,0.02215353247295733,17.982779398602474,1.52,bp374613,bp,G,g
266288123637,2459735.8802264,1.7704017678742368,0.040264770119188914,15.779886035797544,0.02472097309862619,18.14032755157048,1.41,bD350074,bD,G,g
266288123637,2459737.6891167,2.6704931964887124,0.051516111945884305,15.33358693260357,0.02096832672251249,17.87278291578825,1.55,bt448368,bt,G,g
266288123637,2459738.7770129,2.8329838424465685,0.09988668736195971,15.269455378318153,0.03832442834168667,17.153871585334237,1.54,bt448711,bt,G,g
266288123637,2459739.7519238,2.1230090854830515,0.03704413597057281,15.58268599041562,0.018966176574907866,18.230841937413725,1.39,bH360780,bH,G,g
266288123637,2459739.7702013,1.9782155891903177,0.039248252930329935,15.659381572362905,0.021565467749119417,18.168089787376204,1.43,bl519289,bl,G,g
266288123637,2459740.8590531,2.592812673434941,0.05259459187297704,15.365637770228046,0.022048655975136233,17.850287887962537,1.51,bt449197,bt,G,g
266288123637,2459741.7771688,1.934373619362135,0.08479066421589547,15.683714720463682,0.047645276243196255,17.331770518026804,1.49,bl520165,bl,G,g
266288123637,2459741.8658956,1.7401376104764967,0.049438730949429875,15.798606637915562,0.03088132266578282,17.91747232581621,1.43,bH361709,bH,G,g
266288123637,2459741.8671939,1.7481273061824711,0.057343424050991486,15.793632980656206,0.03565518857273182,17.75643155724887,1.34,bH361710,bH,G,g
266288123637,2459750.7750572,1.9925890591288824,0.03452193743955536,15.651521268851045,0.018831702839620924,18.307402708456472,2.15,bD353701,bD,G,g
266288123637,2459751.5936591,1.9948250507908218,0.07843806837369603,15.650303588776467,0.04273997358194846,17.416323386107784,1.51,bl524179,bl,B,g
266288123637,2459753.8584102,2.3503478412458914,0.04522835443486634,15.47223527048098,0.02091658688036878,18.014113644225183,1.48,bt451638,bt,G,g
266288123637,2459754.9123211,2.661232724695875,0.030836464022622592,15.337358484164035,0.012594875812897612,18.429979180821213,1.55,bD354696,bD,G,g
266288123637,2459758.9699407,2.2021390602053423,0.02791823927323265,15.542953771690915,0.013780197991076952,18.53792054880933,1.47,bD355682,bD,G,g
266288123637,2459759.5760957,2.470933180857997,0.06058636976273805,15.417913118931851,0.026651772800768102,17.69670328380885,1.67,bp379533,bp,G,g
266288123637,2459760.6554037,1.754866507682705,0.048686030569329915,15.789455408855677,0.0301559111267124,17.934129692848565,1.45,bl526586,bl,G,g
266288123637,2459760.656645,1.8759367577898567,0.054976003990140396,15.717020139261304,0.031854232733646085,17.80220768810198,1.47,bl526587,bl,G,g
266288123637,2459761.6782546,2.4505836062948863,0.040860340690085234,15.426891812584476,0.018123606833688456,18.124385652886183,1.45,bH368201,bH,G,g
266288123637,2459761.6795582,2.5433565242382072,0.04847665495679906,15.386547514158702,0.02071751079930594,17.938809000209375,1.44,bH368202,bH,G,g
266288123637,2459762.774169,2.6892717429114263,0.049950181535845066,15.325978900766257,0.020188988236518463,17.906297934097616,1.44,bl527531,bl,G,g
266288123637,2459765.7964869,1.8717989594703042,0.040245825262320005,15.719417618490324,0.02337081235157412,18.1408385182893,1.53,bD357176,bD,G,g
266288123637,2459765.7977514,1.7618945961076145,0.052486657072095426,15.785115813423134,0.03238032191870959,17.852518328949113,1.55,bD357177,bD,G,g
266288123637,2459768.3086951,2.4780253306482365,0.06561498529642754,15.41480126861016,0.028781237749943425,17.610133021831835,1.49,bp381520,bp,G,g
266288123637,2459769.7527896,2.0289053752749178,0.08531980243212,15.631911140423657,0.04570884222460142,17.325016008643672,1.46,bl530175,bl,G,g
266288123637,2459769.7540183,2.178813808615961,0.11133611151023705,15.554515324713414,0.05554284263876621,17.03605048843147,1.48,bl530176,bl,G,g
266288123637,2459769.8551897,2.732034703424868,0.05692353572765873,15.308850093204502,0.022647372788517212,17.7644109417959,1.57,bt455137,bt,G,g
266288123637,2459769.8564184,2.8373940937724518,0.06405563013127374,15.267766471315484,0.024538602190690702,17.636247341912373,1.55,bt455138,bt,G,g
266288123637,2459773.5970117,1.4430335379203498,0.20352077789307524,16.001874560375796,0.15330082844721077,16.381118726634092,1.60,bl530922,bl,G,g
266288123637,2459774.9615232,2.6981142491610486,0.08849957580230021,15.32241478347024,0.035652749367217365,17.285287638854733,1.50,bD359999,bD,G,g
266288123637,2459775.9520358,1.966461945897735,0.0738547688668003,15.66585175590159,0.040823023729887845,17.481694253125625,1.58,bD360302,bD,G,g
266288123637,2459779.8370997,1.977725205471204,0.051999886093812994,15.659650750992428,0.02857910449995775,17.86263463066685,1.52,bt457698,bt,G,g
266288123637,2459782.6953462,1.9821125887085518,0.04164341533279472,15.657244822759115,0.02283653418142343,18.103774760392945,1.50,bl531493,bl,G,g
266288123637,2459783.7257861,2.1744332561393462,0.03361193972949072,15.556700418256364,0.0168019491948624,18.33640667112641,1.49,bH372960,bH,G,g
266288123637,2459785.853888,2.5048015667404853,0.02705444028009363,15.403132306637463,0.011740251481364698,18.572044227957086,1.44,bD362411,bD,G,g
266288123637,2459786.7402212,2.7408279689383765,0.05578793280681585,15.305361178713879,0.022124357342354694,17.786289938568075,1.38,bH374154,bH,G,g
266288123637,2459787.7256922,1.7364154720604854,0.04895996908839929,15.800931505038582,0.03064782510929394,17.92803777409382,1.46,bl533638,bl,G,g
266288123637,2459788.6660681,2.633137302146323,0.04226643975931324,15.348881858480397,0.017447545294972482,18.087651443135496,1.49,bl534002,bl,B,g
266288123637,2459789.823361,2.492627752959288,0.0426744575635725,15.408422056895777,0.018608988006867666,18.077220587715995,1.48,bt459922,bt,G,g
266288123637,2459789.8246129,2.532127071119572,0.05364929507580673,15.391351881457155,0.023029828097675835,17.82873056160984,1.44,bt459923,bt,G,g
266288123637,2459792.3779533,1.9904747541139443,0.0436842333500137,15.652673938165858,0.02385504374714278,18.051828815619416,1.49,bp386911,bp,G,g
266288123637,2459793.5979965,1.8065709379678943,0.04379768640904461,15.757928073474048,0.026351680899364915,18.04901268714103,1.46,bH376725,bH,G,g
266288123637,2459793.5992716,1.777297854786867,0.05468039777840076,15.775665080554024,0.033441336136451935,17.808061448369873,1.44,bH376726,bH,G,g
266288123637,2459794.5886425,2.811927143504996,0.05324649982847435,15.277555462265944,0.02058254972289215,17.836912949951184,1.54,bl536345,bl,G,g
266288123637,2459795.7027567,2.5355453300624515,0.058940879499776916,15.389887174285665,0.025267216724437245,17.726599081476124,1.47,bH377473,bH,G,g
266288123637,2459797.3940752,2.606928594209239,0.06605305130407893,15.359742783108636,0.02754076005580664,17.602908400096638,1.50,bp387937,bp,G,g
266288123637,2459799.8683949,1.7451090931470061,0.06677207729145881,15.795509168584601,0.04158957463864783,17.59115339288242,1.58,bD365692,bD,G,g
266288123637,2459801.7926116,1.9380436094776308,0.09014346031421908,15.681656759197109,0.050557181273687864,17.265305048423652,1.57,bD366373,bD,B,g
266288123637,2459801.7938753,1.9128935296626244,0.13074479694159385,15.695838626862207,0.07429263966624858,16.861579574181217,1.62,bD366374,bD,B,g
266288123637,2459804.6847033,1.8198465781482511,0.2167305139918936,15.749978681264826,0.12944862961089224,16.31284045906139,1.49,bH380491,bH,G,g
266288123637,2459806.7220435,2.711916662794432,0.07460949156623278,15.316874773458212,0.029904043348438495,17.47065541029984,1.50,bt463883,bt,G,g
266288123637,2459806.7233073,2.5498454050630652,0.1114165185941987,15.383780996455492,0.04749500156949244,17.03526665134791,1.48,bt463884,bt,G,g
266288123637,2459807.6867469,1.9208917714256102,0.11223187552727057,15.69130838190931,0.06350757021612104,17.027350060060854,1.49,bH381633,bH,G,g
266288123637,2459810.7889202,2.1269704887565335,0.02720663649678736,15.580661961769772,0.013903545503378122,18.56595347613798,2.28,bD369469,bD,G,g
266288123637,2459812.5363482,1.9423384443219707,0.0308460145939726,15.679253356891138,0.017261809768834045,18.42964296212812,1.53,bH383294,bH,G,g
266288123637,2459814.6097527,2.6575631729480187,0.04610294764235949,15.33885662994616,0.018856334299542348,17.99331887801759,1.48,bl542519,bl,G,g
266288123637,2459816.5723201,2.671724755042879,0.0467977341505299,15.333086336129835,0.01903905042670315,17.97707854658508,1.38,bH384887,bH,G,g
266288123637,2459816.5748936,2.5457127145117293,0.05408864107859175,15.38554214317708,0.023094515275522247,17.81987543549845,1.44,bH384889,bH,G,g
266288123637,2459818.533417,2.7298620813040095,0.05163256707855875,15.30971385709945,0.020558678002283483,17.870331316626878,1.42,bH385561,bH,G,g
266288123637,2459819.5725265,1.9175241918487327,0.04840081752633283,15.693213492789482,0.027436203668977373,17.940508868272442,1.40,bH385978,bH,G,g
266288123637,2459819.5738215,1.885619148831545,0.05297733985927202,15.711430672571897,0.03053854491248088,17.842415243028572,1.46,bH385979,bH,G,g
266288123637,2459820.7220144,1.8289500406399808,0.04248545246943008,15.744561016014249,0.025249371833320145,18.08203999183364,1.51,bt465302,bt,G,g
266288123637,2459822.4203396,2.6285862823723196,0.06632129638338295,15.35076002942192,0.027424766733946275,17.59850809447721,2.44,bp393046,bp,G,g
266288123637,2459823.5157008,2.0345617540359466,0.043824558928484275,15.628888431500512,0.023413096233212295,18.048346726845878,1.46,bl546133,bl,G,g
266288123637,2459825.8137418,1.7752909915625619,0.05074417966527995,15.776891748984648,0.031069113339515567,17.889175021294893,1.44,bD374173,bD,G,g
266288123637,2459825.8150052,1.7840332779903658,0.06833639823840265,15.771558244501488,0.041635262443683686,17.56601039896137,1.49,bD374174,bD,G,g
266288123637,2459826.3650019,2.748985261058118,0.09744886256697614,15.30213459393428,0.03853155497183859,17.18069867555741,1.49,bp393762,bp,G,g
266288123637,2459826.3663001,2.9356251448682222,0.17905255855427288,15.230814124884642,0.06629672953812393,16.52018928343871,1.54,bp393763,bp,G,g
266288123637,2459827.5923393,2.868081097030202,0.09527632479509493,15.256087054396401,0.03610819188850625,17.205178120817784,1.45,bH389089,bH,G,g
266288123637,2459828.6303812,1.8968328770957397,0.10605792320014625,15.704992951033727,0.060775175660711715,17.088782814893783,1.50,bH389511,bH,G,g
266288123637,2459829.633029,1.403989325687631,0.15350121464819788,16.0316561074498,0.11883932684104932,16.68736107049349,1.49,bl548568,bl,G,g
266288123637,2459831.5777786,2.5841143917479554,0.1387688130819066,15.369286285308492,0.05837035189891418,16.796910927202298,1.52,bH390510,bH,G,g
266288123637,2459834.5987834,2.8869011110973943,0.13724318522417128,15.248985853124484,0.05167387780281736,16.808913639256463,2.02,bl549287,bl,G,g
266288123637,2459835.6896899,2.1296115746374054,0.08635541519149463,15.57931462586222,0.044075916400795834,17.311916670000084,1.45,bt468004,bt,G,g
266288123637,2459836.7908327,1.8465549642356112,0.04775749659382641,15.734160023997706,0.028111983336538485,17.955036727988887,1.40,bD376642,bD,G,g
266288123637,2459838.7704987,1.7588930592944265,0.039248326620251656,15.786967034397792,0.024254586918629067,18.168087748871688,1.50,bD377416,bD,G,g
266288123637,2459840.567115,2.5956110340807874,0.05767576451147423,15.364466593033182,0.02415271300626085,17.750157211568848,1.53,bl551575,bl,G,g
266288123637,2459842.7295503,1.753223385407939,0.03912220852415735,15.790472485115057,0.02425483258670802,18.171582202519502,1.65,bD378896,bD,G,g
266288123637,2459843.6704942,2.636599826898242,0.044571355611318975,15.347455074209385,0.01837484974785555,18.03000100370249,1.47,bt469869,bt,G,g
266288123637,2459844.3233338,1.9509186360959812,0.052427360436110786,15.674467728948908,0.02920996308571583,17.853745629416547,1.51,bp398384,bp,G,g
266288123637,2459845.6493758,2.727924698805276,0.04991637704701051,15.310484677395092,0.019889453545620196,17.90703297011635,1.47,bt470617,bt,G,g
266288123637,2459846.6603015,1.8844689815128621,0.04480538761353717,15.712093138962597,0.025843624253494495,18.024315014496533,1.47,bt471003,bt,G,g
266288123637,2459847.6682685,2.3539650584022382,0.03852575144996821,15.470565592258085,0.017789481047720844,18.188262815328674,1.55,bt471392,bt,G,g
266288123637,2459850.7358379,2.57972259279557,0.0329258172171208,15.371133104365951,0.01387317064931256,18.358799204105424,1.46,bD382081,bD,G,g
266288123637,2459851.5571795,2.630089809843168,0.05334049159971327,15.350139175721937,0.02204441650627014,17.834998076586835,1.50,bl555508,bl,G,g
266288123637,2459852.5558024,1.8154011364037264,0.05680028454570018,15.752634114860049,0.034008703908763524,17.76676433306614,1.45,bH398004,bH,G,g
266288123637,2459853.5524432,2.094838876514672,0.054247149224091525,15.5971890596727,0.028147411858703446,17.816698310844778,1.48,bH398362,bH,G,g
266288123637,2459854.5274214,2.059389339732149,0.06562045151012175,15.615719471481812,0.034634819338081144,17.610042575741076,1.51,bl556609,bl,G,g
266288123637,2459855.5436316,2.2222231563520083,0.07964093008583614,15.533096450322347,0.03895478638440455,17.399799803219885,1.42,bH399054,bH,G,g
266288123637,2459857.4868678,2.3720256425837776,0.09132228994488199,15.462267173228268,0.04184750655883157,17.251198628762733,2.02,bl557692,bl,G,g
266288123637,2459858.2883963,2.243916097063403,0.13308958210209354,15.522549087149478,0.06446880497480495,16.842280457966798,1.49,bp401943,bp,G,g
266288123637,2459863.7199702,2.536838933858218,0.10092706560057983,15.389333386389069,0.0432441061631367,17.14262149503854,1.72,bD385034,bD,B,g
266288123637,2459867.7029125,2.1960423529055393,0.04581823248897434,15.54596384311055,0.022678263264166006,18.000044782497902,1.54,bD385783,bD,G,g
266288123637,2459869.4966006,2.1137770205705158,0.0562982665672958,15.587417691631522,0.028949963696461137,17.776403053791963,1.64,bl561655,bl,G,g
266288123637,2459872.4908436,1.6941040173656736,0.15567822007872542,15.827715441443877,0.0998849272965185,16.672070967646505,1.98,bl562648,bl,G,g
266288123637,2459874.5508782,1.9021956276554386,0.11397600156479343,15.701927674582185,0.0651284002662224,17.010607068301887,2.14,bt476055,bt,G,g
266288123637,2459876.5760858,2.5417039838879436,0.04448151810222877,15.387253198171075,0.019022465442303977,18.03219160946704,1.51,bt476850,bt,G,g
266288123637,2459880.5660617,2.576886248106008,0.04846857886261387,15.372327502670808,0.02044453375963618,17.93898989631999,1.53,bt477579,bt,G,g
266288123637,2459880.567302,2.6523834335338297,0.05221049022960754,15.34097485553816,0.021396051619376563,17.858246183863876,1.55,bt477580,bt,G,g
266288123637,2459893.5379778,2.335450189090201,0.17216286582592044,15.479139099756612,0.08012739928471047,16.562791903143147,1.60,bt481916,bt,G,g
266288123637,2459968.1721015,2.4122086326886496,0.09267438636305243,15.444028453882517,0.041759666759510206,17.23524131379049,1.50,bD401558,bD,G,g
266288123637,2459990.8885904,2.705738115870448,0.13547420831632428,15.319351223239725,0.054423069769079166,16.822999057033776,1.44,bH436785,bH,G,g
266288123637,2459997.6341089,2.228349075414091,0.06592590710257941,15.530107559920346,0.032157706109578243,17.605000326069764,2.09,bp430769,bp,G,g
266288123637,2459998.9928822,1.8447621102603093,0.06996256010504517,15.735214697213042,0.04122280079408942,17.54047637889559,1.49,bt504678,bt,G,g
266288123637,2459999.6323842,2.1026662910874943,0.04116845512342082,15.593139741373882,0.0212817036046092,18.116229186234236,1.52,bp431567,bp,G,g
266288123637,2460003.8675331,2.3665465254802456,0.05073421698038886,15.464778004866835,0.02330226235927096,17.889388206525943,1.41,bH441632,bH,G,g
266288123637,2460012.828745,2.16867615088423,0.17243046844956766,15.559578863483232,0.08642342571590172,16.561105591270636,1.50,bH444920,bH,G,g
266288123637,2460020.0116105,3.0382873513812028,0.18576381170144668,15.193493508194017,0.06645756746484689,16.48023782692556,2.03,bt511447,bt,G,g
266288123637,2460020.0141163,2.0805552943915866,0.35538281708152236,15.604617466239993,0.18566469816114456,15.775899547332013,2.30,bt511449,bt,G,g
266288123637,2460020.8819452,1.836224592103733,0.04521061882767876,15.740251123547836,0.026762508898928408,18.01453948256432,1.48,bl611740,bl,G,g
266288123637,2460021.8138779,2.4743502854860195,0.05890008865563878,15.416412669129203,0.025874200540965113,17.727350740237345,1.46,bl612140,bl,G,g
266288123637,2460022.8348391,1.8890578788637347,0.047926471430731615,15.7094524610853,0.027576704381822484,17.951201972958827,1.45,bH448771,bH,G,g
266288123637,2460023.8232396,2.7290247642376606,0.04521498860625228,15.310046930667982,0.01800889731378282,18.01443454709433,1.47,bl613012,bl,G,g
266288123637,2460025.60469,1.8579087388553224,0.04086313686217107,15.72750467858079,0.023906692606667522,18.12431135586994,2.39,bp438480,bp,G,g
266288123637,2460026.809789,1.6937614585370548,0.05633582311483097,15.827935006551408,0.036153019088707716,17.77567900115371,1.56,bl614308,bl,G,g
266288123637,2460030.0026,2.0257701595326996,0.03351368643957545,15.63359019853336,0.017982257203067852,18.339585106438545,1.41,bD408640,bD,G,g
266288123637,2460032.0275018,2.637706755538651,0.05338772422111351,15.346999343204814,0.022000222314742874,17.83403709040238,1.46,bD409585,bD,G,g
266288123637,2460036.5735512,1.7651686345553976,0.04426889761501002,15.783100117719906,0.027259926349731907,18.037393843183512,1.60,bp441373,bp,G,g
266288123637,2460040.5982609,2.0230200458956897,0.12085949077073851,15.63506515685454,0.06493707858893756,16.946938711291327,1.40,bp442691,bp,G,g
266288123637,2460044.5042744,2.0437218886121524,0.08550160735036326,15.62401113146654,0.045474156853977286,17.32270491360328,1.59,bp443746,bp,G,g
266288123637,2460047.7751324,2.617528700136598,0.07766917270687343,15.355336991684286,0.032252946761352895,17.427018913212514,1.47,bH459413,bH,G,g
266288123637,2460049.5375573,1.9208670671521595,0.05058957501669459,15.691322345474035,0.028627003625988703,17.89248803372921,1.51,bp445158,bp,G,g
266288123637,2460051.9453569,1.922774840544963,0.04019337118956754,15.690244545375647,0.02272156158065793,18.142254526813975,1.55,bD415624,bD,G,g
266288123637,2460052.8353038,2.552588441738893,0.05012531680351116,15.382613626292054,0.02134462379947958,17.9024977852478,1.47,bH461696,bH,G,g
266288123637,2460056.9313869,1.9963935727803916,0.04290299016775465,15.64945021472692,0.02335896368370072,18.071421706848632,1.53,bD416792,bD,G,g
266288123637,2460056.9326516,2.0045635881903388,0.055073740173796494,15.645016028857587,0.02986323876735524,17.800279183100614,1.48,bD416793,bD,G,g
266288123637,2460059.9234306,2.791962832374096,0.048268488212270116,15.28529154102394,0.018791707199125575,17.943481369541022,1.41,bD418135,bD,G,g
266288123637,2460064.8216506,1.830570316562047,0.05762126377303347,15.743599582725988,0.034214369086120015,17.75118366351126,1.50,bl631475,bl,G,g
266288123637,2460064.8433471,1.7311758970431645,0.04466480902582034,15.804212630187306,0.02804377391446416,18.02772690792329,1.42,bH466534,bH,G,g
266288123637,2460065.8050042,2.679230086031458,0.04309451387829915,15.330040593764663,0.01748332969064932,18.06658564625106,1.41,bH466964,bH,G,g
266288123637,2460068.8473727,1.7276336851808718,0.09852283886907413,15.806436464091389,0.061986544466908794,17.168798318318192,1.56,bl633388,bl,G,g
266288123637,2460071.920558,1.7003189511900134,0.1266614207676234,15.823739633911377,0.080970371623369,16.896029723387187,1.59,bD420222,bD,B,g
266288123637,2460072.426582,2.4797810239472486,0.1509153358844006,15.414032291476914,0.06615036044952417,16.705807174833687,1.60,bp451016,bp,G,g
266288123637,2460074.0172523,2.7678599094885965,0.06050591609729834,15.294705359117138,0.023761065319924574,17.698146009406212,1.52,bD421043,bD,G,g
266288123637,2460076.083641,2.6858723742048842,0.09836860685180364,15.327352191636106,0.039809188172469805,17.170499309630653,1.50,bD421892,bD,G,g
266288123637,2460080.6777498,2.2963191693317397,0.07584060240439687,15.497484994145463,0.03589894579858138,17.45288617654456,1.47,bH473678,bH,G,g
266288123637,2460085.7082296,1.9687965510247198,0.04937879167175343,15.664563522557053,0.027261628234402743,17.918789465734623,1.55,bl640923,bl,G,g
266288123637,2460086.034207,1.7004385368244144,0.062247418595045324,15.823663275362819,0.03978987545746069,17.667337246648167,1.98,bD425182,bD,G,g
266288123637,2460088.6574107,2.44729983869365,0.056829317037363616,15.428347668342138,0.025240469436191335,17.766209519398572,1.53,bl641815,bl,G,g
266288123637,2460089.6709353,2.2750009438430285,0.0504761782970353,15.50761166935354,0.024116654254986235,17.89492444708711,1.40,bH476979,bH,G,g
266288123637,2460090.9459573,2.6696276675359716,0.03866299959954021,15.333938885734375,0.015741895424505433,18.184401749045257,1.54,bD426751,bD,G,g
266288123637,2460091.7367066,2.673627175490645,0.05069012321132363,15.332313505127924,0.020607944337713093,17.8903322443063,2.03,bl642979,bl,G,g
266288123637,2460091.9343191,1.8304181037736391,0.042060047409626426,15.743689865958997,0.024976502768574105,18.09296621673574,1.45,bD427150,bD,G,g
266288123637,2460092.7410038,1.7337165823196936,0.0588700081682121,15.802620364626138,0.03690865044830872,17.727905371265884,1.46,bl643476,bl,G,g
266288123637,2460092.914193,2.7139641980158773,0.1443095776901685,15.316055336657811,0.05779672286555001,16.75440272203218,1.45,bD427507,bD,B,g
266288123637,2460093.8848231,1.7579424787214974,0.05065733321076991,15.787553971010293,0.031322025250452946,17.891034803467708,1.44,bD427899,bD,G,g
266288123637,2460094.893243,3.331103413872235,0.2095363812697581,15.093595333426617,0.06837282061382326,16.34949201319895,2.24,bD428155,bD,B,g
266288123637,2460095.8973728,1.6294217312914068,0.06759032310773232,15.869981861989393,0.045088230442451166,17.57792930508453,1.51,bD428503,bD,G,g
266288123637,2460096.6536671,1.7459950342249853,0.12383682126936989,15.794958111790418,0.0770937132532759,16.920516122178025,1.59,bH479376,bH,G,g
266288123637,2460097.6906111,2.328365105642595,0.11528452038936189,15.482437917160134,0.05381856178359155,16.99821311859142,1.50,bl645331,bl,G,g
266288123637,2460098.648549,2.420959523220865,0.25774991001657943,15.440096801289192,0.11572392804711738,16.12464430559607,1.44,bH480328,bH,G,g
266288123637,2460101.6211861,3.0556900236055817,0.16533251752362407,15.187292381575393,0.058811350886240454,16.60674491441296,1.51,bl647122,bl,G,g
266288123637,2460103.8797464,2.7791624737221943,0.046533823146438676,15.290280779827462,0.018199814882623098,17.983218774048776,1.45,bD431397,bD,G,g
266288123637,2460104.9489049,1.972653163414883,0.043175645263635494,15.662438789101394,0.023790319590881674,18.06454351930365,1.57,bD431875,bD,G,g
266288123637,2460106.9637993,2.4870267272282858,0.04045772020247867,15.410864491007883,0.017682070862901744,18.13513709500049,2.28,bD432308,bD,G,g
266288123637,2460109.7861322,2.6396924405622273,0.0423650868488886,15.346182300512773,0.01744483817009991,18.085120358811622,1.59,bD433238,bD,G,g
266288123637,2460110.7288486,2.028652843904152,0.06334319054015486,15.632046286951503,0.03393941662925485,17.648390774908403,1.50,bl650506,bl,B,g
266288123637,2460110.7660164,1.918292532479711,0.0468628848323149,15.692778531835007,0.026553780215235863,17.975568061897796,2.13,bH484715,bH,B,g
266288123637,2460111.696416,2.746835647581699,0.051773904525394834,15.302983935037421,0.02048756838776361,17.8673633151798,1.51,bl650975,bl,G,g
266288123637,2460114.7875709,2.333035767229901,0.03306644264427619,15.480262130000478,0.015405586998601355,18.35417192360319,1.42,bD435167,bD,G,g
266288123637,2460117.9103709,2.2786689170506667,0.02085483295277058,15.505862551700051,0.0099480431396476,18.85462382270064,1.54,bD436518,bD,G,g
266288123637,2460121.5392265,2.806624702088115,0.06216437753451802,15.279604764110008,0.024075173118346074,17.668786638138204,1.45,bH488264,bH,G,g
266288123637,2460122.80422,2.195993016005064,0.033389329530030945,15.545988235837191,0.0165268055156148,18.34362136556811,2.06,bD438299,bD,G,g
266288123637,2460124.5547958,1.6438948531633444,0.08378914135424649,15.86038053293292,0.055402055350842125,17.34467126162943,1.51,bl655426,bl,G,g
266288123637,2460126.4326656,1.7043098459172186,0.10095184237912289,15.821194239897792,0.06438398728871636,17.142354988290453,1.52,bp459531,bp,G,g
266288123637,2460126.5285459,2.137022646871717,0.15208614456698386,15.575542810836371,0.07735576735475126,16.697416485122844,1.51,bl656384,bl,G,g
266288123637,2460128.8502931,1.9699402599915325,0.10700663081425757,15.66393298219477,0.05904318907284458,17.079113885995103,1.40,bD440772,bD,G,g
266288123637,2460129.6661641,1.285847868952899,0.16917905262049268,16.12709164867825,0.143010910565368,16.581774139840004,1.44,bl657979,bl,G,g
266288123637,2460131.9033969,1.770977312871217,0.04901567024862517,15.779533128056269,0.03008389890539049,17.926803247363924,1.46,bD442071,bD,G,g
266288123637,2460133.7763684,2.2333768810250767,0.0724652852515482,15.52766058180189,0.03526794562667112,17.50231559619827,1.40,bl659995,bl,G,g
266288123637,2460136.7873165,2.41906017849991,0.06380892258919223,15.44094894138853,0.028671268772023396,17.640437082338757,1.72,bl661019,bl,G,g
266288123637,2460139.6123878,2.70061994088816,0.04573644132295699,15.32140694706798,0.018408189328846376,18.001984686821768,1.57,bl661877,bl,G,g
266288123637,2460141.9585305,2.675109823634485,0.03856431302618106,15.331711581791563,0.015669536697093846,18.187176613022753,2.00,bD446102,bD,G,g
266288123637,2460143.5258957,2.8339407795286524,0.05906263453905578,15.269088695746962,0.022653442960794384,17.724358573602363,1.54,bp464937,bp,G,g
266288123637,2460147.6468556,1.858842419518526,0.04481983456599196,15.726959185553223,0.02620836009186433,18.023964988486377,1.49,bl664722,bl,G,g
266288123637,2460149.9291593,2.1148502655740034,0.026844011121319285,15.586866561960813,0.013796850506594285,18.580522086267194,1.51,bD447744,bD,G,g
266288123637,2460151.6594175,2.2805791689969017,0.04071849291146832,15.504952739476431,0.019407013809117697,18.128161373063058,1.44,bH499779,bH,G,g
266288123637,2460154.5704963,2.6718348742203504,0.08121802186152827,15.333041586791893,0.03304113566183611,17.378509592323596,1.62,bH500902,bH,G,g
266288123637,2460156.5039679,2.55446432775315,0.11540274238277697,15.381816016576549,0.04910531029801949,16.997100288102697,1.50,bl668540,bl,G,g
266288123637,2460157.5606983,2.06186661784401,0.13743280604979416,15.614414203919239,0.07245060545814334,16.807414576835278,1.57,bl669069,bl,G,g
266288123637,2460159.6685969,2.347131825938317,0.17300308012063798,15.473721916532657,0.08011770968292713,16.557506023165157,1.42,bH503272,bH,G,g
266288123637,2460161.222721,2.6853420993329316,0.05234893333126416,15.327566570947027,0.02118948438809318,17.85537101928304,1.53,bp468579,bp,G,g
266288123637,2460161.898118,2.478775256059802,0.05855101834827928,15.414472741705689,0.02567494212819197,17.73380447909577,1.49,bD452718,bD,G,g
266288123637,2460163.888633,2.42244917005129,0.057077959311990396,15.439428939603541,0.025610964675232013,17.761469517582714,2.19,bD453489,bD,B,g
266288123637,2460171.871149,2.308317157113692,0.03083060951745397,15.491826923333178,0.014517732964430133,18.43018533453913,1.50,bD454083,bD,G,g
266288123637,2460180.7550055,2.3912769204745716,0.038303427978809805,15.453490941643409,0.01741084877709174,18.19454650382735,1.50,bD455794,bD,G,g
266288123637,2460182.7343864,2.5845829118466286,0.0841559856251907,15.369089450707703,0.03539213116337189,17.339928084532367,1.48,bt518019,bt,B,g
266288123637,2460186.7776719,2.4454753526500808,0.08756520109722064,15.429157397204358,0.03892068112928617,17.296811737975336,1.51,bD457768,bD,G,g
266288123637,2460188.6736423,2.8195232730958275,0.08231757469300294,15.27462641297859,0.031734309668621244,17.363909195423656,1.46,bt519537,bt,G,g
266288123637,2460190.7290631,2.32850002799156,0.07227704198225446,15.482375003558413,0.03373931767670529,17.50513968576366,1.52,bt520314,bt,G,g
266288123637,2460191.2501883,1.8500561063345047,0.03522948121666465,15.732103373839575,0.020698244899074524,18.28537499173764,1.47,bp475857,bp,G,g
266288123637,2460194.799405,1.8474706395775566,0.04192242520843209,15.733621759243997,0.024664994675014564,18.096524614946855,1.45,bD460471,bD,G,g
266288123637,2460196.7170063,1.8146991531384382,0.05314891227105106,15.753054030892645,0.031834784689488804,17.838904659402747,1.54,bt522413,bt,G,g
266288123637,2460200.7508097,2.342639220298713,0.03476065391987134,15.475802097437278,0.01612852681314847,18.29992076686249,1.68,bD462937,bD,G,g
266288123637,2460201.8171638,1.715633582152628,0.04319115596628689,15.814004275740437,0.027364181458900207,18.064153542336317,1.51,bD463459,bD,G,g
266288123637,2460203.7039188,2.127682092785732,0.0354691478133946,15.580298776174544,0.018119916347945218,18.278013725995784,1.49,bt524003,bt,G,g
266288123637,2460205.7474096,1.800243235953994,0.03362772570691445,15.761737652724095,0.020303853967275437,18.335896870626364,1.54,bD465046,bD,G,g
266288123637,2460207.6454982,2.0276079154871436,0.039657509168715646,15.632605677338917,0.021259528480637436,18.156827028161633,1.55,bt524895,bt,G,g
266288123637,2460208.7998165,2.191225321461818,0.03638772903969518,15.548348027494868,0.018050119722323687,18.25025323122246,1.62,bD466419,bD,G,g
266288123637,2460212.6531574,2.6930018759525467,0.08412381151464243,15.324473982426351,0.033954274735531295,17.34034325733026,1.52,bt526334,bt,G,g
266288123637,2460215.7470409,2.606665517972396,0.06166929621519043,15.359852354889272,0.025715552398262616,17.677468130987876,1.44,bD469174,bD,G,g
266288123637,2460219.7520469,2.49345329700264,0.04789011792730034,15.408062526813653,0.02087645919436687,17.95202584525492,1.66,bD470621,bD,G,g
266288123637,2460222.7275064,2.1723745245068784,0.03084619802039273,15.557728869363096,0.015434021956565422,18.42963650579605,1.70,bD471933,bD,G,g
266288123637,2460225.4961318,2.542695761115102,0.0562444812298113,15.386829624687383,0.024043500059860303,17.777440822884703,2.03,bH507054,bH,G,g
266288123637,2460228.5091344,1.727676315077161,0.05030961145776992,15.806409673544778,0.031651970802032095,17.8985132032599,1.49,bH508309,bH,G,g
266288123637,2460229.5214179,2.709415023982011,0.05662758804392374,15.317876785576113,0.022717717880015854,17.77007045148333,1.46,bl675849,bl,G,g
266288123637,2460230.5165566,1.8133103799861265,0.06057624140225347,15.753885253275907,0.03631134602291699,17.696884803959215,1.46,bl676253,bl,G,g
266288123637,2460231.5160192,2.383419724587097,0.04669796495725701,15.457064299440773,0.021296566877673756,17.979395724111008,1.67,bl676675,bl,G,g
266288123637,2460233.5911509,1.7541400562186227,0.051962822003093934,15.789904957554125,0.03219887036043668,17.86340878954808,1.44,bt532034,bt,G,g
266288123637,2460235.5890918,1.7376972077916706,0.048369047821720364,15.800130364097189,0.030255588686216014,17.94122176623148,1.49,bt532995,bt,G,g
266288123637,2460236.5945815,2.5630356055845804,0.050888126737233405,15.378179023714422,0.021581120884782777,17.886099450984062,1.51,bt533482,bt,G,g
266288123637,2460237.5951367,1.8887930882300612,0.05475939385724914,15.709604660195659,0.031512758411983754,17.806494030953342,1.49,bt533968,bt,G,g
266288123637,2460243.5763739,2.6484215371888173,0.07687198925112668,15.342597844924125,0.031549550886172,17.438220312320162,1.49,bt535040,bt,G,g
266288123637,2460253.55013,2.0793837635277614,0.06248852600365064,15.605229000923442,0.032664634621509335,17.66313991011255,1.54,bt538091,bt,G,g
266288123637,2460338.0206514,2.349263245796748,0.12275571571446472,15.472736411765117,0.0567965833608994,16.93003630455729,1.48,bt562226,bt,G,g
266288123637,2460362.8859588,2.192887367887286,0.04552756964278458,15.547524807750104,0.022566817369117493,18.006954443002005,1.48,bl721720,bl,G,g
266288123637,2460363.6409716,1.9188497802217266,0.16630092179572842,15.6924631804597,0.09420324268229519,16.600403970208045,1.53,bp512672,bp,G,g
266288123637,2460384.9128106,3.708664445549219,0.33980036798384483,14.977021770316089,0.09959062932011889,15.824580999320425,1.54,bl730490,bl,G,g
266288123637,2460385.8743112,1.820460600504167,0.050750824555575794,15.749612412004595,0.030302188203932646,17.889032854731397,1.47,bl730793,bl,G,g
266288123637,2460386.8659907,2.7111128904808734,0.05225330529573924,15.317196617438233,0.020949725543725123,17.857356193800285,1.57,bH546102,bH,G,g
266288123637,2460391.1433267,2.787021472567279,0.05596085234978452,15.287214835427605,0.021825096800437534,17.782929809723793,1.53,bD527950,bD,G,g
266288123637,2460394.842048,1.262412686986546,0.17208248853678917,16.14706224613962,0.1481656395886297,16.56329891672128,2.13,bl734527,bl,G,g
266288123637,2460396.1406106,1.6661943138697435,0.13179905030710745,15.845751502173753,0.08598027018686229,16.852859909163456,1.49,bD529913,bD,G,g
266288123637,2460396.8136853,2.116875860435561,0.17653882933504042,15.58582714599681,0.0906477491062848,16.535540005528084,2.12,bl735413,bl,G,g
266288123637,2460399.8379368,2.6038237429910507,0.11108813655872528,15.361036665281029,0.04637332878056046,17.038471406983426,1.41,bl736749,bl,G,g
266288123637,2460400.8982101,2.250775783730202,0.1092378448591429,15.51923503753385,0.0527537166290241,17.056707802926155,1.43,bH551800,bH,G,g
266288123637,2460401.9177719,2.529807102823728,0.17862596211288065,15.39234710330813,0.07674840277498067,16.522779158950357,1.52,bl737675,bl,G,g
266288123637,2460416.8621556,2.028764072779979,0.06769888414906672,15.631986758823137,0.03627121784518624,17.576186835294195,2.13,bl743144,bl,G,g
266288123637,2460417.7584641,1.9591310408400733,0.03696393940773921,15.669906907983982,0.020508171312105705,18.233194987277585,1.54,bH557121,bH,G,g
266288123637,2460418.8607413,1.7206004713481184,0.05714595433656702,15.810865528439578,0.03610086640768488,17.760176886884146,1.52,bl744085,bl,G,g
266288123637,2460419.8887275,2.5269895141522007,0.04270025051371946,15.393557022780511,0.018367039323213645,18.076564554066575,2.02,bl744565,bl,G,g
266288123637,2460420.9031462,1.8010145245583091,0.04162563055588528,15.761272584111675,0.025122090903358665,18.104238548017065,1.53,bl745038,bl,G,g
266288123637,2460423.0685245,2.511367193730784,0.0653182463877511,15.400290080491743,0.028270694176846994,17.615054319870097,1.50,bD539100,bD,G,g
266288123637,2460423.7411013,2.8574780394866774,0.12550551186403813,15.260108368766517,0.04774106143588443,16.90598361324273,2.01,bl746043,bl,G,g
266288123637,2460425.7590469,2.2231395723196328,0.10769573966628426,15.53264879910939,0.05265552736828203,17.07214430296557,1.63,bl746934,bl,G,g
266288123637,2460428.5057799,2.3090844061147378,0.4269266455493946,15.491466101336322,0.2009674052863817,15.576757458831809,1.53,bp528734,bp,G,g
266288123637,2460429.7936665,2.151205561855358,0.085112067948923,15.56836084211325,0.04300524272352464,17.327662754942622,1.66,bt588169,bt,G,g
266288123637,2460431.9427334,2.2958803690463307,0.04234890975868984,15.497692485720684,0.020049574129104332,18.08553502588987,1.56,bt589084,bt,G,g
266288123637,2460432.7822174,2.7191084476595933,0.047605367900313715,15.313999299450938,0.01903012185982316,17.958500796970423,1.50,bl748843,bl,G,g
266288123637,2460433.7937151,1.7326620077948491,0.05262795252814192,15.803280990549013,0.03301526550988721,17.84959942575994,1.43,bH562662,bH,G,g
266288123637,2460434.8382856,2.309401526689844,0.03733819017862595,15.491317000832296,0.01757381245987374,18.222257452910654,1.44,bH563146,bH,G,g
266288123637,2460436.7673587,2.6615275280481545,0.04826087841770583,15.337238216236123,0.019709537469805756,17.943652555363016,1.50,bt590549,bt,G,g
266288123637,2460437.8248671,2.431110952491151,0.040130501526772826,15.435553672566867,0.017942459726278833,18.1439541431474,1.98,bt590912,bt,G,g
266288123637,2460438.8873342,1.8209394964236816,0.03945195029260355,15.749326832487219,0.023549686713970782,18.162469418283283,1.50,bt591354,bt,G,g
266288123637,2460439.8737467,2.6028913157490017,0.05917670075333927,15.36142553619653,0.02471194261153303,17.72226374015797,2.00,bl751646,bl,G,g
266288123637,2460440.8808301,1.8315952798783517,0.04507257669502841,15.742991833141318,0.026748229659940025,18.017859645461257,1.99,bt592105,bt,G,g
266288123637,2460442.8267785,1.732708245781818,0.04790525444962904,15.803252016873582,0.03005175792079282,17.95168273326453,1.51,bl752969,bl,G,g
266288123637,2460443.8322432,2.5488444944165987,0.053286685665926654,15.38420727260171,0.02272414446362657,17.83609383953958,1.46,bH566549,bH,G,g
266288123637,2460444.8788363,2.1415680223269526,0.035200924067053746,15.57323593881514,0.017866289366962985,18.28625545047734,1.49,bt593249,bt,G,g
266288123637,2460446.7970663,2.084588859379639,0.05948443790662204,15.602514591165752,0.031016666636043858,17.716632206165958,1.98,bH567402,bH,G,g
266288123637,2460448.4223394,2.517268893954111,0.08819803139598342,15.397741599180982,0.038083903416384256,17.288993382269176,1.52,bp534020,bp,B,g
266288123637,2460449.4468047,1.9832367514045186,0.06467646089687736,15.656629217894544,0.03544735691544654,17.625774993336524,1.48,bp534320,bp,G,g
266288123637,2460450.7344174,1.966056578299605,0.11130082201234037,15.66607559325995,0.061533912958838394,17.036394681869897,1.45,bt595111,bt,G,g
266288123637,2460456.7141606,2.8674223989893175,0.11105914781184589,15.256336438714495,0.042099296237423894,17.03875476972887,1.49,bl756759,bl,G,g
266288123637,2460457.7240368,1.7410004902281546,0.076766307308879,15.798068388768982,0.047927406596124184,17.439713985857992,1.56,bl757208,bl,G,g
266288123637,2460471.3513439,2.331151256987397,0.04878850075962229,15.481139488090639,0.02274883662207281,17.93184692964928,1.51,bp536381,bp,,g
266288123637,2460472.4492608,2.7786778265564935,0.06498018681252742,15.290470133586204,0.025418793486841004,17.620688222515756,1.50,bp536841,bp,,g
266288123637,2460474.3693618,2.6809192017234684,0.05294851545159973,15.329356309046796,0.021467537757021107,17.84300614132571,1.50,bp537168,bp,,g
266288123637,2460476.7978876,2.7603895639553153,0.05636077129101599,15.29763968021945,0.022193138506594164,17.77519829206552,1.52,bD555394,bD,,g
266288123637,2460477.3469242,1.8347425011785266,0.06829952184426567,15.741127818883303,0.040462686536449896,17.566596453304378,1.52,bp537513,bp,,g
266288123637,2460478.8098196,2.3445311464283023,0.06088728864267497,15.474925605803108,0.028228174994386807,17.691324023889326,1.61,bD554296,bD,,g
266288123637,2460480.8364626,2.078935193387686,0.05520525528282853,15.605463244062744,0.02886367620058564,17.797689555176444,1.44,bD555979,bD,,g
266288123637,2460484.9013595,2.048918275651384,0.06370289780817748,15.621254031722714,0.033794554448135145,17.64224263996502,1.49,bD557040,bD,,g
266288123637,2460485.4670713,2.135315123470953,0.3024932243081475,15.576410682327369,0.15398054335379754,15.950851483628314,1.46,bp539858,bp,,g
266288123637,2460485.9064181,1.8834922118497988,0.07351399154404208,15.712656050392004,0.04242465779531668,17.48671560141591,2.05,bD557390,bD,,g
266288123637,2460486.4198749,1.9251817192270968,0.1221371612066776,15.688886299446484,0.0689585728944071,16.93552105740397,1.57,bp540238,bp,,g
266288123637,2460486.9816759,2.467240564213878,0.06202150437365708,15.419536880482191,0.02732391792062583,17.67128487110143,1.98,bD557783,bD,,g
266288123637,2460487.9890587,1.6812259463677022,0.0667761178792507,15.836000412647628,0.04317250574325711,17.59108769356765,1.45,bD558143,bD,,g
266288123637,2460489.0058215,2.367593549073953,0.04786078861835445,15.464297752308374,0.02197277330167002,17.95269098555965,1.49,bD558494,bD,,g
266288123637,2460489.4714987,1.8931716167193025,0.0634377351406832,15.70709066051602,0.036422508834680525,17.646771438021005,1.57,bp541499,bp,,g
266288123637,2460490.620021,2.158516658865184,0.0323796166843816,15.564677110342044,0.016305287884599992,18.37696135345958,1.47,bH580261,bH,,g
266288123637,2460491.5210359,2.0436111741069007,0.027961994839924738,15.624069950625598,0.014872434168096905,18.536220233362176,1.45,bH580579,bH,,g
266288123637,2460491.7621227,2.2692420345383257,0.034891669598420084,15.510363573117987,0.016712949631256763,18.295836233104776,1.56,bD559193,bD,,g
266288123637,2460492.5174632,2.4299830184957294,0.04428509819163122,15.43605752573436,0.019809182174881902,18.03699658154418,1.48,bl763359,bl,,g
266288123637,2460492.913835,2.532270731318956,0.040620703895059555,15.391290283973788,0.01743610525931863,18.13077199944897,1.45,bD559653,bD,,g
266288123637,2460493.4628627,1.9060367507836993,0.038022334216266225,15.699737446966264,0.02168301536217625,18.20254367400826,1.55,bp542183,bp,,g
266288123637,2460493.722542,2.558327240362784,0.0475928170763443,15.380175384519374,0.020220760695857706,17.958787081505477,1.42,bH581517,bH,,g
266288123637,2460493.9248186,1.9003512818891617,0.041626496552335746,15.70298090189388,0.023809383210315196,18.104215960156978,1.52,bD560005,bD,,g
266288123637,2460494.4595763,2.646566844831983,0.05817132920616979,15.34335845347605,0.023891218082154404,17.74086814275297,1.50,bp542542,bp,,g
266288123637,2460495.6901045,2.3125285386462835,0.047677105748254234,15.489847869727393,0.022409643887485786,17.95686590252457,1.41,bH582360,bH,,g
266288123637,2460496.5461006,2.0377088470712055,0.12909075898840883,15.627210294724714,0.06885971103299726,16.87540272583782,1.42,bl765067,bl,,g
266288123637,2460496.9727013,1.8841427326568287,0.04190180477346701,15.712281123410193,0.02417303062116541,18.09705878873541,1.53,bD561088,bD,,g
266288123637,2460497.3927293,1.8245656298185404,0.053655604611160736,15.74716689828212,0.03196448974310537,17.82860287888525,1.63,bp542821,bp,,g
266288123637,2460497.9054599,2.6942707606103693,0.039650440924897494,15.323962527324271,0.01599627846734521,18.157020558525957,1.60,bD561382,bD,,g
266288123637,2460498.8944724,1.9023726547722188,0.03770538905074886,15.70182663565436,0.02154368568671942,18.211632045759178,1.44,bD561724,bD,,g
266288123637,2460499.8447536,2.4404126854261685,0.03328274441450421,15.431407437738255,0.014824089515173295,18.34709278652603,2.27,bD561999,bD,,g
266288123637,2460500.5397217,1.838423118991631,0.03680646862740124,15.738951940218266,0.02176160139820489,18.23783023307977,1.43,bH584096,bH,,g
266288123637,2460500.7014267,2.7473769243758257,0.04606237722458751,15.30277000672417,0.018223855957605176,17.99427474236952,1.47,bl766606,bl,,g
266288123637,2460502.5499973,1.8491103159449809,0.04604368007296571,15.732658568590592,0.027065707172048058,17.994715542362837,1.52,bl767301,bl,,g
266288123637,2460503.4828015,2.684431833232999,0.05796073542368549,15.327934671683682,0.023468951080682157,17.744805893201146,1.57,bH585293,bH,,g
266288123637,2460503.8079071,2.7191443427068007,0.045688109570919865,15.313984966703334,0.018263461738337795,18.003132639694414,1.45,bt606602,bt,,g
266288123637,2460504.5925396,2.60725642328113,0.048716413567535304,15.359606257115946,0.020309710610026746,17.933452339779596,1.48,bH585795,bH,,g
266288123637,2460504.9358473,2.2587011556635272,0.024400463320060278,15.515418687114783,0.011742254026254593,18.68414542925979,2.35,bD563376,bD,,g
266288123637,2460510.519127,2.5776860450436594,0.07851719741792935,15.371990571321613,0.033109066934740534,17.415228637549745,1.50,bl770550,bl,,g
266288123637,2460511.743798,3.0358289799088696,0.18146586163290243,15.19437236625745,0.06497253405256541,16.505653273534566,1.65,bt608393,bt,,g
266288123637,2460513.5099404,1.4143374570169343,0.21269634995146036,16.02368301405604,0.16346288757526706,16.333240518673385,1.52,bH589263,bH,,g
266288123637,2460514.2178973,1.924206034123386,0.06663479606679372,15.689436691733311,0.037641045124648026,17.59338792915048,1.54,bp544025,bp,,g
266288123637,2460515.7375089,1.954984201925818,0.12234438966370964,15.672207491666281,0.06802256105812189,16.93368046459409,1.51,bl772607,bl,,g
266288123637,2460517.4884555,2.2896876686472747,0.09762649377638498,15.500625009264422,0.0463450782208468,17.178721381325385,1.56,bp545208,bp,,g
266288123637,2460517.710594,2.034673804859563,0.06406548913010826,15.628828637647715,0.03422484776776539,17.63608024577615,1.47,bl773436,bl,,g
266288123637,2460518.712012,2.6144632786508404,0.05215422049359869,15.356609256429438,0.0216829857832203,17.859416964583023,1.43,bH591509,bH,,g
266288123637,2460519.8208801,1.9141074812491303,0.052522383010993476,15.695149820546899,0.029825674529950486,17.851779555472532,1.45,bt610181,bt,,g
266288123637,2460520.631897,2.074182272543574,0.03924487306041546,15.607948326911474,0.020565921945486468,18.16818328975847,1.57,bl774627,bl,,g
266288123637,2460520.8198003,2.3215973352440953,0.05319757054063449,15.485598380767765,0.024906750779734366,17.837911113641056,1.47,bt610452,bt,,g
266288123637,2460521.6254973,2.048574623342461,0.038361916501518524,15.621436150771466,0.020354511303914993,18.192889872153202,1.49,bH592710,bH,,g
266288123637,2460522.3114691,2.608812986515176,0.04935998486409385,15.35895825304407,0.020565735351018598,17.919203066812848,1.55,bp545512,bp,,g
266288123637,2460522.7862598,2.230847704214166,0.04721828381108888,15.528890815215647,0.023006600332617342,17.96736511587929,1.47,bD568317,bD,,g
266288123637,2460523.3041822,1.80172890380038,0.0394852068879964,15.760842008117223,0.023820843995230503,18.161554566695234,1.48,bp545891,bp,,g
266288123637,2460523.7857778,2.4180736506480853,0.0320797997612056,15.441391810681964,0.014420300042218415,18.387061489443887,1.44,bD568673,bD,,g
266288123637,2460524.2672348,2.757350078814101,0.049327108949513934,15.298835850973816,0.019444909510463935,17.919926455670804,1.57,bp546264,bp,,g
266288123637,2460525.8092592,2.7132361007865873,0.05680463232359175,15.31634665501116,0.022756650462973486,17.7666812285668,1.45,bt611383,bt,,g
266288123637,2460526.776855,1.9344164394436298,0.03796581712592812,15.683690686431301,0.021333148171575646,18.204158732708827,1.56,bD569729,bD,,g
266288123637,2460527.7725836,2.6149712411637904,0.032417327909432476,15.356398329878731,0.013474804400843702,18.37569757637123,2.16,bD570091,bD,,g
266288123637,2460528.6968206,2.1628657162230054,0.030308178799609314,15.562491730658277,0.015231492348864015,18.448741009804152,1.42,bt611924,bt,,g
266288123637,2460530.7045389,2.089330535369194,0.06417438459268508,15.600047743571977,0.03338618025284747,17.634236329820236,1.48,bH594506,bH,,g
266288123637,2460531.6862251,2.744788030589177,0.05020253705975548,15.303793594305999,0.01988057892151272,17.900826447901835,1.57,bl777251,bl,,g
266288123637,2460532.6716321,1.8136288464451882,0.046015452901467364,15.753694585308287,0.02757829791363619,17.995381359257344,1.45,bt613216,bt,,g
266288123637,2460533.678644,2.624537794276433,0.04684874483095458,15.35243354442227,0.019402482540106628,17.97589571197888,1.66,bl778071,bl,,g
266288123637,2460534.6334183,1.7956972476101973,0.049036070207329537,15.764482829838826,0.029682106147486214,17.926351466009358,1.44,bl778450,bl,,g
266288123637,2460535.6464234,2.8402180507618695,0.12127279380335994,15.266686414235544,0.046411314828003265,16.943232154747992,1.37,bH596551,bH,,g
266288123637,2460536.6692592,1.6448099262547076,0.11496183003843306,15.859776326670836,0.07597139883261489,17.001256440022306,1.38,bH596988,bH,,g
266288123637,2460537.6840784,2.307350310740181,0.1839534711152931,15.492281782845838,0.08665759342853156,16.490870643500603,1.66,bH597420,bH,,g
266288123637,2460543.7400502,1.9754413570650466,0.16142515257085388,15.660905267915709,0.08882173177760712,16.6327125975643,1.54,bt616349,bt,,g
