# "asas_sn_id":283469095613,"ra_deg":210.84122,"dec_deg":-10.28541,"name":"LINEAR 10578950"
asas_sn_id,jd,flux,flux_err,mag,mag_err,limit,fwhm,image_id,camera,quality,phot_filter
283469095613,2455973.1313607,5.393138324797752,0.09256510237388588,14.630177506157992,0.018655972766008864,17.296238179213432,2.31,ba007605,ba,B,V
283469095613,2455980.1180931,4.511930408237704,0.051716956539339526,14.823875423284134,0.012458987198096145,17.92827399512539,2.44,ba008648,ba,G,V
283469095613,2455989.1002849,3.583989078469921,0.05523499982665085,15.073864710612835,0.01675173723338168,17.856820501223154,2.39,ba009763,ba,G,V
283469095613,2456001.0539379,4.990422373209803,0.06253934332900464,14.714438143368607,0.013621601943288321,17.72197310171694,2.20,ba010902,ba,G,V
283469095613,2456329.1381278,3.498448197047651,0.051847748400676276,15.100092785717314,0.016108927469374514,17.925531641256494,2.23,ba039464,ba,G,V
283469095613,2456344.9482552,3.5656417348541067,0.12793885182012585,15.07943714350418,0.03900110547011869,16.944850271556543,1.77,ba041203,ba,G,V
283469095613,2456355.0380974,3.4663968018867415,0.1000454015958516,15.110085716155833,0.03137119260998394,17.211863563981055,2.12,ba042921,ba,G,V
283469095613,2456359.9803215,4.085728167689426,0.049294441982500097,14.931607732745347,0.013114165455767683,17.98036150686348,2.03,ba044352,ba,G,V
283469095613,2456371.955616,5.109470444899727,0.0616183505157816,14.688841676085996,0.013108299318727331,17.738081222806198,1.81,ba045565,ba,G,V
283469095613,2456388.8276494,5.052137841673227,0.15874833549318365,14.701093426361908,0.03415436078489882,16.710583442860063,2.40,ba047550,ba,B,V
283469095613,2456389.8264373,4.930264685186636,0.0768169663407993,14.727605816146273,0.01693554157350201,17.498713513702004,2.34,ba047833,ba,G,V
283469095613,2456395.876206,4.833236567348195,0.057860479667681985,14.749186272980815,0.01301236238892555,17.806401319525797,2.43,ba049182,ba,G,V
283469095613,2456399.9093564,4.989812054729556,0.07080006860530366,14.714570934812745,0.0154227444773536,17.587272197373057,2.14,ba050343,ba,G,V
283469095613,2456406.9048365,5.679772429909361,0.1762900440418948,14.573954066302177,0.03373719906099724,16.59678692801313,2.11,ba051935,ba,G,V
283469095613,2456414.8864975,3.6588727201858253,0.07054978510707292,15.051413149236105,0.020958517798764113,17.591117155572025,2.33,ba053618,ba,G,V
283469095613,2456443.8518036,5.1180114889356805,0.060451727866064224,14.687028263370722,0.012838658138315761,17.758834597104617,2.80,ba055860,ba,G,V
283469095613,2456449.8500032,4.332949835783345,0.04860667429254624,14.867822251841389,0.012193388713160867,17.9956166253871,2.73,ba057063,ba,G,V
283469095613,2456459.8297052,3.83273176220195,0.08770522709355602,15.001010340122253,0.02487306039000834,17.354792700163802,2.05,ba059481,ba,G,V
283469095613,2456464.8164406,4.276310004358073,0.17926547367600157,14.882108451586067,0.04556586766071799,16.578614761180727,1.75,ba061122,ba,G,V
283469095613,2456475.7758798,5.431096218760784,0.11268504050204016,14.622562662170523,0.022552305233155635,17.0826907308607,1.79,ba064150,ba,G,V
283469095613,2456482.7645323,3.781824917924327,0.07147491674552554,15.015527856953728,0.020543025809865088,17.576972248274135,1.82,ba066396,ba,G,V
283469095613,2456491.7444898,3.629856526926123,0.25824013256691386,15.060057755697844,0.07732972203892771,16.18229705371195,2.05,ba069323,ba,G,V
283469095613,2456632.1618563,3.7991199606431314,0.11655372996540887,15.010573886987899,0.033346890393394224,17.046040952628886,1.57,bd008965,bd,G,V
283469095613,2456633.1590493,4.077266344904293,0.08776302484254236,14.933858698523323,0.023396703612305697,17.354077435605056,3.80,bd009337,bd,G,V
283469095613,2456638.1466201,4.5899468504268315,0.07646965556975832,14.805262262950517,0.018108965865032696,17.50363355850442,2.93,bd010361,bd,G,V
283469095613,2456651.1302661,4.010257365826588,0.09747170239742699,14.951850791562773,0.026419127986330913,17.2401600153638,1.53,bd013402,bd,G,V
283469095613,2456657.0905056,3.3769102901847137,0.0587224702325794,15.138482595832855,0.018901530247178333,17.79034560262398,2.08,bd014908,bd,G,V
283469095613,2456675.0763436,5.03780157737485,0.1146921745079208,14.70417875938876,0.02474599389418368,17.06352192660399,1.61,bd016818,bd,G,V
283469095613,2456678.0810933,4.815313737507713,0.10674683569660234,14.753219933378848,0.02409586904621736,17.14146886850625,1.64,bd017981,bd,G,V
283469095613,2456700.9876667,4.571470079003104,0.11061937609543063,14.809641700549651,0.02630192262001248,17.102778381989797,1.49,bd020209,bd,G,V
283469095613,2456734.0311584,2.87679435452936,0.14454523728603627,15.312509360049436,0.054614396787528094,16.812346927691205,1.59,bd021566,bd,B,V
283469095613,2456740.8724513,4.784678777779298,0.06778549364004362,14.760149438326103,0.015399128721771502,17.63451448593219,1.95,bd022954,bd,G,V
283469095613,2456743.9487481,4.978031292301395,0.06691254032604525,14.7171373487898,0.014610398734537313,17.648587598359587,2.41,bd023591,bd,G,V
283469095613,2456755.9490349,4.036826431542007,0.1229283673606746,14.94468121258895,0.033099711586655686,16.988226109434365,1.66,bd024820,bd,B,V
283469095613,2456757.8390098,3.8018130597360074,0.09610961094318919,15.009804508991104,0.027478197053635252,17.255439345658353,1.45,bd025443,bd,G,V
283469095613,2456771.9220999,4.095973363773975,0.04259356550750432,14.928888595146624,0.011303138399769019,18.138996402707125,2.09,bd027554,bd,G,V
283469095613,2456782.7577733,3.2752418397505094,0.07075929316869574,15.17167297133762,0.02348293009997201,17.587897678704138,1.55,bd028591,bd,G,V
283469095613,2456783.906909,5.127016056318408,0.07400009729058381,14.685119710701656,0.015688440893451904,17.53927566689221,1.56,bd028836,bd,G,V
283469095613,2456784.8916468,4.891846341971259,0.06604512439677818,14.736099387184684,0.014675068199959411,17.662754487389932,1.78,bd029164,bd,G,V
283469095613,2456785.8146748,3.5593381822237484,0.07781246786292649,15.081358270910759,0.023762498837180634,17.484733420153646,2.33,bd029378,bd,G,V
283469095613,2456787.8842917,4.0382180846166635,0.08710775996141994,14.944306981056343,0.02344656623297254,17.3622142794555,1.50,bd029834,bd,G,V
283469095613,2456795.9429758,3.888300172354915,0.06903438946929392,14.985381943044667,0.01929824769996665,17.61469267277007,1.48,bd031015,bd,G,V
283469095613,2456796.8792737,3.392322911368644,0.07934175931866366,15.133538440638763,0.02542241555149703,17.463601828025453,1.47,bd031326,bd,B,V
283469095613,2456797.8789401,3.404144424802678,0.05720525614137274,15.129761461381996,0.01826586022249241,17.8187665573447,1.43,bd031629,bd,G,V
283469095613,2456799.9151522,3.46033696007657,0.06961781337528081,15.11198542576011,0.021868256516788663,17.605555447640764,1.46,bd032319,bd,G,V
283469095613,2456800.8655369,3.7381366918960124,0.05018906203627781,15.028143459227534,0.014593722166064528,17.960833695180863,1.51,bd032541,bd,G,V
283469095613,2456801.8629359,3.8271773539184943,0.048810685307905034,15.002584934059316,0.013862721222381486,17.991069130561446,1.45,bd032900,bd,G,V
283469095613,2456804.8614131,3.9853949341999155,0.04987241048846721,14.958602993420572,0.013601949801788752,17.967705494860503,1.45,bd033826,bd,G,V
283469095613,2456806.8682888,4.303456436120327,0.059654025908872275,14.875237877112282,0.015067268246381936,17.773256997424333,1.63,bd034451,bd,G,V
283469095613,2456808.8559033,4.513539647129683,0.07815181009973349,14.823488250331387,0.018820621134378313,17.480008790404984,1.52,bd034887,bd,B,V
283469095613,2456809.8675448,4.523287679538459,0.05362590884004264,14.821145880507583,0.012886430286437153,17.888919729721998,1.47,bd035235,bd,G,V
283469095613,2456812.7596957,4.617722390950155,0.0529751159579204,14.798711853582962,0.01246970755392251,17.902176603635162,1.49,bd036078,bd,G,V
283469095613,2456820.8297683,4.897955014442198,0.12263006573995443,14.734744424507909,0.027214122899109936,16.99086399097466,1.49,bd038590,bd,G,V
283469095613,2456823.8405948,4.041583470267045,0.07229721203828561,14.943402522888633,0.019443845885330418,17.56455251834289,1.57,bd039588,bd,B,V
283469095613,2456825.8316519,3.6042443399106463,0.06615920660062677,15.067745841730895,0.01995208268522122,17.660880672684364,1.50,bd040198,bd,B,V
283469095613,2456827.8239556,3.425294149349288,0.05495834906240841,15.123036722643766,0.017440060132864473,17.862272198352386,1.53,bd040850,bd,G,V
283469095613,2456829.8251054,3.5170370974631404,0.049909150877583075,15.09433903139412,0.015424653063790922,17.966905940876853,1.47,bd041472,bd,G,V
283469095613,2456832.5658774,3.788599482501074,0.06667613300529669,15.013584665500572,0.0191295115646821,17.65243038306209,1.43,bf014404,bf,B,V
283469095613,2456835.5781854,3.73580945527513,0.04877717913167612,15.028819612116047,0.014192017447342886,17.99181469191281,2.28,bf015285,bf,G,V
283469095613,2456837.5761801,3.425428286846042,0.058230275444403484,15.12299420510258,0.018477624506113354,17.799484282579062,1.64,bf015869,bf,G,V
283469095613,2456839.5867298,3.4639775873171406,0.06075625125277158,15.110843721078647,0.01906461628892032,17.75337897010351,1.47,bf016656,bf,G,V
283469095613,2456847.5965577,3.2983805973407776,0.11877341055960643,15.164029486836895,0.039140884263340565,17.0255583253071,1.49,bf019201,bf,G,V
283469095613,2456849.6087697,3.5029424389039048,0.12223319585035487,15.098698902124696,0.037928733263494094,16.994383476766288,1.50,bf020042,bf,G,V
283469095613,2456856.5466122,4.782923089072864,0.05403371937170917,14.760547911180801,0.012279583545694462,17.88069423639595,1.51,bf021988,bf,G,V
283469095613,2456863.5156083,4.810492300301813,0.07066021931533227,14.75430759489013,0.015966055326083552,17.589418941014408,1.46,bf023994,bf,G,V
283469095613,2456878.4982564,3.4600237597337693,0.09981616362946129,15.11208370183719,0.031356960982363694,17.21435420862781,1.56,bf028333,bf,G,V
283469095613,2456880.5042638,4.071456261153427,0.09319247130747553,14.935406970480766,0.02487959048734826,17.288904322064745,1.50,bf029120,bf,B,V
283469095613,2456882.4952677,3.8253209283766862,0.061182997862132424,15.00311171325935,0.017385014170305822,17.745779511536973,1.49,bf029872,bf,G,V
283469095613,2456886.4799726,4.6736671052259995,0.05643370805595743,14.785636966165159,0.01312480877141523,17.833509925837507,1.56,bf031361,bf,G,V
283469095613,2456890.4722905,4.881005854805982,0.10769240667289061,14.738508083025552,0.023982139595186795,17.131893687342878,1.98,bf032143,bf,G,V
283469095613,2456892.4715873,4.946957938673054,0.09201753609407362,14.723935859999226,0.02021829621592613,17.30267989316205,1.50,bf033678,bf,G,V
283469095613,2456898.4732556,4.639989059286709,0.0858283713089067,14.793489013203608,0.02010601894798546,17.378279215250153,1.57,bf035165,bf,B,V
283469095613,2456998.1580397,3.103865879639552,0.199392010272565,15.23002403750949,0.0698259700491984,16.46308701380375,1.81,bd072013,bd,G,V
283469095613,2456999.1665634,3.074985173184544,0.2741063912995133,15.240173839376336,0.09689208659332393,16.117558488577284,1.75,bd072380,bd,B,V
283469095613,2457000.1620562,3.286469878534006,0.16833235827936602,15.167957264023046,0.05567370504338902,16.64693737421584,1.69,bd072784,bd,G,V
283469095613,2457001.1580241,3.5623011936967335,0.1281292973961349,15.080454813477113,0.039095788889780735,16.943235281987036,1.50,bd073201,bd,G,V
283469095613,2457011.1623049,4.230446568509869,0.07758573977692292,14.893815869056372,0.019934615525515693,17.487901630006537,1.58,bd076858,bd,G,V
283469095613,2457017.8674086,5.644193605549541,0.2351643545342628,14.580776648553005,0.04528785628300616,16.283927660139774,1.61,bf068948,bf,B,V
283469095613,2457018.8517433,4.774153742135395,0.06785036777092104,14.762540403299965,0.015447847667765698,17.633475878630488,1.41,bf069252,bf,G,V
283469095613,2457020.8456095,5.0110212480992375,0.07349571704206233,14.709965793832877,0.015942189227209067,17.546701315326835,1.47,bf069848,bf,G,V
283469095613,2457023.8659364,4.728795417581893,0.13260257703281944,14.77290509079223,0.030479905171905738,16.905976482821465,1.50,bf070751,bf,G,V
283469095613,2457030.8401163,4.628548053086571,0.08629716002727543,14.79616946229907,0.02026580686283695,17.37236513453891,1.55,bf072554,bf,B,V
283469095613,2457039.0817419,3.6821977941117203,0.07579338650966604,15.04451362077809,0.022373625855492685,17.51327811335882,1.57,bd083712,bd,G,V
283469095613,2457040.0653384,4.2922725603563014,0.0553090352311907,14.878063174578841,0.014006220646587183,17.85536618609671,1.82,bd084116,bd,G,V
283469095613,2457042.0817528,4.371396879795803,0.05788415973893457,14.8582308096606,0.014393011356260917,17.805957060315507,1.47,bd084848,bd,G,V
283469095613,2457044.0708282,4.545999739051642,0.05986129487822409,14.81570788836777,0.014312940739677357,17.76949112626611,1.46,bd085670,bd,G,V
283469095613,2457045.8169679,3.563341484437421,0.06150307946760924,15.080137794681844,0.018760810218814126,17.740114239916956,1.48,bf076722,bf,G,V
283469095613,2457048.0703407,5.095197146012463,0.06962437306120957,14.691878922979374,0.014852941741441077,17.605453149785607,1.67,bd087309,bd,G,V
283469095613,2457050.062418,4.976352007116596,0.07158182385223871,14.717503671983454,0.015635214342334107,17.575349494429375,1.47,bd088078,bd,G,V
283469095613,2457052.0688543,4.977597567832399,0.06694596881201503,14.717231950620741,0.014618971584730234,17.64804531653565,1.64,bd088708,bd,G,V
283469095613,2457053.8162229,4.684618678795832,0.06440236215577261,14.783095790221987,0.01494306631134732,17.690101901814536,1.64,bf078846,bf,G,V
283469095613,2457061.7676694,5.033629510045274,0.13223908371394827,14.705078286927238,0.028555564962585035,16.908956815320394,1.51,bf080508,bf,B,V
283469095613,2457066.0323776,3.336177265226535,0.09554800795569598,15.151658608307471,0.031130399295366557,17.261802301067164,1.89,bd091784,bd,B,V
283469095613,2457068.7888378,3.853534334566602,0.07081729695901647,14.995133322378793,0.019975252871386927,17.587008028534836,1.51,bf082513,bf,G,V
283469095613,2457070.7886869,3.5120428268736292,0.0584035672574369,15.095881896567443,0.018075559283487405,17.796257957706473,1.47,bf083196,bf,G,V
283469095613,2457072.7741576,3.3838477704077032,0.06945363484023974,15.136254361654341,0.022309833795800715,17.608118945247703,1.43,bf083865,bf,G,V
283469095613,2457076.7724877,3.244076906381599,0.07623335375539961,15.18205355113371,0.02554265617916605,17.506993828102555,1.48,bf084720,bf,G,V
283469095613,2457079.0201183,4.473090955685749,0.057420633698764004,14.833262081536274,0.013953155189462687,17.814686440936917,1.47,bd094994,bd,G,V
283469095613,2457079.7695788,3.5520438342990204,0.07034433979042967,15.083585613047937,0.02152598404454381,17.594283498762426,1.49,bf085740,bf,G,V
283469095613,2457080.7777132,3.5526825853589092,0.07974446771367767,15.083390386627535,0.024398118090034986,17.458104984879352,1.48,bf086101,bf,G,V
283469095613,2457082.7346853,4.099647969509044,0.08194708284283432,14.927914989219781,0.021726966997164525,17.42852264832521,1.38,bf086580,bf,G,V
283469095613,2457085.0074037,5.136058025638121,0.09616403347395612,14.683206600474767,0.02035142960213538,17.254824716297524,1.91,bd096396,bd,G,V
283469095613,2457087.7555644,4.0658542536335025,0.1392423727624219,14.936901887833017,0.03722474927410133,16.85292785547929,1.62,bf088359,bf,B,V
283469095613,2457094.829736,3.9549485085264373,0.07988540244468703,14.966929320589141,0.021955269200548987,17.456187825145133,1.48,bf090771,bf,B,V
283469095613,2457095.6926569,4.837725804297581,0.06390362073065596,14.748178280756159,0.014358080661418507,17.698542729548695,1.48,bf091039,bf,G,V
283469095613,2457097.7917083,5.1178777677373635,0.06645035964854124,14.687056631388923,0.014113008373747318,17.6561130541462,1.53,bf091798,bf,G,V
283469095613,2457100.7376961,4.782528276627973,0.050574134186045144,14.760637538350366,0.011494314681520465,17.95253525238776,1.51,bf092421,bf,G,V
283469095613,2457102.0235516,3.8765748361632832,0.14193485042397946,14.988660973725413,0.039797248305698446,16.832133782613923,1.50,bd099606,bd,B,V
283469095613,2457103.0213013,3.420438670708628,0.07327819176436368,15.124576884953392,0.023286547752374764,17.54991953366392,1.46,bd099838,bd,G,V
283469095613,2457103.6400683,3.4875447535531645,0.09070333938012301,15.10348193112721,0.028269339391930895,17.318298202276345,1.39,bf093095,bf,B,V
283469095613,2457103.9954952,3.6122383916572476,0.056231318657033846,15.065340394291457,0.01692053289766755,17.83741072346122,1.53,bd100098,bd,G,V
283469095613,2457104.9892892,3.4878794179971333,0.062303379106965394,15.103377748988716,0.019416113956596988,17.726077389079123,1.63,bd100405,bd,G,V
283469095613,2457105.9736885,3.410221474370787,0.05800434135846119,15.127824942392262,0.018488006600918802,17.803705144361665,1.49,bd100724,bd,G,V
283469095613,2457108.9136578,4.775504319401175,0.07187820781167308,14.762233298975369,0.016360258838927298,17.570863293647633,1.56,bd101447,bd,G,V
283469095613,2457109.744295,3.446731827166908,0.0621614482800245,15.116262668373324,0.019603147270166297,17.7285535826739,1.51,bf093682,bf,G,V
283469095613,2457109.8785151,4.110985001097788,0.042366911045700575,14.924916673860418,0.011201935851083984,18.144789391375117,1.52,bd101768,bd,G,V
283469095613,2457110.8720629,4.293607537555971,0.04687817785420962,14.877725542775611,0.011867535795990479,18.03492958768991,1.50,bd102108,bd,G,V
283469095613,2457111.8790566,4.252125704067661,0.046829934116868255,14.888266167184245,0.011970977775245419,18.036047526698827,1.57,bd102419,bd,G,V
283469095613,2457112.945817,4.488706399625766,0.08551482044710251,14.82947840526571,0.02070772367693248,17.382252923212683,1.49,bd102807,bd,G,V
283469095613,2457121.7644963,3.590767858071403,0.08155791237223829,15.07181308191168,0.02468828625419597,17.4336911420109,1.43,bf097913,bf,B,V
283469095613,2457123.6649858,4.87463312051002,0.06689793761015016,14.73992656711462,0.014917050735634065,17.648824570794666,1.54,bf098331,bf,G,V
283469095613,2457130.7424641,4.651376922642983,0.05275706458111639,14.790827569933388,0.012328529028705945,17.90665483549836,1.44,bf100665,bf,G,V
283469095613,2457131.7581046,4.666105526627826,0.05998070906183647,14.787395013553795,0.013972342142981426,17.76732740501386,1.42,bf100275,bf,G,V
283469095613,2457132.921992,3.444052800786178,0.06514885156605901,15.117106902009596,0.020561232126690282,17.67758948257767,1.50,bd107817,bd,G,V
283469095613,2457135.6081241,3.4603387282961737,0.058671445994947155,15.111984870953002,0.018429788489369697,17.79128941414993,1.48,bf101555,bf,G,V
283469095613,2457137.6779414,4.262326613733863,0.050938198468354304,14.885664590046497,0.012989996320886595,17.9447474406694,1.46,bf102395,bf,G,V
283469095613,2457140.5394491,3.9732267952479106,0.08749586344727274,14.961923015341005,0.02393626246378806,17.35738759039228,1.51,bf103462,bf,B,V
283469095613,2457141.8246623,4.771995883441193,0.0807969036296946,14.76303125363038,0.018403771394977324,17.44386959948504,1.48,bf104018,bf,G,V
283469095613,2457148.7516032,3.8474882343353562,0.11345713497509967,14.996838153447312,0.0320528524813865,17.0752768623207,1.43,bf105938,bf,B,V
283469095613,2457150.654425,3.2339372517726312,0.1464412179341235,15.185452431974207,0.04922026140045466,16.79819806317729,1.45,bf106348,bf,B,V
283469095613,2457151.7957297,4.47468469195499,0.11749657309349948,14.832875308945008,0.028541377817210976,17.037293393291314,1.43,bf106758,bf,G,V
283469095613,2457153.787907,3.4826460202825795,0.08324534877023945,15.105008068106132,0.025981415918611923,17.411456450689027,1.49,bf107472,bf,G,V
283469095613,2457154.6738746,3.8062011700884923,0.05814799844904115,15.008552058439736,0.01660562416851778,17.80101946822116,1.43,bf107774,bf,G,V
283469095613,2457155.881445,5.205011220037871,0.07387354791597531,14.668727229460988,0.015426928261394461,17.54113400035052,1.47,bd112291,bd,G,V
283469095613,2457157.5576982,5.268165211713782,0.0736523134925724,14.655632939148278,0.015196346218208916,17.544390411138394,1.39,bf108896,bf,G,V
283469095613,2457159.6127492,5.016040006426936,0.055141870919512594,14.708878925420283,0.011949030737407568,17.858652650467825,1.46,bf109774,bf,G,V
283469095613,2457161.4564528,4.37664464788367,0.031241361792839078,14.856928188388721,0.007758912290299498,18.4755315030209,1.51,bf110516,bf,B,V
283469095613,2457163.5497659,4.0197462261314625,0.04459872555815878,14.949284814137684,0.012059685582029309,18.08905027217502,1.46,bf111339,bf,G,V
283469095613,2457163.735394,3.8754266249181764,0.13244875450158194,14.988982607960107,0.03714843588472253,16.907236696901926,2.30,bd114057,bd,G,V
283469095613,2457164.6536991,4.526211915594068,0.0526383099066274,14.820444195506337,0.012640935800909038,17.909101552060037,1.44,bf111832,bf,B,V
283469095613,2457165.4464063,2.84148849688351,0.20303632364628232,15.325916648911,0.0776676225785583,16.44342204091419,1.55,bf112115,bf,B,V
283469095613,2457166.6466397,5.213527628155116,0.06770606320020099,14.66695220614503,0.014115883180383636,17.635787487972877,1.54,bf112647,bf,G,V
283469095613,2457169.4453807,3.5511432575205895,0.09672280817432834,15.083860922935203,0.029605532506568975,17.24853415117215,1.50,bf113438,bf,B,V
283469095613,2457175.7053521,5.768244816361115,0.17977089860033502,14.557172193347778,0.033875668747327496,16.57555792045929,1.42,bf115186,bf,B,V
283469095613,2457177.6122424,3.1216262024871337,0.1138400670727671,15.223829160837086,0.03963934030326113,17.071618536287584,1.47,bf115771,bf,B,V
283469095613,2457180.7174016,5.054169089581443,0.08015933095639773,14.700656986139087,0.01723917542468241,17.45247118434373,1.44,bf116676,bf,G,V
283469095613,2457181.6510682,3.3666608562357974,0.0862338944087413,15.141782980701304,0.027841382879101605,17.37316139438746,1.51,bf117050,bf,G,V
283469095613,2457182.493774,4.817076050572917,0.049000656892817934,14.752822647313302,0.011056828461907984,17.986851638349854,1.44,bf117367,bf,G,V
283469095613,2457186.5772212,3.823017898987054,0.05248574659931459,15.003765576149311,0.014922693555682348,17.91225294533889,1.43,bf118308,bf,G,V
283469095613,2457189.5909821,4.118751188707294,0.04247778483267593,14.922867511318854,0.011210073912573474,18.141951741903807,1.40,bf119429,bf,G,V
283469095613,2457192.5541313,4.887449359815966,0.09314836989062446,14.737075728055228,0.020715964644960647,17.28941824596401,1.68,bf120570,bf,B,V
283469095613,2457193.5751713,4.843487784739201,0.050286910372479794,14.746885882554688,0.011285191088888273,17.958719010202408,1.67,bf120869,bf,B,V
283469095613,2457196.8114344,3.846218130718655,0.05361053526064917,14.99719662761504,0.015150550217129834,17.889231035304693,1.46,bd121588,bd,G,V
283469095613,2457202.8037869,3.327564658596118,0.10963837222904782,15.154465146780804,0.035813622259560834,17.11244994601737,1.50,bd123112,bd,G,V
283469095613,2457205.5547089,4.241358599182807,0.12664718728826907,14.891018922458466,0.03245657799588661,16.955867521245416,1.69,bf125552,bf,G,V
283469095613,2457206.4917679,3.5945604424894935,0.08379646128548217,15.070666927853724,0.02533915107290107,17.40429219664296,1.44,bf125870,bf,G,V
283469095613,2457210.7760013,4.029315793113531,0.045471841778216435,14.946703139352008,0.012266577631069678,18.06800003093099,1.52,bd125088,bd,G,V
283469095613,2457216.7612712,4.983660714227711,0.06730869404315525,14.715910234391185,0.014680297908540264,17.642178483075956,1.90,bd126214,bd,G,V
283469095613,2457222.74646,4.9775498608669215,0.157818083443667,14.717242356730749,0.03446301892344829,16.71696448125523,1.54,bd127154,bd,G,V
283469095613,2457223.4756452,5.239541959851276,0.09436328691611237,14.66154809784193,0.019575907762960355,17.275348743498384,1.43,bh001876,bh,B,V
283469095613,2457223.4799036,5.161447641169853,0.08703198405758368,14.677852589210161,0.01832818799065553,17.363159183192433,1.42,bf129054,bf,G,V
283469095613,2457224.4672779,4.9800441547950856,0.05721373828213441,14.716698421062054,0.012487609351608378,17.81860558114696,1.43,bf129333,bf,G,V
283469095613,2457230.4963245,4.99335394083465,0.08773287202950393,14.713800527080272,0.019097748437883394,17.354450526961568,1.36,bh004088,bh,B,V
283469095613,2457230.4989361,5.062730531344386,0.12335855194704441,14.698819373855835,0.026484795451977062,16.984433236825012,1.64,bf131139,bf,B,V
283469095613,2457233.4947499,4.8453516476713965,0.09785878643650821,14.746468151720098,0.021952637055301927,17.235856829433413,1.38,bh005009,bh,B,V
283469095613,2457233.5109162,4.888774301645142,0.10283907066523597,14.7367814350088,0.022864953800700805,17.181961035272238,1.52,bf132087,bf,B,V
283469095613,2457252.4802196,3.719168486611392,0.06608983310425093,15.033666771238455,0.01931527850161156,17.66201975579215,2.19,bf135550,bf,G,V
283469095613,2457257.4743743,3.9447948356548626,0.05975643095569588,14.969720352104583,0.01646540442511128,17.77139476697881,1.55,bh010197,bh,G,V
283469095613,2457263.4804166,4.814520009399822,0.13135169475431974,14.753398914525992,0.029654790296009904,16.916267192160245,1.53,bf138722,bf,B,V
283469095613,2457369.1520702,3.6055585986567373,0.06169398655162637,15.067350008909662,0.018598693988598446,17.736749307529063,1.60,bd162411,bd,G,V
283469095613,2457370.1523122,3.445474195746169,0.07142115043922358,15.11665890028408,0.02253149518747544,17.577789290047967,1.59,bd162806,bd,G,V
283469095613,2457380.1352727,4.029354416672781,0.043824660042034544,14.946692731928566,0.011822117173059324,18.108060004035103,1.54,bd164663,bd,G,V
283469095613,2457382.132266,4.080135250980233,0.11725292712060216,14.933095005505024,0.031236423791618794,17.03954716038062,1.94,bd165203,bd,G,V
283469095613,2457385.8594511,3.786433203531665,0.1089988686051988,15.014205654918912,0.031289877497931835,17.118801418574677,1.34,bh043748,bh,G,V
283469095613,2457388.8562729,4.137810519065278,0.08234344276499753,14.917854906194208,0.021630701000800195,17.4232838416327,1.36,bh044585,bh,G,V
283469095613,2457396.83045,5.074856126338575,0.07854990743716794,14.696222068557782,0.016824188123818837,17.474492199662517,1.34,bh046205,bh,G,V
283469095613,2457397.8226967,5.032762236982575,0.07966250177114352,14.70526537079792,0.017205199006205166,17.459221540817868,1.36,bh046520,bh,G,V
283469095613,2457398.8602882,4.994086408540347,0.07960145580776726,14.713641273721954,0.01732515508386458,17.460053867438972,1.33,bh046870,bh,G,V
283469095613,2457400.860176,5.165175674832113,0.08408835163756999,14.677068661846558,0.017695503109431188,17.400516795677333,1.39,bh047451,bh,B,V
283469095613,2457401.8443374,5.036792635056095,0.08192499941545063,14.70439622625334,0.017679686034385803,17.42881527628783,1.39,bh047762,bh,G,V
283469095613,2457402.8520767,4.948099413163341,0.07648686186166812,14.723685363182009,0.016801985244421294,17.503389286544405,1.34,bh047930,bh,G,V
283469095613,2457403.8300848,4.670640208079275,0.06973447511614082,14.786340370243181,0.01622868367947254,17.603737552768365,1.35,bh048240,bh,G,V
283469095613,2457404.8256453,4.333590775127807,0.057995900813228064,14.867661659262678,0.014546602550679192,17.803863147576006,1.34,bh048520,bh,G,V
283469095613,2457405.8099483,3.6559593408970885,0.05030298961067874,15.052278011617856,0.014955626559809185,17.958371901572036,1.36,bh048836,bh,G,V
283469095613,2457406.7980634,3.383514801058764,0.05782271274321361,15.136361202945523,0.018575587345211905,17.807110237007063,1.38,bh049138,bh,G,V
283469095613,2457407.8171764,3.6574539255496097,0.04500359261977186,15.051834244902702,0.0133745904925928,18.079238431868387,1.39,bh049479,bh,G,V
283469095613,2457410.8162753,3.181251475523943,0.1165097735509916,15.203286401730027,0.03980856564844253,17.046450498271252,1.47,bh050443,bh,G,V
283469095613,2457412.7854768,3.4958791810662446,0.1038470268788672,15.100890367424963,0.03228864536868116,17.1713712254805,1.46,bh050791,bh,G,V
283469095613,2457413.7992413,3.4852179054809187,0.10893568145881076,15.104206563073632,0.033974446540498845,17.11943100736095,1.35,bh051085,bh,G,V
283469095613,2457415.8140784,3.5564606502500253,0.10106141465938696,15.082236384777683,0.03088727095925569,17.200892960661335,1.35,bh051434,bh,G,V
283469095613,2457416.8318225,3.3743859749819323,0.09686900445491464,15.139294511183019,0.031203423949511325,17.246894302638765,1.32,bh051779,bh,G,V
283469095613,2457421.8610311,3.4407082602221815,0.05018043891696106,15.118161779305144,0.01585253709973096,17.961020254499665,1.45,bh053025,bh,G,V
283469095613,2457425.8639167,3.685654625981967,0.05589561502448525,15.043494814326309,0.016484480900403616,17.843912045936097,1.31,bh054482,bh,G,V
283469095613,2457427.7959154,4.534485926937182,0.0632625097884829,14.818461258578745,0.01516458507185696,17.709490349891006,1.39,bh055119,bh,G,V
283469095613,2457427.8965955,3.465919207127996,0.18711356745271,15.110235317507218,0.05868120411760274,16.53209319622277,1.40,bh055195,bh,G,V
283469095613,2457428.8924566,3.548704233504515,0.09039478571554481,15.08460689298204,0.027687627764822458,17.321997944708606,1.33,bh055539,bh,G,V
283469095613,2457431.8926489,3.750124673470129,0.07805131652907207,15.024667139130976,0.022622817884370757,17.481405811391962,1.42,bh056328,bh,G,V
283469095613,2457433.8951925,3.782107623893857,0.07578227667362823,15.015446697026702,0.021779401342850606,17.51343727283051,1.28,bh056721,bh,G,V
283469095613,2457434.8983375,3.7447056539186603,0.12772398449202602,15.026237188482218,0.03707378650197397,16.946675247729296,1.46,bh057057,bh,G,V
283469095613,2457435.8898495,4.075572234221179,0.053275640371583104,14.934309917399338,0.014208631677653665,17.896034697116626,1.38,bh057471,bh,G,V
283469095613,2457437.9758732,3.572729936350062,0.10587176852663442,15.077280932010964,0.03221010580655468,17.150405974231305,1.67,bd186167,bd,G,V
283469095613,2457438.8794266,4.605285904836933,0.06506028186871407,14.80163991154058,0.015355767078241557,17.679066542432786,1.33,bh058524,bh,G,V
283469095613,2457439.8409295,5.193317259351433,0.10081051362779607,14.671169268462158,0.021099547702442677,17.20359182499962,1.32,bh058851,bh,G,V
283469095613,2457440.7867435,4.454601669849978,0.11234075508338154,14.837759215694966,0.027411994482346682,17.086013047171214,1.37,bh059170,bh,G,V
283469095613,2457448.9033859,5.191716492441277,0.10556744580378598,14.671503982945529,0.022101981852597333,17.15353135877581,1.31,bh061615,bh,G,V
283469095613,2457451.8532747,4.158714804155732,0.04718957566217366,14.912383558538728,0.012333862608911188,18.027741213426427,1.31,bh062245,bh,G,V
283469095613,2457453.7606683,3.502625478838156,0.04695229435280848,15.098797148269227,0.014570527984147824,18.033214345706313,1.31,bh062881,bh,G,V
283469095613,2457457.8026267,3.478893561687424,0.047323161347497866,15.106178550727174,0.014785798399369835,18.02467202050775,1.31,bh063814,bh,G,V
283469095613,2457459.9508166,4.940161230494315,0.059144662446645596,14.725428596797272,0.013013274986980173,17.78256749990458,1.50,bd194605,bd,G,V
283469095613,2457463.9061109,3.4964050616447664,0.060218481070211605,15.10072705381678,0.01872062005816335,17.763031901617897,1.45,bd195912,bd,G,V
283469095613,2457465.0087925,4.819404269033349,0.058434125474588185,14.752298009470348,0.013179088167564301,17.79569002174857,1.52,bd196312,bd,G,V
283469095613,2457466.891812,3.7084567983553294,0.09385637835948683,15.036798344351027,0.027509502769427884,17.28119691353178,1.49,bd196953,bd,G,V
283469095613,2457469.8318911,3.47858505622155,0.2592669151469044,15.106274837204584,0.08101336024142483,16.177988642882333,1.40,bh067916,bh,B,V
283469095613,2457470.7371855,4.777927009488226,0.28023361030321325,14.761682627220633,0.06375186345975724,16.093555838841446,1.37,bh068314,bh,B,V
283469095613,2457476.7844293,5.05720460399122,0.1065261606288765,14.700005092915942,0.022895910705294557,17.143715707066693,1.35,bh069733,bh,G,V
283469095613,2457478.8573401,4.721077510732967,0.07648741152573796,14.774678577656562,0.017610066896770353,17.503381484053595,1.32,bh070474,bh,G,V
283469095613,2457479.6826844,3.2832466906961257,0.054409475239012906,15.169022616530793,0.018012881615943874,17.87317005042018,1.32,bh070743,bh,G,V
283469095613,2457481.9290851,4.2812672176876525,0.04357909913432939,14.880850565983867,0.011064150777572718,18.114160772971655,1.56,bd201389,bd,G,V
283469095613,2457486.8594052,5.029267862135357,0.08547718508426462,14.706019486895718,0.018473858687613403,17.38273086458246,1.56,bh072636,bh,G,V
283469095613,2457491.8241619,3.7105548143914038,0.05663807829887297,15.036184275483595,0.016591354033353344,17.829585119823726,1.77,bd204134,bd,G,V
283469095613,2457493.8746935,4.810654811564819,0.07073563185145668,14.754270916444225,0.01598255525951345,17.588260800547758,1.76,bd204853,bd,G,V
283469095613,2457513.9193545,3.300372233496542,0.05567484000739561,15.163374092824691,0.018336153064379707,17.848208949483826,1.53,bd211275,bd,G,V
283469095613,2457515.9162749,3.554349396690984,0.04757052500889713,15.082881111462465,0.0145475547364908,18.019011532406527,1.53,bd211902,bd,G,V
283469095613,2457523.9080041,4.71236292384148,0.0678288142613057,14.776684578596468,0.015645435891651727,17.633820830974326,1.50,bd212974,bd,G,V
283469095613,2457530.6411768,4.146555402075041,0.10730434779002351,14.91556272361633,0.02812820505978594,17.135813095682817,1.58,bh074519,bh,G,V
283469095613,2457534.6974235,3.9656525290806877,0.1168967089268694,14.963994758004288,0.03204053789537551,17.042850682817253,1.34,bh074985,bh,B,V
283469095613,2457536.7362233,3.8761896683892956,0.13440911434499536,14.9887688553971,0.037690844854653884,16.89128459510551,1.32,bh075329,bh,B,V
283469095613,2457537.8823075,4.473001539201883,0.04973584286793098,14.833283785473249,0.012086000484394252,17.970682687973046,1.47,bd216389,bd,G,V
283469095613,2457541.8686356,3.5004917766131642,0.058811070146317264,15.099458750165361,0.018261741585305635,17.788708688565322,1.54,bd217313,bd,B,V
283469095613,2457543.869492,3.222295831630152,0.06060530826142183,15.1893678807687,0.02044360248371009,17.756079732284277,1.46,bd218007,bd,G,V
283469095613,2457544.8101099,3.7723192778829318,0.05649842715270975,15.018260296981897,0.01627946346474304,17.8322654992791,1.45,bd218302,bd,B,V
283469095613,2457545.8508366,3.3875971956740827,0.05715848824079221,15.135051992826071,0.018340076454608046,17.819654559149566,1.49,bd218657,bd,G,V
283469095613,2457548.8275716,3.7420824123355825,0.04063661757803128,15.026998035043368,0.011803651451463275,18.190062513863893,1.50,bd219407,bd,G,V
283469095613,2457550.8436428,3.6100703145347293,0.05088877705535177,15.065992252303374,0.01532210823732173,17.945801358284537,1.44,bd220087,bd,G,V
283469095613,2457558.5607088,3.840423854541622,0.14737617381506052,14.998833507966545,0.04171193059531694,16.791288200762192,1.36,bh079576,bh,B,V
283469095613,2457559.6015904,3.367213560653417,0.10993827941314797,15.141604750113402,0.03548872907654572,17.10948405426254,1.40,bh080037,bh,G,V
283469095613,2457561.65937,3.0880279810366824,0.09480454124259849,15.235578337311457,0.03337029814073589,17.270283541118577,1.48,bh080959,bh,G,V
283469095613,2457562.5143033,4.953912051950472,0.07427227708928029,14.722410674069902,0.016296360355211273,17.535289546148974,1.64,bh081277,bh,G,V
283469095613,2457567.7575571,3.6310864595780035,0.049236154516927866,15.059689929528485,0.014738717971411228,17.981646078789076,1.52,bd223945,bd,G,V
283469095613,2457568.6567245,3.6876309742889735,0.045366229330164466,15.042912769067831,0.013372031849429608,18.070524684059155,1.62,bh082936,bh,G,V
283469095613,2457573.6006525,4.972116393892256,0.07219181488573699,14.718428187942997,0.01578188396849027,17.566136493640293,1.50,bh083801,bh,G,V
283469095613,2457576.620522,5.063835883155307,0.08024421522946426,14.698582349688758,0.017224486552900698,17.45132205841382,1.47,bh084612,bh,G,V
283469095613,2457585.5473193,3.2947752065844433,0.07664977235670307,15.165216931448569,0.02528699675365935,17.501079220240246,1.41,bh085846,bh,G,V
283469095613,2457590.5941311,3.449220367478016,0.10542320675366039,15.115479049707243,0.033222128456619766,17.155015837650673,1.50,bh087393,bh,G,V
283469095613,2457591.4935101,3.7152424508246793,0.03762962731582636,15.034813503542315,0.011009178906337954,18.273531600965352,1.52,bh087733,bh,G,V
283469095613,2457598.5655289,3.5279194947385095,0.08079433814272853,15.090984739012196,0.02489283922005839,17.44390407464659,1.40,bh089727,bh,B,V
283469095613,2457600.545384,4.168230603948665,0.04901469644750197,14.909902059659242,0.012781645025638845,17.98654060028482,1.32,bh090257,bh,G,V
283469095613,2457604.4994848,5.154208376722289,0.0786871626589293,14.67937647344655,0.016594114629812792,17.472596679715235,1.45,bh091864,bh,G,V
283469095613,2457607.5201561,5.2170830248353255,0.08268653289532539,14.666212034130963,0.017227378932388755,17.4187694385836,1.30,bh093141,bh,G,V
283469095613,2457614.4948948,4.0975152651387345,0.06809440513761313,14.92847995403379,0.01806354655661523,17.629577817921408,1.67,bh095479,bh,G,V
283469095613,2457617.5116575,3.6748517497105646,0.061366134416840856,15.046681845681638,0.01815102337762573,17.74253447614293,1.38,bh096737,bh,G,V
283469095613,2457621.4934081,3.5044917744200887,0.062490228004536755,15.098218792104557,0.019382028906527057,17.722826120537327,1.33,bh098347,bh,B,V
283469095613,2457624.4869317,3.3689618434923383,0.06256789518086904,15.141041173928667,0.020186806760576652,17.721477530394456,1.70,bh099576,bh,G,V
283469095613,2457625.4909414,3.3768776796796764,0.05551542982968197,15.138493080735884,0.017869423838961163,17.85132212692617,1.37,bh099988,bh,G,V
283469095613,2457749.8677053,3.7237206002058225,0.32254351305082724,15.032338686110155,0.09415066614715097,15.940885614054029,1.62,bh134716,bh,B,V
283469095613,2457752.1493868,3.6163968033794767,0.05692502065471012,15.064091212796653,0.01710957779659313,17.82409840150972,1.50,bd270232,bd,G,V
283469095613,2457754.8564406,3.3231691017641007,0.06875749946542499,15.155900301474837,0.022489500285358552,17.61905620837306,1.36,bh136284,bh,G,V
283469095613,2457755.8526453,3.520165926072812,0.05701510495346081,15.093373567498173,0.017605119039358418,17.822381573403877,1.52,bh136593,bh,G,V
283469095613,2457756.8408631,3.556430161190491,0.054726502411765854,15.082245692688254,0.01672613435730419,17.866862160850758,1.41,bh136900,bh,G,V
283469095613,2457760.0958005,4.835476336785791,0.05995113175866392,14.748683248672133,0.013476288396860868,17.767862928346524,1.76,bd272368,bd,G,V
283469095613,2457767.0761087,4.867528057083264,0.09828983830220717,14.741510245689966,0.021948878262303788,17.2310848421637,1.59,bd275051,bd,G,V
283469095613,2457769.8061073,4.993407251046531,0.15722663845889331,14.713788935569067,0.03422483115676118,16.721041070658888,1.33,bh140734,bh,G,V
283469095613,2457778.1727107,4.913437696712573,0.07623301613566348,14.731317770792982,0.01686435835259377,17.506998636585518,1.76,bd278918,bd,G,V
283469095613,2457779.149222,4.547335806696236,0.04845120969219729,14.815388837780255,0.011581365573119198,17.99909483205273,1.71,bd279243,bd,G,V
283469095613,2457780.802614,3.7915517981308824,0.05441330924487521,15.01273892086816,0.015599127877477985,17.873093545872067,1.33,bh144015,bh,G,V
283469095613,2457781.8101099,4.051690464255682,0.05911479339246963,14.940690756281434,0.015858864534709752,17.783115953539518,1.33,bh144348,bh,G,V
283469095613,2457783.7754876,3.2971161091074848,0.06063342370889895,15.164445801402213,0.01998895190670133,17.75557616450045,1.32,bh144979,bh,G,V
283469095613,2457785.7628417,3.5398107391506746,0.047709469688333665,15.08733129828006,0.014649969461048707,18.01584492064634,1.33,bh145542,bh,G,V
283469095613,2457787.765651,3.8048570922617864,0.10767414349719118,15.008935530467761,0.03075992334507748,17.132077829133724,1.30,bh146210,bh,G,V
283469095613,2457789.0163842,4.5139316620802905,0.046482802455020775,14.823393954861398,0.011193077135313041,18.04412563405187,1.58,bd282898,bd,G,V
283469095613,2457790.0893797,3.760727139538913,0.04276306868413169,15.021601843954503,0.012359736474126179,18.13468423694886,1.48,bd283372,bd,G,V
283469095613,2457791.7433366,4.259756131673696,0.0943059722521613,14.886319562687438,0.024063934274603762,17.276008401652593,1.34,bh147289,bh,G,V
283469095613,2457793.136211,3.5208784623233695,0.04971382828935532,15.093153819868588,0.015347524902656274,17.97116337383363,1.74,bd283814,bd,G,V
283469095613,2457795.0000588,5.127112288083056,0.1080335283852239,14.685099332117064,0.02290329168677382,17.12845999262367,1.47,bd284543,bd,G,V
283469095613,2457805.1365671,4.56865400498379,0.05264388433229127,14.810310731645224,0.012524829707446287,17.908986578092914,1.66,bd287715,bd,G,V
283469095613,2457805.8032691,4.872128709849646,0.07124391702576514,14.740484522553096,0.015894292794203842,17.580486920744775,1.35,bh151833,bh,G,V
283469095613,2457808.0117825,3.674011006224591,0.04204514304892367,15.046930272050705,0.012439059754326862,18.15306680766316,1.50,bd288806,bd,G,V
283469095613,2457812.7358509,4.527684493261203,0.0663817274125036,14.820091014769686,0.015936192471609,17.657235019655577,1.29,bh153107,bh,G,V
283469095613,2457817.8607422,5.131242629555038,0.0747202361121834,14.68422502789334,0.015828066184246745,17.5287608047447,1.37,bh154230,bh,G,V
283469095613,2457822.9281153,4.5461881134124695,0.10046654333121778,14.815662899226115,0.024020731603313285,17.20730274340791,1.55,bd291416,bd,G,V
283469095613,2457823.87944,5.171065357829566,0.1155874187885155,14.675831337225983,0.024296443767228434,17.055079979920617,1.51,bh155930,bh,B,V
283469095613,2457825.6534567,4.419294243494019,0.26141161124065315,14.846399108196955,0.0642960255734659,16.16904420884652,1.43,bh156487,bh,B,V
283469095613,2457831.073235,3.8570229405655607,0.05499343884659875,14.99415084965717,0.015497827710199615,17.861579199154637,1.68,bd294160,bd,G,V
283469095613,2457831.9485324,4.981591322370924,0.06863432515857604,14.716361164018412,0.014975641821772766,17.621002973992304,1.57,bd294457,bd,G,V
283469095613,2457834.0177402,4.830868934365613,0.0613768373188445,14.74971826735934,0.013809928299410697,17.742345128792664,1.66,bd295281,bd,B,V
283469095613,2457836.0064776,4.887303275801667,0.06034723755162783,14.737108180785068,0.013421475960057517,17.76071290699465,1.48,bd296033,bd,B,V
283469095613,2457839.7136782,5.058061218765679,0.07619455507513932,14.699821201025667,0.016373896039982034,17.507546550147858,1.36,bh160328,bh,G,V
283469095613,2457844.9253409,3.2204240829160558,0.06124299605396125,15.189998740228441,0.020670716731015143,17.744715322270952,1.47,bd298812,bd,G,V
283469095613,2457846.806337,4.442916144433521,0.06266725515992766,14.840611113398536,0.015331502887110764,17.719754711379036,1.37,bh162534,bh,G,V
283469095613,2457848.8520212,4.016074149635619,0.053364467932671744,14.950277097809854,0.014443173678409063,17.89422593448701,1.72,bd300116,bd,G,V
283469095613,2457849.8297091,4.550698803840646,0.06486403195409307,14.814586174770321,0.0154930892150659,17.682346541276207,1.35,bh163487,bh,G,V
283469095613,2457850.8427237,4.188940363577482,0.08983622582060721,14.904520960735915,0.023310924259791532,17.3287276482915,1.85,bd300869,bd,G,V
283469095613,2457851.8808684,4.186671117431847,0.0500358772478872,14.905109288588445,0.012990469413535181,17.964152597671013,1.91,bh164315,bh,G,V
283469095613,2457868.912256,5.1123234013963375,0.0658088957839233,14.688235606684483,0.013991956854929932,17.66664488423402,1.69,bd304922,bd,G,V
283469095613,2457869.7215534,3.575774866986543,0.06791555297284327,15.076355985683332,0.02064482691930873,17.63243329093555,1.34,bh169649,bh,G,V
283469095613,2457871.9103496,4.8730936879814575,0.0639658833664761,14.74026950197067,0.014267760594357842,17.697485389039972,1.55,bd305959,bd,G,V
283469095613,2457872.6735134,4.6884231802641425,0.0679375568744034,14.78221439328081,0.015750534385741064,17.63208158116894,1.38,bh170883,bh,G,V
283469095613,2457876.6181089,5.157861221651396,0.08189794547199905,14.678607272634249,0.017258995952458684,17.42917387619182,1.42,bh172370,bh,G,V
283469095613,2457879.9273723,3.753645517583468,0.09074509996287054,15.023648262457419,0.02627738228302698,17.317798435206587,1.48,bd307330,bd,G,V
283469095613,2457885.9256417,3.4512723640246596,0.08174582671089566,15.114833319874581,0.0257453339222259,17.431192417951422,1.51,bd309116,bd,G,V
283469095613,2457889.9324641,3.510414552821203,0.057456001212519,15.096385388728685,0.01779054134242014,17.814017901309185,1.47,bd309723,bd,G,V
283469095613,2457890.793172,4.91302987031055,0.06436358894157922,14.731407893085082,0.014239771507467741,17.690755762300764,1.51,bd309929,bd,G,V
283469095613,2457893.8443591,4.574826195871622,0.04914757555132467,14.808844906383886,0.011677225644416173,17.983601146275443,1.44,bd310967,bd,G,V
283469095613,2457895.7163218,3.7990350402057342,0.05121420550583696,15.010598156351554,0.014653093243710362,17.938880294113066,1.41,bh177860,bh,B,V
283469095613,2457896.8916906,4.044357125978769,0.03793029554574138,14.942657659997787,0.01019410028113148,18.26489082703435,1.74,bd312057,bd,G,V
283469095613,2457898.857013,4.909630408256256,0.05740779801767779,14.732159404197496,0.012709669621783203,17.814929171130437,1.49,bd312571,bd,G,V
283469095613,2457901.9091161,4.669522886676595,0.05526602374431411,14.786600133652604,0.012864647287814513,17.856210845485734,1.44,bd313591,bd,G,V
283469095613,2457904.7376859,3.383538535057204,0.05720809403536194,15.136353586968491,0.018378011736447035,17.818712696422956,1.45,bh179885,bh,G,V
283469095613,2457907.7219482,3.4645515080825184,0.23176173397840313,15.11066384839673,0.07271213247939813,16.29975206497363,1.50,bh181096,bh,B,V
283469095613,2457913.8434541,3.6303196041843604,0.09840905720065175,15.05991925224105,0.029464724372795313,17.229768715910403,1.62,bd316875,bd,G,V
283469095613,2457916.8447572,3.3464323545255272,0.07674769263928309,15.14832627824216,0.024928459985119552,17.49969307464233,1.51,bd317594,bd,G,V
283469095613,2457918.6575959,4.983005917514886,0.09856934013432408,14.716052897234274,0.02150119604031277,17.22800177065289,1.53,bh185405,bh,G,V
283469095613,2457920.8256515,3.30664638098488,0.057755227789937004,15.161312021706923,0.018985223781958483,17.80837814098662,1.47,bd318101,bd,G,V
283469095613,2457925.8169867,3.9029502999249033,0.03647741712448464,14.981298851964517,0.010158819199009558,18.30729619510454,1.64,bd319049,bd,G,V
283469095613,2457927.8074392,4.331638167378285,0.05135698495013521,14.86815097511972,0.012887228242841546,17.93585759521667,1.57,bd319709,bd,G,V
283469095613,2457929.7952692,4.711285291644157,0.05390672687022326,14.776932895229347,0.01243700279435865,17.883248986260583,1.68,bd320339,bd,G,V
283469095613,2457934.6524984,3.3084927274057874,0.05430385971189212,15.16070594368652,0.017840732724152188,17.875279646960614,1.41,bh190768,bh,G,V
283469095613,2457940.757769,4.254407705423739,0.08123656406599661,14.88768363810177,0.020755089598639906,17.43797752753477,1.69,bd323055,bd,G,V
283469095613,2457943.7575611,3.6750283913397976,0.08976128394401679,15.046629658106198,0.02654853312495289,17.32963375343178,1.63,bd324057,bd,G,V
283469095613,2457944.4940886,5.009612825181243,0.10798673065349892,14.71027099922259,0.02343032989597573,17.128930411395086,1.49,bh194281,bh,G,V
283469095613,2457947.6068591,4.720653585006988,0.07870655640965521,14.774776074927871,0.01812261866975711,17.472329115068558,1.52,bh195695,bh,G,V
283469095613,2457948.5615808,4.97603359905014,0.07594828658123308,14.717573144204373,0.016590017686002354,17.51106144247583,1.39,bh196059,bh,G,V
283469095613,2457952.6036758,5.003849114944741,0.07437705420571407,14.711520890540102,0.016156487192068046,17.533758959679584,1.37,bh197455,bh,G,V
283469095613,2457954.5895619,5.114166200246802,0.08187032852878459,14.687844310447037,0.0174005857547205,17.42954006085829,1.60,bh198321,bh,B,V
283469095613,2457957.5861167,4.728630399313396,0.06601579495213059,14.772942979814474,0.015174858849494903,17.663236750281936,1.41,bh199241,bh,G,V
283469095613,2457960.5800117,4.0104078759940425,0.061194858415065286,14.951810043237522,0.016585881662889674,17.74556905791146,1.40,bh200460,bh,B,V
283469095613,2457961.5498338,3.457659191449437,0.05165667078523805,15.112825943860429,0.016238892294589757,17.929540361315173,1.57,bh200873,bh,G,V
283469095613,2457968.5563355,3.319546563325308,0.08864703935732395,15.157084492316148,0.029026698593974807,17.34319580475531,1.36,bh203821,bh,G,V
283469095613,2457971.5457239,3.8606870222606826,0.08591554815585897,14.993119915229304,0.024189079520908534,17.37717698039518,1.37,bh205105,bh,G,V
283469095613,2457973.4729483,4.714822689297979,0.0914613162505664,14.776117992431406,0.02108551704628382,17.30926277575793,1.43,bh205769,bh,G,V
283469095613,2457980.5178477,4.751749869762849,0.07421828140819572,14.767647475805122,0.016977334081125485,17.536079159563204,1.39,bh207638,bh,G,V
283469095613,2457981.514353,5.0808882133266655,0.07897699464035199,14.694932304699153,0.016895581203011944,17.46860488557019,1.51,bh208057,bh,G,V
283469095613,2457982.495573,5.184298705082737,0.08302169879448623,14.673056363413961,0.01740659288440602,17.414377354450508,1.33,bh208450,bh,G,V
283469095613,2457986.49304,4.67853121485286,0.06842554399789359,14.784507576000143,0.015897209591321997,17.624310746599264,1.44,bh209674,bh,G,V
283469095613,2457995.472955,3.555630946178413,0.1294572891657447,15.082489711029648,0.03957509844957738,16.932040122038686,2.41,bh210208,bh,G,V
283469095613,2458110.0339529,2.9418564220262495,0.091163330579372,15.228511939613554,0.03368300912811323,17.25309015294284,1.56,bt027950,bt,B,g
283469095613,2458111.0091054,3.0484234653423417,0.05854686906006569,15.189877382372492,0.020875676189921567,17.733881423821913,1.62,bt028356,bt,G,g
283469095613,2458112.0043948,3.360976317777565,0.23412940078142144,15.08390199143192,0.07571861716613355,16.229000727399324,1.77,bt028622,bt,B,g
283469095613,2458112.1381206,4.561684153633177,0.05611646660270087,14.811968374832503,0.013371412245229891,17.839630599478035,1.55,bd364192,bd,G,V
283469095613,2458113.0052574,3.2679518403745895,0.05458610671886733,15.11437650294775,0.018155936070226784,17.80993531160003,1.79,bt029076,bt,B,g
283469095613,2458114.1251788,3.8303226877829717,0.05302625107505284,15.001692997258488,0.015047617166366278,17.901129084082047,1.50,bd364766,bd,G,V
283469095613,2458114.5983967,4.709558176640488,0.09464463457341322,14.71761520713904,0.021843790635700938,17.212400614588777,1.67,bp013305,bp,G,g
283469095613,2458115.5986265,4.7016820240827055,0.08385349474537053,14.719432486434908,0.01938563742023382,17.343837693132773,1.69,bp013686,bp,G,g
283469095613,2458115.9989976,3.507854755527088,0.043271154699567216,15.037461615064755,0.013408156004683303,18.06214439996726,1.47,bt030360,bt,G,g
283469095613,2458116.9956837,3.775234829591046,0.03416343005523375,14.957705694605215,0.009836252519300242,18.31873694152297,1.51,bt030697,bt,G,g
283469095613,2458117.9928926,3.86531180909137,0.031391801390259225,14.932104288350319,0.008827625023685427,18.41060001640981,1.52,bt031161,bt,G,g
283469095613,2458118.9855679,4.025643887520197,0.06334128122227847,14.887977236962055,0.017102660007584307,17.648423502132445,1.65,bt031635,bt,G,g
283469095613,2458120.9828812,4.499847487161962,0.09462392288405952,14.767071135958552,0.022856794676887476,17.212638239172435,1.60,bt032172,bt,G,g
283469095613,2458121.979522,4.386991294546561,0.10545609876341293,14.794648690779866,0.02612865780028982,17.094961358870627,1.70,bt032650,bt,G,g
283469095613,2458123.8443987,3.0954025725179246,0.06845400922273748,15.173272774309075,0.024037756001255704,17.564143388874843,2.31,bl035992,bl,G,g
283469095613,2458123.9730963,4.470222478182686,0.08671926137315421,14.774242777180195,0.02108621375557811,17.30735168611927,1.62,bt033096,bt,G,g
283469095613,2458125.8647976,2.9425092112612665,0.07851085355368705,15.228271044688386,0.029001739050090177,17.415316364080734,1.68,bl036719,bl,G,g
283469095613,2458130.95721,4.362666950118775,0.04416696082938454,14.800685472720584,0.011004178560453536,18.03989682126759,1.62,bt035964,bt,G,g
283469095613,2458132.5941347,3.2570571652356275,0.041518740742220506,15.118002169738238,0.01385577953799528,18.107030179073742,2.33,bp019043,bp,G,g
283469095613,2458132.8205373,3.44227876808032,0.04177139638138454,15.057950526931032,0.013190010100261818,18.100443127457414,2.24,bl038582,bl,G,g
283469095613,2458133.8203813,3.539685447627769,0.039177285064578043,15.027653946334405,0.012030449070980343,18.170054769809806,2.31,bl038942,bl,G,g
283469095613,2458134.816478,3.567946420827576,0.03889483971547528,15.01901981219357,0.011849112824101195,18.177910646158303,1.65,bl039298,bl,G,g
283469095613,2458135.8126898,3.8983714671600964,0.025824400603149,14.922857573006914,0.00720044277259327,18.622564986133984,1.58,bl039632,bl,G,g
283469095613,2458136.8086222,3.914031937274443,0.02848905431368848,14.918504709673833,0.007911627672105197,18.51594552845961,1.60,bl039987,bl,G,g
283469095613,2458137.547455,3.1732094522568506,0.0472506278109685,15.14631877408509,0.016185309803256987,17.966621653242846,1.61,bp020459,bp,G,g
283469095613,2458137.797359,4.1821019739291225,0.028882502806348406,14.846579076798578,0.007506757363932513,18.501053550911294,1.56,bl040337,bl,G,g
283469095613,2458138.79336,4.310771153383938,0.03588071835833032,14.813678202273813,0.009047286305991128,18.265487788058323,1.72,bl040693,bl,G,g
283469095613,2458139.547055,3.3012200579996582,0.040128907275504826,15.103379434305928,0.013212805177188015,18.143997276690175,1.62,bp020735,bp,G,g
283469095613,2458145.9128193,3.4544473410241925,0.047607420239036115,15.054119180374313,0.0149798768959244,17.958453990265163,1.79,bt040949,bt,G,g
283469095613,2458146.7745455,4.65423977585034,0.057576869243080926,14.730443738804091,0.013446568406255736,17.752020495664468,1.56,bl043579,bl,G,g
283469095613,2458146.909565,3.620997127324036,0.07364416190634483,15.002995171595552,0.022106618496897417,17.48479480112471,2.20,bt041416,bt,G,g
283469095613,2458147.7704785,4.319519853806566,0.0783147005178188,14.811476936050168,0.019706976089222995,17.418032382717307,1.63,bl043943,bl,G,g
283469095613,2458147.9064772,3.6474650099351686,0.07658802486934493,14.995087786266017,0.022823482306779653,17.442238437351854,1.58,bt041879,bt,G,g
283469095613,2458148.7663475,4.440904051461948,0.07158992552136811,14.781387147111367,0.01752236381028158,17.515510834943473,1.70,bl044307,bl,G,g
283469095613,2458148.9033265,3.832503625236404,0.07974041100458376,14.94135918644766,0.022615597599661662,17.398444436920993,1.68,bt042344,bt,G,g
283469095613,2458151.9005081,4.474412389481549,0.17368420430204168,14.773225600114406,0.04219261931085671,16.55323980303877,2.10,bt042908,bt,B,g
283469095613,2458153.5315391,4.8443460672927285,0.07590820980551721,14.6869777212063,0.01703200443476149,17.4519187382247,1.56,bp023906,bp,G,g
283469095613,2458153.801588,4.323361121309432,0.09703411031613668,14.810511840386663,0.024395801340632482,17.185329540776408,1.49,bl045893,bl,G,g
283469095613,2458153.8941351,4.59477569109151,0.09797912963402045,14.744404835424676,0.023178292284540856,17.174806668385767,2.05,bt043387,bt,G,g
283469095613,2458158.6022678,4.644170505742749,0.06103145062342062,14.732795232243008,0.014284258772216878,17.68875637996952,1.74,bp025806,bp,B,g
283469095613,2458159.1624772,4.167162433709467,0.052631438294957485,14.910180331146297,0.013728306974655163,17.909243297579774,1.61,bd377116,bd,G,V
283469095613,2458159.9277649,4.650455114308168,0.05014104228525803,14.731326979863407,0.0117195267084879,17.90215721787974,1.59,bt045935,bt,G,g
283469095613,2458160.9451665,4.621369386222084,0.0617491951210797,14.73813891458291,0.014523550216328503,17.676062358708144,1.52,bt046363,bt,B,g
283469095613,2458161.9494491,4.659797432213077,0.051394486933358366,14.729148027973658,0.011988412278925848,17.875349274208553,1.48,bt046668,bt,G,g
283469095613,2458162.0579651,3.7473054526994023,0.04513774030740543,15.025483666968578,0.013092810773767798,18.07600685975729,1.44,bd377961,bd,G,V
283469095613,2458163.4752248,3.0146733124070093,0.0441031112535049,15.201964981428507,0.01590161169659483,18.04146754182204,1.60,bp026814,bp,G,g
283469095613,2458163.746521,3.6253245911262737,0.05437251677301577,15.06141416219837,0.016302143497567225,17.873907803892184,1.41,bh254965,bh,G,V
283469095613,2458164.7458685,3.6419100187775553,0.052657203343313363,15.056458375987212,0.015715954072300194,17.90871191934295,1.37,bh255257,bh,G,V
283469095613,2458165.4663236,3.0486225293912192,0.04390742453039921,15.189806485401993,0.01565476243318861,18.04629570263928,1.54,bp027426,bp,G,g
283469095613,2458165.729309,3.4888141779376927,0.03932471496351976,15.0433710258656,0.012251800530229773,18.165976652893583,1.47,bl048913,bl,G,g
283469095613,2458166.7552148,3.228408876747464,0.04308588165081039,15.127594290374343,0.014506365780536188,18.066803150983684,1.49,bl049301,bl,G,g
283469095613,2458168.8908011,3.198461687470982,0.05532394684996292,15.137712739978584,0.01880113964549772,17.79535772288805,1.61,bt048390,bt,B,g
283469095613,2458169.8880761,3.094987682925101,0.0560074044605631,15.173418309770971,0.019669743398317608,17.782026994650447,1.50,bt048709,bt,G,g
283469095613,2458170.880621,2.9570918455953246,0.0585919559610105,15.222903588092587,0.021537007295913315,17.733045620950836,1.62,bt049148,bt,G,g
283469095613,2458171.8042027,3.1938442140829673,0.04561342604751452,15.139281300363852,0.01552355331001861,18.004908877581236,1.49,bl050615,bl,G,g
283469095613,2458171.8885434,3.0952700227574628,0.05670965880166136,15.173319268150145,0.01991455770477596,17.768498025628944,1.46,bt049588,bt,G,g
283469095613,2458172.4504182,3.4342262132506423,0.034632151919805496,15.060493375177204,0.010961317354648462,18.303941916653063,1.53,bp029221,bp,G,g
283469095613,2458172.889057,3.038384157893109,0.0794932379495994,15.193458914803644,0.028438041055148685,17.40181514345123,1.46,bt049971,bt,B,g
283469095613,2458173.8368077,3.100796027572648,0.07087629318972373,15.171382624790459,0.024845055409714458,17.52638812145918,1.52,bt050354,bt,G,g
283469095613,2458174.4485993,3.800531351735725,0.03269503495978882,14.950454823506954,0.009350819185270207,18.366436096250492,2.07,bp029656,bp,G,g
283469095613,2458174.8335894,3.298003607782488,0.06459474759060933,15.104437806291779,0.021289146560671816,17.62714759761369,1.66,bt050786,bt,G,g
283469095613,2458175.4374677,4.137543930466965,0.05433406615621342,14.858209077432697,0.01427387081650542,17.81496009342224,1.52,bp029923,bp,G,g
283469095613,2458176.8302905,3.553378214146205,0.08246142048650415,15.02346203391719,0.025224440908892923,17.362013582145895,1.60,bt051646,bt,G,g
283469095613,2458176.8344709,3.3367715805425155,0.04167033359922834,15.091749427420265,0.013574150874709338,18.103073168210912,1.69,bl052408,bl,G,g
283469095613,2458178.896896,3.5501819852750662,0.21151265887732215,15.084154864713756,0.06475867010498515,16.399015481940086,1.43,bh259624,bh,G,V
283469095613,2458179.9684939,3.2146661037073985,0.10919941272812984,15.132225944954298,0.03692296804885446,17.057089854568428,1.68,bt052359,bt,G,g
283469095613,2458180.8551479,3.2237172217433656,0.14161718228856612,15.129173273958427,0.0477497588313999,16.774850738643913,1.59,bt052688,bt,G,g
283469095613,2458181.4756809,4.843561348711873,0.08679547464798447,14.687153610041538,0.019478003979687426,17.306397905259093,1.55,bp031998,bp,G,g
283469095613,2458186.8770082,3.8710119458555736,0.035832809323282075,14.930504343422228,0.010061634097480858,18.266938465031192,1.45,bl056049,bl,G,g
283469095613,2458187.4989502,4.525797044028884,0.08502877306373972,14.760827936168862,0.020421282377000586,17.328725830441737,1.65,bp033744,bp,B,g
283469095613,2458187.7754141,4.589703156811731,0.04329949363770371,14.745604127135968,0.010254403256483765,18.061433567535502,1.42,bl056356,bl,G,g
283469095613,2458188.7822849,4.534887436491153,0.03774966315138104,14.758649343250305,0.009048128124564311,18.210357909750964,1.50,bl056774,bl,G,g
283469095613,2458190.5133233,4.607538033368228,0.04185514996892719,14.741393300202974,0.009873977794131622,18.098268355530422,2.05,bp034188,bp,G,g
283469095613,2458190.7732419,4.334438218578953,0.029926756450464675,14.80773357962098,0.007504797959491009,18.462491488235734,1.48,bl057486,bl,G,g
283469095613,2458191.0051588,3.017824738342881,0.07224408997352011,15.200830586516922,0.026020790324936413,17.50563479937145,1.49,bt055648,bt,G,g
283469095613,2458191.9046587,4.004389638869258,0.04174786660082789,14.893724799803314,0.011332093018620128,18.10105489375908,1.51,bl057993,bl,G,g
283469095613,2458193.8918644,4.4769966421198495,0.037408620829339746,14.772598700657639,0.009082326307143253,18.220211368830157,1.50,bl058789,bl,G,g
283469095613,2458194.9937488,3.6923817318793435,0.04472400177177887,15.04151492046411,0.013165769125221098,18.08600475366093,1.45,bd382290,bd,G,V
283469095613,2458195.7915602,3.8171133988525288,0.026741281611803072,14.945727966865626,0.007614814497350226,18.584685067515828,1.53,bl059519,bl,G,g
283469095613,2458196.4954759,4.401867572929732,0.0359489803864021,14.790973189852819,0.008876909183086779,18.26342416872274,1.53,bp035679,bp,G,g
283469095613,2458197.0168133,3.5245180948724375,0.04879620180159383,15.09203204307434,0.015048681367675251,17.99139134690816,1.43,bd382877,bd,G,V
283469095613,2458197.5778571,4.599273726370712,0.04311126784173054,14.743342478693535,0.010188581182357404,18.066163623863773,1.46,bp036211,bp,G,g
283469095613,2458198.5787579,4.595896016527804,0.04260271474077001,14.744140137058327,0.010075793374075699,18.07904742592886,1.50,bp036672,bp,G,g
283469095613,2458198.6289437,4.028536765824419,0.02564366909675182,14.887197293481494,0.006919026680480203,18.63019020105001,1.51,bl060603,bl,G,g
283469095613,2458199.8559251,4.404865827678379,0.04412268339210732,14.790233911459937,0.010887831853657002,18.040985819216555,1.49,bt057905,bt,G,g
283469095613,2458200.7232894,3.306513677074343,0.061824602320857444,15.161355595864796,0.020323718955865443,17.734453064935604,1.42,bh267426,bh,B,V
283469095613,2458201.5216014,4.278149839423367,0.033154255825707926,14.821925643821128,0.00842355596362611,18.351292400782583,1.50,bp037618,bp,G,g
283469095613,2458201.6387149,3.686067248777249,0.028206001318322974,14.983657486673579,0.008317454624655544,18.526786806766115,1.55,bl061761,bl,G,g
283469095613,2458202.7185059,3.192707875997767,0.04259259459356458,15.139667663270021,0.014500637161111265,18.07930536994845,1.49,bl062176,bl,G,g
283469095613,2458203.7665925,3.163891892076193,0.07017318137437109,15.149511533414156,0.024108028892226976,17.537212696021015,1.51,bt058935,bt,G,g
283469095613,2458204.6344164,4.09217099329653,0.02889430641508521,14.870181190734236,0.0076748637460296466,18.50060992636008,1.80,bl062928,bl,G,g
283469095613,2458205.7114512,3.694339246764322,0.05422340543460334,14.981223688083642,0.01595372818553906,17.817173637856396,1.48,bl063389,bl,B,g
283469095613,2458206.8695309,3.7799347816737514,0.1078731055247316,15.016070637862786,0.031019946729991133,17.130073439478974,1.57,bd383530,bd,G,V
283469095613,2458207.9239447,4.894427425109194,0.11112672477157515,14.73552667165638,0.024679070244315284,17.09781010714601,1.45,bd383866,bd,G,V
283469095613,2458213.8898274,3.1810411350409025,0.09251856416192943,15.143642409427553,0.03161344114352558,17.237068401103578,1.46,bl066791,bl,G,g
283469095613,2458214.8853649,2.9887146519574106,0.06127529081237411,15.21135449058568,0.022285023739670465,17.684427158718407,1.51,bl067408,bl,G,g
283469095613,2458215.8697291,3.037746876656346,0.05249854405348847,15.193686664768208,0.01878485507770759,17.85227246332271,1.54,bl067819,bl,G,g
283469095613,2458216.8799197,2.891535119855561,0.05662206034318773,15.247244443525279,0.0212847899863685,17.77017644077175,1.50,bl068248,bl,B,g
283469095613,2458217.8524378,3.014473931253577,0.06090589231967485,15.20203679103214,0.021961396375944606,17.690992335601724,1.50,bl068649,bl,B,g
283469095613,2458218.4955491,3.4564369821518173,0.033872468055061174,15.05349401422613,0.010651980710184389,18.328023506777498,1.62,bp041378,bp,G,g
283469095613,2458218.6935293,4.803585287493866,0.10187308906270928,14.75586763954216,0.023051868951866616,17.19220770537568,1.35,bh274459,bh,B,V
283469095613,2458220.7594421,4.564217285697897,0.037353869014151275,14.751649843755226,0.008895727130333727,18.22180163257815,1.50,bl069360,bl,G,g
283469095613,2458221.7772245,4.520306088414106,0.03776265546058949,14.762146013125225,0.009080439206601636,18.209984295991262,1.50,bl069798,bl,G,g
283469095613,2458222.5116938,3.6619082634849365,0.031579530254251524,14.990796971413172,0.009373685492232995,18.404126447475534,1.77,bp042017,bp,G,g
283469095613,2458223.4987983,4.002665158975033,0.02643011378252813,14.894192469959632,0.007177313965873363,18.597393029471995,1.67,bp042309,bp,G,g
283469095613,2458223.6632064,3.844682427624758,0.049476786840437895,14.997630222733925,0.013987921536639232,17.97635267471081,1.51,bh275590,bh,G,V
283469095613,2458224.494415,4.261899866867739,0.09958386802855852,14.826057517856984,0.025397906613231495,17.15716813369657,1.51,bp042647,bp,B,g
283469095613,2458224.7527619,4.645508784615994,0.0416072301226481,14.732482408131567,0.009735263074537821,18.104718599206254,1.54,bl071069,bl,G,g
283469095613,2458225.4997122,4.252238801910397,0.04544360002176766,14.828521506972193,0.011616284906852627,18.0089587897388,1.55,bp042843,bp,B,g
283469095613,2458225.6429406,3.418529751526258,0.05561755243722138,15.125182994703902,0.017684170020113247,17.849326711320877,1.34,bh276422,bh,G,V
283469095613,2458226.7022147,3.4836555636739526,0.037967510633493975,15.044977600150474,0.011846473493996253,18.20411030331605,1.57,bl071903,bl,G,g
283469095613,2458228.502308,4.496446251764969,0.04048274653677288,14.767892106170182,0.009786169544178406,18.13446568799788,1.49,bp043245,bp,G,g
283469095613,2458229.4905133,4.742143340059169,0.043136492308477305,14.71012892929454,0.009887404972255482,18.065528543775297,1.57,bp043656,bp,G,g
283469095613,2458229.7150615,3.2798011218437955,0.041140446958262654,15.110446847076531,0.01363432582259971,18.116968097320296,1.51,bl073224,bl,G,g
283469095613,2458230.4409513,4.423112534346778,0.037925576026627945,14.785745649833746,0.009320009808193698,18.20531014713698,1.62,bp044024,bp,G,g
283469095613,2458230.5479406,4.481929725930469,0.07513343169751442,14.83111879760254,0.01822134182777719,17.52277332976145,1.49,bh278452,bh,G,V
283469095613,2458231.4584294,4.6525796464864335,0.04396921434506904,14.730831081137127,0.010272285037443879,18.044768847475336,1.57,bp044457,bp,G,g
283469095613,2458231.5440782,3.997133102001735,0.030859522230061477,14.895694096701753,0.008391754312339744,18.429167616461214,1.51,bl073965,bl,G,g
283469095613,2458231.899938,4.1618700955706505,0.06251867734913774,14.911560103377525,0.01632801661624956,17.722331940000654,1.45,bd388055,bd,U,V
283469095613,2458232.7294982,3.4683712692457664,0.10194015013954344,15.04975167221924,0.03194713092100387,17.131777439214737,1.45,bl074549,bl,B,g
283469095613,2458233.5573023,4.559394210592123,0.0928809948592633,14.812513545922908,0.022142766877528593,17.29253924734014,1.42,bh279656,bh,G,V
283469095613,2458233.8104139,4.754481913288718,0.04441696144450993,14.70730762323032,0.010154483032737072,18.033768498368218,1.45,bl075054,bl,B,g
283469095613,2458240.8056567,4.14226429515712,0.1794035916167844,14.91668689104322,0.04707664456835213,16.57777856051132,1.72,bh282316,bh,G,V
283469095613,2458241.3763375,3.3379125195774306,0.06863221651892912,15.091378246159515,0.022349368028406643,17.56132054914208,1.69,bp046608,bp,G,g
283469095613,2458243.6959918,3.982828276043933,0.0831911879340487,14.95930245017725,0.022703766772982113,17.412163078980775,1.36,bh283151,bh,G,V
283469095613,2458244.8017517,2.8151973145939575,0.06762380185582159,15.276293523393548,0.02610976220776257,17.577391652828997,1.54,bl079386,bl,G,g
283469095613,2458245.6231674,5.0874073949904295,0.09468300333193046,14.693540112182294,0.020229617952521615,17.27167633058403,1.52,bh283915,bh,G,V
283469095613,2458245.8083929,3.468586490095177,0.07777584820608377,15.04968430174463,0.02437274252287008,17.425528721128455,2.08,bl079793,bl,B,g
283469095613,2458246.6978492,3.89008224789095,0.04212825936664615,14.925168663037645,0.011771367120301902,18.091206822578144,1.46,bl080150,bl,B,g
283469095613,2458247.7288116,3.7061552508795517,0.05006268798561233,14.977756602372207,0.014682591936438288,17.90385520091955,1.52,bl080621,bl,B,g
283469095613,2458248.4678918,3.058234818080497,0.043191007277926206,15.186388551146926,0.015350929485097645,18.064157280060183,2.05,bp048430,bp,G,g
283469095613,2458251.4302261,3.4128444540243117,0.03437763848325734,15.0672743846638,0.010948930973781933,18.311950510910382,1.49,bp049148,bp,G,g
283469095613,2458251.656136,4.708486814379906,0.04200542374726897,14.71786222587825,0.009696972953405792,18.094377185957427,1.48,bl082099,bl,B,g
283469095613,2458252.4343473,3.4567410395776452,0.03295989481313982,15.053398507888893,0.010364089242668692,18.357676068848075,1.46,bp049578,bp,G,g
283469095613,2458252.9093575,3.7895847285615067,0.040427102020104674,15.013302350556874,0.011595598289326582,18.195674867561785,1.73,bd391756,bd,G,V
283469095613,2458253.4259156,3.6825066309944092,0.02496525785343644,14.984706778436706,0.007368934413395489,18.659300471390033,1.50,bp049998,bp,G,g
283469095613,2458254.4254356,3.8031617007601772,0.022402777705702013,14.949703645030601,0.006402789901732956,18.776885937541056,1.51,bp050278,bp,G,g
283469095613,2458254.5139643,2.920440129249573,0.056266401834058614,15.236444853849333,0.020941751832467746,17.77701775280802,1.50,bl083008,bl,B,g
283469095613,2458255.6701241,4.719805696281259,0.04217908905526124,14.715255322079326,0.009713712572056634,18.089897621401118,1.50,bl083584,bl,G,g
283469095613,2458256.4108866,4.398846995072538,0.03650176131791394,14.791718481804349,0.009019597081670582,18.24685605905473,1.57,bp051140,bp,G,g
283469095613,2458257.4262353,4.146048941806501,0.030210357012915825,14.855979561298717,0.007920153630639143,18.452250967422906,1.60,bp051543,bp,B,g
283469095613,2458257.4608567,3.628232653972836,0.042116220347314305,15.000827803174676,0.012617300141265496,18.091517138441965,1.49,bl084209,bl,G,g
283469095613,2458258.4675852,3.851379720433693,0.03371306572766391,14.936024774076992,0.009514677679296136,18.333144993261357,1.57,bl084668,bl,G,g
283469095613,2458260.5790827,2.870784830252764,0.05755527473557044,15.25506401559322,0.021791978477470032,17.752427783118566,1.44,bl085667,bl,B,g
283469095613,2458261.6124049,3.0003067613350924,0.058152539829637556,15.207151470529583,0.021067606565467283,17.741218892890707,1.45,bl086147,bl,G,g
283469095613,2458262.2066712,3.171812881179277,0.08313103272503769,15.146796726005899,0.028488382374496534,17.353232672156672,1.60,bp051863,bp,B,g
283469095613,2458271.6767264,3.118169902524682,0.058180498469278974,15.165316184054419,0.020281021953939438,17.74069701693315,1.54,bl089512,bl,G,g
283469095613,2458274.7234269,3.0536607507985085,0.055606973473422125,15.188013654626609,0.019793411057631664,17.789817465620146,1.67,bl090252,bl,G,g
283469095613,2458275.3520631,2.940440317586801,0.04584380745189246,15.229034700010518,0.01694651824529558,17.99943891197802,1.54,bp053840,bp,G,g
283469095613,2458275.7208403,3.156898451646352,0.05579388794922486,15.151914092004446,0.01921047867344768,17.78617404668389,2.24,bl090501,bl,G,g
283469095613,2458276.3770824,3.0148117921565722,0.0441296744953056,15.20191510901813,0.015910458364163868,18.040813801288625,1.61,bp054305,bp,G,g
283469095613,2458276.7175408,3.0321023439509065,0.04798257502868863,15.19570598190808,0.017200927587856744,17.949931733774605,1.60,bl090915,bl,G,g
283469095613,2458277.6644796,3.1735333427399386,0.04214466664419431,15.146207958305869,0.014434831879181723,18.090784053930516,1.54,bl091333,bl,G,g
283469095613,2458280.350527,3.173557613894415,0.04029276464321693,15.14619965463689,0.013800437438443053,18.139572943833656,1.55,bp055099,bp,G,g
283469095613,2458280.7988708,3.366176495563561,0.09240953252471373,15.14193919654061,0.029839535800034,17.29806446050365,1.47,bd397943,bd,B,V
283469095613,2458281.3360431,3.838710984907384,99.99,14.939602083578247,99.99,99.99,1.65,bp055542,bp,B,g
283469095613,2458282.3384434,3.4802633481312233,0.031010796402685635,15.046035352708206,0.00968529792790628,18.423858312194366,1.72,bp055996,bp,G,g
283469095613,2458283.3528513,3.4007896142867433,0.036463973807253004,15.071116208122659,0.011654573976529619,18.247980621755556,1.58,bp056418,bp,G,g
283469095613,2458283.6315866,4.288226814584714,0.029971802244312767,14.819371251863913,0.00759709020216232,18.46085846535376,1.50,bl092835,bl,G,g
283469095613,2458285.8311206,3.6267001448664082,0.048143261301669196,15.06100228039445,0.014428993233342709,18.00601762682774,1.44,bd399475,bd,G,V
283469095613,2458287.7359005,3.2158285405067444,0.05437066224698275,15.13183340913789,0.018377393314421165,17.81422905434444,1.49,bt079942,bt,G,g
283469095613,2458289.6831188,4.207122346379581,0.030682423634381825,14.840102767730034,0.007927143003305747,18.43541645650722,1.42,bl095679,bl,G,g
283469095613,2458295.7220344,3.915373496580781,0.16444812358435018,14.91813263045625,0.04565285037911939,16.612568305487954,1.54,bt082540,bt,G,g
283469095613,2458296.2334372,2.7955477035083094,0.09844246870325991,15.283898353525188,0.03827610712520633,17.169684370839068,1.78,bp058432,bp,G,g
283469095613,2458296.7950139,3.7465360347601853,0.0894572318277115,15.025706619353556,0.025953606384593167,17.3333177556802,1.43,bd402051,bd,G,V
283469095613,2458298.7191077,4.3703406278010455,0.20091340072100333,14.79877740342069,0.049969590431756056,16.395118349647575,1.52,bt083490,bt,B,g
283469095613,2458299.7824444,4.254431068206261,0.04338956291076888,14.887677675873668,0.011085517105617377,18.118893205574317,2.28,bd403012,bd,G,V
283469095613,2458300.658519,4.1111516290132855,0.061256105409014515,14.86515688506903,0.01619563793287975,17.684767157899724,2.09,bl100536,bl,G,g
283469095613,2458301.6210548,3.4386635637870357,0.05428577534771639,15.059091405130754,0.017159654167179246,17.81592549867179,2.03,bl100935,bl,G,g
283469095613,2458303.3008501,3.1693011836973315,0.0416542253276322,15.14765684017709,0.01428590381714412,18.10349295642488,1.51,bp059298,bp,G,g
283469095613,2458304.3067817,3.1466656314348125,0.04030418393270737,15.155439130536072,0.013922323090634141,18.139265281165667,1.66,bp059748,bp,G,g
283469095613,2458304.7500366,5.468416915278007,0.16506251434220512,14.615127359463763,0.03280945458961908,16.66823525296033,1.43,bd403823,bd,B,V
283469095613,2458305.2629349,2.9917781806949053,0.04356624773425607,15.21024214601856,0.01582825137505786,18.054765219663487,1.74,bp060165,bp,G,g
283469095613,2458306.2632857,2.8904661342797198,0.045989567716215665,15.247645908798033,0.017294324942354233,17.99599229295091,1.61,bp060603,bp,G,g
283469095613,2458306.6407798,3.2581839534821073,0.06705627041726428,15.177342403383404,0.022370514217176597,17.646257906504324,1.53,bh287591,bh,G,V
283469095613,2458307.2599482,2.9993542003541767,0.04372085898635885,15.207496233328522,0.01584430168522542,18.050918896513636,1.62,bp061049,bp,G,g
283469095613,2458308.2566585,3.1482010560264544,0.04060737225145894,15.154909471629967,0.014020212595672604,18.13112839464981,1.64,bp061496,bp,G,g
283469095613,2458309.6302276,3.2662027587088307,0.056893838416391215,15.174673551299236,0.018933646586568695,17.824693306189165,1.40,bh288491,bh,G,V
283469095613,2458310.2497756,3.223895656948322,0.03836779011141065,15.129113179295203,0.012935939659347487,18.192723647330862,1.53,bp062109,bp,G,g
283469095613,2458310.6225647,3.496764276638831,0.055590536699125635,15.100615512766986,0.01728011716882857,17.84985422628411,1.38,bh288928,bh,G,V
283469095613,2458311.2429752,3.548970982255657,0.03823176506445485,15.024809501271495,0.011709384658872328,18.196579739527124,2.15,bp062293,bp,G,g
283469095613,2458311.6185044,3.4861644538525427,0.0583395871984667,15.103911728623313,0.018189788697680374,17.79744801418019,1.45,bh289369,bh,G,V
283469095613,2458312.6049812,3.1683985816685762,0.04598516620681966,15.147966096766709,0.015775753909546775,17.996096210144394,1.60,bl105003,bl,G,g
283469095613,2458313.6146451,3.629068830206297,0.05110233379920422,15.060293391362457,0.015305858774791403,17.941254557578333,1.77,bh290252,bh,G,V
283469095613,2458314.618372,3.644150800341025,0.059623063382001164,15.055790553467606,0.01778402737424228,17.773820678804718,1.37,bh290684,bh,G,V
283469095613,2458315.2404471,3.9701599624724633,0.026104404379243,14.90304560888858,0.007146904118307424,18.61085614039273,2.25,bp062449,bp,G,g
283469095613,2458316.6032379,3.8034518804712567,0.03913026874534332,14.949620806954236,0.011182710376471451,18.17135853486587,1.55,bl106591,bl,B,g
283469095613,2458322.2180033,4.406058407455971,0.07221287648318166,14.789939997447073,0.01781462018617622,17.506103999547754,2.21,bp064529,bp,G,g
283469095613,2458322.6342432,3.8660970446000342,0.09707408595879821,14.931883744167472,0.027292463072586093,17.184882336547087,1.66,bt087162,bt,G,g
283469095613,2458323.644955,4.08455825775963,0.11402166930968932,14.872202885405553,0.03034271743836705,17.010172124168502,1.65,bt087515,bt,B,g
283469095613,2458325.6401542,4.166690058523406,0.16512802400199014,14.850587631205773,0.043076633992417845,16.608088651534445,1.57,bt088016,bt,B,g
283469095613,2458328.5697202,4.590076793498255,0.10056834593635505,14.805231525797176,0.023815161360890128,17.206203125486,1.75,bh295252,bh,G,V
283469095613,2458329.566817,4.6898680330614715,0.10892876774977904,14.781879848539273,0.02524609086566114,17.11949991685247,1.39,bh295670,bh,G,V
283469095613,2458330.5253305,3.221664205896592,0.05232355609234412,15.12986494247617,0.017653432170572452,17.855897480204415,1.43,bl111485,bl,B,g
283469095613,2458332.526202,2.9749979821040644,0.051357537918428765,15.216348933558933,0.018764184418511697,17.876130122761683,1.44,bl112381,bl,G,g
283469095613,2458334.5489141,3.0752822240411093,0.04536332598807326,15.180353177516338,0.016033638358472584,18.010878388853474,1.51,bl113259,bl,G,g
283469095613,2458335.5414282,3.4453539165629494,0.05817104823024639,15.116696803265198,0.01835207696553416,17.80058916926311,1.50,bh298196,bh,G,V
283469095613,2458336.5454404,3.3555097783150822,0.05785402368520197,15.145385132679952,0.0187407614663716,17.806522471044747,1.46,bh298629,bh,G,V
283469095613,2458338.5387452,3.3882090208117246,0.063814951642127,15.134855918533656,0.0204721956189289,17.70005028249636,1.40,bh299245,bh,G,V
283469095613,2458339.5352909,3.425002560608455,0.05327668203249193,15.123129153224927,0.016907852174437903,17.896013468692196,1.99,bh299668,bh,G,V
283469095613,2458340.5276914,3.418670694963147,0.0599326286899319,15.125138231531176,0.01905540703744016,17.768198077189133,1.33,bh300091,bh,G,V
283469095613,2458341.5317119,3.5007907312172257,0.05514295108241083,15.099366028342743,0.017121271995063768,17.858631382410366,1.32,bh300522,bh,G,V
283469095613,2458342.5282941,3.358282639609729,0.05885139767102044,15.144488293492158,0.019048102073806587,17.787964440103682,1.33,bh300947,bh,G,V
283469095613,2458343.5250864,3.7335631989003497,0.09200790258589323,15.029472636689247,0.026786365849312762,17.302793567105116,1.44,bh301370,bh,B,V
283469095613,2458344.5214199,3.7000796755537246,0.049831245026050956,15.039253714430068,0.014638710924337292,17.96860204845706,1.48,bh301796,bh,G,V
283469095613,2458350.5003221,4.62416100608847,0.08771111593801374,14.79719903668302,0.020617398350168303,17.354719802376472,1.49,bh303366,bh,G,V
283469095613,2458352.4931919,5.481372781892787,0.1156019536069823,14.612558057148181,0.02292387370805745,17.05494345998896,1.35,bh304202,bh,G,V
283469095613,2458354.4890908,4.7468185331192885,0.07172663879387689,14.70905904897503,0.016424419276925444,17.513439412210634,1.67,bl121454,bl,G,g
283469095613,2458355.485912,4.758691098213414,0.07986217376635214,14.706346836591003,0.01824172000745973,17.396787793769732,1.62,bl121883,bl,G,g
283469095613,2458356.4824853,4.823995717764193,0.08355130624519065,14.691548338253925,0.018826019452837465,17.34775750128327,2.00,bl122310,bl,G,g
283469095613,2458358.4799484,4.751090064606221,0.08680132977348001,14.767798246385862,0.019858447263666618,17.36604044741599,1.82,bh306162,bh,G,V
283469095613,2458471.1538389,4.049103421986131,0.032337692865829555,14.881668448190128,0.008680851659073967,18.37836803165208,1.46,bD006210,bD,G,g
283469095613,2458474.14513,4.555621324215301,0.06352489622302164,14.753696579395932,0.015156834892177605,17.645280700839663,1.64,bD007167,bD,G,g
283469095613,2458475.9988928,2.8337687010984105,0.11193586327364309,15.269154624243287,0.04293554959324136,17.03021747897973,1.55,bt122099,bt,G,g
283469095613,2458477.1356497,4.773136598967724,0.081907468261019,14.703055964017453,0.018652275073105958,17.36933185592151,1.69,bD008432,bD,G,g
283469095613,2458481.1406206,4.709825206016629,0.04819479013726701,14.717553648234446,0.011122629643798747,17.94514037771884,1.48,bD008693,bD,G,g
283469095613,2458481.8415596,4.841636184236677,0.06166243991955063,14.687585242084406,0.013843334911268181,17.677588848147103,1.44,bH029416,bH,G,g
283469095613,2458487.5702294,3.838710984907384,99.99,14.939602083578247,99.99,99.99,1.50,bp101090,bp,G,g
283469095613,2458490.155182,4.241958598353317,0.059662353691348306,14.83114955859799,0.015287840025664549,17.71338965552971,1.53,bD011238,bD,G,g
283469095613,2458491.5610399,4.712071182298207,0.050029203934153645,14.71703601617618,0.011540481327602282,17.904581630355732,1.54,bp101497,bp,G,g
283469095613,2458492.8267572,3.328870571979321,0.04112442880781977,15.094323347493523,0.013428117774154766,18.117390914128244,1.58,bl167912,bl,G,g
283469095613,2458495.125105,2.862177426976199,0.0488687953949406,15.258324241622637,0.018558687299893788,17.930061526700584,1.44,bD013183,bD,G,g
283469095613,2458497.1092544,3.0028056582314875,0.044660956021655956,15.20624755842551,0.016166386686321182,18.02782057286126,1.54,bD014071,bD,G,g
283469095613,2458497.8225724,2.9511111867642223,0.05360696194952221,15.22510169130724,0.019744575251176365,17.82958762322152,1.44,bH034447,bH,G,g
283469095613,2458498.8364069,2.916379075733694,0.052312472146187894,15.237955688222744,0.019497253714622305,17.856127501199687,1.44,bH034763,bH,G,g
283469095613,2458500.8673689,2.9652915398662616,0.059785639747698426,15.219897125981968,0.021915009083065692,17.711148409300293,1.59,bl170604,bl,G,g
283469095613,2458501.593922,4.374810760322878,0.04078090892466432,14.797667443186427,0.010132341110645407,18.1264983586849,1.53,bp103687,bp,G,g
283469095613,2458501.9451796,4.5948462760496005,0.07928575679780185,14.744388156469919,0.01875583322158197,17.404652671512032,1.49,bt128699,bt,G,g
283469095613,2458502.9396319,4.0917548520055025,0.10666163585610951,14.870291607097943,0.028334190318449363,17.082620011147572,1.72,bt129000,bt,G,g
283469095613,2458503.5344737,2.7249379818116104,0.09698897762037528,15.311674066267546,0.03868814720369879,17.185834658009735,1.49,bp104131,bp,G,g
283469095613,2458504.1109489,3.3722421304919226,0.06703512230086366,15.080268747613028,0.021607067509080365,17.58688459630097,1.53,bD016473,bD,G,g
283469095613,2458506.0172231,5.080743086169058,0.09114621635355173,14.635247535163964,0.019499504819882617,17.25329399892849,1.50,bt130307,bt,G,g
283469095613,2458506.8302897,3.243247129588565,0.08690872239200466,15.122615516304807,0.02912698256576856,17.30498219746036,1.44,bH037359,bH,G,g
283469095613,2458508.8731415,2.723753765546606,0.11463574134585708,15.312146013132239,0.045747184733225595,17.004340501716964,1.53,bH038059,bH,G,g
283469095613,2458513.5834855,2.9465065155231076,0.0497968374903914,15.226797107845154,0.018369888879256432,17.909636205551127,1.44,bp107232,bp,G,g
283469095613,2458514.8192497,4.282270882014524,0.055119411090738354,14.820880282703065,0.013990801845611738,17.799379189402302,1.42,bH039993,bH,G,g
283469095613,2458517.8361308,4.293636776515478,0.04124492951061222,14.818002366830887,0.01044136881010551,18.114214197161505,1.44,bH041018,bH,G,g
283469095613,2458519.7864118,4.866160568465691,0.04803940313572757,14.682099534218938,0.010730583548191123,17.94864660423149,1.43,bH041664,bH,G,g
283469095613,2458520.4973873,4.671744047779484,0.04733383268599552,14.726368019941955,0.01101297879566115,17.96471143314839,1.51,bp108545,bp,G,g
283469095613,2458520.7587651,4.626108040300859,0.04437286577659265,14.737026194106143,0.010425907787701758,18.03484691621326,1.44,bH041987,bH,G,g
283469095613,2458521.4843755,4.7981986718828065,0.048294195816741284,14.697370056806228,0.010940291283219232,17.942903264699552,1.54,bp108863,bp,G,g
283469095613,2458521.8846073,4.048146818619748,0.04984293059377229,14.88192498439253,0.013383185170631678,17.908631687863817,1.53,bl177861,bl,B,g
283469095613,2458524.4890993,4.826198305456656,0.04885382091555909,14.691052715215127,0.011002858957536757,17.93039427126173,1.50,bp109527,bp,G,g
283469095613,2458525.73497,3.0275434929106697,0.049788920067317895,15.197339645225572,0.017875347292035174,17.90980884535642,1.49,bl179188,bl,G,g
283469095613,2458526.7400668,3.074591417005235,0.05104750377559713,15.18059709609297,0.018046761218579732,17.88270433661843,1.47,bH044030,bH,G,g
283469095613,2458527.7349626,2.9479984423412504,0.051029132177939335,15.226247497994121,0.018814951603383062,17.883095154923627,1.50,bH044358,bH,G,g
283469095613,2458529.6349948,3.6056211602909785,0.05298678927643209,15.007615387751564,0.015973485180397304,17.842221600624576,1.54,bp110090,bp,G,g
283469095613,2458530.4922737,4.569152418577179,0.05522703493044482,14.750476508362638,0.01313796964835214,17.797261293619886,1.52,bp110257,bp,G,g
283469095613,2458530.8612549,4.7830112349027765,0.0426368519964358,14.70081211979365,0.009689378106780465,18.078177781518225,1.47,bl181053,bl,G,g
283469095613,2458531.4556138,3.0775954457393238,0.08597079066871384,15.179536795718905,0.03036348124500803,17.31676330909345,1.50,bp110574,bp,G,g
283469095613,2458531.8582512,4.493829454982013,0.10478367579277988,14.768524155993939,0.02534482025090928,17.10190653806062,1.58,bt136804,bt,G,g
283469095613,2458532.4709949,3.302033743329747,0.08252395790852252,15.103111854820659,0.027165062873628073,17.361190489249424,1.59,bp110843,bp,G,g
283469095613,2458533.7304388,3.1286245875104077,0.1301038557214983,15.161681987150901,0.04520108773818137,16.86691519298677,1.48,bH046486,bH,G,g
283469095613,2458534.8205693,3.0809292866305893,0.08060849703560681,15.178361295979137,0.02843879992333877,17.386688552178377,1.53,bl182522,bl,G,g
283469095613,2458535.7161866,3.435877077222883,0.11478279360872432,15.05997157725292,0.03631209827718354,17.00294863520815,1.55,bl182806,bl,G,g
283469095613,2458540.6434077,4.520456509881446,0.08225340421169236,14.762109883864822,0.01977806311103934,17.364755908724266,1.56,bp113282,bp,B,g
283469095613,2458542.5852145,4.301936773247364,0.0378693910684737,14.81590556440116,0.00956833718527555,18.206919806900476,1.54,bp113803,bp,G,g
283469095613,2458544.8355106,2.92007329606376,0.051156865125042465,15.236581240513472,0.01904242891928417,17.880380803425325,1.48,bl186279,bl,G,g
283469095613,2458545.8467455,3.0522015498253867,0.04710518519104228,15.188532600937119,0.016775198955672532,17.969968822605523,1.72,bl186556,bl,B,g
283469095613,2458546.5735859,3.104834468542972,0.03983701611933898,15.169969494506928,0.0139463488041804,18.151923608061825,1.49,bp115182,bp,G,g
283469095613,2458546.8227273,3.0665241269063337,0.04700867575059609,15.183449657296364,0.01666263970894603,17.97219556857628,1.53,bl186875,bl,G,g
283469095613,2458548.8409095,3.106253207338045,0.04476865656640331,15.1694734860195,0.015665684661313482,18.025205456148743,1.59,bH051900,bH,G,g
283469095613,2458549.6720313,4.497817493662917,0.038008766312826875,14.767561049170352,0.009185316319569179,18.20293117764929,1.47,bl187911,bl,G,g
283469095613,2458550.7841932,4.044666075272931,0.026045667776096577,14.882858941312996,0.006999467428313848,18.613301869838967,2.10,bl188387,bl,G,g
283469095613,2458553.660551,3.9102400343678885,0.020376835699775192,14.919557077640544,0.005664290238350507,18.879798752161072,1.48,bH053578,bH,G,g
283469095613,2458554.6588811,3.800050559460172,0.031010401456662336,14.950592184984622,0.008870134114704017,18.42387213995685,1.40,bH053957,bH,G,g
283469095613,2458554.8345487,3.5552858139960586,0.03708049487247819,15.022879322380199,0.011336609161571963,18.229776807540404,1.55,bl189990,bl,G,g
283469095613,2458555.7438375,4.700543163964747,0.04357179897465285,14.719695509632828,0.010075569866580735,18.054626883244072,1.53,bl190311,bl,G,g
283469095613,2458557.7829225,4.49888354877112,0.040750221406136544,14.767303742713862,0.009845491317909875,18.12731567966004,1.48,bl191130,bl,G,g
283469095613,2458558.7743435,4.8360229691278045,0.0883656785590235,14.688844734995998,0.01986128916690343,17.286931569575227,1.51,bt143190,bt,G,g
283469095613,2458559.377867,3.94808556155139,0.036412012877189176,14.909099232331936,0.01002467506072938,18.249528892321212,1.53,bp118236,bp,G,g
283469095613,2458559.8158425,4.697818405779013,0.04708621920108243,14.720325059511794,0.010894561820800694,17.970406061276496,1.36,bH055978,bH,G,g
283469095613,2458560.3736791,4.064736660355816,0.07839783492454411,14.877484586115665,0.020964467093915376,17.416880438573784,1.60,bp118634,bp,G,g
283469095613,2458560.7894498,4.970587137368804,0.11161357045339483,14.659046393175883,0.024407397952413337,17.033348108479302,1.63,bt143720,bt,G,g
283469095613,2458561.3726184,3.8073730362695826,0.08855668462113096,14.948502047493072,0.02528180584764695,17.28458723871957,1.54,bp118869,bp,G,g
283469095613,2458561.8185637,5.087386636931582,0.12368887424641431,14.633828760066901,0.026427012162338878,16.92181401941656,1.51,bt143999,bt,G,g
283469095613,2458562.9147971,3.1286992361098034,0.14322278761758903,15.161656081927106,0.04975772080162109,16.762610305527375,1.52,bt144465,bt,G,g
283469095613,2458563.5149264,4.519802421995522,0.11849899888698939,14.76226699593549,0.028497542067979068,16.968353908144238,1.71,bp119421,bp,G,g
283469095613,2458567.9472649,3.6464528984231364,0.08492032498796662,14.995389102001324,0.025313559134081447,17.33011149261394,1.46,bt145728,bt,G,g
283469095613,2458569.7993264,4.314222818744632,0.05454521045817182,14.812809193376879,0.013742515101339895,17.81074905698684,1.47,bl195977,bl,B,g
283469095613,2458570.6935184,2.9286526451199744,0.05026959910468285,15.23339595993842,0.018657340153703402,17.89937705698142,1.36,bH060142,bH,G,g
283469095613,2458572.5913665,4.454142650537239,0.041959109214507045,14.778155317664991,0.010239395319225322,18.095574962407845,1.51,bp122445,bp,G,g
283469095613,2458574.642832,3.861469372712412,0.026432933243364147,14.933184135840975,0.007440548248447686,18.597277213570994,1.56,bH061490,bH,G,g
283469095613,2458575.8933978,4.741366166917372,0.06741275050186402,14.710306881353043,0.015454349279674795,17.580785493661487,1.55,bH062088,bH,G,g
283469095613,2458576.546018,4.572618336843561,0.04252621172931179,14.749653238292645,0.010108900367123724,18.08099886864329,1.52,bp123697,bp,G,g
283469095613,2458577.6237964,4.586882871095678,0.047879652493061996,14.746271496546939,0.01134607139499625,17.952263137269853,1.49,bH062640,bH,G,g
283469095613,2458578.6449283,4.384555062107831,0.045089214458658856,14.795251801274274,0.011177876665180358,18.017458938636032,1.45,bH062982,bH,G,g
283469095613,2458579.6378613,4.553627761428174,0.040084792159540264,14.754171807004411,0.009568288964995389,18.145191521158296,1.48,bl199225,bl,G,g
283469095613,2458580.5299742,3.4891163342260705,0.07181252171192302,15.0432769974079,0.0223715925008335,17.512140168097858,1.59,bp124717,bp,B,g
283469095613,2458580.711093,3.5870513130702717,0.036978128734872405,15.013221648933634,0.011205197439920562,18.23277828629083,1.35,bH063826,bH,G,g
283469095613,2458581.3766829,3.838710984907384,99.99,14.939602083578247,99.99,99.99,1.73,bp124886,bp,G,g
283469095613,2458582.5849609,4.618838349308317,0.052759852480846095,14.738733714734646,0.012416036544911356,17.846881680024186,1.40,bH064527,bH,G,g
283469095613,2458582.7070001,3.8377155712882702,0.03701085528599075,14.93988366162843,0.010482587826264156,18.231817808073878,1.46,bt150176,bt,G,g
283469095613,2458583.4844995,2.991447025342375,0.06363150633663299,15.210362331150701,0.02312081083661244,17.643460100619254,1.52,bp125634,bp,B,g
283469095613,2458583.7768166,3.1447940836727852,0.04480719041387039,15.156085087854763,0.015487013313216043,18.024271329432786,1.50,bl201025,bl,G,g
283469095613,2458585.365076,4.258318081604422,0.040577403413545675,14.826970375765235,0.01035758072327354,18.131929979763484,1.52,bp126387,bp,G,g
283469095613,2458586.4736379,3.0562772264790548,0.044620869988358035,15.18708375891917,0.015869288695186366,18.028795527396266,1.47,bp126890,bp,G,g
283469095613,2458586.6644637,5.055454723393501,0.05405541192698593,14.64066505927043,0.0116222745023206,17.820542658393922,1.55,bl202206,bl,G,g
283469095613,2458587.9235674,3.9670776694648455,0.029816044309486266,14.90388886379298,0.008169425081871635,18.46651554856895,1.46,bt151421,bt,G,g
283469095613,2458588.7804908,3.5600937353628117,0.041178634574056905,15.021412040120477,0.012572530032561664,18.11596075663467,1.42,bH066810,bH,G,g
283469095613,2458589.73264,5.5595524576933135,0.32852500065604,14.537466041248477,0.06423042047625435,15.861219549352459,1.46,bt152026,bt,B,g
283469095613,2458589.8707933,2.975177009861407,0.0642262562454739,15.216283598701345,0.02346453601298782,17.633359092228126,1.48,bD026532,bD,G,g
283469095613,2458591.5645484,3.5111161899870775,0.08582626674895674,15.03645261880163,0.026569733193490288,17.318590056204357,1.49,bl204256,bl,G,g
283469095613,2458597.9721092,3.0438369788212496,0.05666624795299029,15.19151215010936,0.020235560643869343,17.769329467400553,1.53,bD029706,bD,G,g
283469095613,2458599.5928271,2.9491570236946036,0.048610314727352694,15.225820880875098,0.017916068283978633,17.935819529136918,1.48,bl207179,bl,G,g
283469095613,2458600.5794348,3.1095652247863375,0.04897166364906866,15.16831644527451,0.01711817097756095,17.9277784665009,1.51,bl207610,bl,G,g
283469095613,2458601.6261799,3.1957884794871103,0.04252178135320309,15.138620555213912,0.01446257405785728,18.081111986415316,1.49,bH071438,bH,G,g
283469095613,2458602.6487936,3.0322147435190083,0.04562204146241927,15.195665734579737,0.016354110673929178,18.004703824257913,1.42,bH071880,bH,G,g
283469095613,2458603.6538039,3.0171429589158687,0.06038919596625427,15.201075901039832,0.02175582373520963,17.70024249303257,1.43,bl209000,bl,B,g
283469095613,2458604.8446815,4.341267303766174,0.04839627864470446,14.806024303863424,0.01211734892599902,17.940610690089656,1.56,bt155839,bt,G,g
283469095613,2458605.7177307,3.963148009558707,0.020916407982550244,14.904964892283061,0.005736658336543162,18.851422850641004,2.03,bl209940,bl,G,g
283469095613,2458607.5747404,3.8333142702684384,0.033576061854094244,14.941129557548102,0.00952066979994011,18.337566220779692,1.49,bl210713,bl,B,g
283469095613,2458609.5980913,3.6015875538506332,0.05965767362868408,15.008830680156425,0.01800464280068755,17.71347482670494,1.52,bl211619,bl,B,g
283469095613,2458610.9308481,3.88137444106345,0.024417708496993148,14.927601768045287,0.006838038406173399,18.683378349582885,1.50,bD032737,bD,G,g
283469095613,2458612.545538,4.680954628489648,0.04415866422399565,14.724229543225684,0.010254008397651924,18.040100792082818,1.49,bl212483,bl,G,g
283469095613,2458613.5595623,4.7499687808672055,0.04353439801057806,14.70833873418936,0.009962170283768812,18.055559252804212,1.46,bl212941,bl,G,g
283469095613,2458614.8066031,3.780138456923846,0.03871027907079182,14.956296354186014,0.011130912471544583,18.18307485580896,1.53,bl213568,bl,G,g
283469095613,2458615.928154,4.5971748935451755,0.043124634481230245,14.743838056697648,0.01019639317242538,18.06582704375813,1.46,bD034666,bD,G,g
283469095613,2458617.5327425,4.4362273801078445,0.05902840362644425,14.782531127442356,0.01446303419371925,17.724988015815125,1.47,bl214696,bl,G,g
283469095613,2458618.8432502,3.7747302210665628,0.05680488383416685,14.957850826865137,0.016357311737296886,17.766676421326235,1.47,bD035503,bD,G,g
283469095613,2458624.8530523,2.8758391081275994,0.14197904118391577,15.25315415897081,0.05366261427107574,16.77208001404046,2.22,bt160575,bt,G,g
283469095613,2458625.7019633,4.094816252595468,0.07099441610372592,14.869479576378302,0.018845251857661303,17.524580132274966,1.37,bH078293,bH,G,g
283469095613,2458626.6614695,4.708324721095338,0.05536135499532717,14.717899603826602,0.012780636304644453,17.794623833588492,1.55,bl218453,bl,G,g
283469095613,2458627.3364251,4.650889670271461,0.04682097180424482,14.73122552934123,0.010942500094571666,17.976539552540828,1.51,bp137919,bp,G,g
283469095613,2458628.8935063,3.0481914265175996,0.045431538232603916,15.189960029204387,0.016200461147214094,18.00924700765005,1.69,bD039090,bD,G,g
283469095613,2458629.7558626,3.682522491276797,0.051737510974512,14.984702102261632,0.015271169451241413,17.86812678261478,1.45,bt161785,bt,G,g
283469095613,2458631.7443639,4.265420452081338,0.04981502707247203,14.825161004790148,0.01269435666784351,17.909239684752716,1.54,bl219811,bl,B,g
283469095613,2458633.7631656,4.250508337716802,0.03909920046799775,14.828963441236757,0.009998599594867421,18.172220919735565,1.47,bt162802,bt,G,g
283469095613,2458635.8605184,3.089014477225914,0.04337315650138139,15.175515763017277,0.01526206357243322,18.059588038244094,1.45,bD041646,bD,G,g
283469095613,2458637.3896076,4.73060466910472,0.0452073563288927,14.712773982027711,0.010387346698656657,18.014617834530185,1.51,bp140259,bp,G,g
283469095613,2458638.5966887,2.947582496998644,0.047205009990527805,15.226400699832265,0.017407415575377738,17.967670376733327,1.50,bH081673,bH,B,g
283469095613,2458639.6578597,3.4331467902256203,0.04357370483752917,15.060834690165503,0.01379571732392358,18.054579393374006,1.70,bl222054,bl,B,g
283469095613,2458640.7406762,4.815636225709274,0.057699993183744,14.693431440327915,0.013023696341626497,17.749701206813796,1.59,bH082668,bH,B,g
283469095613,2458642.8551411,3.8615014681537283,0.026674904163138724,14.933175111546216,0.007508597701181978,18.58738344199705,1.47,bD043539,bD,G,g
283469095613,2458643.7302901,4.309830417306209,0.05752632275021719,14.813915167458756,0.014508369385935421,17.75297407757481,1.55,bt164420,bt,G,g
283469095613,2458644.8478353,4.1675087432580495,0.041448431292036514,14.850374323200846,0.010810449475749476,18.108870365547588,1.46,bD044271,bD,G,g
283469095613,2458650.5477194,4.748807481162079,0.11820863824620971,14.708604213679754,0.02705682442956754,16.971017575629336,1.50,bH086577,bH,G,g
283469095613,2458651.5206625,5.108851852341337,0.11862338551156888,14.629257349547762,0.025238246525681428,16.967214824844078,1.39,bH086997,bH,G,g
283469095613,2458652.6834165,3.2907575075034035,0.09745596090476344,15.106825920369822,0.03219027596115779,17.180619591600475,1.70,bl227558,bl,G,g
283469095613,2458653.6940874,3.1269368945857483,0.09126266731197108,15.162267830439475,0.03172387380052874,17.2519077173366,1.66,bH087873,bH,G,g
283469095613,2458654.650795,3.269060860563611,0.06587160378770376,15.114008107340256,0.021902183039234177,17.605895017903272,1.50,bl228456,bl,G,g
283469095613,2458655.6232729,4.119862272751709,0.12740644854756686,14.862858877820585,0.03361405333288063,16.889662086621456,1.47,bl228896,bl,B,g
283469095613,2458656.5549548,4.714544441007892,0.0492354157247554,14.71646628750711,0.011351416216816745,17.921946588229318,1.48,bl229303,bl,B,g
283469095613,2458657.5796841,4.68276126151071,0.045603984579053986,14.723810579872447,0.010585538251314093,18.005133636080735,1.65,bH089563,bH,G,g
283469095613,2458658.69623,3.1918686389169655,0.05723073117612897,15.13995309804745,0.019489309722000324,17.7585673752869,1.47,bt168078,bt,G,g
283469095613,2458667.627865,4.806496805443707,0.047360036236887615,14.695493977277845,0.010710149687228257,17.964110546418418,1.57,bH091244,bH,G,g
283469095613,2458668.6041664,4.490670846062523,0.03803190661517013,14.769287563214581,0.009205535285619817,18.20227036643205,1.49,bl232081,bl,G,g
283469095613,2458669.6098785,4.650647851339057,0.0498271630002668,14.7312819827113,0.011645680669480159,17.908975210111187,1.78,bH092094,bH,G,g
283469095613,2458670.3268843,4.88966650873259,0.04986603279060378,14.676867522712518,0.011085052417829087,17.908128565755092,1.47,bp148011,bp,G,g
283469095613,2458670.7617028,3.664437815264063,0.03329778111025179,14.990047231767234,0.009876887577807645,18.34660237630106,1.76,bD051234,bD,G,g
283469095613,2458671.6420401,4.653316882162893,0.046974283167638,14.730659051829777,0.010972604001847432,17.97299020782981,1.58,bH092980,bH,G,g
283469095613,2458677.8039362,3.8306446366212175,0.06263325611775468,14.94188595983488,0.01777236801453859,17.660628136507338,1.51,bD052891,bD,G,g
283469095613,2458679.5580209,3.1406222098474204,0.08034438811695983,15.157526378266573,0.027806864631805598,17.39025174238862,1.38,bH095671,bH,G,g
283469095613,2458680.5217107,3.255608021474446,0.07705950818616392,15.118485347616504,0.025728015913606888,17.435575029178636,1.49,bl236597,bl,G,g
283469095613,2458680.5528208,3.271653670348572,0.08179162942548313,15.113147312211607,0.027174008616329782,17.370868461076075,1.80,bH096106,bH,G,g
283469095613,2458681.3093226,3.1300104981544177,0.10290875732560027,15.161201136816358,0.03573705103707684,17.121509776665473,1.57,bp151203,bp,G,g
283469095613,2458683.5899003,3.0575726743484943,0.09020440113756421,15.186623651230205,0.032067352945892,17.26457129244519,1.50,bl237968,bl,G,g
283469095613,2458684.6096162,3.009975648235393,0.08609274154234837,15.203658167250925,0.031089642518775166,17.315224267099182,1.42,bH097809,bH,G,g
283469095613,2458685.3489005,3.213491921917077,0.07160701152078199,15.132622590988767,0.024220912971310557,17.515251738783604,1.51,bp151874,bp,G,g
283469095613,2458685.6538032,2.858060558725401,0.08196036848241797,15.259887055510111,0.031170563119850916,17.36863085578934,1.48,bt173390,bt,B,g
283469095613,2458686.3320561,3.012882606657604,0.047822643411149265,15.20261009667837,0.017252957027827833,17.95355666593537,1.67,bp152263,bp,G,g
283469095613,2458686.6495987,3.102434248336361,0.08095694565106083,15.170809157239912,0.028363753430935064,17.3820053246567,1.50,bt173720,bt,B,g
283469095613,2458691.588524,3.965631188318449,0.030553293793600077,14.904284818565985,0.008374480725134557,18.43999552104517,1.46,bH099791,bH,G,g
283469095613,2458692.2082942,4.496257313807064,0.057664605386536345,14.767937729108798,0.013940242856194027,17.75036730047366,1.67,bp153283,bp,G,g
283469095613,2458692.5859713,4.351198058280884,0.04160739117514638,14.803543492273363,0.010393786857002924,18.10471439656673,1.43,bH100215,bH,G,g
283469095613,2458693.3089675,3.2341951116823253,0.044346087843566105,15.125650081368818,0.014903946030054835,18.03550232908891,1.51,bp153608,bp,G,g
283469095613,2458695.6264598,3.657798618266147,0.05598668010923719,14.992016143476663,0.016637079682671013,17.78242882263802,1.53,bt175898,bt,G,g
283469095613,2458697.6215253,4.143728801190057,0.07361476473912104,14.856587312389586,0.01931015577238047,17.485228290216654,1.73,bt176208,bt,G,g
283469095613,2458698.3114588,3.8590480162740923,0.02137291073777856,14.933865166477512,0.006019988509343974,18.82798143152655,1.54,bp154458,bp,G,g
283469095613,2458698.618501,3.886596924704442,0.17763963442546105,14.92614186554176,0.04968010907711846,16.52879093458305,2.39,bt176551,bt,B,g
283469095613,2458699.2109457,4.537680886504847,0.04661495873493624,14.757980745383875,0.011166151757878858,17.981327351178283,2.22,bp154769,bp,G,g
283469095613,2458700.2262368,4.842783731656637,0.05191789012612179,14.68732793523543,0.011652903039760368,17.86434802393758,1.61,bp155201,bp,G,g
283469095613,2458700.5519768,4.606136300296969,0.05057377295196273,14.74172365968856,0.011934404185031557,17.89282722523035,1.41,bH103416,bH,G,g
283469095613,2458705.5345709,3.724611116363992,0.07081880541392477,14.972363284493431,0.020667113962110965,17.527269119652566,1.55,bl246368,bl,G,g
283469095613,2458706.5212822,3.308993104966203,0.08094340053171446,15.100825966756616,0.026588739930477508,17.382186997233113,1.40,bH105710,bH,B,g
283469095613,2458707.5304641,3.1410094227579224,0.07367398267311319,15.157392524165918,0.025495121208112297,17.484355242417685,1.44,bH106042,bH,G,g
283469095613,2458708.527362,2.962976717047603,0.0839841411691518,15.220745025220204,0.030809256597004415,17.342147397863798,1.50,bH106467,bH,G,g
283469095613,2458709.5217314,3.181573831835334,0.288113495021362,15.143460607385395,0.09843142386982401,16.003731609475526,2.28,bH106701,bH,B,g
283469095613,2458710.516045,2.6896107988419873,0.12803146873306628,15.325842022782075,0.05174155308536214,16.884348792450965,1.55,bl248230,bl,B,g
283469095613,2458711.5178699,2.8828053935632347,0.09791671766090754,15.25052730746177,0.036919320009062534,17.175498494599005,1.47,bl248675,bl,B,g
283469095613,2458712.5146977,2.9289788492968722,0.07266190691690659,15.233275033353774,0.026965143030750524,17.499373633521987,1.55,bl249113,bl,B,g
283469095613,2458713.5112888,3.032715660124625,0.050173431024262895,15.195486387659223,0.017982674336047014,17.901456110120794,1.49,bl249551,bl,B,g
283469095613,2458714.5011982,3.1141872153010466,0.07653151098370227,15.166703828638253,0.026712082232424005,17.443039891903794,1.58,bH108797,bH,B,g
283469095613,2458715.5003351,3.1502980974023376,0.05452511002435803,15.154186495005428,0.018812957411360312,17.81114923494311,1.41,bH109229,bH,G,g
283469095613,2458716.5005863,3.235602952803096,0.04765431219667224,15.125177564581042,0.016008813870778314,17.957385097249514,1.53,bH109655,bH,G,g
283469095613,2458717.4970619,3.421078322603927,0.042963113882354347,15.06465807955173,0.013650385178291216,18.069901234827782,1.39,bH110077,bH,G,g
283469095613,2458718.4934937,3.4739587247928734,0.04072687980566969,15.048003986904634,0.012742911220828554,18.127937764172625,1.54,bH110490,bH,G,g
283469095613,2458719.4900733,3.8494037952809466,0.03437319266330474,14.936581946868287,0.00970596173469192,18.312090930672838,1.41,bH110898,bH,G,g
283469095613,2458721.4825159,3.9669599846185095,0.03099960698334586,14.903921073042293,0.00849396644093904,18.424250141860227,1.72,bl252822,bl,G,g
283469095613,2458722.4827543,4.046203271347152,0.03353490049873883,14.882446380096104,0.009008686998278491,18.33889805622902,2.11,bl253286,bl,G,g
283469095613,2458723.4798878,4.209528018969296,0.044542826652688786,14.839482110868886,0.011501554499378373,18.030696177546655,1.52,bH112323,bH,G,g
283469095613,2458724.4761704,4.432820891247867,0.04938762238624538,14.783365162471842,0.012110166316872553,17.91859531417906,1.56,bl254162,bl,G,g
283469095613,2458725.4728698,4.737962427620916,0.07330978340354674,14.711086591246563,0.016818315551265436,17.489735770519808,1.43,bH113148,bH,G,g
283469095613,2458726.2170718,3.502404223069731,0.11547233557815996,15.03914995258116,0.03583635704022833,16.996445736257705,2.39,bp162237,bp,G,g
283469095613,2458726.4693936,4.663808899542151,0.09612623798507117,14.728213755241166,0.02240337105115482,17.195535746411366,1.48,bH113519,bH,G,g
283469095613,2458727.4696582,4.858956004608153,0.10071069560764175,14.683708205373023,0.022529149738296214,17.144951622329344,1.57,bl255444,bl,B,g
283469095613,2458842.167245,3.168583844597947,0.07167780967074415,15.147902613343105,0.024588480692540212,17.51417879720808,1.47,bD099674,bD,G,g
283469095613,2458845.1685964,3.792119844883112,0.08271464310756477,14.952860486832245,0.023708960804708804,17.35868461090209,1.53,bD099983,bD,G,g
283469095613,2458848.1347227,4.617680943933037,0.04280231620166108,14.739005816570025,0.010075242812533872,18.073972433863524,1.49,bD101060,bD,G,g
283469095613,2458850.1252392,4.821686677672195,0.04704093209474427,14.692068158080296,0.010604473361125778,17.97145081518814,1.50,bD101885,bD,G,g
283469095613,2458850.8436663,4.551515634998228,0.07963073514875854,14.75467552497464,0.019016774595976574,17.399938798593475,1.41,bH151405,bH,G,g
283469095613,2458851.1176492,4.607805936029895,0.036338860481279316,14.741330172528048,0.008572140828206667,18.25171235013568,1.52,bD102272,bD,G,g
283469095613,2458851.8613564,4.082707203079372,0.07059593283749242,14.872695034736903,0.018795055777718533,17.530691408285563,1.44,bl295745,bl,G,g
283469095613,2458854.9803336,2.8172246501264127,0.13371953497798414,15.275511922975246,0.05159237855657755,16.83715346738208,1.55,bt222058,bt,B,g
283469095613,2458856.8562522,4.745528472964847,0.0704115852240151,14.709354163560226,0.016127673071871323,17.533530306452096,1.43,bl297262,bl,G,g
283469095613,2458869.9821325,4.595458209242752,0.053029396960439616,14.744243569742734,0.012542960080479374,17.841348890347764,1.60,bt227176,bt,G,g
283469095613,2458872.0311301,4.239621656369022,0.04321300823194991,14.83174786752363,0.011078974712548335,18.063604360552958,1.44,bt227632,bt,G,g
283469095613,2458880.9451241,3.5576112442897596,0.044146796914987754,15.02216939956513,0.013488165379974984,18.040392614739183,1.51,bt230481,bt,G,g
283469095613,2458881.9331811,3.131258605343324,0.08399492331528248,15.160768280423202,0.029157230748916078,17.34200801660851,1.53,bt230915,bt,B,g
283469095613,2458885.0871489,4.626851114862689,0.03652874115685994,14.736851810334892,0.008581463385287215,18.246053846601516,1.47,bD111130,bD,G,g
283469095613,2458886.9148361,3.1599149169898113,0.11889226961257857,15.150877149580598,0.040896901098484865,16.964756567278606,1.75,bt231614,bt,B,g
283469095613,2458889.0488641,4.508409342219316,0.09853023139054529,14.765007269665468,0.02375518047917506,17.16871685469828,2.33,bD111659,bD,G,g
283469095613,2458898.7128547,2.9403533013802075,0.05618069283401131,15.229066830587453,0.02076824252483092,17.778672884631945,1.41,bH164482,bH,G,g
283469095613,2458899.7491103,3.3577154062743793,0.04294613994213883,15.084955913862936,0.013902484649651874,18.070330274095355,1.50,bl309792,bl,G,g
283469095613,2458900.8608845,4.839684793638792,0.047064204836821395,14.688022929349456,0.010570263678140566,17.97091379755029,1.50,bl310224,bl,G,g
283469095613,2458901.8547939,4.919129867642557,0.05036654655651166,14.67034490149275,0.0111292541018671,17.89728517656848,1.38,bH165457,bH,G,g
283469095613,2458904.6928791,3.0927130969178114,0.05042058186042738,15.174216538572932,0.017720680375328614,17.896120978474162,1.44,bH166274,bH,G,g
283469095613,2458905.812172,3.6753858976539986,0.03145319609958188,14.98680826072274,0.00930195021203153,18.4084786548835,1.45,bl311757,bl,G,g
283469095613,2458906.8350512,4.039180376713127,0.033700780554544146,14.884332502812311,0.009068989199553807,18.333540711889537,1.41,bH167067,bH,G,g
283469095613,2458907.8549381,4.578464659081576,0.054170842283542846,14.748265956681294,0.012860501214398395,17.81822664060917,1.46,bt236160,bt,G,g
283469095613,2458908.9631503,4.580866614998518,0.05292729677414592,14.747696506689149,0.012558687087355622,17.84344132828962,1.59,bt236428,bt,G,g
283469095613,2458911.441416,2.9949404152999652,0.04736448979443446,15.209095156106505,0.017190038512252207,17.964008452718407,1.47,bp205043,bp,G,g
283469095613,2458912.6697512,4.45559125742586,0.0781814795927302,14.777802264481688,0.01907263575421154,17.419880898335226,1.43,bH169073,bH,B,g
283469095613,2458923.3884974,4.567218747904136,0.07073281989479335,14.750936090455111,0.01683376779816518,17.5285881804897,1.51,bp206701,bp,G,g
283469095613,2458923.7210525,4.765330056052611,0.061665897373498355,14.704833157035143,0.01406579366604107,17.677527971903885,1.44,bl318244,bl,G,g
283469095613,2458924.7124877,4.866712848234456,0.062113840283015156,14.681976316723944,0.013872822558326841,17.66966965895446,1.36,bH173337,bH,B,g
283469095613,2458925.68168,4.529986123263804,0.038956290074721706,14.75982344318789,0.009347444430794832,18.17619663394383,1.48,bl318965,bl,G,g
283469095613,2458928.77942,4.29914668986303,0.045885175195304245,14.816609962786295,0.011601183683096783,17.99845962585754,1.53,bt239124,bt,G,g
283469095613,2458931.0603406,4.602064016585543,0.0408138881773572,14.742683983312642,0.009639788097694616,18.125620685797013,1.52,bD115978,bD,B,g
283469095613,2458932.7812256,4.6984942326470085,0.06079431922503678,14.720168877032936,0.014064246648892052,17.69298311245785,1.52,bt240141,bt,G,g
283469095613,2458942.8444236,4.754770409772297,0.12308965402793057,14.707241744007302,0.02813870926959849,16.927086733935305,1.46,bD118558,bD,B,g
283469095613,2458954.9201076,4.27408341838444,0.06533795774995979,14.822958136912787,0.016616315673192734,17.614726722112323,1.45,bt240951,bt,G,g
283469095613,2458955.9409206,4.5622150566586,0.06979685666572051,14.752126238585433,0.016629235493615932,17.543050950424096,1.52,bt241315,bt,G,g
283469095613,2458957.8651452,3.145236199052537,0.058522547281525124,15.155932458804124,0.020224701869958926,17.734332558485956,1.47,bt241745,bt,G,g
283469095613,2458959.9417775,4.445917276685688,0.03462311983062055,14.780162178024128,0.008464805699422151,18.30422511433724,1.54,bD122267,bD,G,g
283469095613,2458961.765941,3.61299001693179,0.06961208974822104,15.005398718360395,0.020942575149425612,17.545928932854814,1.57,bt242862,bt,B,g
283469095613,2458964.6921314,4.8435492748682885,0.0607600540935205,14.687156316526394,0.013635359797174848,17.693595231854587,1.49,bt243701,bt,G,g
283469095613,2458967.9073811,2.899657389857975,0.04627422971630587,15.244198905538433,0.01734621336800653,17.989292615961524,1.50,bD125113,bD,G,g
283469095613,2458969.9349547,2.90310602097368,0.04892068778469704,15.242908381064172,0.018316472168558928,17.928909225864818,1.51,bD125875,bD,G,g
283469095613,2458978.5368842,4.476962842465841,0.14099391159677466,14.772606897591773,0.03423174529883178,16.77963971308412,1.55,bp211239,bp,G,g
283469095613,2458980.367692,3.0830040050268983,0.06891129083454306,15.177630400021627,0.024295646996220825,17.556914648639626,1.53,bp211923,bp,G,g
283469095613,2458984.7745734,3.7709874936584407,0.030085940670258954,14.958927892066466,0.008672028077310968,18.456731624597268,1.46,bD128909,bD,G,g
283469095613,2458986.8651354,4.7502910332846895,0.038434962492692896,14.708265077021299,0.008794647075622171,18.190824457459634,1.45,bD129685,bD,G,g
283469095613,2458989.8799291,4.891857721666881,0.04252289786365203,14.676381079250566,0.009448463914112784,18.081083478204604,1.50,bD130665,bD,G,g
283469095613,2458990.8312398,3.973632249169123,0.015766470978781023,14.902096443170363,0.004312796801661796,19.158304372088615,1.45,bD130981,bD,G,g
283469095613,2458992.8827842,4.4500849939473595,0.033065406321424656,14.779144857723256,0.008076398337090266,18.35420595178348,1.45,bD131501,bD,G,g
283469095613,2458993.9033253,4.701904820063711,0.03985560789937541,14.719381038478526,0.009213566542062988,18.151417017412786,1.45,bD131752,bD,G,g
283469095613,2458997.8299571,3.093329656853925,0.06032832098002425,15.174000108950988,0.021198601251410543,17.701337515259475,1.46,bD132829,bD,B,g
283469095613,2459006.7656479,4.155510741206173,0.07133016122969989,14.853504599240727,0.018657823014752068,17.51945759726564,1.56,bD135435,bD,G,g
283469095613,2459008.8622025,3.019934820430189,0.1836089176019358,15.2000716981948,0.0660858337361259,16.492906185465653,1.50,bD136221,bD,B,g
283469095613,2459010.8219666,3.730590261243936,0.028899949557934825,14.970621741875673,0.008420380275011692,18.500397899596635,1.49,bD136878,bD,G,g
283469095613,2459012.8195637,3.923735126601354,0.025406035951436732,14.915816416120267,0.007038002204005205,18.640298340661598,2.20,bD137564,bD,B,g
283469095613,2459014.7719912,4.755455112487743,0.055331931275275845,14.707085405647671,0.012647244509184178,17.79520103930651,1.51,bt256069,bt,G,g
283469095613,2459015.756713,4.97522477584953,0.0647844193432136,14.658033855956806,0.014153701648618419,17.62396418499427,1.52,bt256364,bt,G,g
283469095613,2459016.7646572,4.742660628996564,0.056179044225102885,14.710010499998576,0.01287551087509847,17.778704745767012,1.57,bt256674,bt,G,g
283469095613,2459017.7543052,4.648924395321631,0.05279474160247959,14.731684413826887,0.01234384210594959,17.84616393989704,1.50,bt256925,bt,G,g
283469095613,2459020.7553327,4.37990946730786,0.049883592630423385,14.796402787948338,0.012379547281086657,17.907746301582,1.53,bt257454,bt,B,g
283469095613,2459027.7937853,3.925394608424433,0.036474724997492755,14.915357318211552,0.010099988452009222,18.247660545944953,1.82,bD141920,bD,G,g
283469095613,2459032.7860296,3.096141548785539,0.06376242561337407,15.173013603647831,0.022384953423576118,17.641228536736694,1.48,bD143463,bD,G,g
283469095613,2459036.7662096,2.959913826505075,0.05202196241081298,15.221867953771802,0.019103803228916104,17.862173784078582,1.50,bD144611,bD,G,g
283469095613,2459037.7020072,3.5038922518337876,0.11154524441577139,15.03868876549525,0.034602899339514125,17.03401296283549,1.54,bt260641,bt,B,g
283469095613,2459040.757301,3.339218347770465,0.04465641621384438,15.090953577243296,0.014536211108669842,18.027930944082097,1.90,bD145964,bD,G,g
283469095613,2459041.6940251,4.504218438541618,0.09506367426412052,14.766017012060733,0.022940734809328314,17.207604121423447,1.48,bt261518,bt,B,g
283469095613,2459042.6866384,4.712222859328313,0.057671422642089076,14.7170010679366,0.01330292111178457,17.75023894957922,1.46,bt261823,bt,G,g
283469095613,2459043.6825567,4.650469881035802,0.055126651064898925,14.731323532298608,0.01288477819004457,17.799236586538758,1.55,bt262132,bt,G,g
283469095613,2459045.68996,4.460907921725728,0.05141520429494004,14.776507474791911,0.01252796350105226,17.874911696980725,1.47,bt262666,bt,G,g
283469095613,2459048.3613789,4.8867345130633755,0.05210630603058969,14.6775187590803,0.011590007399067789,17.8604148968325,1.53,bp229487,bp,G,g
283469095613,2459060.6443549,3.331771865201304,0.16787274985831052,15.093377480988705,0.054766769053603115,16.590190100201387,1.64,bt265560,bt,B,g
283469095613,2459062.6327868,3.034603875618812,0.15297505101591505,15.19481060192599,0.0547937181195414,16.691089094686358,1.58,bt266184,bt,B,g
283469095613,2459063.6211337,2.8083022979554135,0.1729724076861233,15.278955983948038,0.06694916240044198,16.557698534911808,1.66,bt266508,bt,G,g
283469095613,2459064.6305516,4.039277239274807,0.23326163809610867,14.884306466359536,0.06276995704450294,16.233032308532714,2.30,bt266837,bt,B,g
283469095613,2459066.6228832,3.881406567608377,0.12553189209500326,14.92759278132959,0.03515419125056826,16.905755424363285,2.42,bt267330,bt,B,g
283469095613,2459068.617881,3.9061084381948525,0.05437497571574778,14.920704883161761,0.015130976369143642,17.81414292143288,1.53,bt267930,bt,G,g
283469095613,2459075.2711853,4.670458484760265,0.050729487919364165,14.726666832201145,0.011806281528540274,17.889489415382403,2.01,bp236933,bp,B,g
283469095613,2459081.2582531,4.396209525834242,0.04496400308469159,14.792369664868376,0.01111728549542447,18.020478189103233,1.55,bp237841,bp,G,g
283469095613,2459087.2590706,3.5975138343860844,0.10784482930964827,15.010059440509767,0.03258434739945053,17.07064229292505,1.81,bp239679,bp,G,g
283469095613,2459093.2255722,3.717365104892954,0.2904093429427855,14.974477577591507,0.08491561102517162,15.995114150903497,2.05,bp240244,bp,B,g
283469095613,2459191.1625429,4.154713847950957,0.12525642073507356,14.853712828477349,0.03276959338001941,16.908140618041262,1.61,bD191852,bD,G,g
283469095613,2459192.1588717,4.506478247972486,0.06674061871783993,14.765472424432994,0.016097747906116976,17.591665040298448,1.56,bD192220,bD,B,g
283469095613,2459198.0264573,3.4905936322611844,0.08748978128819367,15.042817392067969,0.027243958585671465,17.297747284295323,1.51,bt302661,bt,B,g
283469095613,2459201.0234531,3.834533341483149,0.061244252590183804,14.940784326439672,0.01736061049509366,17.68497726397261,1.46,bt303945,bt,B,g
283469095613,2459204.9983481,4.582333541721677,0.05787953257032247,14.747348878035531,0.013729366234411405,17.746328073593055,1.51,bt305652,bt,B,g
283469095613,2459207.8453101,3.0791095437448113,0.06014791373793585,15.179002772712098,0.02123281623392298,17.704589190931475,1.43,bH190428,bH,G,g
283469095613,2459210.5802668,3.4915947666669607,0.04376402854397608,15.042506037571204,0.013624031258604988,18.049847379894576,1.58,bp266162,bp,G,g
283469095613,2459212.8541782,2.718497080317376,0.115512710166745,15.314243445024658,0.04618628968505164,16.996066177893795,1.50,bH191825,bH,B,g
283469095613,2459217.088668,4.557103735217137,0.06565904819874888,14.753343335487283,0.015660940544161967,17.609404154303967,1.58,bD199470,bD,G,g
283469095613,2459224.8032989,4.833903688968633,0.050679986596494524,14.689320639170875,0.011395953559940464,17.89054938306192,1.40,bH195229,bH,G,g
283469095613,2459229.79882,4.665890310152675,0.046346712027179826,14.727729310278146,0.010796837805957785,17.987593287846217,1.40,bH196585,bH,G,g
283469095613,2459230.8357496,4.767033210129599,0.04693724503224985,14.704445178522006,0.010702410147229613,17.97384662338184,1.51,bl345517,bl,G,g
283469095613,2459234.5292869,4.760098800056779,0.056283763773864195,14.7060257048328,0.012852255104725253,17.776682782411854,1.60,bp271652,bp,G,g
283469095613,2459235.8347835,4.481815308955463,0.04371101639403096,14.771430732946031,0.010601055836995476,18.051163348753455,1.38,bH198401,bH,G,g
283469095613,2459238.1097865,3.048102617721692,0.043393065760747605,15.189991662496459,0.015474011784470082,18.059089775129262,1.55,bD206622,bD,G,g
283469095613,2459240.5429391,4.458144547105571,0.05931463309438837,14.777180258359202,0.01446171755879192,17.719735990671744,1.54,bp272926,bp,G,g
283469095613,2459244.9330889,5.364706372566699,0.2641086298233072,14.57620073069495,0.053511707388503554,16.09818413111126,1.57,bt318564,bt,B,g
283469095613,2459245.7767072,2.957973488868304,0.11847492145546323,15.2225799291052,0.043535579011499535,16.968574537816714,1.55,bl349649,bl,G,g
283469095613,2459245.8356144,2.9379902998835465,0.16167638396275036,15.229939728324993,0.05981476520411823,16.631024143365952,1.42,bH200868,bH,B,g
283469095613,2459247.8114169,3.480578754283682,0.14163739533579708,15.045936960049923,0.044232210057856436,16.774695782368127,1.44,bH201432,bH,B,g
283469095613,2459251.5156495,3.015576888100849,0.05413553821540903,15.201639606918572,0.019513008125670746,17.81893446421345,1.64,bp276171,bp,G,g
283469095613,2459252.4763114,3.1441647731235474,0.04718061353768457,15.156302378272837,0.01631061960327631,17.968231651040142,1.51,bp276481,bp,G,g
283469095613,2459255.4673955,3.343333413093711,0.035045343384090294,15.08961640062843,0.011393648147306845,18.29106481224372,1.52,bp277495,bp,G,g
283469095613,2459256.8517419,3.0800604521688224,0.047562738105131425,15.178667521140135,0.01678493950946297,17.959473490808083,1.50,bl353397,bl,G,g
283469095613,2459257.8904498,3.0465259408413763,0.054702390411863575,15.190553421164408,0.01951702403573627,17.807624849539188,1.55,bt323564,bt,G,g
283469095613,2459258.8080825,3.886238486645244,0.026618078147925345,14.926242001247127,0.007444909451253245,18.589698872014175,1.49,bl354063,bl,G,g
283469095613,2459261.4743523,4.1888546956483665,0.03902780538981313,14.84482738309594,0.010127237796453765,18.174205284602827,1.60,bp278776,bp,B,g
283469095613,2459261.8117484,4.1639386353221175,0.030106535851621218,14.851304820748762,0.007859024437414914,18.455988643540056,1.48,bl355126,bl,G,g
283469095613,2459262.7339792,4.966036780018891,0.06007005558780587,14.660040792904766,0.01314801753887721,17.70599552685155,1.63,bl355405,bl,G,g
283469095613,2459263.8922958,3.1692562123581656,0.0710189877419871,15.147672246525275,0.02435730869358324,17.524204416788763,1.59,bl355861,bl,G,g
283469095613,2459264.7966965,4.696749959493931,0.0485097734575071,14.720572021538029,0.011226489611426214,17.93806749529469,1.48,bl356153,bl,G,g
283469095613,2459265.8331017,4.444524857641321,0.038917700589991146,14.780502273546528,0.009517743700916318,18.17727268009908,1.48,bl356551,bl,G,g
283469095613,2459266.8139338,4.640649961611004,0.04436401310144743,14.733618593862312,0.010391163688286091,18.035063549253945,1.64,bl356906,bl,G,g
283469095613,2459268.6818639,3.09746069744399,0.10358852977475302,15.172551111087715,0.03635114018039027,17.11436143844318,1.47,bH208309,bH,G,g
283469095613,2459269.8838357,4.241467550229885,0.03762615979240224,14.831275250439266,0.009642417227059445,18.21391587258345,1.41,bH208814,bH,G,g
283469095613,2459270.9235567,3.7665849826118043,0.059028756502283716,14.960196195938511,0.01703444689194766,17.724981525229136,1.54,bt324539,bt,B,g
283469095613,2459272.8557937,4.721033051452707,0.10198999254466466,14.714973020053234,0.0234818706711736,17.131246711347462,1.53,bl359090,bl,G,g
283469095613,2459279.4980566,4.4645802112562984,0.05195683015121201,14.77561404737074,0.012649524190284535,17.863533993403063,1.49,bp283824,bp,G,g
283469095613,2459284.0000958,4.194528293458972,0.04194948728242537,14.843357801781886,0.010870654718517508,18.095823968600364,1.60,bt328578,bt,G,g
283469095613,2459286.8809752,4.078233771766689,0.031089848919388468,14.873885330521937,0.008286262125717796,18.421094082438685,1.66,bl364089,bl,G,g
283469095613,2459291.9594616,4.433383141234937,0.03185661330344013,14.783227458632481,0.0078104581732699905,18.39464160194192,1.51,bD216312,bD,G,g
283469095613,2459292.9739547,4.621210927882306,0.03900747910104614,14.738176143138272,0.0091749618156717,18.174770900228268,1.45,bD216662,bD,G,g
283469095613,2459295.6191933,3.958630612475527,0.06016382288192394,14.906203175332902,0.016519717562980735,17.704302051302363,1.50,bl366823,bl,G,g
283469095613,2459296.6310766,4.12182945636948,0.05392032450983533,14.862340575853956,0.014219183253612542,17.82325936829508,1.48,bl367223,bl,G,g
283469095613,2459297.7965969,3.625031397313637,0.0694034230289664,15.001786191138143,0.02081044135183469,17.549188384659125,1.51,bt331850,bt,B,g
283469095613,2459298.9216274,3.4976790035145173,0.04546183048667984,15.040615747360935,0.014127949731248222,18.008523315731594,1.62,bt331958,bt,B,g
283469095613,2459300.847713,3.2021474626884214,0.09332656780748617,15.136462302732808,0.03167934103968743,17.227627375342237,1.59,bt332638,bt,B,g
283469095613,2459306.0297738,3.7211377578735627,0.05944320527228072,14.973376252135076,0.01736355487164385,17.717385063357423,1.55,bD220064,bD,G,g
283469095613,2459307.8510889,4.145854408394149,0.026881185278236262,14.856030505445062,0.007047685898254768,18.579019575818013,1.45,bD220749,bD,G,g
283469095613,2459308.811279,4.818219830577257,0.06446793805817212,14.692849095440298,0.014543513616938715,17.629281161534024,1.40,bH221812,bH,G,g
283469095613,2459311.8367089,4.527213444936354,0.041090310649294644,14.760488195535599,0.009865534656973868,18.118292049917798,1.47,bD221520,bD,G,g
283469095613,2459312.8479697,4.390134540190728,0.0418757370327309,14.793871047663776,0.010368043405882087,18.09773445169225,1.55,bt336245,bt,G,g
283469095613,2459313.7917441,4.392943594065994,0.03612731312295183,14.79317655501533,0.008939067340848319,18.258051453388926,1.52,bl373778,bl,G,g
283469095613,2459316.5493614,4.683123642642017,0.04922338679761296,14.723726562116857,0.011424785118756494,17.922211881761907,1.45,bl374822,bl,G,g
283469095613,2459316.556793,4.624440787898368,0.0478125121918747,14.737417564682975,0.011238141935710313,17.95378670334236,1.45,bH224748,bH,G,g
283469095613,2459317.8421788,4.7348968742757265,0.056126929468540025,14.711789310935435,0.012884659085706863,17.779712401552416,1.48,bt337965,bt,G,g
283469095613,2459319.5434344,4.921914879535762,0.05556187633483434,14.669730375616377,0.012270294249360846,17.790698352646793,1.53,bl376088,bl,G,g
283469095613,2459323.5755948,4.818745304850998,0.056417389923804816,14.692730691682224,0.01272597865993155,17.77410813588661,1.56,bl377775,bl,G,g
283469095613,2459324.6789741,3.925136863268405,0.03678394655803828,14.915428611027487,0.010186281905408632,18.238494804051825,1.50,bl378285,bl,G,g
283469095613,2459325.8858973,4.547998537296269,0.06285317564385723,14.755514831431785,0.01502169990114384,17.65682254840148,1.51,bt339274,bt,B,g
283469095613,2459327.8223615,3.0875968502524365,0.06700624151245275,15.176014149227894,0.023588853966874948,17.58735246557942,1.47,bD226685,bD,G,g
283469095613,2459328.8370588,3.0345554407521727,0.1140778325674778,15.194827931340342,0.040861881259401,17.009637458524004,1.54,bt340123,bt,B,g
283469095613,2459329.8467055,2.6977428154176595,0.13808531892918746,15.32256426076687,0.05563641467552978,16.80227184307254,1.50,bH229853,bH,B,g
283469095613,2459333.7439844,4.051475296698289,0.08094448491851507,14.881032634278267,0.02171632043584115,17.382172451882713,1.59,bl381764,bl,G,g
283469095613,2459333.756346,2.9771715026825554,0.094140797087274,15.215555989038528,0.03437052694597263,17.218195933581296,1.40,bH231393,bH,G,g
283469095613,2459333.8191278,2.3214846749515776,0.1302632339618903,15.485651069631833,0.0609913445586972,16.865585971634964,1.43,bH231441,bH,G,g
283469095613,2459336.7915844,3.628538199792153,0.04341258282476287,15.000736373483667,0.01300457303429219,18.058601549219674,1.97,bt341382,bt,G,g
283469095613,2459342.857746,3.2704037918580453,0.03760643358217908,15.113562178132021,0.012498933111337733,18.214485239134625,1.70,bD230262,bD,G,g
283469095613,2459345.6487841,3.0211929418520422,0.05152498798626418,15.199619468726663,0.018537519053605338,17.872595863467854,1.49,bl384939,bl,G,g
283469095613,2459345.6848838,3.8170387857868073,0.03314768778049044,14.945749189944454,0.009439279356484104,18.35150751256129,1.49,bt343445,bt,G,g
283469095613,2459350.7502854,4.288312813303755,0.03167669002444832,14.819349478065416,0.008029074908520225,18.400791124478317,1.73,bD233045,bD,G,g
283469095613,2459352.7724578,4.524720563188626,0.04760049192391691,14.76108621404384,0.01143488629013384,17.95861200911896,1.54,bt344647,bt,G,g
283469095613,2459353.6655068,3.058946896977276,0.06698655707744111,15.186135777932597,0.023802791462684228,17.58767146934889,1.47,bH237330,bH,B,g
283469095613,2459354.8342515,4.811775116349163,0.06925405462692448,14.694302317513612,0.015644153044028334,17.551527598489034,1.54,bt345338,bt,G,g
283469095613,2459356.8853711,4.523296910761615,0.07501253539205684,14.761427882481197,0.0180256494687754,17.464805999739802,1.49,bD235156,bD,G,g
283469095613,2459357.5118442,4.962061516593354,0.11103835317899101,14.660910262067192,0.024323330484209343,17.038958081208925,1.55,bp304202,bp,B,g
283469095613,2459362.3910251,3.2144239037133917,0.10533088118538048,15.132307749782697,0.035617607283444055,17.096251317804214,1.54,bp305523,bp,G,g
283469095613,2459365.7400533,3.0718488099867054,0.06891212368076499,15.181566030247733,0.024384169565306587,17.55690152675755,1.54,bl391695,bl,G,g
283469095613,2459366.7420556,3.0512691668818337,0.07276871017815982,15.188864321026681,0.02592246694103556,17.497778918589297,1.52,bH241599,bH,G,g
283469095613,2459368.2355451,4.448105793114672,0.04200205766321849,14.779627852544879,0.010263787020121666,18.09446419438245,1.57,bp306427,bp,G,g
283469095613,2459368.7354687,3.446685283167384,0.04241351867254253,15.056561547809135,0.013375648469029547,18.08387985267684,1.41,bH242438,bH,G,g
283469095613,2459369.8018479,2.960611938128711,0.07424574355811754,15.221611907231885,0.027258518461178487,17.475961708967674,1.48,bt348097,bt,B,g
283469095613,2459370.8637112,3.159739747754761,0.0424838848245996,15.150937338812634,0.014614537704165586,18.082080054491605,1.51,bD239908,bD,G,g
283469095613,2459374.2477847,3.696310557803613,0.032216593266469244,14.980644490347705,0.00947378084486867,18.38244157599807,1.50,bp308015,bp,G,g
283469095613,2459375.77657,3.666090194899533,0.0850257042920198,14.989557758588186,0.025209211689404817,17.328765016432165,1.52,bt349673,bt,B,g
283469095613,2459376.4282394,3.9139024053627236,0.03139120879350595,14.918540641882787,0.008717866617375161,18.41062051252008,1.56,bp308768,bp,G,g
283469095613,2459377.7091356,4.83185166390576,0.06349075775824833,14.689781639445759,0.01428265973705465,17.64586433548484,1.45,bt350209,bt,G,g
283469095613,2459378.755037,4.562534903979151,0.05402607514236907,14.752050122567447,0.01287091407646023,17.821132065716778,1.49,bt350539,bt,G,g
283469095613,2459382.7830272,4.399423883771513,0.04260111620560275,14.79157610179443,0.010525369302070955,18.079088165587784,1.47,bD244003,bD,G,g
283469095613,2459383.7495828,4.694663448164204,0.0783342454475336,14.72105446242978,0.018136746095826276,17.417761450311218,1.47,bt351903,bt,B,g
283469095613,2459384.6963581,4.955987273757096,0.08679613522126929,14.662240166028706,0.019036292877521642,17.306389642090938,1.41,bt352153,bt,B,g
283469095613,2459388.5991422,2.921940169779342,0.08668285712514465,15.235887324806647,0.03224586795090761,17.307807567638985,1.52,bl400818,bl,G,g
283469095613,2459390.5938534,3.1415062757344567,0.11286203954998579,15.157220793193142,0.03905009864000864,17.02127087589782,1.54,bl401375,bl,G,g
283469095613,2459392.6208222,3.418665553274159,0.07574999900317599,15.065424082247521,0.02408453069045557,17.454184032793954,1.53,bl401867,bl,G,g
283469095613,2459395.7846741,4.295702997490061,0.02652008144079192,14.817480005154335,0.006710467529055086,18.593703477906704,1.50,bD248264,bD,G,g
283469095613,2459396.650631,3.1434447090271718,0.051127025353613555,15.15655105773196,0.01767896648082947,17.881014297535682,1.51,bl403640,bl,G,g
283469095613,2459397.6314208,3.3108693627980843,0.048605192633372464,15.100210509525594,0.01595705699441483,17.93593393974968,1.53,bl404053,bl,G,g
283469095613,2459398.6854175,3.0339290361659392,0.06650556345616687,15.19505207631199,0.023826745803510734,17.595495668212642,1.53,bt354440,bt,G,g
283469095613,2459401.6928089,3.087321388606648,0.06110249347307284,15.176111018099832,0.02151241980189615,17.68749327816393,1.44,bt354943,bt,G,g
283469095613,2459402.5757688,4.4036193433031565,0.03281422161045593,14.790541195447505,0.00809961747477562,18.362485344515154,1.69,bl406168,bl,G,g
283469095613,2459403.699741,3.2372190314882126,0.06049213094293546,15.12463540996011,0.02031135848478363,17.69839340251066,1.52,bt355300,bt,G,g
283469095613,2459405.6693007,3.9761601697503806,0.028770478035887132,14.901405945898055,0.007864939388652235,18.505272916516233,1.46,bt355638,bt,G,g
283469095613,2459406.6879917,3.683742518313916,0.040514036420992425,14.984342455266752,0.011954417522626019,18.133626825994003,1.54,bt355940,bt,G,g
283469095613,2459408.6083866,4.777021373025865,0.04764348692505928,14.702172661335503,0.01084072998375211,17.95763176379324,1.52,bl408537,bl,G,g
283469095613,2459409.6060367,4.83919527735364,0.05521032436825499,14.688132753120422,0.012401074703524943,17.797589864723452,1.47,bH257711,bH,G,g
283469095613,2459410.5754439,4.524354264290251,0.048936156590152276,14.761174113411128,0.01175669972936075,17.928565968479514,1.67,bl409368,bl,G,g
283469095613,2459411.641159,4.746436185918018,0.07824515917298205,14.709146506482856,0.017918514592046426,17.418996915528353,1.56,bt356691,bt,B,g
283469095613,2459415.5006004,2.827034131842929,0.08124674887696488,15.271737992479057,0.03123827992283504,17.37812563263932,1.48,bH260114,bH,G,g
283469095613,2459416.523332,3.297095770553836,0.0918510508890166,15.10473671664835,0.03028061838059343,17.244930287608707,1.57,bl411892,bl,G,g
283469095613,2459423.6360089,3.2513153496876033,0.056035979591800456,15.119917886340078,0.018733548400711304,17.78147319032768,1.54,bt359174,bt,G,g
283469095613,2459424.5729653,3.139999545261757,0.051743741935596485,15.157741659336711,0.017911849013148372,17.867996030814666,1.93,bH263849,bH,G,g
283469095613,2459425.5149819,3.6366273513358536,0.043990064204970446,14.998318620367305,0.013148250441924319,18.044254121830555,1.48,bl415699,bl,G,g
283469095613,2459426.5496145,3.3575084914967173,0.04326718968306209,15.085022822984328,0.014007277754452803,18.062243892556488,1.39,bH264649,bH,G,g
283469095613,2459427.563894,3.2170836468838186,0.051835015981348855,15.131409739604711,0.017513504421917795,17.866082519518102,1.98,bH265067,bH,G,g
283469095613,2459430.4909098,4.551361499242192,0.043821439588328785,14.754712293738697,0.010465439750382843,18.048424010021392,1.55,bl417782,bl,G,g
283469095613,2459432.2408286,3.838710984907384,99.99,14.939602083578247,99.99,99.99,1.47,bp318719,bp,G,g
283469095613,2459433.4841606,4.842541755544062,0.04938133934336007,14.687382186840399,0.011084131342807158,17.91873344921716,1.53,bl419021,bl,B,g
283469095613,2459438.4748467,4.574578448091032,0.05064372129188635,14.749187923326904,0.012033354279086856,17.891326586279046,1.76,bH269197,bH,G,g
283469095613,2459444.5202295,5.1805134821093635,0.13055336622830363,14.614133601589751,0.02739223309560264,16.863170425726327,1.47,bl422776,bl,B,g
283469095613,2459448.2260728,4.58434688016718,0.10760480915085342,14.746871943228761,0.025513285127487836,17.07306140753528,1.73,bp321151,bp,G,g
283469095613,2459448.5058555,3.567690902539527,0.11809393182587893,15.019097569916916,0.03597928544891179,16.972071655770872,1.50,bl423677,bl,G,g
283469095613,2459450.4907041,2.881031627851865,0.07696991006177213,15.251195557346433,0.029039231957928114,17.43683816370981,1.43,bH272569,bH,G,g
283469095613,2459451.2311046,4.378805742247844,0.05143912642402622,14.796676424945417,0.012768799812173595,17.874406650242673,1.64,bp322146,bp,G,g
283469095613,2459453.4757853,3.181480973451872,0.05837185590965817,15.143492296475598,0.01994280965263159,17.737131857072473,2.19,bl424889,bl,G,g
283469095613,2459453.5157849,3.219888902498238,0.05392582094110413,15.130463404117451,0.018204051300214626,17.823148698147236,1.44,bH272944,bH,G,g
283469095613,2459455.4769792,3.2812208933755755,0.06006704089880583,15.109976951570916,0.019898161071186013,17.706050017214473,1.41,bH273665,bH,G,g
283469095613,2459458.2229094,2.984268877999998,0.08522702738082885,15.21297074772448,0.031042133610331948,17.326197258885983,1.54,bp323349,bp,G,g
283469095613,2459459.2226074,2.9549328494340794,0.08230831018899631,15.22369658220994,0.030276679407584862,17.364031397438687,2.22,bp323655,bp,G,g
283469095613,2459459.4702071,3.784522565259314,0.12238551611916504,14.955037874615185,0.035150466833858314,16.933315552247652,1.65,bl427158,bl,B,g
283469095613,2459460.2227452,2.921378701532967,0.07963457595215097,15.236095975547165,0.02962961345672144,17.39988643189453,1.83,bp323299,bp,G,g
283469095613,2459460.4705844,3.0884138524759632,0.18423987025387648,15.175726892958005,0.06484258201868716,16.489181563652885,1.44,bH274735,bH,G,g
283469095613,2459461.4709919,3.558046210968616,0.14398490374887524,15.022036661564556,0.04398631183579121,16.756848210409714,1.65,bH275686,bH,G,g
283469095613,2459563.0230161,3.0401068443388883,0.069333572533142,15.19284350446808,0.024789450732860784,17.550281665053987,1.48,bt397887,bt,B,g
283469095613,2459570.8510995,4.30719733076531,0.14531318089034945,14.81457869960935,0.03667097129152396,16.746878087598073,1.56,bl464045,bl,G,g
283469095613,2459573.8558528,4.2451723444604985,0.1450478120983281,14.830327306486703,0.03713881381753562,16.748862655720423,1.52,bl464828,bl,G,g
283469095613,2459579.8267008,3.223442384794084,0.0526082732082409,15.129265841986717,0.017739701485244414,17.850005494111425,1.42,bH310734,bH,G,g
283469095613,2459580.6061275,5.2522950752755735,0.2213525946066765,14.59919283008853,0.04580866894630462,16.28992906901442,1.68,bp344415,bp,G,g
283469095613,2459581.5888317,4.145994372188589,0.04785336175736291,14.855993851675072,0.012545729439051329,17.952859479180518,1.55,bp344648,bp,G,g
283469095613,2459587.0765892,4.547757106512034,0.047735213401970046,14.755572469335378,0.011409162870546368,17.955543440356692,1.47,bD300914,bD,G,g
283469095613,2459588.5983464,2.8088131664815963,0.06146136531233687,15.278758491672939,0.02378436296812106,17.68113510266032,1.55,bp346120,bp,G,g
283469095613,2459592.0991926,4.530758649521167,0.03631979139878587,14.759638301734334,0.008713338578140177,18.252282247682476,1.54,bD302595,bD,G,g
283469095613,2459595.1156925,4.807416794187999,0.0694710261319284,14.695286181549218,0.015707393005179104,17.548131327112817,1.50,bD303675,bD,G,g
283469095613,2459597.8632947,4.026690004686956,0.10133386595810844,14.887695130605323,0.02735385796969682,17.138254082425224,1.49,bl470821,bl,G,g
283469095613,2459600.0836688,4.4329778682595835,0.046207727153514455,14.783326714582468,0.011330034093757796,17.990854093573393,1.60,bD305648,bD,G,g
283469095613,2459602.8432217,4.487990660671562,0.12468880443974642,14.769935761033084,0.030198661142792384,16.913071959468276,1.61,bH316224,bH,G,g
283469095613,2459607.0257862,2.983576068596744,0.049454911903812585,15.213222834788478,0.018017083456218306,17.91711703001254,1.48,bD308504,bD,G,g
283469095613,2459608.8301352,4.545347964878904,0.04224073346317455,14.756147782681952,0.01010128181067984,18.08831198486715,1.55,bl474315,bl,G,g
283469095613,2459608.8633025,4.784285671251737,0.049908641389645965,14.700522863234252,0.011338897168199795,17.907201242227224,1.41,bH318078,bH,G,g
283469095613,2459609.9273445,4.312704613172886,0.041804503790640615,14.813191338882458,0.010536237027342974,18.099582929369657,1.48,bt413265,bt,G,g
283469095613,2459611.7552919,2.749327944140548,0.06080814058767987,15.301999256635021,0.02404071334140911,17.69273630241949,1.40,bH318968,bH,G,g
283469095613,2459616.7630474,3.066448568612914,0.055061797351453015,15.183476409861168,0.019517620592903944,17.80051465214081,1.38,bH320074,bH,G,g
283469095613,2459617.4906922,2.9835512501480137,0.049217728218034905,15.21323186636662,0.01793082343369267,17.92233670206125,1.57,bp351387,bp,G,g
283469095613,2459619.7244154,3.764192580611931,0.03366757161425074,14.96088603640536,0.009721921966936112,18.334611129988183,1.57,bH321004,bH,G,g
283469095613,2459620.5321263,3.2562976757589435,0.046241800262076534,15.1182553741915,0.015435574808162336,17.990053777762512,1.50,bp352348,bp,G,g
283469095613,2459621.6046758,4.668765892193748,0.05193054501574117,14.727060378597574,0.01209018526217097,17.864083409995615,1.49,bp352737,bp,G,g
283469095613,2459621.6059161,4.643244504178535,0.06345182545906193,14.733011738865398,0.014853703145917396,17.646530309140257,1.48,bp352738,bp,G,g
283469095613,2459622.9830506,4.955374570726925,0.06795829101785504,14.662374402650052,0.014906584068228637,17.57203448917389,1.50,bD314547,bD,G,g
283469095613,2459626.6985039,5.927325263101835,0.2263804717187295,14.467918722569033,0.04151378897001594,16.26554321008298,1.51,bH323306,bH,G,g
283469095613,2459627.5311156,3.145256352364027,0.11518140256538188,15.155925501899002,0.039805078720340795,16.999184704853604,1.50,bp353799,bp,G,g
283469095613,2459628.8647328,3.4469818742015614,0.10538332071055417,15.056468123042126,0.0332311256366546,17.09571091291736,1.54,bt417799,bt,G,g
283469095613,2459629.851759,3.2745255907962023,0.116387141193692,15.112194650183014,0.038633920749508055,16.987878109478576,1.83,bl480935,bl,G,g
283469095613,2459629.874042,3.168621970271907,0.0763982609582661,15.147889549407434,0.02620747718636481,17.44493192916607,1.45,bt418202,bt,G,g
283469095613,2459635.7689478,4.806943034391986,0.055347466623989615,14.695393183611234,0.012515290773836648,17.794896243816417,1.55,bl483030,bl,G,g
283469095613,2459636.6715588,3.5849185567006723,0.04509041036347861,15.013867388086673,0.01367152833106022,18.017430141950243,1.40,bH326569,bH,G,g
283469095613,2459637.8687758,3.746316514785065,0.029714568161949916,14.966054455289084,0.008621386774669365,18.470217053708506,1.40,bH327077,bH,G,g
283469095613,2459639.4943604,4.201417481349918,0.03347875014840533,14.841576026960116,0.008661349645689565,18.340717520829003,1.47,bp357328,bp,G,g
283469095613,2459640.672934,3.007147721276969,0.05324556216656427,15.204678715682684,0.019246015299187486,17.836932069751562,1.38,bH328013,bH,G,g
283469095613,2459642.6551746,2.9268344028226005,0.04977404234078692,15.234070244259627,0.018484892716671118,17.910133329201994,1.46,bH328568,bH,G,g
283469095613,2459642.7551346,4.283408831136372,0.03426622883527382,14.820591802953786,0.008695387803555778,18.31547483432953,2.16,bl485275,bl,G,g
283469095613,2459647.7413955,3.254559565245833,0.0456780607339363,15.118835061162642,0.015255540732866519,18.003371467394786,1.48,bl487014,bl,G,g
283469095613,2459648.8924802,4.703556407454763,0.04656562664856769,14.718999730597744,0.010760966211505327,17.9824769820163,1.42,bH330754,bH,G,g
283469095613,2459648.8950689,4.698814206311798,0.06099062861973244,14.720094939480536,0.014108700329997333,17.689482837497263,1.38,bH330756,bH,G,g
283469095613,2459653.7528529,3.0311393616616478,0.07735833780151893,15.196050861692047,0.02774044336191948,17.43137278771629,1.53,bl489230,bl,G,g
283469095613,2459655.3710333,3.158259058889425,0.09569347116706177,15.1514462460118,0.032934170577339876,17.2004348404808,1.55,bp360524,bp,G,g
283469095613,2459656.3765001,3.412090571015222,0.18275206891229845,15.067514245725466,0.058217549924660425,16.49798485582012,1.78,bp360840,bp,G,g
283469095613,2459661.7586493,3.296159352046998,0.06906236620778439,15.105045123789774,0.022774320455614012,17.554536976387624,1.52,bl492224,bl,G,g
283469095613,2459663.8978911,3.5512955148807093,0.04866160973711101,15.024098590118696,0.014894016518885476,17.934674432960666,1.47,bt428291,bt,G,g
283469095613,2459664.6975114,4.321451506308188,0.03646022948391541,14.81099151259404,0.009170688173590923,18.248092116903397,1.64,bH335641,bH,G,g
283469095613,2459665.5935244,4.221158143033984,0.034333541622391626,14.836486564710441,0.008840954476544947,18.31334409969339,1.49,bl493579,bl,G,g
283469095613,2459671.9323482,3.905258837695329,0.01914883796780577,14.920941062563644,0.005329724655361287,18.94728455073045,1.54,bD331834,bD,G,g
283469095613,2459674.9611442,3.2410784634226277,0.059185811231190315,15.12334175974413,0.01984907315209746,17.722096599810925,1.51,bt431788,bt,G,g
283469095613,2459676.9107691,3.0412146442459886,0.05501136646069121,15.192447939628321,0.01966154005517575,17.801509529472813,1.48,bt432291,bt,G,g
283469095613,2459678.7116471,4.632735631816506,0.062026305961180396,14.735471827806695,0.014552934408963077,17.67120081871223,1.47,bt432855,bt,G,g
283469095613,2459680.7047244,4.162464677544766,0.08261350874967038,14.85168921945724,0.02157310609832585,17.360012941816983,1.53,bt433564,bt,G,g
283469095613,2459681.4378261,6.156542423933219,0.1829971257714594,14.42672343107012,0.032308706026868646,16.496529940004056,1.45,bp364327,bp,G,g
283469095613,2459682.350305,2.7537849395211116,0.2824058599980495,15.300240571174816,0.1114694495190351,16.025456350938835,1.50,bp364614,bp,G,g
283469095613,2459682.8576878,4.237343437592447,0.033510127096347785,14.832331459561637,0.00859596389297574,18.339700423893856,1.55,bl500575,bl,G,g
283469095613,2459683.8758544,4.098165282470512,0.03531380258315374,14.86859194757721,0.00936628109885007,18.28277939938349,1.49,bl501002,bl,G,g
283469095613,2459688.798276,4.562431434531323,0.046088886497380153,14.75207474523923,0.010980245177792593,17.993650072085813,1.53,bD336549,bD,G,g
283469095613,2459691.890311,4.860696103662304,0.0737450734876722,14.683319448956208,0.016490989534022032,17.483308079599176,1.47,bt436361,bt,G,g
283469095613,2459693.5184576,4.71086815808564,0.049546965784722036,14.717313247494925,0.011432159802573299,17.915097951941927,1.58,bl504290,bl,G,g
283469095613,2459694.5193101,4.378717750347963,0.04091535900748202,14.796698242983702,0.010156675732055647,18.12292469594282,1.40,bH346868,bH,G,g
283469095613,2459698.7750836,2.946266948235965,0.06469864251268401,15.226885387796475,0.02386905622008769,17.62540269011956,1.54,bt438196,bt,G,g
283469095613,2459699.6247335,4.01428366133207,0.029961482471289765,14.891045477813773,0.008112737295284788,18.46123236614561,1.44,bH348729,bH,G,g
283469095613,2459700.8103222,3.0227347254684727,0.05247102953156807,15.199065534126282,0.01886825438936431,17.852841647559046,1.50,bl507164,bl,G,g
283469095613,2459702.793649,3.0603192457897177,0.06257496528048297,15.185648788551374,0.02222521937957782,17.661639068158586,1.51,bt439526,bt,G,g
283469095613,2459703.740758,3.345516847551088,0.039465944192750436,15.088907569115413,0.012822462830609786,18.162084367863642,1.47,bl508195,bl,G,g
283469095613,2459704.8175218,2.913013331640115,0.048162457443397665,15.23920944174251,0.017971252191835832,17.945869015751374,1.37,bH350701,bH,G,g
283469095613,2459704.8188205,3.0421696634850295,0.050316744124404324,15.192107044192449,0.017977995716401466,17.89835928345689,1.40,bH350702,bH,G,g
283469095613,2459705.6989098,4.213022635282035,0.03559630923918675,14.838581141120892,0.009183819748166806,18.274128183936156,1.41,bH351012,bH,G,g
283469095613,2459706.7942701,3.1771772792876782,0.04666763356536126,15.14496200190591,0.01596564629512082,17.980101163630522,1.54,bl509473,bl,G,g
283469095613,2459708.7442256,4.081699537423514,0.04209066008172383,14.872963041739784,0.011208742108688814,18.092176270010924,1.49,bt441318,bt,G,g
283469095613,2459709.7653684,3.8182489684649243,0.027357057819799392,14.945405014531216,0.0077878453339255025,18.559967140639785,1.39,bH352269,bH,G,g
283469095613,2459711.7931625,3.656091014198263,0.07075690976839488,14.992523126132063,0.021036042109506776,17.528218468168497,1.45,bl511192,bl,G,g
283469095613,2459716.3623555,5.184782179395342,0.17343198535982365,14.613239332944861,0.03635890979455002,16.554817622186604,1.55,bp370312,bp,G,g
283469095613,2459717.7346587,4.72751208447937,0.0857554218685859,14.713484003124123,0.019717012544625816,17.319486642040893,1.62,bl513641,bl,G,g
283469095613,2459719.7793006,4.688455515866881,0.0672706192079532,14.722491122853928,0.015595805062468346,17.583077048279495,1.64,bt444356,bt,G,g
283469095613,2459721.19966,3.630857365987929,0.0590026783444312,15.000042651047288,0.017663416532779565,17.725461295734874,1.48,bp371112,bp,G,g
283469095613,2459721.6759243,3.375370744166135,0.04646779715561233,15.079261917658995,0.014963830345582272,17.984760399248557,1.53,bl514818,bl,G,g
283469095613,2459722.7642396,4.863291760462931,0.05700280596409783,14.682739810505424,0.012740253875742893,17.762900025562253,1.47,bH356931,bH,G,g
283469095613,2459723.7673931,4.896446094584231,0.059748390553888656,14.67536317807878,0.013263477534818132,17.7118250835415,1.42,bH357319,bH,G,g
283469095613,2459724.7097606,3.4325867823227467,0.1098068261779604,15.061011807686896,0.03477122456459626,17.051067263905818,1.48,bl516083,bl,B,g
283469095613,2459724.7603902,4.489576729490725,0.05108872793901359,14.769552126517567,0.012368922365419985,17.881827888204167,1.46,bH357723,bH,G,g
283469095613,2459725.7393245,4.1345157767357,0.036750138724029394,14.859003988592153,0.009661543241815777,18.239493154458536,1.50,bl516536,bl,G,g
283469095613,2459726.8147183,4.608142237611229,0.06437487729731398,14.741250932758934,0.015184577451485999,17.630849575800628,1.48,bt445518,bt,G,g
283469095613,2459731.1987486,4.7529890516190445,0.06450885893683127,14.70764858750626,0.014752469271405838,17.628592211552064,1.60,bp373456,bp,G,g
283469095613,2459731.7999458,4.720254187153879,0.07365836776047081,14.715152156890907,0.01696168046114865,17.484585384351938,1.53,bt446934,bt,G,g
283469095613,2459733.2468454,4.4150937906298635,0.04652809089436427,14.7877157877642,0.011454798978230842,17.98335252830655,1.55,bp374070,bp,G,g
283469095613,2459733.7992502,4.018192094687355,0.034833105647476485,14.889988885036773,0.009422663343052206,18.297660118992155,1.66,bt447370,bt,G,g
283469095613,2459736.8190577,4.14675785563565,0.02445183145825237,14.855793932130926,0.0064093633140147105,18.68186212739182,1.46,bD350381,bD,G,g
283469095613,2459737.6458616,3.7233653372730577,0.0375948951846222,14.972726493878742,0.010975022003871472,18.21481841558978,1.40,bH359882,bH,G,g
283469095613,2459744.8334984,3.3100434984985037,0.17529973905850096,15.10048136969056,0.05756516333251792,16.543187437373376,1.52,bD352417,bD,G,g
283469095613,2459745.8317508,3.0420632882238814,0.07640930467491837,15.192145009692208,0.02730173049307132,17.44477499239431,1.54,bD352715,bD,G,g
283469095613,2459749.7567497,3.822289834133448,0.04500037562924143,14.944256583857076,0.012796897643426293,18.01960026405794,1.49,bt450753,bt,G,g
283469095613,2459749.7580014,3.860039904447773,0.04952170233507689,14.933586136385298,0.013944917320339596,17.915651698006187,1.46,bt450754,bt,G,g
283469095613,2459749.8295001,2.872173387157349,0.048206603892368124,15.254538987732673,0.018243495579340487,17.944874269083776,1.50,bD353401,bD,G,g
283469095613,2459749.8320224,2.8893847306298746,0.06106106591380142,15.248052188868485,0.02297053871565273,17.688229658192895,1.45,bD353403,bD,G,g
283469095613,2459750.6606421,4.89043561689128,0.05979408131419511,14.676696757915941,0.013289934013522282,17.710995117181795,1.43,bH365197,bH,G,g
283469095613,2459751.6292107,4.577053736611296,0.046073806757673336,14.748600594121582,0.010941585486754467,17.994005370285677,1.51,bl524204,bl,B,g
283469095613,2459754.7349974,4.7374290727304,0.06043611390369899,14.711208820014674,0.013866472119725802,17.699399283841522,1.50,bt451838,bt,G,g
283469095613,2459756.6678066,4.457452384380163,0.07617375417422267,14.777348840707159,0.01857508544009678,17.448127211333237,1.54,bl525028,bl,B,g
283469095613,2459756.713185,4.915486569875398,0.06695113900557716,14.671149337638605,0.014804836946552755,17.58824568683876,1.51,bt452381,bt,G,g
283469095613,2459758.7271707,4.809574283262596,0.06363617058555684,14.694799030418455,0.014381678411161418,17.64338051805675,1.59,bt452864,bt,G,g
283469095613,2459763.7125338,4.244060741429981,0.048132472289275426,14.830611644930528,0.012327322309865918,17.946545187769537,1.46,bt454056,bt,G,g
283469095613,2459765.7194111,4.21422961846639,0.0632358685854093,14.838270134564713,0.01631013162300412,17.65023189081746,1.71,bt454373,bt,B,g
283469095613,2459766.5092316,4.604629486709984,0.09974598156814492,14.742078896618395,0.023545769642419626,17.15540209034306,1.45,bH370131,bH,G,g
283469095613,2459767.3762394,3.2181346377313615,0.07607209391686816,15.131055097765469,0.025694095466304693,17.449577185040674,1.53,bp381334,bp,G,g
283469095613,2459773.3684349,2.974441487837378,0.1519211959122778,15.216552047138926,0.055516887914080465,16.69859468525204,1.58,bp382454,bp,G,g
283469095613,2459775.6644275,3.2690584589434795,0.12735468938317474,15.114008904978169,0.04234522323098546,16.8901032590855,1.47,bt456563,bt,B,g
283469095613,2459777.6738617,3.3719450430640805,0.05315425434247078,15.080364402899068,0.01713443210902033,17.83879553602405,1.57,bt457069,bt,G,g
283469095613,2459780.6662581,3.866383903051052,0.03641373224711218,14.931803187200526,0.010236992688601737,18.24947762522681,1.50,bt457815,bt,G,g
283469095613,2459782.4972107,3.3405658644846374,0.039988318974181335,15.090515524858233,0.013011437542506476,18.14780774224253,2.05,bl531336,bl,G,g
283469095613,2459783.5769829,4.764502783971503,0.04478654502689591,14.705021659659895,0.010217441233724945,18.02477170916103,1.53,bl531830,bl,G,g
283469095613,2459784.5812141,4.6467647306324915,0.04562241726314733,14.732188911374847,0.010671851676667957,18.004694880800702,1.47,bH373257,bH,G,g
283469095613,2459785.563255,4.6813848044613255,0.051082607947612255,14.724129769524774,0.011860715616282122,17.881957957879532,1.57,bH373639,bH,G,g
283469095613,2459786.5804138,4.507111658909035,0.03928306933510267,14.765319828809156,0.009473692164541527,18.167127077655614,1.53,bl533104,bl,G,g
283469095613,2459788.3232386,4.632181261676026,0.053173863755788836,14.735601758758044,0.012477421484691678,17.838395065280924,1.67,bp386317,bp,G,g
283469095613,2459789.5277886,3.4257133074230675,0.042130362830189554,15.063188085467695,0.013367689742828485,18.091152613134284,2.26,bH375182,bH,G,g
283469095613,2459789.5290638,3.4016854736146422,0.047011489470261805,15.070830233709016,0.015021801831100242,17.972130583425386,2.25,bH375183,bH,G,g
283469095613,2459791.5603627,3.48433518231983,0.0446591081660534,15.044765806938202,0.013931641571815132,18.02786549633388,1.62,bH375893,bH,G,g
283469095613,2459792.5454186,3.282421004653212,0.08707720670323689,15.109579914590947,0.02883516087264051,17.302879388632416,1.42,bH376276,bH,G,g
283469095613,2459793.5354301,3.128625009732348,0.05017172231146332,15.161681840625933,0.017430814048883123,17.901493086721825,1.48,bl535880,bl,G,g
283469095613,2459794.5164744,3.079250347157986,0.0564488164719509,15.178953124634958,0.019926086641598496,17.773503509522634,1.55,bl536288,bl,G,g
283469095613,2459800.469647,3.7041294175001904,0.06534088226106405,14.978350242373368,0.019173924586518194,17.614678125911325,1.49,bH378761,bH,G,g
283469095613,2459800.4722318,4.404891838984023,0.10629770500742876,14.790227500065358,0.02623015227778581,17.086330891182136,1.49,bH378807,bH,G,g
283469095613,2459801.531715,3.4704767011250746,0.14661259896133647,15.049092789448517,0.045919201981239575,16.737212380354045,1.49,bH379193,bH,B,g
283469095613,2459804.5272096,3.769229318109229,0.1334182565737694,14.959434220977252,0.03847466732925394,16.83960245827891,1.48,bH380389,bH,G,g
283469095613,2459805.5297319,3.892200122244509,0.06503924243830252,14.924577717397229,0.01816320500409364,17.61970192630176,1.59,bl540164,bl,G,g
283469095613,2459806.5220399,4.131692570711765,0.03422768121912959,14.859745624172586,0.009004542494005488,18.316696915149283,1.47,bl540566,bl,G,g
283469095613,2459807.5224853,4.234241439973284,0.04122941334590203,14.83312657672599,0.010583850816992925,18.114622723289756,1.51,bH381509,bH,G,g
283469095613,2459808.5240046,4.154312827572927,0.03803386892155821,14.853817630726905,0.009951383920072207,18.20221434788558,1.49,bH381913,bH,G,g
283469095613,2459809.4783645,4.702635041276287,0.046934325698707716,14.719212433183369,0.010848294831272571,17.97391415450115,1.64,bH382078,bH,G,g
283469095613,2459810.5154612,4.685044366746451,0.04513526649738464,14.723281352396736,0.010471634511720939,18.016350583795756,1.46,bl541950,bl,G,g
283469095613,2459813.2293998,4.32617446706589,0.0538048479038989,14.809805547795394,0.013518532545449966,17.825587091279072,2.06,bp390712,bp,G,g
283469095613,2459815.245946,4.364007097269954,0.05849316769627438,14.800352001736044,0.0145690711970703,17.734877758420236,1.51,bp391505,bp,G,g
283469095613,2459816.4914063,4.622927417917481,0.05188413565289635,14.737772935110007,0.01219915316085979,17.865054146090213,1.55,bH384828,bH,G,g
283469095613,2459816.4926931,4.541793007544328,0.05376135229786753,14.756997278930141,0.012866339879561707,17.826465150682516,1.56,bH384829,bH,G,g
283469095613,2459818.2428712,4.482115559948893,0.055424527436173654,14.771357998477422,0.01344098579237552,17.793385614203522,1.52,bp391939,bp,G,g
283469095613,2459818.2441463,4.5351458287412605,0.05774138766946702,14.758587481113123,0.013839109098508178,17.74892256931967,1.54,bp391940,bp,G,g
283469095613,2459818.2454096,4.487943856776977,0.08046945373359184,14.76994708390599,0.019489280687955676,17.38856297861355,1.53,bp391941,bp,G,g
283469095613,2459818.4680327,3.93728833000735,0.07176244528144114,14.912072573275877,0.019811263838649156,17.51289753962191,1.61,bl544051,bl,G,g
283469095613,2459818.4692731,3.9290935476953,0.07707892639597723,14.914334699677369,0.021323351230438832,17.435301469198684,1.61,bl544052,bl,G,g
283469095613,2459820.4725486,3.442456402081135,0.06365741684858486,15.057894500472162,0.020099846248976524,17.64301808287577,1.72,bl544855,bl,G,g
283469095613,2459821.4806752,3.3490028470523248,0.053388095511099354,15.08777683042675,0.01732770655901278,17.834029539573343,1.56,bl545278,bl,G,g
283469095613,2459821.4819276,3.270140217518714,0.07929835088104203,15.113649685288184,0.026357848263371383,17.404480222300464,1.49,bl545279,bl,G,g
283469095613,2459826.2170225,4.12230312207819,0.18159799514355682,14.862215814151117,0.047883214627974666,16.504862987528202,2.47,bp393646,bp,B,g
283469095613,2459928.1488992,4.197174512772058,0.059647451583342746,14.842673054889506,0.015447102879887915,17.713660878137706,1.50,bD398646,bD,G,g
283469095613,2459935.0134763,3.280074733092989,0.08704665103496556,15.110356275350474,0.02884566137576589,17.303260443774132,1.57,bt492403,bt,G,g
283469095613,2459935.0146932,3.5587739764236725,0.11096586932563639,15.021814606971331,0.03389231127152464,17.039667061837815,1.71,bt492404,bt,B,g
283469095613,2459935.8510584,4.475884758084232,0.07791314427635969,14.77286838204963,0.018920996602387774,17.423613783527088,1.56,bl581772,bl,G,g
283469095613,2459935.8522884,4.539015484420564,0.10539517651108714,14.757661461532765,0.0252389477105292,17.09558877264159,1.53,bl581798,bl,G,g
283469095613,2459938.8454617,4.921262530865425,0.06937952421520148,14.669874288204968,0.015323816977431105,17.549562318317797,1.55,bl582687,bl,G,g
283469095613,2459938.846702,4.93114895628208,0.09662676644414289,14.667695318390873,0.02129911201064453,17.189896995486343,1.54,bl582688,bl,G,g
283469095613,2459939.8437334,4.8144753583182265,0.052855346646726135,14.693693201731296,0.011933068396991478,17.844918297815003,1.60,bH422244,bH,B,g
283469095613,2459942.8489547,4.685324822462896,0.05137435982042565,14.723216360096194,0.01191842563172185,17.875774553584122,1.50,bl583877,bl,G,g
283469095613,2459943.8300558,4.60350584272244,0.049456775507459395,14.742343875557332,0.011677483752302537,17.91707611711329,1.54,bl584155,bl,G,g
283469095613,2459943.8325726,4.495066519582174,0.06987175771700166,14.768225314882349,0.016895759474307145,17.541886439824406,1.55,bl584157,bl,G,g
283469095613,2459944.5774217,4.680620394155971,0.05830336375074476,14.72430707084603,0.013539491804831258,17.738406582338612,2.23,bp418324,bp,G,g
283469095613,2459955.8052194,3.3995021944449673,0.09190941540028602,15.071527307642786,0.029387108101244383,17.244240602102693,1.49,bH425161,bH,G,g
283469095613,2459957.8266513,2.90108243025282,0.10132609489948796,15.243665450141696,0.03796412626019674,17.138337348203645,1.63,bH425662,bH,G,g
283469095613,2459968.0739459,4.685017409102699,0.040841457719251385,14.7232875997173,0.009475501358654636,18.124887524958815,1.59,bD401533,bD,G,g
283469095613,2459969.0547301,4.650548572837128,0.039738155474339606,14.731305160431452,0.009287860685296771,18.154621349947256,1.58,bD401949,bD,G,g
283469095613,2459976.5282669,4.2944756861737625,0.03973759129691314,14.817790251632028,0.010057813147585293,18.154636764658857,1.49,bp425804,bp,G,g
283469095613,2459979.5508455,4.631679856590902,0.09984278798016868,14.735719289374652,0.023430973837544136,17.154348862399754,1.48,bp426846,bp,G,g
283469095613,2459980.7425439,3.177909319305278,0.10915956332336774,15.144711870820638,0.037336401811008425,17.0574861372654,1.47,bl595791,bl,G,g
283469095613,2459983.7229697,3.8887632567884203,0.1848964240425251,14.925536860710842,0.05168079430097357,16.485319331835445,1.40,bH434014,bH,G,g
283469095613,2459984.8690357,5.019749413011505,0.20099754497989725,14.648360528255672,0.043523206916096464,16.394663729186917,2.11,bt500612,bt,G,g
283469095613,2459989.9856877,4.1370327399440825,0.0777513468969358,14.858343227633014,0.020428248673895717,17.42587080867923,2.08,bt502054,bt,G,g
283469095613,2459994.6913826,4.032652941369442,0.035410427995557894,14.886088503993811,0.00954448503427992,18.279812671489456,1.51,bl600861,bl,G,g
283469095613,2459995.7139868,3.7755311766748414,0.03164768652921832,14.95762047020336,0.009111210492290439,18.40178569082864,1.43,bl601281,bl,G,g
283469095613,2459996.79752,3.099143186777196,0.046288324537867846,15.17196151728369,0.016234614925660747,17.98896195831468,1.47,bl601771,bl,G,g
283469095613,2459996.8456082,2.9687631203371656,0.05281150889871874,15.218626756478875,0.01933593610992683,17.84581917127493,1.38,bH438714,bH,G,g
283469095613,2459998.8663477,3.844675307222908,0.0397064577039167,14.937916451298596,0.011225705607791887,18.15548775025831,1.56,bt504595,bt,G,g
283469095613,2460000.8834602,2.9719848165999956,0.04940297193798217,15.21744915640113,0.018068356958403798,17.91825792246084,1.52,bH440392,bH,G,g
283469095613,2460001.7775216,3.6267795970038117,0.03377926599577574,15.00126271259326,0.01012374545836806,18.33101509052816,1.48,bl603881,bl,G,g
283469095613,2460002.6733849,4.820435267389776,0.04364303197752256,14.692349984314394,0.00984103625607338,18.052853325546543,1.49,bl604232,bl,G,g
283469095613,2460003.7246797,4.389076274209244,0.039111296948164426,14.794132801873856,0.009685928572554204,18.171885067464945,1.42,bH441524,bH,G,g
283469095613,2460004.7614984,4.253141117774767,0.03141500084277743,14.828291140541769,0.00802859324460005,18.409797922184993,1.50,bl605169,bl,G,g
283469095613,2460004.7785246,3.780262147799914,0.03201431471094997,14.956260828115537,0.009205226199545008,18.389280086744378,1.45,bH441984,bH,G,g
283469095613,2460008.9900765,3.930620296436841,0.06770287362750682,14.913912891342363,0.01872225615295608,17.57612285501428,1.54,bt507352,bt,G,g
283469095613,2460010.7454377,5.540123729871309,0.22363405194017175,14.541266961995314,0.0438763650581796,16.278795779732732,1.44,bH444066,bH,G,g
283469095613,2460010.7734587,4.065226734386586,0.09660515044920226,14.877353689802106,0.025830194765309906,17.190139908445904,1.49,bl607636,bl,G,g
283469095613,2460017.5224266,3.468394269353257,0.04899658356594673,15.049744472307616,0.015354989056614036,17.927226114951765,1.47,bp436352,bp,G,g
283469095613,2460017.6486619,2.754946786488765,0.07749600826110017,15.299782585780495,0.03057583253559365,17.42944227888042,1.52,bp436429,bp,B,g
283469095613,2460017.6511655,2.540112181003976,0.10566291335406366,15.387933379437932,0.04521492933857805,17.092834159066904,1.59,bp436431,bp,B,g
283469095613,2460018.005777,3.3908609258286604,0.10326904790923999,15.074290677757237,0.033103382171684806,17.11771517880733,1.53,bt510725,bt,G,g
283469095613,2460018.0070172,3.4363312242282955,0.11838234483890449,15.059828076408607,0.03744588439966671,16.969423266597577,1.53,bt510726,bt,G,g
283469095613,2460018.5425889,4.107227330718921,0.04898688970037615,14.866193769126376,0.012964127610199534,17.927440946708543,1.47,bp436697,bp,G,g
283469095613,2460018.9947141,3.29784589913137,0.06043122122565592,15.104489726819128,0.019917883381145293,17.6994871844755,1.59,bt511111,bt,G,g
283469095613,2460019.9965081,2.9545377271704827,0.04446029096444417,15.223841772389658,0.016356671562459082,18.032709860055725,1.47,bD405305,bD,G,g
283469095613,2460021.6544122,3.005070352276573,0.05165218171326262,15.205429012759915,0.01868298215805573,17.869918935911503,1.49,bl612015,bl,G,g
283469095613,2460023.4434895,4.239887753801631,0.036156792806459725,14.83167972404912,0.009269316554645426,18.257165860047145,1.68,bp437930,bp,G,g
283469095613,2460024.7890669,4.212494555138706,0.03265969878630382,14.838717240951542,0.00842723287333474,18.367610173916475,1.44,bl613419,bl,G,g
283469095613,2460025.7415359,3.3243245510652875,0.038960818224950455,15.095807079796817,0.012739043619652578,18.17607043889484,1.45,bl613818,bl,G,g
283469095613,2460025.8043966,4.321689850510071,0.038234204035356364,14.810931631835746,0.009616358153241873,18.19651047789238,1.50,bH450019,bH,G,g
283469095613,2460027.6175738,3.926888663401363,0.030849532628192025,14.914944151863935,0.008539101450809362,18.42951913934681,1.50,bl614606,bl,G,g
283469095613,2460028.8731858,4.774567204800977,0.047083988187183456,14.702730595616538,0.010718929242023424,17.970457506263845,1.51,bl615252,bl,G,g
283469095613,2460029.9056848,4.735270472484884,0.05350059872498972,14.711703646324226,0.012280782067039869,17.83174400585153,1.45,bt514087,bt,G,g
283469095613,2460031.8748711,4.624291731407801,0.044161842924655685,14.737452561052054,0.01038040114401693,18.04002263966944,1.53,bl616595,bl,G,g
283469095613,2460032.8087653,3.1940657009032822,0.04767176117256867,15.139206009302146,0.016222938587224386,17.95698761974082,1.44,bl616996,bl,G,g
283469095613,2460034.6206402,4.68265086983613,0.047354753826120075,14.723836175379857,0.01099218368770968,17.964231653261834,2.43,bp440564,bp,G,g
283469095613,2460034.6220196,4.66119248888602,0.05090689823910004,14.728823027397189,0.011871122073253882,17.885699020817064,2.41,bp440565,bp,G,g
283469095613,2460036.3377739,4.253969705338803,0.07502614179624727,14.828079640412374,0.0191703655115383,17.464609077639935,1.57,bp441196,bp,G,g
283469095613,2460039.5692501,4.3945003762806625,0.13901594809728623,14.79279185729509,0.03438486254903513,16.794979046538185,1.56,bl620012,bl,G,g
283469095613,2460039.5704902,4.226282965275189,0.24873146415354672,14.835169194003377,0.0639711749887093,16.163313795594,1.61,bl620013,bl,G,g
283469095613,2460044.663783,4.749862867745335,0.08604782370443315,14.708362943820694,0.019691145989102942,17.315790884548136,1.40,bH457955,bH,G,g
283469095613,2460046.6222296,4.013809425367659,0.02664549649927925,14.891173751153705,0.00721571283674382,18.588581068728672,1.55,bl623308,bl,G,g
283469095613,2460046.6707202,4.590257292769423,0.06000231610912939,14.745473049126282,0.014208334011473719,17.707220574899715,1.37,bH458873,bH,G,g
283469095613,2460047.8502512,3.2564817891869686,0.05625800860665692,15.118193987615856,0.018777936839109093,17.77717972354568,1.39,bH459470,bH,G,g
283469095613,2460048.6619616,4.57501049383692,0.03982152365665972,14.749085385887952,0.0094610197949282,18.15234592882972,1.51,bl624295,bl,G,g
283469095613,2460049.9434492,3.6877889873366425,0.028598157420517363,14.98315046460448,0.008429157369007578,18.51179548035737,1.48,bD414713,bD,G,g
283469095613,2460050.7363355,4.912959993563868,0.05077071189857168,14.671707553103936,0.011232649254987983,17.88860747880945,1.48,bl625310,bl,G,g
283469095613,2460051.851743,3.2061007229208416,0.10915752263346375,15.135122717192004,0.037007409116965415,17.057506434814734,1.41,bH461242,bH,B,g
283469095613,2460053.6418527,2.923381304422021,0.04922928876651574,15.23535195918267,0.018304179617076203,17.922081707923805,1.40,bH462018,bH,G,g
283469095613,2460053.6431509,2.8656726966289128,0.051576469464954804,15.256999157622008,0.019563078476882788,17.87151158568331,1.41,bH462019,bH,G,g
283469095613,2460057.9519462,3.0293572755194904,0.04507099048093576,15.196689382135549,0.016171815533410232,18.017897855843273,1.44,bD417260,bD,G,g
283469095613,2460059.9272826,3.265897503948084,0.0437447036345928,15.115059245199971,0.014559119154745505,18.05032691498987,1.48,bD418138,bD,G,g
283469095613,2460060.8352485,4.691080850772102,0.04701263822276959,14.72188332709106,0.010893159880625614,17.972104053167275,1.55,bl629693,bl,G,g
283469095613,2460061.8381935,4.6257873555049605,0.047435232759437576,14.737101460649583,0.011146218285785409,17.96238802154996,1.39,bH465236,bH,G,g
283469095613,2460062.8263657,4.7243419116430765,0.05565489147961938,14.71421231982351,0.012804841053389488,17.788882260778365,1.41,bH465685,bH,G,g
283469095613,2460067.4093942,3.226563587993877,0.4075468792346419,15.12821505115172,0.1372933544365543,15.627196681685156,1.64,bp448884,bp,G,g
283469095613,2460071.8241484,4.083254617010236,0.06459564535331089,14.872549467775482,0.01719526813249256,17.627132507738253,1.44,bD420147,bD,G,g
283469095613,2460072.7735106,3.3895776694052495,0.08654432686544782,15.074701647624732,0.027752696554207437,17.309544100520323,1.53,bl635208,bl,G,g
283469095613,2460075.6795579,3.932290421208168,0.0783499301948172,14.913451658848933,0.02165734431611398,17.417544076757373,1.41,bH471431,bH,G,g
283469095613,2460075.9623432,4.443974177618052,0.05315991913953063,14.780636805425733,0.013002442969821393,17.8386798322554,1.44,bD421799,bD,G,g
283469095613,2460076.7305461,3.307495039606617,0.06230541711809933,15.101317618457715,0.020475700995835726,17.666326091815872,1.49,bl637095,bl,G,g
283469095613,2460076.9209409,4.826412268476737,0.04677552419633119,14.69100458162564,0.010534317885574084,17.977593953492107,1.45,bD422212,bD,G,g
283469095613,2460077.9213457,4.707762098418286,0.04208167788148631,14.718029351952875,0.00971607172638883,18.092407992219652,1.51,bD422643,bD,G,g
283469095613,2460078.474035,3.0280977182214515,0.053218694726428546,15.197140907398738,0.019103216835852765,17.83748006499344,1.46,bl637834,bl,G,g
283469095613,2460078.933112,4.624345019063271,0.03729650275548727,14.737440049729926,0.00876657704842928,18.223470335218124,1.48,bD423041,bD,G,g
283469095613,2460079.914106,4.4527858059210494,0.03180853660389617,14.778486110786915,0.007764688852225428,18.396281388333637,1.46,bD423463,bD,G,g
283469095613,2460080.5173005,2.8848056577149386,0.05312733271526171,15.249774219475654,0.0200176745435254,17.83934558023747,1.42,bp452587,bp,G,g
283469095613,2460080.6061743,4.640419561457353,0.04242980963899604,14.733672500104007,0.009938618198732981,18.083462903161575,1.51,bl638827,bl,G,g
283469095613,2460080.9109301,4.363933936280121,0.03394833566495412,14.800370203860723,0.008455756982578291,18.32559439238573,1.49,bD423890,bD,G,g
283469095613,2460081.5127692,2.8386111679772297,0.051678378786019746,15.267300854570143,0.01978860348611856,17.869368409313694,1.51,bp453030,bp,G,g
283469095613,2460081.5526532,3.4125667256775207,0.04193920293431008,15.06736274262889,0.013358300015932639,18.09609018062771,1.55,bl639272,bl,G,g
283469095613,2460082.5448638,3.121797033414156,0.0466795404652706,15.164053963337526,0.016253020422990528,17.979824181439636,1.48,bl639499,bl,G,g
283469095613,2460082.9000847,3.4887283798400466,0.03394920443265697,15.043397726985699,0.01057729497634991,18.325566607798923,1.45,bD424663,bD,G,g
283469095613,2460084.505208,2.8363996033937964,0.04971037972323543,15.268147082341574,0.019049862146944326,17.911522909937677,1.54,bp453615,bp,G,g
283469095613,2460084.5672826,3.4354408529319707,0.05941930677647744,15.060109432759386,0.018799975252896374,17.717821659590083,1.49,bl640352,bl,B,g
283469095613,2460086.9095736,3.3025848654552266,0.04067272802104688,15.102930656395221,0.013386328824378284,18.12938235496024,1.52,bD425499,bD,G,g
283469095613,2460088.2577681,3.145792517548231,0.04329654355756228,15.155740434522901,0.014960128529180121,18.061507543410645,1.52,bp454206,bp,G,g
283469095613,2460088.4916846,3.1310170927796315,0.05254843012542282,15.160852025996562,0.018242589273530167,17.851241246214226,1.52,bH476402,bH,G,g
283469095613,2460088.8833757,2.961085591406772,0.047379207400971526,15.221438219700218,0.017391979019036167,17.963671133427177,1.50,bD426087,bD,G,g
283469095613,2460089.2556634,2.984464730601269,0.05198328484968672,15.21289949500187,0.01893256432533091,17.862981313149827,1.65,bp454568,bp,G,g
283469095613,2460089.6265707,3.802032073406759,0.03134235839556245,14.950026181802425,0.008960413854219758,18.412311430437263,1.48,bl642246,bl,G,g
283469095613,2460089.7839206,3.9156640253735,0.027463765747422167,14.918052069578325,0.007623718249889637,18.555740396160747,1.88,bD426387,bD,G,g
283469095613,2460090.7766439,4.081780875283621,0.03007201074370079,14.872941406002312,0.008008016402253227,18.457234441781317,1.45,bD426623,bD,G,g
283469095613,2460091.2476643,3.0238251232245967,0.06571298929781538,15.198673944738639,0.023621459366692618,17.608512551972325,1.50,bp454771,bp,G,g
283469095613,2460091.7731936,4.38608803521918,0.04627063501906244,14.794872261391877,0.011466748522859421,17.989376961926165,1.64,bD427024,bD,G,g
283469095613,2460092.259213,2.9592165644401183,0.06043391691285768,15.222123749005771,0.02219811855341507,17.69943875355096,1.56,bp455231,bp,G,g
283469095613,2460093.27377,3.1022246578781374,0.0618473578572761,15.170882508556138,0.021670058228884365,17.674337733603515,1.47,bp455675,bp,G,g
283469095613,2460100.8562264,4.089468658487402,0.07649193882466011,14.870898411968906,0.020331103795936094,17.443601438866484,1.45,bD430107,bD,G,g
283469095613,2460101.4715577,4.8606279967136405,0.18925270363875665,14.68333466214717,0.042321580794908255,16.460035380219228,1.68,bp456727,bp,G,g
283469095613,2460101.8528053,4.283823268199759,0.15686397665076696,14.820486758682907,0.03980190399361149,16.663832559964302,1.48,bD430529,bD,B,g
283469095613,2460102.4487482,4.722554342287028,0.10101559251494288,14.71462321219268,0.02325003570594937,17.14166957251684,1.58,bp457161,bp,G,g
283469095613,2460102.8490383,4.565814430543659,0.04418256080090689,14.751269981328704,0.010518281752410827,18.039513402008755,1.47,bD430950,bD,G,g
283469095613,2460103.6930315,3.019081211502581,0.07128229947696957,15.200378633668619,0.025663688676493768,17.520186358826248,1.51,bl648053,bl,G,g
283469095613,2460103.8454353,4.483925860064372,0.033614596523567006,14.770919564543984,0.008148574721615964,18.3363208544927,1.46,bD431370,bD,G,g
283469095613,2460104.6864253,2.8607863671143345,0.06546939532001146,15.258852053483448,0.024875113722380122,17.61254478702764,1.50,bl648543,bl,G,g
283469095613,2460104.8420412,4.57906924059914,0.035320868950739444,14.748122595804778,0.008384290964439758,18.282562162975847,1.60,bD431791,bD,G,g
283469095613,2460106.8429006,4.701168995356859,0.04179930110364294,14.719550964088363,0.009664409635904503,18.099718060674977,2.16,bD432209,bD,G,g
283469095613,2460109.8247776,4.517136294725186,0.03417448426476189,14.762907635665076,0.008223391132127469,18.318385688321182,1.50,bD433268,bD,G,g
283469095613,2460112.6734344,3.5273439693123447,0.04296985355621915,15.031446092272523,0.013241227101028416,18.069730927478776,1.38,bH485608,bH,G,g
283469095613,2460114.795228,2.948690981868843,0.04851304186641625,15.22599246837065,0.017883042872360946,17.93799434487385,1.47,bD435173,bD,G,g
283469095613,2460118.8234521,3.003177418273087,0.048246388109534764,15.206113148011086,0.017462080623985094,17.943978596144888,1.60,bD436847,bD,G,g
283469095613,2460121.5272832,3.1006239646670375,0.050894221700940136,15.171442873870959,0.01784150765364242,17.885969418166535,1.38,bH488255,bH,G,g
283469095613,2460121.5502804,3.802741344467998,0.05959721726081137,14.949823656038646,0.017034969804975108,17.714575656575164,1.59,bl654314,bl,B,g
283469095613,2460127.7850082,4.297229040049017,0.06158496715432902,14.817094367361218,0.01557752241400763,17.678953826107445,1.48,bD440304,bD,G,g
283469095613,2460129.6393351,4.820503754964861,0.18745449748630727,14.692334558547326,0.04226838084343706,16.47040094980094,1.52,bl657958,bl,G,g
283469095613,2460133.8080959,3.851353886950027,0.024366352668302595,14.93603205677686,0.006876845577226704,18.685664297156762,1.48,bD442763,bD,G,g
283469095613,2460137.3724508,4.402454570086785,0.03794450015564659,14.790828414580833,0.009368415108369527,18.204768520886446,1.55,bp462776,bp,G,g
283469095613,2460139.5099746,4.156655767782917,0.0326324847140379,14.85320547221619,0.008533324398761812,18.368515253320012,1.54,bl661796,bl,G,g
283469095613,2460141.5856006,3.2983876377683066,0.04799743403703971,15.104311387089442,0.015817159680056005,17.949595560364756,1.50,bl662883,bl,G,g
283469095613,2460142.5458594,4.012369812925247,0.027391675501447728,14.891563236441762,0.007420442709879214,18.558594116168926,1.46,bl663398,bl,G,g
283469095613,2460149.2220747,4.445603439745382,0.04839714370935914,14.780238822760047,0.011833172189431,17.940591283150795,1.47,bp466103,bp,G,g
283469095613,2460154.2618939,4.5199448262724005,0.09515783250723464,14.762232788457144,0.02288355955964163,17.206529258505896,1.53,bp467024,bp,G,g
283469095613,2460156.5225852,4.68556805274275,0.08394482418305892,14.723159997500971,0.019473492452768807,17.34265580183036,1.54,bl668555,bl,G,g
283469095613,2460158.5656598,4.822708260709155,0.15547114983677704,14.691838144751179,0.03504055628538417,16.673516085095162,1.64,bH502756,bH,G,g
283469095613,2460159.5577549,4.559661145247703,0.10692390641533557,14.752734199950755,0.02548909528707088,17.079953568637574,1.50,bl670032,bl,G,g
283469095613,2460162.2963284,4.860885333576188,0.0693507263089609,14.683277181395137,0.015507714968748715,17.55001307696283,1.59,bp469063,bp,G,g
283469095613,2460163.2999385,4.893047582456055,0.05426691340643697,14.676117024586032,0.012055017746664039,17.816302810242423,1.61,bp469434,bp,G,g
283469095613,2460170.2564417,3.070976076333779,0.046741790380095245,15.181874539296258,0.01654402138881587,17.97837725287076,1.55,bp471961,bp,G,g
283469095613,2460291.1482469,2.9246459663230038,0.05723084325510176,15.23488236861118,0.021270074749927006,17.758565249015284,1.51,bD499434,bD,G,g
283469095613,2460302.8435818,3.7763772165223894,0.040494621127363455,14.957377200277621,0.011655586824633074,18.13414726142055,1.49,bl702014,bl,G,g
283469095613,2460303.8402597,4.128186395481579,0.05628381668446478,14.860667376569168,0.014819597700459904,17.776681761745788,1.96,bl702363,bl,G,g
283469095613,2460309.1542102,4.558425588147751,0.057729880755379465,14.75302844788322,0.013765689309360759,17.74913896034822,1.54,bD503424,bD,G,g
283469095613,2460310.8341684,4.65428614793449,0.07620199937933185,14.730432921226516,0.017796125455604828,17.447724695297268,1.58,bl703990,bl,G,g
283469095613,2460312.1227703,4.534018993420772,0.059594482953443134,14.758857284548068,0.014286797651247721,17.714625471058888,1.75,bD504890,bD,G,g
283469095613,2460317.8179651,4.484035950443959,0.04924450190088536,14.770892907626072,0.01193715507469621,17.921746238946884,1.51,bl706533,bl,G,g
283469095613,2460317.8633278,4.89719853720215,0.08174867610336678,14.675196344540378,0.01814450771376321,17.371438791159022,1.39,bH527441,bH,G,g
283469095613,2460332.8656664,3.059428530004329,0.05609781797399345,15.185964841571401,0.019930483259917992,17.78027568915222,1.48,bl712003,bl,G,g
283469095613,2460334.0432423,4.337050308739353,0.08296415661840459,14.807079472558717,0.020792572067990053,17.355414354749175,1.56,bD508028,bD,G,g
283469095613,2460336.045756,4.598945655832987,0.08423636614450401,14.743419928044517,0.019909186670262976,17.338891552342076,1.46,bD508880,bD,G,g
283469095613,2460337.0340449,4.237321235867417,0.15605762937653003,14.832337148333428,0.04003186177675838,16.669428097953013,1.57,bD509372,bD,G,g
283469095613,2460338.0344138,4.578979094368829,0.06983663562123027,14.74814397045195,0.016577797142198775,17.542432338762303,1.66,bD509808,bD,G,g
283469095613,2460339.0451525,4.597494202098977,0.08435154686002058,14.743762646728264,0.019942703557173376,17.337407983441373,1.59,bD510264,bD,G,g
283469095613,2460359.7165003,3.3193053483999333,0.05777087289289282,15.097447607993619,0.018917942300114742,17.748368287460444,1.41,bH538784,bH,G,g
283469095613,2460360.8121599,4.348646078371727,0.05807426414726965,14.804180463928748,0.014515828380246438,17.74268132242056,1.62,bH539173,bH,B,g
283469095613,2460364.6838209,3.3771177014847993,0.2637555896873413,15.078700129255616,0.08489217246699987,16.09963643077597,1.64,bH540439,bH,G,g
283469095613,2460365.7612457,3.269198300831926,0.19726464651285727,15.11396246097732,0.06558736249836866,16.415017464963316,1.43,bH540743,bH,G,g
283469095613,2460367.8389579,3.280702072439956,0.15486752261608405,15.110148639863416,0.05131043904512171,16.677739733723907,1.54,bH541668,bH,G,g
283469095613,2460372.8191856,3.088886537559123,0.05856748377587816,15.175560732571807,0.02060946806493794,17.733499196656794,1.55,bl725404,bl,G,g
283469095613,2460373.8371371,3.0617335177559806,0.05288538458796383,15.185147150828286,0.018775021846022998,17.844301444104712,1.42,bl725847,bl,G,g
283469095613,2460374.8436164,2.9775997464354127,0.049541246766459934,15.215399825273945,0.01808476150374339,17.915223281585682,1.42,bl726282,bl,G,g
283469095613,2460375.8478349,2.839303651691798,0.05313705754237328,15.26703601979621,0.020342195949100125,17.839146857092604,1.45,bH544653,bH,G,g
283469095613,2460379.8170713,3.196316729463421,0.04527609671360397,15.138441102558799,0.01539683102994773,18.012968164093024,1.49,bl728410,bl,G,g
283469095613,2460381.8115541,3.5067298261113815,0.03875045244203773,15.03780985424861,0.012011206762661247,18.181948667437442,1.43,bl729172,bl,G,g
283469095613,2460383.8097971,3.8658137077621184,0.02506574226097218,14.931963318045922,0.007047771590258011,18.65493918715734,1.57,bl729986,bl,G,g
283469095613,2460386.8035107,4.128778243549021,0.024999886621759518,14.860511728360963,0.006581557110440076,18.657795513727674,1.68,bl731189,bl,G,g
283469095613,2460388.6395005,3.194124069844374,0.06671385316085084,15.13918616854135,0.02270264278966053,17.592100549640982,1.44,bl731918,bl,G,g
283469095613,2460389.8161414,3.9448249736388075,0.03538210994946378,14.909996274945328,0.009749181628959633,18.28068129212165,1.38,bH547364,bH,G,g
283469095613,2460390.8302653,4.303172281924947,0.03652519473307534,14.815593787640829,0.009226053716154797,18.24615926133808,1.47,bl732971,bl,G,g
283469095613,2460391.832988,4.340147772879148,0.05811619496607526,14.806304330843448,0.014554752612751024,17.741897681312743,1.66,bl733164,bl,G,g
283469095613,2460393.7559083,5.504812342155946,0.32198221385063763,14.54820932589077,0.06357722034387914,15.883060906114606,2.02,bH548824,bH,G,g
283469095613,2460399.8265305,4.291769939769177,0.11941767716784196,14.818474538352342,0.030244357183671633,16.959969063131158,1.51,bH551310,bH,G,g
283469095613,2460401.8076133,4.45242797157816,0.05230305580660793,14.778573366120991,0.01276857210914685,17.85632295327121,1.47,bl737611,bl,G,g
283469095613,2460402.8310509,4.603095088636705,0.04973701485661734,14.742440756172828,0.01174470038728827,17.91094132146178,1.46,bl738078,bl,G,g
283469095613,2460403.669509,3.968026393568946,0.021786690369207686,14.903629241712444,0.005968000924162685,18.807162458217487,1.60,bl738406,bl,G,g
283469095613,2460404.8002495,3.456392352091791,0.03993591470384893,15.053508033513936,0.01255893385850584,18.149231521217168,1.55,bl738960,bl,G,g
283469095613,2460405.8101907,3.4368190673541674,0.04096228449700702,15.059673949429735,0.012955067289484166,18.12168018752023,1.39,bH554019,bH,G,g
283469095613,2460406.7896152,3.032917281883119,0.04672117472757107,15.19541420787352,0.016744236935441716,17.97885622677593,1.49,bl739816,bl,G,g
283469095613,2460407.7919382,2.943419977892695,0.04823499653350917,15.227935039180354,0.017812389822704906,17.944234982319767,1.64,bl740280,bl,G,g
283469095613,2460409.7745658,3.0463595768500804,0.051169051074403074,15.190612712417472,0.018257376509057524,17.880122203708577,2.03,bl741166,bl,G,g
283469095613,2460410.7912825,3.0504355406805876,0.06252952671312748,15.189160991612011,0.022281040184488173,17.66242775766211,1.52,bH555359,bH,B,g
283469095613,2460411.790415,3.0332267422014367,0.04424808110658548,15.195303431647144,0.015856295760579526,18.037904507636735,1.39,bH555820,bH,G,g
283469095613,2460417.6241326,4.43105433368297,0.045134757551595836,14.783797933801022,0.011071748478661655,18.016362826638826,1.59,bl743426,bl,G,g
283469095613,2460417.8049943,3.2815054235281798,0.04920901177240959,15.109882806341233,0.01629985307683857,17.922529002662042,1.92,bH557157,bH,G,g
283469095613,2460418.7096218,4.348287492633078,0.04449161071815445,14.80426999652458,0.011121722405592878,18.0319452897365,1.46,bl743965,bl,G,g
283469095613,2460419.7470125,3.9650135215226943,0.037060646365509854,14.90445394055506,0.010159690767306244,18.23035813776492,1.64,bl744468,bl,G,g
283469095613,2460420.7347203,4.180455484085275,0.07250981299892145,14.847006614347062,0.01885321215099793,17.50164864870807,1.42,bH558493,bH,G,g
283469095613,2460426.7928475,4.333752514383773,0.07722835185890038,14.807905355691659,0.019369786446638438,17.43319869494779,1.62,bD540480,bD,G,g
283469095613,2460427.8811762,3.7766219219062087,0.14546218023436713,14.957306847960632,0.04186573841427403,16.745765379865077,1.52,bt587439,bt,G,g
283469095613,2460429.8123166,4.28887414694965,0.04839605293093718,14.819207366143177,0.012265318019911554,17.940615753829835,1.75,bt588184,bt,G,g
283469095613,2460430.767992,4.792841309944914,0.05610421593448031,14.698582997724824,0.0127237351423481,17.780151867914714,1.43,bt588552,bt,G,g
283469095613,2460431.8359789,4.100570805275219,0.030944030842163944,14.86795483394227,0.008202471736256097,18.426198398272383,1.43,bt589009,bt,G,g
283469095613,2460433.797529,4.597540096549771,0.05307844676410397,14.74375180842898,0.012548876717208524,17.84034509742165,1.53,bH562665,bH,G,g
283469095613,2460434.8267912,4.6133721645546855,0.05261342844657915,14.74001939498934,0.012396248804822908,17.849899104862356,1.47,bt590151,bt,G,g
283469095613,2460436.6883435,2.9768749496119904,0.04741265491473851,15.215664143520758,0.017311944688593338,17.962904924656172,1.47,bl750595,bl,G,g
283469095613,2460439.7603191,3.718691052657523,0.040340031678144796,14.97409037516098,0.011791208223223383,18.13830002414508,1.49,bH564770,bH,G,g
283469095613,2460440.7719752,3.9398617833179705,0.06216238779481072,14.911363156420844,0.01714979269235783,17.66882139062988,1.58,bt592018,bt,B,g
283469095613,2460443.6982865,3.2514348496727687,0.062149426898367575,15.119877981543983,0.020776588802426325,17.669047790905672,1.54,bt592715,bt,G,g
283469095613,2460444.8376643,4.462323947642618,0.04952252969766168,14.776162884257841,0.012062960300390143,17.91563355868612,1.46,bt593216,bt,G,g
283469095613,2460446.7150348,3.180353162221058,0.06815247396608104,15.143877250082415,0.02329262577818679,17.568936547577593,1.45,bt593752,bt,B,g
283469095613,2460448.5930999,4.735744251980726,0.07331042911974278,14.711595020254665,0.016826341289411965,17.489726207343764,1.47,bH567963,bH,G,g
283469095613,2460449.5697961,4.300084411413662,0.0788863200603445,14.816373169931317,0.01994053880384238,17.410136368228844,1.45,bH568412,bH,G,g
283469095613,2460454.8688456,3.280787871527789,0.07900832182970687,15.110120245344245,0.026176215606549483,17.408458518204082,1.54,bD547928,bD,G,g
283469095613,2460457.5939294,4.494697174494995,0.04586999048353055,14.768314529982337,0.011092779640663396,17.998818986365695,1.46,bl757109,bl,G,g
283469095613,2460481.6860513,1.5087149412163963,0.24623628578990595,15.953547644035147,0.17740139599357863,16.174260482265524,1.41,bH577964,bH,,g
283469095613,2460486.6673126,3.091457547485401,0.09567345933890176,15.174657404639781,0.03363878979038572,17.200661918026313,1.50,bH578814,bH,,g
283469095613,2460487.6642307,2.996663276085729,0.08058489652229549,15.208470758206122,0.02922993701948253,17.387006479996266,1.59,bH579202,bH,,g
283469095613,2460488.655888,3.7592684009711372,0.0767706209643648,14.96230728678235,0.02219749116972396,17.439652977838755,1.57,bH579635,bH,,g
283469095613,2460489.7586251,2.912228322024454,0.06371965320360458,15.23950206938498,0.02378264509304229,17.641957102759857,1.45,bt603508,bt,,g
283469095613,2460490.6776326,3.524178773738149,0.06291172257305536,15.03242079455629,0.019403756601170163,17.655811669750904,1.41,bH580306,bH,,g
283469095613,2460491.5630355,4.479974697784773,0.04259157866629775,14.771876719342387,0.010333807069354493,18.079331267459054,1.43,bH580612,bH,,g
283469095613,2460492.7654035,3.059164027146105,0.04492916025108797,15.186058712940326,0.015963852646613964,18.021319857733204,1.63,bD559536,bD,,g
283469095613,2460494.4916522,2.9623256527584942,0.046303172077702875,15.220983623701441,0.016989872406567415,17.988613751140633,1.51,bl764177,bl,,g
283469095613,2460494.7111185,3.5708765587044544,0.044187722903689816,15.018128528864194,0.013450516365201084,18.03938655661106,1.51,bt604805,bt,,g
283469095613,2460496.6277697,4.961206104019937,0.056727172633670594,14.661097448876774,0.012428423444054922,17.768162765882934,1.46,bH582726,bH,,g
283469095613,2460499.7538091,3.702035405925554,0.048979950700775945,14.978964202309328,0.014381028545392608,17.92759475228342,1.74,bD561945,bD,,g
283469095613,2460501.630538,4.366761587560631,0.04349590036041953,14.799666918889063,0.010826822490229886,18.056519798639027,1.36,bH584586,bH,,g
283469095613,2460502.5884382,3.241008506740945,0.04884292216476909,15.123365194944068,0.0163807446593771,17.930636514104126,1.42,bH584933,bH,,g
283469095613,2460503.5777826,2.932690226753489,0.05247587634376322,15.231900142564012,0.019449376379915926,17.85274136142983,1.41,bH585368,bH,,g
283469095613,2460504.5623889,2.8994000116981207,0.06027928796024694,15.244295281472418,0.02259811164717735,17.702220327350712,1.50,bl768151,bl,,g
283469095613,2460509.6810547,4.37666921860637,0.13175040512914438,14.797206310788567,0.03272053585591656,16.85326071311438,1.47,bt608042,bt,,g
283469095613,2460512.5741838,2.911195731800193,0.11306249347053712,15.239887107669174,0.042214274120927736,17.019344213634724,1.60,bl771411,bl,,g
283469095613,2460516.5716087,3.573677619354103,0.04260158765921346,15.017277191456968,0.012957540795465641,18.07907615014154,1.51,bH590553,bH,,g
283469095613,2460517.5138847,4.388952085462421,0.037589432389429356,14.79416352317325,0.009309301602880798,18.214976191943492,1.63,bl773280,bl,,g
283469095613,2460518.5557488,3.8505864723234775,0.02961690279187255,14.936248420396414,0.008360359097172702,18.473791511658565,1.37,bH591386,bH,,g
283469095613,2460519.5322066,4.27627602396587,0.03594716642341271,14.82240129685694,0.009137157368465086,18.26347895567251,1.43,bH591797,bH,,g
283469095613,2460520.5223263,4.580307671861586,0.04975831867843284,14.74782899293642,0.01180818688896386,17.910476368379534,1.49,bl774540,bl,,g
283469095613,2460521.514108,4.681860805220887,0.041066271082263794,14.72401937804726,0.009534083355617349,18.118927437332097,1.44,bl774963,bl,,g
283469095613,2460525.6204909,3.7504410632646605,0.058449908902669774,14.96485975957756,0.01694001014950268,17.735681014874555,1.62,bt611235,bt,,g
283469095613,2460528.5402114,4.5958809432221015,0.051745091873430016,14.744143697987582,0.01223805963963526,17.867967705509873,1.65,bH593994,bH,,g
283469095613,2460530.5374834,4.324857360105645,0.052568602650063044,14.810136151300707,0.013211946830034457,17.850824528960437,1.77,bH594374,bH,,g
283469095613,2460531.5341222,4.3374602918679885,0.043503920256174056,14.806976842324707,0.010901971813395596,18.056319626014712,1.42,bH594790,bH,,g
283469095613,2460536.5205106,3.0144289823763994,0.06878678682269704,15.202052980585702,0.024803452655058705,17.55887805368401,1.40,bH596871,bH,,g
283469095613,2460537.5169342,3.0730928953281866,0.0756037974275789,15.181126400848372,0.02674115084743473,17.456281586960852,1.48,bH597288,bH,,g
