# "asas_sn_id":317828260670,"ra_deg":47.31346,"dec_deg":12.09794,"name":"SEKBO 129513.27"
asas_sn_id,jd,flux,flux_err,mag,mag_err,limit,fwhm,image_id,camera,quality,phot_filter
317828260670,2455972.7723104,2.2286977650605584,0.05618861194908274,15.58965346062246,0.027403705950171844,17.8382356345066,2.18,bb006258,bb,G,V
317828260670,2456221.0198525,2.4569268251363336,0.035967116462429866,15.483800849410343,0.015912029372229936,18.322592340738485,1.69,bb020321,bb,G,V
317828260670,2456223.0349537,2.3240135004738613,0.04327163636496705,15.544184788030776,0.020238431206890513,18.12184809658387,1.77,bb020744,bb,B,V
317828260670,2456226.9295192,2.4726483801304067,0.05720370886515904,15.476875498395692,0.02514629452302955,17.818795924515427,1.78,bb025681,bb,G,V
317828260670,2456228.9143004,2.300145241940817,0.09935567617927152,15.555393253840528,0.046951513419968234,17.21937468529592,1.73,bb025187,bb,B,V
317828260670,2456233.9723822,2.5800830549371527,0.07516099862582298,15.430697188329528,0.03166438285016919,17.52237503938715,1.64,bb023830,bb,G,V
317828260670,2456236.030459,2.7011812256824568,0.07621458422398633,15.380897098182395,0.030668782452005997,17.507261181799493,2.02,bb023321,bb,G,V
317828260670,2456240.8742409,2.3703366709321747,0.03296473596316569,15.522756315922335,0.015116517067797024,18.41723238983737,2.44,bb022012,bb,G,V
317828260670,2456243.0294011,2.400841394587808,0.03301362894612802,15.508872728375362,0.014946584714077062,18.415623229272356,2.05,bb021655,bb,G,V
317828260670,2456248.008756,2.7122575768231747,0.06722233423116919,15.376454076779185,0.02693982873288903,17.643572421538945,1.72,bb026249,bb,G,V
317828260670,2456251.8919737,2.324483558159305,0.04767951005138139,15.543965207963193,0.022295513436418824,18.016526933677174,2.01,bb027010,bb,B,V
317828260670,2456268.0155242,2.114174667632299,0.12263420760217388,15.646929242671224,0.06304968732350584,16.99082732057252,1.65,bb027884,bb,B,V
317828260670,2456271.8853324,2.2330780539712025,0.04789355817929401,15.587521645857045,0.023312313387209276,18.011663634948643,2.00,bb028614,bb,G,V
317828260670,2456276.8913818,2.453157806007165,0.04393784142527403,15.485467688838217,0.019468182263445405,18.10525960086612,2.22,bb030237,bb,G,V
317828260670,2456325.8452666,2.316450314556141,0.05560840610701926,15.547723930828791,0.02609333742309273,17.849505275785386,2.07,bb035061,bb,G,V
317828260670,2456337.7244855,2.6874001332479316,0.06679109826951236,15.38645056861268,0.02701459263917802,17.650559931726168,1.64,bb036426,bb,G,V
317828260670,2456475.1199576,2.8459940988439794,0.19478621334319698,15.324196416413152,0.07439373996743642,16.488460856273996,1.81,bb059832,bb,B,V
317828260670,2456479.1171662,2.506237467492382,0.14248996752468118,15.462225858845759,0.061797974650149495,16.827895674956906,2.08,bb061093,bb,B,V
317828260670,2456480.1124159,2.20565482688233,0.09418762517063815,15.6009375328394,0.04641608115584242,17.27737177664016,1.80,bb061415,bb,B,V
317828260670,2456482.1074476,2.4119750863315006,0.06995170441772396,15.503849360528125,0.0315237341191852,17.600360641632548,1.78,bb062078,bb,B,V
317828260670,2456486.0992391,2.5266717682691895,0.07625762398028105,15.45340933502402,0.03280549644739842,17.506648219956222,2.03,bb063219,bb,G,V
317828260670,2456488.0998067,2.618903927892371,0.09455837830194506,15.41448248696813,0.039245748912634056,17.273106355301316,1.72,bb063932,bb,B,V
317828260670,2456489.0914925,2.3853951287666875,0.07271119647743216,15.515880584410304,0.033132418298960305,17.55835316591162,1.80,bb064277,bb,G,V
317828260670,2456492.0839274,2.600194550815576,0.0789942452922356,15.422266794989323,0.03302187910259416,17.46836775813626,2.04,bb065343,bb,G,V
317828260670,2456494.0828333,2.4405818139232354,0.07117657360825738,15.491047977547472,0.03169975308230911,17.581513699850284,1.98,bb065960,bb,G,V
317828260670,2456498.0593346,2.3590895170640183,0.140081494208333,15.527920352611046,0.06454290632184512,16.84640447969612,1.94,bb066957,bb,G,V
317828260670,2456512.0406066,2.3758077204178267,0.10755606714563104,15.520253181316274,0.0492080093990077,17.133269109691344,2.13,bb069178,bb,B,V
317828260670,2456514.0342167,2.358675795388368,0.0641206170566394,15.528110778617153,0.029548920213587758,17.69486216097651,2.04,bb069832,bb,G,V
317828260670,2456518.0567767,2.519911381434305,0.10020778276862703,15.45631823433972,0.043224338685823274,17.210102761450457,1.64,bb070678,bb,B,V
317828260670,2456519.0011775,2.475168573936033,0.06811791858237248,15.475769448628771,0.029913605331803296,17.629202970802876,1.76,bb071004,bb,G,V
317828260670,2456522.0444048,2.5410894970101907,0.057666932700173985,15.447231501657694,0.024667155037591443,17.810039263841205,1.99,bb071917,bb,G,V
317828260670,2456524.1026039,2.355764970229676,0.07987384289690515,15.529451505468643,0.036854013685708766,17.456344944309443,1.60,bb072486,bb,G,V
317828260670,2456526.0661646,2.541139398370847,0.13823256442444135,15.447210180416544,0.05912811690464513,16.860830481380336,1.84,bb073057,bb,G,V
317828260670,2456532.1247501,2.523726909507068,0.08921744788639431,15.454675508386677,0.03842550731924416,17.33623190404321,1.82,bb074227,bb,B,V
317828260670,2456535.0279247,2.2621680521656735,0.06734355144601016,15.573469242767946,0.032358123160318816,17.64161635438673,1.61,bb075243,bb,G,V
317828260670,2456537.0203541,2.3968671232830987,0.054494778803265496,15.510671508444622,0.02471286565932198,17.87146915842363,1.77,bb075978,bb,G,V
317828260670,2456539.998211,2.3962249277899534,0.050063752636189236,15.510962450030632,0.022709521881499488,17.963547893755155,2.03,bb077032,bb,G,V
317828260670,2456550.0068882,2.444492419408641,0.06803747086386987,15.489309667477983,0.030253222342170295,17.63048599031592,1.81,bb078490,bb,G,V
317828260670,2456554.9959386,1.9518376622558105,0.16934639524975548,15.73367217000989,0.09430710981209127,16.64041650223509,1.99,bb079148,bb,G,V
317828260670,2456559.9957455,2.5457863312625753,0.1098574425280787,15.445226528618495,0.04690506117937073,17.11028268251592,1.68,bb080330,bb,B,V
317828260670,2456564.981407,2.4158064865388016,0.05578951460229508,15.502126046939665,0.025101669806552655,17.845974936577882,1.87,bb081289,bb,G,V
317828260670,2456568.9845345,2.366018955701406,0.05356888984313073,15.524735855220493,0.02460971584230381,17.890074778211392,2.16,bb082181,bb,G,V
317828260670,2456573.9510123,2.5273388706695394,0.06349732631782792,15.453122712266653,0.02730889543746716,17.70546779658322,1.68,bb083596,bb,G,V
317828260670,2456599.928512,2.292793764734336,0.10009201378175646,15.558868924545576,0.047451135303784794,17.211357826074533,2.07,bb087493,bb,G,V
317828260670,2456600.9137861,2.5901586310243983,0.10667917195380638,15.426465497722265,0.04476776839071819,17.142157303609107,2.13,bc002838,bc,G,V
317828260670,2456608.8905324,2.0325245281373263,0.14605311993420794,15.689691916305089,0.07810650697451689,16.801079297049068,1.67,bc004109,bc,G,V
317828260670,2456618.9261819,2.3030650405898023,0.07930563039734731,15.554015897024573,0.03742915230433696,17.46409633951613,1.73,bb091365,bb,G,V
317828260670,2456620.9198253,2.4044123184471085,0.052961380106533174,15.507259043744455,0.023942115528787833,17.902458159317895,2.63,bb091918,bb,G,V
317828260670,2456621.9252259,2.4714552123332454,0.051776132539082934,15.47739954303863,0.02277136346753968,17.92703237536221,2.00,bb092264,bb,G,V
317828260670,2456624.9572306,2.3919478559042453,0.036926151637337944,15.51290213485052,0.01678009879933575,18.294021271703322,2.56,bb092590,bb,G,V
317828260670,2456625.9537613,2.3828969309555608,0.05188978679616457,15.517018259713911,0.023669484582837776,17.92465167798412,2.00,bb092884,bb,G,V
317828260670,2456630.8587404,2.237446820398339,0.0674546419102375,15.585399600001884,0.03276961145063413,17.639826790842616,1.50,bc008392,bc,G,V
317828260670,2456631.8534597,2.19344182935569,0.024744157818174226,15.606966101287584,0.012261927057034036,18.728674701344364,1.48,bc008748,bc,G,V
317828260670,2456632.8350727,2.364658741939151,0.010283247835931448,15.525360219619413,0.004726873735175573,19.68203063658801,2.45,bc009158,bc,G,V
317828260670,2456635.8375466,2.3828929810358885,0.007197291728424369,15.517020059445276,0.0032830442849636904,20.069433627830385,2.17,bc009909,bc,G,V
317828260670,2456637.8698,2.4476389562707794,0.07407747702069983,15.487913012646143,0.03289659880406093,17.53814093757834,2.02,bb095242,bb,G,V
317828260670,2456643.8591477,2.7205339801267283,0.18255676835603155,15.373146017719964,0.07293835379441387,16.558861545666844,2.02,bb097183,bb,G,V
317828260670,2456648.8373879,2.2956494138710046,0.07546176918523606,15.557517493598137,0.03573004730698583,17.518038936360163,1.66,bb098032,bb,G,V
317828260670,2456656.7390937,2.394284351560694,0.06353601280859075,15.511842086771772,0.028844060832867193,17.704806500497586,2.54,bc014677,bc,G,V
317828260670,2456656.7417345,2.583068075539978,0.06264447973383779,15.429441774641404,0.026360832857033972,17.720149376810454,1.75,bb099720,bb,G,V
317828260670,2456658.850188,2.3185059223167466,0.05757844110895888,15.546760880564348,0.0269937900406213,17.811706637378308,1.73,bb100292,bb,G,V
317828260670,2456674.791143,2.1120538416783146,0.1488546399025494,15.648018941304628,0.0766071955365659,16.780450452540748,1.62,bc016693,bc,G,V
317828260670,2456676.7864376,2.493795221190319,0.08046652205587843,15.467629433583687,0.035072491192181844,17.448318317306942,1.96,bc017441,bc,G,V
317828260670,2456682.7418642,2.4155704137070875,0.04842559050171549,15.502232150365604,0.02179051006595532,17.999669080649614,1.72,bb100878,bb,G,V
317828260670,2456682.7895654,2.347900735700953,0.053547491599802835,15.533082074748206,0.02478971718529683,17.890508565228753,2.46,bc018499,bc,G,V
317828260670,2456700.7540195,2.2393769399011987,0.12576642643640906,15.58446340020229,0.06104494290135485,16.963444591369218,1.36,bc020048,bc,G,V
317828260670,2456701.7263233,2.2606099916119957,0.09419319749906362,15.574217297526713,0.04529039095861964,17.277307544213183,2.02,bb102824,bb,G,V
317828260670,2456836.1166474,2.2688432574187107,0.13422691362769143,15.570270170081717,0.06430537617945672,16.892757383004707,1.48,bc042666,bc,G,V
317828260670,2456847.1013712,2.2948873862581887,0.09230877292604475,15.557877957313767,0.04372137096857634,17.299248949012625,1.43,bc042941,bc,G,V
317828260670,2456849.1041086,2.6707580294691238,0.07408747841768368,15.393195047648334,0.03015243872965742,17.537994359343458,1.72,bb126788,bb,G,V
317828260670,2456850.0982184,2.32888659425036,0.19555936546534142,15.541910552105174,0.091273026434394,16.484159845097683,1.57,bc043921,bc,B,V
317828260670,2456850.1011308,2.461625563519586,0.20467973470779396,15.481726421193178,0.09037847827286002,16.434669280184607,1.72,bb127091,bb,B,V
317828260670,2456851.1037611,2.431345344076649,0.20191985651881966,15.495164780367496,0.09027023061387093,16.44940882127421,1.78,bc044271,bc,B,V
317828260670,2456853.0917918,1.710700871781591,0.2581244729319825,15.876846212767974,0.16400884801192467,16.182783438153624,1.37,bc044716,bc,G,V
317828260670,2456855.0876726,2.0455595355582377,0.12466663680126223,15.682751094358839,0.06624457101290639,16.972980785076142,1.78,bc045112,bc,G,V
317828260670,2456855.1033859,2.04137252201616,0.11424103214899849,15.684975742930853,0.06082918899188581,17.06780109810375,2.04,bb128291,bb,G,V
317828260670,2456857.10652,2.4387442729200406,0.08055614670624311,15.491865748220594,0.03590414542467938,17.4471096832862,2.05,bb128942,bb,G,V
317828260670,2456857.1080572,2.327388364513532,0.11748419406544656,15.542609257546268,0.05486845809139144,17.03740778868726,2.02,bb128943,bb,G,V
317828260670,2456862.0927168,2.5016103200524222,0.05489387925136233,15.464232254863825,0.023851540576702718,17.86354658699388,1.73,bb129672,bb,G,V
317828260670,2456862.0941496,2.527405405817081,0.08148382022071923,15.45309412936923,0.03504359435224684,17.43467793889598,1.67,bb129673,bb,G,V
317828260670,2456862.1013254,2.367469163025762,0.060832710241385854,15.524070577266379,0.027929618752639954,17.752013479321455,1.59,bc046509,bc,G,V
317828260670,2456863.083944,2.4687369496561553,0.06979019993818464,15.47859436154108,0.030727823386308226,17.602870287390534,1.61,bc046841,bc,G,V
317828260670,2456863.0934838,2.8151942349039394,0.07929334794787533,15.336010493371974,0.030615444083350832,17.464264505796148,1.74,bb130015,bb,G,V
317828260670,2456864.0865034,2.3861433783687596,0.07297244712080336,15.515540064601606,0.03324103573333685,17.554459117423058,1.55,bc047195,bc,G,V
317828260670,2456864.0892464,2.456412687915644,0.05752634295182603,15.484028074659186,0.025455264073052396,17.81268947852995,1.77,bb130366,bb,G,V
317828260670,2456865.0889649,2.5380676194374767,0.07994381034251356,15.448523433448322,0.03423685222528873,17.45539428345108,1.67,bb130638,bb,G,V
317828260670,2456867.0722588,2.321480623771413,0.06955904875001637,15.545368746566508,0.032568723990454976,17.60647230815947,1.87,bc048131,bc,G,V
317828260670,2456867.0884007,2.486384036062861,0.06966035011487376,15.470860882709214,0.030452967347671195,17.604892261417064,2.20,bb131310,bb,G,V
317828260670,2456868.0726306,2.2645059763697732,0.07802670163988963,15.572347726545628,0.037452598095251116,17.481748271872902,2.24,bc048441,bc,U,V
317828260670,2456869.0699332,2.591146914217932,0.0718635297456207,15.426051310661721,0.030145929550958163,17.571085031718358,1.81,bc048760,bc,G,V
317828260670,2456869.0785853,2.744462339158177,0.06595504617404926,15.363638215618888,0.026121789524165325,17.664236321882047,2.20,bb131935,bb,G,V
317828260670,2456870.1117772,2.125047668167495,0.07926419164440421,15.641359713504206,0.04054343407861598,17.464663806324065,1.69,bc049127,bc,G,V
317828260670,2456874.0208102,2.341071623690267,0.08923032477446845,15.536244652315563,0.04142952418415254,17.336075209415952,1.62,bc049574,bc,G,V
317828260670,2456874.0398494,2.5407515466111157,0.06853101240219842,15.447375907978584,0.029318187750908088,17.622638524536182,1.88,bb132754,bb,G,V
317828260670,2456875.0115952,2.6728829281028372,0.0733615779291052,15.39233156167763,0.029833272806943673,17.54868473374595,1.47,bc049888,bc,G,V
317828260670,2456875.0368318,2.4559249458883543,0.0644838706108279,15.484243678397702,0.02853961959414372,17.688728648976813,1.76,bb133072,bb,G,V
317828260670,2456876.0633349,2.2058842100349123,0.06573067933012344,15.60082462458146,0.03238900312681886,17.66793609177568,1.54,bc050255,bc,G,V
317828260670,2456876.0748501,2.455275856128276,0.061262199056198195,15.484530671450997,0.02712092274031487,17.744374938421586,1.76,bb133431,bb,G,V
317828260670,2456882.0372843,2.210544755481136,0.1428417271265893,15.598533123985517,0.07023732339811134,16.825218661952015,1.48,bc051018,bc,G,V
317828260670,2456882.0457761,1.9775913605323112,0.14903875079760356,15.71944001422099,0.0819171469922395,16.779108389264806,1.61,bb134200,bb,G,V
317828260670,2456883.0451897,2.732578179558951,0.12859565517093144,15.368349914407887,0.05115238315996542,16.939290655082907,1.81,bc050934,bc,G,V
317828260670,2456883.0592678,2.484058829635342,0.11323619396587746,15.47187671210481,0.049549075915483104,17.07739323451307,1.82,bb134076,bb,G,V
317828260670,2456883.060654,2.514790276183535,0.15562087366778612,15.458526973476536,0.06726331223478783,16.732186770803423,1.88,bb134077,bb,G,V
317828260670,2456888.9789203,2.381521800970866,0.10521621222862407,15.51764500078605,0.04802200342149648,17.157149735697374,1.80,bc053559,bc,G,V
317828260670,2456888.9905389,2.636242921681991,0.08868561873269677,15.407317837848304,0.03656620976509658,17.342723392897156,2.09,bb136697,bb,G,V
317828260670,2456889.9719229,2.2336137395070796,0.08858292031863951,15.58726122350854,0.04310762476608492,17.343981409682137,2.11,bc053185,bc,G,V
317828260670,2456889.983544,2.4357287577708107,0.0528533799056382,15.493209095232904,0.02358609340268545,17.904674480914938,2.08,bb136326,bb,G,V
317828260670,2456889.9849573,2.4312735599141218,0.0874204426014575,15.49519683661773,0.0390833108152305,17.35832389129892,2.07,bb136327,bb,G,V
317828260670,2456892.0374926,2.589879683463127,0.07057247498184203,15.426582432558808,0.029618832267223724,17.590768022576068,1.73,bc053964,bc,G,V
317828260670,2456892.0493218,2.3730405805366375,0.06900481441607413,15.521518492019952,0.031607227316773706,17.61515791316013,1.98,bb137137,bb,G,V
317828260670,2456893.0490501,2.2401861307251147,0.0660363774627765,15.584071144185447,0.03204138717346588,17.662898290463133,1.84,bb137496,bb,G,V
317828260670,2456895.0300903,2.383846745615095,0.07524678070507526,15.516585575161399,0.034310082717230954,17.52113658324244,1.61,bc054847,bc,G,V
317828260670,2456895.041591,2.3120523413036502,0.06513709031118634,15.549787250472269,0.03062265670029489,17.677785507107703,1.82,bb138020,bb,G,V
317828260670,2456896.030546,2.4927146654924255,0.08055614126537075,15.46809998251971,0.035126773363463204,17.44710975661831,1.57,bc055132,bc,G,V
317828260670,2456896.0434754,2.531493137057598,0.07614471921221336,15.45133951866437,0.03269453822810306,17.508256919852027,1.85,bb138306,bb,G,V
317828260670,2456897.0308487,2.383407236796078,0.07952964705361787,15.51678577034304,0.03626961737883543,17.461033755947113,1.64,bc055487,bc,G,V
317828260670,2456897.0395283,2.532913224726374,0.06746617498724078,15.450730625725617,0.02895195863138847,17.639641172647096,2.00,bb138658,bb,G,V
317828260670,2456897.9620689,2.179695154173753,0.08340019345333016,15.61379200779651,0.04158947824186247,17.40943874862887,2.05,bb138978,bb,G,V
317828260670,2456898.0200362,2.547264903874425,0.06997274523720624,15.44459612464766,0.029858430375218438,17.60003411142688,1.89,bc055853,bc,G,V
317828260670,2456899.9670052,2.551930720818659,0.07341376427719681,15.442609204290896,0.031269489103105126,17.54791266114775,1.99,bb139453,bb,G,V
317828260670,2456899.9684498,2.532460304218735,0.11991046068389298,15.450924787988882,0.0514667325872696,17.015213714930546,2.01,bb139454,bb,G,V
317828260670,2456900.1075159,2.4239620734029588,0.06897985262214251,15.498466853653348,0.030932043656517028,17.61555073830925,1.66,bc056382,bc,G,V
317828260670,2456901.0231139,2.1758292892000752,0.08182900684054008,15.61571935809446,0.04087847015124089,17.430088193247716,1.58,bc056699,bc,G,V
317828260670,2456901.0348233,2.371066631537702,0.06016609081062663,15.522422007864922,0.027581647822249103,17.763976906518614,1.80,bb139872,bb,G,V
317828260670,2456903.0276661,2.429349879970079,0.05217063607535073,15.496056236279724,0.023342546741797303,17.9187910642665,2.12,bb140324,bb,G,V
317828260670,2456904.0169898,2.4567777053247033,0.07976703231362307,15.48386674868344,0.03529146971870998,17.457797806986022,1.43,bc057345,bc,G,V
317828260670,2456904.0298436,2.4087800751125283,0.06228629751715042,15.505288529183986,0.028106549867607845,17.726375103963946,1.80,bb140519,bb,G,V
317828260670,2456907.9990572,2.347498896192548,0.12186165740999201,15.533267912690894,0.05642529736076428,16.997688692278217,1.80,bc058239,bc,G,V
317828260670,2456908.0169095,2.3190791532540027,0.11524745447024809,15.546492474669776,0.054016686784709014,17.0582780394714,2.00,bb141416,bb,G,V
317828260670,2456910.0230398,2.4445235380705324,0.16289984488083048,15.489295846022642,0.07243335808632434,16.682554716782764,1.62,bc058899,bc,G,V
317828260670,2456910.956707,2.349837082541842,0.20139387831475103,15.53218702182251,0.0931581134279157,16.452240730299398,1.91,bb142351,bb,G,V
317828260670,2456917.1231333,2.5754036205013127,0.0844938867796538,15.432668149792473,0.035660888472446556,17.39529317260166,1.96,bb144326,bb,G,V
317828260670,2456917.1245986,2.6642743544337018,0.108198382062536,15.395834043510026,0.04414220210797071,17.126804477114852,1.95,bb144327,bb,G,V
317828260670,2456917.1325227,2.1181769906330437,0.0827698358015569,15.644875789352014,0.04247388826600908,17.417676159556486,1.70,bc061167,bc,G,V
317828260670,2456917.9520036,2.376023127957992,0.06666496780416856,15.520154745251205,0.030497144860936427,17.652612209416496,1.87,bb144565,bb,G,V
317828260670,2456918.1377796,2.1872972911670234,0.10738110529977252,15.610011866746058,0.05336201584873235,17.13503671880517,1.61,bc061525,bc,G,V
317828260670,2456919.0200096,2.3848026814282663,0.057674926988139676,15.516150276173054,0.026287348013648352,17.809888760148738,1.76,bb144944,bb,G,V
317828260670,2456919.1215607,2.3476521709104343,0.07196716963968554,15.533197024275093,0.03332060232782538,17.569520336487095,1.46,bc061855,bc,G,V
317828260670,2456920.0121066,2.439106445176939,0.059021767621052476,15.491704520025998,0.026302294172987815,17.784825863968813,2.01,bb145297,bb,G,V
317828260670,2456920.991442,2.389428326858361,0.07640528274527082,15.514046384561354,0.03475694141639651,17.50454792564726,1.72,bc062477,bc,B,V
317828260670,2456921.003104,2.394709852443437,0.07536512509427908,15.511649152015503,0.034208158516292296,17.519430332813556,1.78,bb145641,bb,G,V
317828260670,2456921.0045484,2.555636400238293,0.10029020066350595,15.441033741484544,0.04265516317875243,17.209210143022098,1.75,bb145642,bb,G,V
317828260670,2456923.0031147,2.28197228280014,0.08261322701734403,15.564005491756788,0.039350603232669513,17.4197324266848,1.62,bc062857,bc,G,V
317828260670,2456924.0722001,2.561984597456846,0.053166186649824934,15.43834011837589,0.02255647179627531,17.89826761463918,1.74,bb146189,bb,G,V
317828260670,2456924.9990325,2.398279616314968,0.063927949216242,15.510031863840899,0.0289736446281318,17.69812946202898,1.81,bb146461,bb,G,V
317828260670,2456928.9777223,2.0606133553220443,0.07729652842308947,15.674790128856905,0.04077328017906608,17.491956420865357,1.60,bc063888,bc,B,V
317828260670,2456931.9728058,2.567732536960698,0.08592894834017009,15.43590694380878,0.036374906443755635,17.377007652129414,1.68,bc064514,bc,G,V
317828260670,2456931.9905341,2.352251038977019,0.06729983596213093,15.531072231941545,0.03109871965146428,17.64232137950735,2.05,bb147668,bb,G,V
317828260670,2456935.9808084,2.5885047412372133,0.11731108965874622,15.427158992530712,0.04926089257072476,17.03900872165856,1.72,bb148601,bb,G,V
317828260670,2456937.9684797,2.555247060192367,0.18669960825858065,15.441199161255085,0.07941868321238867,16.53449787694184,2.11,bb149049,bb,B,V
317828260670,2456938.0524161,2.1005313459784296,0.12725817685981838,15.653958487399343,0.0658519595754853,16.950642150909225,1.87,bc065964,bc,B,V
317828260670,2456938.9549915,2.650227232594336,0.11401110261654851,15.401573623796665,0.04676018343469176,17.069988529144627,1.58,bc066283,bc,B,V
317828260670,2456940.0417262,2.269566651139476,0.17828181606183494,15.56992405116544,0.08538395758442016,16.584588770269253,1.87,bb149738,bb,B,V
317828260670,2456943.9026747,2.650951715235971,0.13811067727944798,15.40127686073834,0.0566288327802838,16.861788256167806,1.81,bc067319,bc,G,V
317828260670,2456959.9387069,2.2018717021673977,0.0846892956444448,15.602801379353652,0.041806969103426996,17.392785091472792,1.47,bc067560,bc,B,V
317828260670,2456959.9474005,2.466117495781417,0.05973039714698818,15.479746993784666,0.02632654155207441,17.771867887732917,1.75,bb150730,bb,G,V
317828260670,2456965.9252572,2.3735687039463524,0.1420098520317546,15.521276886834226,0.06503225904541307,16.83156020640584,1.42,bc068264,bc,B,V
317828260670,2456970.7374975,2.2691893606660662,0.17156607865107096,15.57010455786224,0.08218127201347886,16.626277831033395,1.99,bc069531,bc,G,V
317828260670,2456970.8024066,2.786356063488288,0.18624464181476255,15.347189871131842,0.07265396935885018,16.53714692588122,1.98,bb152678,bb,G,V
317828260670,2456972.9016832,2.560820915166537,0.10494147124659961,15.438833384033563,0.04454306659900613,17.159988522232485,2.02,bc070441,bc,G,V
317828260670,2456972.919237,2.443263202255718,0.10428349134749779,15.48985576908284,0.04639353669520261,17.16681748704375,2.11,bb153554,bb,G,V
317828260670,2456978.7963927,2.3830559356394514,0.0865109908852557,15.516945813700731,0.03945928601109854,17.36967817768567,1.45,bc071212,bc,G,V
317828260670,2456978.9065519,2.3274346108183854,0.05672643303952976,15.542587683669975,0.026492330250959883,17.82789270375657,2.21,bb154390,bb,G,V
317828260670,2456979.8887419,2.360491598489627,0.06913950032390102,15.527275256966618,0.03183727950353016,17.613040802325592,1.55,bc071667,bc,G,V
317828260670,2456979.9087275,2.415228307049947,0.06880699540940788,15.502385929318375,0.030966104605192352,17.618274908798067,2.04,bb154784,bb,G,V
317828260670,2456981.8993428,2.231717227431264,0.07387892205624794,15.588183489724653,0.03598268416851609,17.541055018271006,1.56,bc072308,bc,G,V
317828260670,2456982.8968484,2.3307692254711054,0.06882227939448476,15.54103321649633,0.032095337715670885,17.618033762776733,1.71,bb155796,bb,G,V
317828260670,2456983.8725436,2.342793619734272,0.08224388972244545,15.535446322971529,0.038157664232133896,17.424597288471418,1.44,bc073030,bc,G,V
317828260670,2456984.888828,2.2004096904864556,0.06220519709115694,15.603522532288032,0.03072807075729301,17.727789717571984,1.68,bb156559,bb,G,V
317828260670,2456985.8791384,2.554969258604404,0.0827812863553886,15.441317206841916,0.03521751143537968,17.417525966906414,1.56,bc073833,bc,B,V
317828260670,2456986.8956695,2.431821776700021,0.056887623530842965,15.494952046510267,0.025427181381276774,17.824811914724144,1.80,bb157169,bb,G,V
317828260670,2456989.6950878,2.3267758644111374,0.06350200991267863,15.542895028957723,0.029665050628156477,17.705387715085934,1.42,bc074681,bc,B,V
317828260670,2456989.7170987,2.4662423586158657,0.0733598858255364,15.47969202289689,0.032332185867108724,17.54870977681818,2.02,bb157814,bb,B,V
317828260670,2456990.8668981,2.3791960309329623,0.07762069096257154,15.518705837838002,0.035461691750797136,17.487412632635507,1.42,bc075132,bc,B,V
317828260670,2456990.8870354,2.5094904452699938,0.08161839954274963,15.460817538337528,0.03535205796225175,17.432886207603634,1.79,bb158267,bb,G,V
317828260670,2456991.7279847,2.504823245422139,0.12185001382571437,15.462838692028978,0.052876252822998016,16.997792436681998,1.94,bb158532,bb,G,V
317828260670,2456991.8700853,2.317409509994589,0.07634000724964313,15.547274442381031,0.03580647632269613,17.505475901537096,1.50,bc075456,bc,G,V
317828260670,2456999.9404461,2.027600184206311,0.14412028335941787,15.692325599500066,0.0772600452163261,16.815543625348447,2.05,bb160642,bb,G,V
317828260670,2457000.92553,1.7935617084011373,0.10686005201392139,15.825490596039064,0.06476065468271953,17.14031794057962,2.12,bb161049,bb,G,V
317828260670,2457000.9458375,2.1456983966463556,0.10956451726522597,15.630859712815768,0.055502612472830726,17.11318156968658,1.43,bc077942,bc,G,V
317828260670,2457001.8587645,2.583481639955494,0.06415685960530317,15.429267955793387,0.026992921445142298,17.694248649558794,1.46,bc078283,bc,G,V
317828260670,2457001.8774349,2.325807388729763,0.09839945668973321,15.543347039837991,0.045986581564222515,17.22987464244875,1.96,bb161417,bb,G,V
317828260670,2457002.9271251,2.3147390508246577,0.07838692577037855,15.548526308329315,0.03680897859948372,17.476747312835695,1.65,bc078697,bc,G,V
317828260670,2457003.8759218,2.3064938987771653,0.07243868287900206,15.552400629181982,0.034137397381917366,17.562430030860604,2.15,bb162190,bb,G,V
317828260670,2457004.8539124,2.251630071715276,0.07317442641896205,15.578538803866183,0.03532437278207955,17.551458076471167,1.45,bc079450,bc,G,V
317828260670,2457004.8627409,2.490023771272119,0.051201849237411605,15.469272671634045,0.022350864516154922,17.9391422774141,2.19,bb162579,bb,G,V
317828260670,2457005.8700447,2.4066953013198127,0.1478471561391394,15.506228629319468,0.06677348416224214,16.787823955609483,2.18,bb162930,bb,B,V
317828260670,2457006.858685,2.509002818600057,0.06279980673180997,15.461028531519661,0.02720629047726023,17.71746062571284,2.05,bc080000,bc,G,V
317828260670,2457007.8499378,2.48146544716742,0.05572612541868339,15.473010823766447,0.024409719476139843,17.847209273555855,2.07,bb163474,bb,G,V
317828260670,2457011.8355414,2.3152578950636626,0.07824360440539145,15.548282969949675,0.03673344393907282,17.478734272059246,1.44,bc081899,bc,G,V
317828260670,2457012.8576109,2.401869798159901,0.06754024329994768,15.508407751422313,0.03056506559638182,17.63844984177824,2.16,bb165470,bb,G,V
317828260670,2457013.835971,2.585138787865624,0.05651185901186006,15.428571744659509,0.023761174447140158,17.832007408509835,1.43,bc082560,bc,G,V
317828260670,2457017.8213154,2.4519222604688222,0.06964006851451883,15.486014663213272,0.03087199291210099,17.605208419375067,1.42,bc083030,bc,G,V
317828260670,2457018.8477852,2.4422236255938814,0.06324986090376566,15.490317834001317,0.028150513363297297,17.70970745675665,2.32,bb166551,bb,G,V
317828260670,2457030.7845625,2.7245602320154547,0.10130815407582176,15.371540371216359,0.04041663586075659,17.198245388183054,1.87,bb168223,bb,G,V
317828260670,2457030.8015065,2.0158104541431086,0.08536421873375033,15.698657171628152,0.04602972173554783,17.384166718793526,1.44,bc085099,bc,G,V
317828260670,2457031.8215208,2.464776681239086,0.07346830922337379,15.48033746313002,0.032399226452981454,17.54710628057098,1.73,bb168671,bb,G,V
317828260670,2457032.8072614,2.3003402800481956,0.08564110684053912,15.555301194020492,0.040467125849455325,17.38065071478698,1.74,bc085945,bc,G,V
317828260670,2457034.7747213,2.5423028879903544,0.07241305889402389,15.446713177498184,0.03096005869157382,17.562814160014327,2.00,bb169486,bb,G,V
317828260670,2457035.76928,2.428684813298017,0.06503163250462,15.496353511624402,0.029104870538656177,17.67954475281954,1.41,bc086647,bc,G,V
317828260670,2457035.8063705,2.271615101994408,0.05349314084832593,15.568944536348098,0.025596201690307692,17.891611148095762,2.00,bb169788,bb,G,V
317828260670,2457036.795232,2.271280742567536,0.08095260328342721,15.56910435781363,0.03874112012732188,17.441779345158274,1.46,bc087078,bc,G,V
317828260670,2457036.8065473,2.415280103786846,0.05618936166050744,15.50236264498151,0.025287084927950558,17.838221147880603,1.70,bb170200,bb,G,V
317828260670,2457038.7849807,2.345082415685626,0.08358341156266431,15.53438612905498,0.03874129697939924,17.407056160056996,1.42,bc087983,bc,G,V
317828260670,2457039.7985012,2.375033527071121,0.0617129573937498,15.520607042752452,0.02824351772316548,17.736415496000603,2.09,bb171553,bb,G,V
317828260670,2457040.7874163,2.7306853950674737,0.0928033601708334,15.36910223569144,0.03694062221858418,17.293447140704355,1.40,bc088815,bc,G,V
317828260670,2457042.7958135,2.395273847251659,0.05793419643306503,15.511393472821666,0.026290084833886538,17.805018924849602,2.24,bb172685,bb,G,V
317828260670,2457043.783069,2.6661634839900867,0.12453746373677041,15.395064464536256,0.050772133525341004,16.97410635150989,1.48,bc089945,bc,G,V
317828260670,2457044.7805034,2.4119529415083814,0.06306585291625345,15.503859328933984,0.028420886223216656,17.712870709677183,1.61,bb173503,bb,G,V
317828260670,2457045.7864887,2.5341817632811527,0.07732897121254304,15.450187001314358,0.03316779829952786,17.491500812809853,1.38,bc090773,bc,G,V
317828260670,2457052.7655746,2.1375030658078966,0.1736281869789988,15.635014538750386,0.08829287462248966,16.613305817731547,1.50,bc093303,bc,G,V
317828260670,2457052.7790357,2.6098226681691825,0.18394791746764205,15.41825390710233,0.0766118675381294,16.55061920515132,2.12,bb176364,bb,G,V
317828260670,2457053.7509775,2.4948676832190695,0.13172925691703372,15.46716261075236,0.05739141032324099,16.91315078872287,2.16,bb176691,bb,B,V
317828260670,2457053.7523619,1.9783632995631624,0.19231668045753378,15.719016287340217,0.10566303474629472,16.502314008399363,2.10,bb176692,bb,B,V
317828260670,2457054.7528884,2.544613408050212,0.23363040275449257,15.445726876443741,0.09979751311029969,16.291032999530668,1.46,bc093983,bc,G,V
317828260670,2457055.7729697,2.263792450887838,0.1447134804152908,15.572689886174729,0.06948395876984118,16.811083922180543,1.71,bb177457,bb,B,V
317828260670,2457060.7857576,2.3925207804296376,0.07644261240711873,15.512642108105624,0.03472897572065117,17.50401759232281,2.21,bb177934,bb,G,V
317828260670,2457061.7505922,2.687280456351187,0.08218571949381931,15.386498920337967,0.03324264260788242,17.425365489845785,1.48,bc095211,bc,G,V
317828260670,2457069.7358429,2.374470649186464,0.09721143745166398,15.520864390415877,0.04450027881453253,17.243062981106036,1.55,bc096753,bc,G,V
317828260670,2457069.7484447,2.3966164564920485,0.07477784343156627,15.510785061774301,0.0339145900376981,17.527924053455322,1.81,bb179814,bb,G,V
317828260670,2457070.758318,2.4085736323080313,0.05586889171171836,15.505381585430548,0.025212870968033235,17.844431253143863,2.05,bb180196,bb,G,V
317828260670,2457073.7235752,2.1819754840928924,0.08500065511633469,15.612656737766784,0.042343288045332224,17.388800711382014,1.79,bc098092,bc,G,V
317828260670,2457073.7437677,2.0846853710063327,0.07143605468021554,15.66218010749738,0.0372468126854513,17.57756274110919,1.87,bb181159,bb,G,V
317828260670,2457084.7204475,2.239893682487796,0.17434504741450613,15.58421289239216,0.08460467914246544,16.608832356253863,2.00,bb183683,bb,B,V
317828260670,2457203.1229363,2.251936916991075,0.4733780415661836,15.524336122219715,99.999,15.524336122219715,2.11,bc127710,bc,G,V
317828260670,2457206.1166728,2.484828487481974,0.23276878792887967,15.471540360989273,0.10182173674006695,16.2950445308267,1.70,bc128549,bc,G,V
317828260670,2457207.1140325,2.159370081388947,0.23744538863033496,15.623963704967306,0.11952226992170552,16.27344704449826,1.76,bc128855,bc,G,V
317828260670,2457209.1201022,2.4659819523048627,0.2500416905949371,15.479806669977897,0.11021347745258951,16.21732532713888,1.73,bb212089,bb,G,V
317828260670,2457210.1120312,2.5813955240065014,0.15380528083417758,15.430145022823023,0.06476328463650297,16.74492827611597,1.79,bc129446,bc,G,V
317828260670,2457218.1068688,2.5147530909152214,0.07640676940321361,15.458543027972599,0.03302544357450826,17.50452680010997,1.65,bb213960,bb,G,V
317828260670,2457219.1163347,2.608577986101107,0.12997568409571053,15.418771842193895,0.05415897789833671,16.927701113886833,1.46,bc131151,bc,G,V
317828260670,2457222.086313,2.428957953519562,0.08986703515918736,15.496231411979757,0.04021541822660939,17.328355358835136,1.76,bc131519,bc,G,V
317828260670,2457222.1128684,2.3817539490443576,0.0894446989161228,15.517539169596894,0.04081970719976413,17.333469877413357,1.76,bb214468,bb,G,V
317828260670,2457223.0999572,2.6115898767063825,0.06594231721226718,15.417518963311938,0.02744551600225199,17.66444588323102,1.65,bb214769,bb,G,V
317828260670,2457227.0764348,2.235027647747173,0.0645863595228531,15.586574154986064,0.03141015493455529,17.687004379241735,1.64,bc132276,bc,G,V
317828260670,2457227.0956648,2.5694645925535777,0.07617088570172385,15.435174810900623,0.03222244868447558,17.50788387986957,1.80,bb215222,bb,G,V
317828260670,2457232.0578001,2.5609522089704315,0.092212828270785,15.438777719546707,0.039138307511500096,17.300378037364133,1.73,bc133670,bc,G,V
317828260670,2457232.0908773,2.4617581523103116,0.07029705344020622,15.481667942529405,0.03103872759562802,17.595013589714796,1.76,bb216616,bb,G,V
317828260670,2457234.0622488,2.673442416260558,0.19204936325402405,15.392104319034484,0.07808258992793046,16.50382421471206,1.79,bb217257,bb,G,V
317828260670,2457236.0616165,2.746804534767793,0.1932224869433636,15.36271201524124,0.07646137163068936,16.497212224773264,1.49,bc134659,bc,G,V
317828260670,2457236.094364,2.4868678822821697,0.12243718040078747,15.470649620795232,0.05351466102729062,16.992573094436207,1.78,bb217604,bb,G,V
317828260670,2457244.1052968,2.159315617240013,0.11173958549871735,15.623991090011039,0.05624748426054562,17.091838753679532,1.47,bc136552,bc,G,V
317828260670,2457245.0960657,2.508547077038769,0.0785222699137236,15.461225765279067,0.03402379575241399,17.474874279552527,1.44,bc136883,bc,G,V
317828260670,2457245.1151303,2.1780278359041123,0.08864058681158202,15.614622839817114,0.044236562241013695,17.34327483748511,1.71,bb219819,bb,G,V
317828260670,2457247.1008167,2.455477672113631,0.0518857463644542,15.484441431003127,0.02296805669896394,17.92473622282546,1.70,bb220496,bb,G,V
317828260670,2457248.0745796,2.051564200582233,0.1345119445883661,15.679568624264375,0.0712669071631505,16.890454265758628,1.40,bc137767,bc,G,V
317828260670,2457248.1061402,2.6550218104787175,0.08245218326608282,15.399611171828592,0.03375563167842275,17.421850993942133,1.65,bb220711,bb,G,V
317828260670,2457255.9823866,2.200849811546819,0.06599807449917246,15.603305387458882,0.03259515352784645,17.663528230829193,1.74,bc138849,bc,G,V
317828260670,2457256.0395025,2.5031207992209836,0.052005286246923126,15.463576882205214,0.02258280346222035,17.922237665783058,1.76,bb221808,bb,G,V
317828260670,2457262.9595423,1.8428771664761523,0.18110689547205566,15.796040431769626,0.10681955626033054,16.567518928735893,1.45,bc139809,bc,B,V
317828260670,2457262.9824739,2.185098508524094,0.15205519040108484,15.611103853031121,0.07563841182719931,16.757353270258932,1.74,bb222737,bb,G,V
317828260670,2457264.1192141,2.623673994580175,0.14121286564860092,15.412506727863418,0.058502788680031614,16.837670727920536,1.69,bb223245,bb,G,V
317828260670,2457265.0114051,2.6235085884937503,0.12907956393797818,15.412575178836388,0.05347947952637803,16.935212669720876,1.63,bc140658,bc,G,V
317828260670,2457271.0187783,2.465600601612017,0.10106232595292412,15.479974586159056,0.04455318279239394,17.200883170377587,1.54,bc141852,bc,G,V
317828260670,2457272.0030089,2.622712660485643,0.07090430391249024,15.412904622761987,0.029385565837312774,17.585674899206072,1.47,bc142122,bc,G,V
317828260670,2457274.0432442,2.5230180327817706,0.06592707104107028,15.454980518106499,0.028402436643800454,17.66469693952764,1.42,bc142678,bc,G,V
317828260670,2457275.1423328,2.3959741077929713,0.1261550126735657,15.511076103219835,0.05723142555239308,16.96009511478279,1.77,bb226004,bb,G,V
317828260670,2457275.9744809,2.72566203141238,0.07643313697814001,15.371101393334687,0.03048048355148402,17.504152182882166,1.41,bc143360,bc,G,V
317828260670,2457276.0849944,2.1903567549704213,0.06362815110448099,15.608494263425051,0.03157523707143881,17.703233134257907,1.70,bb226388,bb,G,V
317828260670,2457283.046684,2.491846352810398,0.07826623060305565,15.468478253955048,0.03414014258542974,17.47842034824545,2.44,bb227269,bb,G,V
317828260670,2457288.9383707,2.594896054982298,0.08808214731686372,15.424481490049777,0.03689606922443951,17.350136659748138,1.60,bb228332,bb,G,V
317828260670,2457290.8843545,2.418697836798043,0.13504984722554364,15.500827364046273,0.06069105035294859,16.886121150601163,1.74,bc145858,bc,G,V
317828260670,2457291.0848842,2.2714123011137772,0.057672136368504205,15.569041470942178,0.02759829411755663,17.809941295110345,1.70,bb228921,bb,G,V
317828260670,2457298.9357614,2.36727544132154,0.0993692859543462,15.524159422889792,0.045626331242781,17.21922597095826,1.70,bb230460,bb,G,V
317828260670,2457299.0306066,2.656163824828164,0.0788163653734856,15.399144260509805,0.032253267498674194,17.470815385058984,1.64,bc147504,bc,G,V
317828260670,2457302.9600605,2.6402334606489464,0.07236277405684721,15.405675577693977,0.02979099779035922,17.563568375263593,3.29,bc148058,bc,G,V
317828260670,2457303.0166947,2.413635525654802,0.05485797233954115,15.503102180821672,0.024704736970455537,17.864257015747313,1.81,bb230999,bb,G,V
317828260670,2457304.9852357,2.4884076675568356,0.045538123942322505,15.469977577344817,0.019891419501801445,18.066418556694543,1.78,bb231774,bb,G,V
317828260670,2457304.9890063,2.3947825047482247,0.07199942663458857,15.511616212725993,0.032679479738462504,17.569033798794113,1.45,bc148879,bc,G,V
317828260670,2457307.9419002,2.4145513163010253,0.059802917235945004,15.5026903048504,0.026921428618969075,17.770550469300748,1.65,bb232533,bb,G,V
317828260670,2457307.9683244,2.272394669020452,0.07429246228930599,15.56857200011021,0.035536378210317285,17.534994512445895,1.37,bc149655,bc,G,V
317828260670,2457309.9444095,2.6914397359392894,0.08640618535077062,15.384819754598464,0.03489573458825488,17.370994312723965,1.76,bb233341,bb,G,V
317828260670,2457311.0046043,2.5439087487947663,0.05006528559468712,15.446027582246709,0.021391800596487362,17.963514648882914,1.66,bb233705,bb,G,V
317828260670,2457313.832703,2.4952195429993558,0.07824463163550094,15.467009496433606,0.03408458100847184,17.47872001794087,1.49,bc151239,bc,G,V
317828260670,2457314.8581475,2.395578048572606,0.06258844629224627,15.511255592379811,0.028398540353720594,17.721120966985712,1.74,bb234543,bb,G,V
317828260670,2457314.9053351,2.4054641077143284,0.08577833523143295,15.50678420173014,0.03876063692021809,17.37891236046332,1.39,bc151704,bc,G,V
317828260670,2457316.8460925,2.4898013808284953,0.10692530689769972,15.469369645864672,0.046679691226108495,17.139655130063353,1.56,bc152272,bc,G,V
317828260670,2457316.943423,2.32355394833803,0.07643476267048205,15.544399503534734,0.03575611568291267,17.50412909009372,1.72,bb235265,bb,G,V
317828260670,2457318.0231844,2.342272349607047,0.09335269203653254,15.53568792548284,0.04332131464047589,17.287039277847608,1.32,bc153015,bc,G,V
317828260670,2457318.8018753,2.349087438800463,0.10648017872646148,15.532533448054256,0.04926990915322275,17.144184465105933,1.37,bc153303,bc,G,V
317828260670,2457318.8284716,2.366925803498522,0.09442480145581018,15.524319793953067,0.043362429698730304,17.274641192870497,1.72,bb236212,bb,G,V
317828260670,2457320.0723775,2.42030153982433,0.07620470345495538,15.500107711752255,0.03422350399098297,17.50740195018709,1.68,bb236800,bb,G,V
317828260670,2457320.8589211,2.537106733719545,0.10917875567187948,15.448934559589993,0.046774760768117804,17.11701104299453,1.80,bb237056,bb,G,V
317828260670,2457320.9963594,2.209659276696916,0.17290062821139213,15.598968124895173,0.08505178487431717,16.617864965607154,1.39,bc154274,bc,G,V
317828260670,2457321.8045701,2.4100110890494637,0.16443595694224927,15.504733802330948,0.07416344954549058,16.672364418542035,1.51,bc154525,bc,G,V
317828260670,2457328.0198845,2.3266782667862955,0.0873821271350638,15.542940571589849,0.04082239230441024,17.35879986244505,1.58,bc156357,bc,G,V
317828260670,2457328.0425453,2.452428480111927,0.0982949731532822,15.485790527124683,0.043565944120114206,17.231028122687984,2.06,bb239272,bb,G,V
317828260670,2457328.9061827,2.505133615641525,0.10117353477450056,15.462704167842904,0.043898350476759766,17.199689084861692,1.50,bc156696,bc,G,V
317828260670,2457328.9438963,2.395224361735675,0.06856738638228994,15.51141590398184,0.031115986041837705,17.62206240478025,1.70,bb239623,bb,G,V
317828260670,2457329.8517929,2.3046868566976872,0.06332705516394625,15.553251591750437,0.029866858229761747,17.708383161362637,1.77,bb239905,bb,G,V
317828260670,2457332.9933259,2.4818920681279484,0.10954613070216843,15.47282417679521,0.047976252765827634,17.11336378773417,1.60,bc157825,bc,G,V
317828260670,2457334.7816803,2.5098430815519635,0.07372982160940826,15.460664980243102,0.03193072548402256,17.54324843587374,2.21,bb241270,bb,G,V
317828260670,2457334.8390583,2.436218598502143,0.06834507085432326,15.492990768646235,0.03049320801487358,17.625588398464206,1.77,bc158417,bc,B,V
317828260670,2457341.8045482,2.4118913308372205,0.0613568650563375,15.503887063219135,0.027651430134417978,17.742698489088436,2.52,bb241876,bb,G,V
317828260670,2457341.807307,2.228271874479131,0.10231216989375,15.589860958030934,0.04990812907212638,17.187538154867028,1.57,bc158971,bc,G,V
317828260670,2457342.9215522,2.436565944277611,0.08386993360496053,15.492835979990458,0.03741453069383992,17.40334064564834,1.42,bc159389,bc,G,V
317828260670,2457344.7793319,2.246807297141081,0.09576936029609882,15.580866840266122,0.04633113435633136,17.259289927418948,2.43,bb242815,bb,B,V
317828260670,2457344.9154409,2.3567762915130372,0.08682317139562085,15.528985502907453,0.04004326279349893,17.365767280439044,1.36,bc160054,bc,G,V
317828260670,2457353.8947798,2.462671544189373,0.20742497532000193,15.481265174004024,0.0915517663033982,16.4202037759524,1.73,bb243933,bb,G,V
317828260670,2457354.8834543,2.5390396673018714,0.2040431450277047,15.448107689792568,0.0873503592953746,16.43805137135887,1.73,bb244285,bb,B,V
317828260670,2457354.9722754,1.8648921020706035,0.29113680577947015,15.783147130282442,0.1696897366925054,16.05211361164559,1.45,bc161425,bc,B,V
317828260670,2457356.9594538,2.7302019310226133,0.09522467393366327,15.369294480792732,0.0379111446617097,17.26548265809332,1.71,bb244791,bb,G,V
317828260670,2457357.855521,2.4454447190284214,0.0679545036386947,15.488886780165211,0.030204563749439722,17.631810782189657,1.61,bb245093,bb,G,V
317828260670,2457358.9485348,2.4005617534283576,0.08268627464842969,15.508999198293484,0.03743973066265293,17.41877282956436,1.53,bc162693,bc,G,V
317828260670,2457359.8994464,2.52196907279874,0.06575650437533567,15.455432013352567,0.028340736628550495,17.66750959869633,1.44,bc163090,bc,G,V
317828260670,2457360.9144729,2.3805816829136113,0.052275941689957764,15.518073685390753,0.023868820027384916,17.916601731508447,2.00,bb246445,bb,G,V
317828260670,2457361.9107143,2.3267884376122763,0.056287111490439155,15.542889161979726,0.026294458892521525,17.836333987781927,1.48,bc163971,bc,G,V
317828260670,2457362.9601859,2.309576445898887,0.052062364463577454,15.550950550105833,0.024502123188574698,17.921046673344662,1.76,bb247345,bb,G,V
317828260670,2457363.8694033,2.322396937140782,0.054189363215269695,15.54494027936431,0.025362366275010876,17.877571274667808,1.68,bb247706,bb,G,V
317828260670,2457363.9351716,2.417720425725494,0.07522465171592811,15.501266205579507,0.033819429619802686,17.521455929506093,1.38,bc164848,bc,G,V
317828260670,2457364.6890615,2.3032664407304853,0.1414732633515031,15.553920954910483,0.0667640024325035,16.83567046498126,1.75,bb248002,bb,G,V
317828260670,2457364.8184078,2.3671043035207076,0.07017728863931397,15.524237917018468,0.032224883986319196,17.59686493153232,1.62,bc165195,bc,G,V
317828260670,2457365.7311406,2.48507996905761,0.05594989135339903,15.471430482646797,0.0244720894516063,17.84285827485673,1.68,bb248474,bb,G,V
317828260670,2457366.8010301,2.339765312467921,0.0590181261777712,15.536850659080997,0.02741733831504984,17.78489285228407,1.57,bc166057,bc,G,V
317828260670,2457366.8126182,2.3865696273267263,0.05949251989978778,15.51534613132861,0.027095703288658523,17.776200482316145,2.11,bb248975,bb,G,V
317828260670,2457368.8622153,2.402753365221346,0.06023123163079792,15.50800841906007,0.02724737835397637,17.762802033982666,1.76,bb249575,bb,G,V
317828260670,2457369.791213,2.7902734932658797,0.08986966217594605,15.34566447088947,0.035008903480032036,17.328323620773315,1.43,bc167029,bc,G,V
317828260670,2457374.6992315,2.2284473609082487,0.11017100322819168,15.58977545478984,0.053737455309071674,17.107188133228895,1.78,bb251064,bb,G,V
317828260670,2457380.8242585,2.326639541326787,0.21704144883109924,15.542958642839297,0.10139714988259017,16.370999694082403,1.51,bc169348,bc,G,V
317828260670,2457382.8714028,2.5903136874475585,0.17549996497132975,15.426400503504711,0.07364391132046542,16.601663808378316,1.72,bb252728,bb,G,V
317828260670,2457383.8752913,2.1644057519891557,0.11038463024976884,15.621434705977267,0.055434750919267514,17.105084875556294,2.30,bc169957,bc,G,V
317828260670,2457384.7407819,2.627248004444674,0.045544021663573894,15.41102872742616,0.018842671605307285,18.06627795022432,1.67,bb253037,bb,G,V
317828260670,2457385.866974,2.399371683521423,0.08697456047971469,15.50953758159717,0.03940096750665693,17.363875786811317,1.43,bc170496,bc,G,V
317828260670,2457386.7815107,2.4836132949878835,0.08656175807033005,15.472071464530648,0.037883863666549215,17.369041222731617,1.53,bc170849,bc,G,V
317828260670,2457387.7404948,2.5125642158804777,0.052547554698618215,15.459488478946968,0.022732516414945152,17.910975116344122,1.77,bb254135,bb,G,V
317828260670,2457388.8263452,2.4299116589307634,0.05834392532165344,15.495805192472133,0.02609860728852076,17.797367281996095,1.42,bc171759,bc,G,V
317828260670,2457389.8289108,2.365504074337619,0.04402167067609718,15.52497215348491,0.020228095380742377,18.103190092338423,2.02,bb255010,bb,G,V
317828260670,2457390.7658786,2.2577003244732126,0.0743251538114115,15.575615666019388,0.03578340747389845,17.534516852116756,1.38,bc172360,bc,G,V
317828260670,2457391.8770816,2.5113166599775134,0.13971336421870212,15.460027710139993,0.060471208124344034,16.849261517818142,1.66,bb255766,bb,G,V
317828260670,2457392.8562847,2.3400223678672094,0.05604790215021546,15.536731382578308,0.026034636937039092,17.840957989245798,1.66,bc173290,bc,G,V
317828260670,2457394.8472968,2.5139397969673243,0.07795370273653418,15.458894221696987,0.0337049780131591,17.48276452206643,1.55,bc173736,bc,G,V
317828260670,2457394.8663474,2.558950704161764,0.0503946485912687,15.43962660530971,0.021405958253882987,17.95639534079108,2.55,bb256643,bb,G,V
317828260670,2457396.7841817,2.6590755711239544,0.07667858158421532,15.39795470404653,0.03134408259613303,17.500671217142248,1.60,bc174559,bc,G,V
317828260670,2457396.7917459,2.2693485077790987,0.05685520133547833,15.570028413611567,0.02723210281477185,17.825430889192905,2.22,bb257447,bb,G,V
317828260670,2457399.7394629,2.524725615203602,0.05693285542754377,15.454245938754612,0.024510995624849024,17.82394897844251,1.70,bb258680,bb,G,V
317828260670,2457399.7672808,2.450205382457281,0.07879851025498734,15.48677518061644,0.034956479664202005,17.47106137641734,1.50,bc175819,bc,G,V
317828260670,2457402.7217062,2.4363819909489455,0.06570866195351238,15.492917952870805,0.029314967402670648,17.66829983466895,2.02,bc176655,bc,G,V
317828260670,2457402.7293561,2.2724430049635043,0.058453922302939054,15.568548905739352,0.027959720850922912,17.795322248757333,2.00,bb259544,bb,G,V
317828260670,2457408.7854159,2.546844485612337,0.14694924837795348,15.444775336868846,0.06271582139836726,16.794437971009263,1.41,bc179241,bc,G,V
317828260670,2457408.8236331,2.0577668699166227,0.11183938113418534,15.676290977532396,0.05907595582778365,17.09086950560283,1.79,bb262164,bb,G,V
317828260670,2457411.801413,2.372181368057466,0.15490016834911494,15.521911678309873,0.07097676023964157,16.73722666927486,1.38,bc180549,bc,G,V
317828260670,2457411.8155353,2.4456724705893804,0.10703471998105372,15.488785667022338,0.04757059186583998,17.138544700625108,1.77,bb263453,bb,G,V
317828260670,2457413.7871212,2.1171803351667515,0.1518509573768797,15.645386775727026,0.07796000449821397,16.758812557763243,1.50,bc181403,bc,G,V
317828260670,2457413.8100603,2.4066449184547993,0.0829183640776534,15.506251358857854,0.037449918729187785,17.415729580740344,1.68,bb264314,bb,G,V
317828260670,2457415.7777901,2.7692481425610804,0.14257934733821764,15.353876721801168,0.055963764703027545,16.82721483771732,1.38,bc182260,bc,G,V
317828260670,2457415.7994495,2.270947452430016,0.056127203693101466,15.56926369158292,0.026864483383759546,17.83942287911774,1.67,bb265170,bb,G,V
317828260670,2457417.7771167,2.6082434206147966,0.07084486715713843,15.418911103185803,0.02952381276209366,17.586585417983343,1.67,bc183090,bc,G,V
317828260670,2457418.8005458,2.498145414697954,0.0659366072979581,15.465737117897639,0.028689372885258167,17.664539900690116,1.75,bb266430,bb,G,V
317828260670,2457419.7703617,2.481977950487729,0.05946938118779194,15.47278660708165,0.02604399918748609,17.776622845063084,1.41,bc183942,bc,G,V
317828260670,2457419.7892381,2.5742511179357734,0.07713102369421268,15.433154129473026,0.03256794515838357,17.49428365512551,1.64,bb266850,bb,G,V
317828260670,2457420.7669428,2.3103750554212996,0.050299465614471586,15.550575187169517,0.023664267003468527,17.958447965923757,1.44,bc184368,bc,G,V
317828260670,2457421.7732403,2.632860565084996,0.08624974235273564,15.408711755249394,0.035607552177985995,17.372961877645615,1.74,bc184774,bc,G,V
317828260670,2457421.79597,2.6431185850373033,0.06284425630721376,15.404489783414908,0.025844082302500022,17.716692415673336,1.85,bb267687,bb,G,V
317828260670,2457422.7638547,2.3741075765551716,0.06146714405849214,15.521030419523022,0.028141990601791095,17.74074880615101,1.38,bc185190,bc,G,V
317828260670,2457422.7752621,2.0933784944444884,0.07081766271454366,15.657662008792652,0.036771047637193785,17.587002420964236,1.63,bb268094,bb,G,V
317828260670,2457423.7525033,2.2455777172789606,0.08472748477123694,15.581461179087036,0.04101175899369159,17.392295608457154,1.41,bc185620,bc,G,V
317828260670,2457423.777481,2.1296327084236095,0.09144481717400724,15.639019633548587,0.04667309062890221,17.309458653768996,1.66,bb268542,bb,G,V
317828260670,2457424.7418288,2.373087002422712,0.06253055945804266,15.521497252842739,0.028641174698410387,17.722125607899876,1.46,bc186155,bc,G,V
317828260670,2457424.7759526,2.396027226478196,0.05756969021978067,15.511052032742525,0.02611646042556415,17.811871662326837,1.61,bb269077,bb,G,V
317828260670,2457427.735071,2.4425476225315235,0.0609774449595806,15.490173804654567,0.027135532943718312,17.749433336519356,1.57,bc186795,bc,G,V
317828260670,2457427.7692368,2.2261291800670326,0.04977017382637436,15.59090549849772,0.0243013817495707,17.969933499788386,2.41,bb269727,bb,G,V
317828260670,2457428.7431348,2.2111192472291825,0.06646857002572348,15.598250991967653,0.032675056205435704,17.655815554520203,1.68,bc187227,bc,G,V
317828260670,2457429.7589665,2.477521335544721,0.06861206424845678,15.474737896604086,0.030101993324891843,17.621355179633323,1.68,bb270548,bb,G,V
317828260670,2457430.7514821,2.226827448931231,0.06846953116993941,15.590564989547872,0.03342127091225947,17.62361300832314,1.71,bb270965,bb,G,V
317828260670,2457436.7150825,1.9556859979761108,0.163125287789012,15.73153358857889,0.09066388755982954,16.68105316649106,1.77,bc189992,bc,G,V
317828260670,2457436.7379229,2.543226741645905,0.11112984704902175,15.446318700837613,0.047496084415828456,17.09777960213428,2.12,bb272922,bb,G,V
317828260670,2457438.7383878,2.3544255564272936,0.09818917065755581,15.530068996455205,0.04533053046380427,17.232197414102945,1.77,bb273761,bb,G,V
317828260670,2457440.7314635,1.9931196571866505,0.12084853551650948,15.710947973500913,0.06590527736187575,17.006752914057166,1.75,bb274583,bb,G,V
317828260670,2457444.7210417,2.0098952689917753,0.11714947365163983,15.701847834702052,0.06335473612405294,17.040505539507144,2.04,bb276146,bb,G,V
317828260670,2457574.0949183,2.468739227624362,0.07791656025301605,15.478593359704327,0.034305734834534835,17.483281964445496,1.52,bc229255,bc,G,V
317828260670,2457576.1216644,2.7351323167748056,0.19433463428197667,15.367335552198789,0.07722964510238538,16.490980875230463,1.80,bb313298,bb,G,V
317828260670,2457577.1009902,2.4444604058088126,0.07402400070472996,15.489323886606545,0.03291559566275964,17.538925010441904,1.46,bc230252,bc,G,V
317828260670,2457577.1249456,2.206993452768492,0.3762845963914342,15.60027879253575,0.18532225166530636,15.773565292729295,1.88,bb313650,bb,G,V
317828260670,2457578.1253388,2.8218604438638666,0.29099045420222946,15.33344257512294,0.11208703557496122,16.0526595376666,1.78,bb314005,bb,G,V
317828260670,2457579.0970426,2.6295190815662735,0.07599283762178613,15.410090587779571,0.03141293441736956,17.510424739551222,1.41,bc230957,bc,G,V
317828260670,2457579.116198,2.2174624518222767,0.10625890849045543,15.59514071781728,0.052086029002054494,17.146443017551956,1.75,bb314352,bb,G,V
317828260670,2457581.1262136,2.2578060385340417,0.30017943615190645,15.57556482893757,0.14451285462463348,16.01890404992188,2.05,bb314631,bb,G,V
317828260670,2457583.1156437,2.3680246183282323,0.07714841671379868,15.523815871859664,0.03541220561638949,17.494038849581692,1.77,bb315207,bb,G,V
317828260670,2457584.0891099,2.433198929764575,0.07098200474429618,15.49433736259756,0.031709019776034394,17.584485741274435,1.70,bc232071,bc,G,V
317828260670,2457584.1040067,2.3423327714750712,0.06381994311496125,15.535659917909957,0.02961556284000688,17.69996536178899,2.01,bb315461,bb,G,V
317828260670,2457588.0692846,2.008188431692589,0.15134822500220782,15.702770252103415,0.08191907573192013,16.762413063783207,1.54,bc233005,bc,B,V
317828260670,2457588.1070621,2.6487605029100787,0.10878634131054421,15.40217467503171,0.04464202144124515,17.120920466526943,2.00,bb316413,bb,G,V
317828260670,2457590.1066616,2.701414391135656,0.12469519562489531,15.380803381683013,0.050173071024855714,16.97273209145196,1.43,bc233286,bc,G,V
317828260670,2457600.0956776,2.2262422898178533,0.05756862287067605,15.590850333580581,0.02810771781805543,17.8118917921956,1.79,bb318851,bb,G,V
317828260670,2457600.1272787,2.317154111299451,0.12480454324257469,15.547394106553497,0.05854470859692362,16.971780405686204,1.52,bc235495,bc,G,V
317828260670,2457602.1101067,2.308785418205286,0.06431936985468999,15.551322477399355,0.030281011819648557,17.69150194137398,1.45,bc236091,bc,B,V
317828260670,2457604.0978872,2.413857138035207,0.05133355512231483,15.503002496533467,0.02311542868260724,17.936353037401695,1.78,bb320186,bb,G,V
317828260670,2457606.0788394,2.4999625982290548,0.06819650224526484,15.46494762634114,0.02965109675152674,17.627951142319308,2.13,bc237346,bc,B,V
317828260670,2457607.0816882,2.477423261861783,0.05972006219298796,15.47478087676107,0.026201865494131414,17.772055765348835,1.64,bb321052,bb,G,V
317828260670,2457609.0430391,2.3576771243946486,0.0713192049659458,15.52857058020078,0.032880191337857016,17.579340160644506,1.40,bc238327,bc,B,V
317828260670,2457610.0763767,2.338692554761456,0.049008447906044195,15.537348571826739,0.02277770627153711,17.986679022036977,1.67,bb322013,bb,G,V
317828260670,2457612.0223129,2.4935045583639863,0.06822011461401023,15.467755988299958,0.029738184453988507,17.627575281893016,1.40,bc239266,bc,B,V
317828260670,2457616.0114958,2.303831103612448,0.1616374947130282,15.553654811234729,0.07626120194332414,16.69100111739845,1.43,bc240339,bc,B,V
317828260670,2457616.0293388,2.1355475517206752,0.09578679274583424,15.636008289015324,0.04875380976071897,17.259092313909104,1.65,bb323742,bb,B,V
317828260670,2457617.0876691,2.400317889918714,0.08740117111953073,15.509109499513817,0.03957862137969936,17.358563263825996,1.67,bb324030,bb,G,V
317828260670,2457617.1114841,2.2470925069681935,0.06560152914742745,15.58072902560662,0.03173256540250891,17.670071486832697,1.36,bc240659,bc,B,V
317828260670,2457617.9865417,2.5613418302857296,0.17649798327916247,15.438612549032971,0.07490044153055836,16.59550702525594,1.41,bc240929,bc,B,V
317828260670,2457620.006349,1.964780718243177,0.19227969807927509,15.726496185894945,0.10637302671220103,16.50252281487482,1.76,bb325078,bb,G,V
317828260670,2457620.0480283,2.1368179298898267,0.13474091135277905,15.635362606608908,0.0685400053468891,16.888607692470746,1.53,bc241720,bc,B,V
317828260670,2457627.0327959,2.157954356983347,0.07354744663872476,15.624675767875782,0.03704567546691604,17.54593739408269,2.01,bb326374,bb,G,V
317828260670,2457630.0571517,2.3572099210325335,0.0670842854137056,15.52878575379964,0.030933902358893955,17.64580439867194,1.73,bb326943,bb,G,V
317828260670,2457630.1035767,2.2309245536634514,0.08226997377802975,15.588569196066118,0.040083777998898125,17.424252996468915,1.49,bc243587,bc,B,V
317828260670,2457630.8660397,2.3751819179576894,0.06231973355479936,15.5205392086258,0.028519432683572984,17.725792424021762,1.39,bg091025,bg,G,V
317828260670,2457631.764924,2.6003439126392127,0.07647190576765814,15.422204429316723,0.03196563204580587,17.50360161007514,1.63,bg091349,bg,G,V
317828260670,2457632.7653901,2.3769323106791003,0.07506988275116282,15.519739368914593,0.03432899551912585,17.52369204978035,1.36,bg091602,bg,B,V
317828260670,2457637.0677328,2.5695194698905857,0.08097647298244315,15.43515162253853,0.0342546170391334,17.441459251976696,1.39,bc244531,bc,G,V
317828260670,2457638.0480332,2.3219840690410383,0.06732245563331779,15.545133315139914,0.03151467884116423,17.641956521713187,1.72,bb328304,bb,G,V
317828260670,2457639.9369742,2.6295487247369587,0.08535216324964802,15.410078348095727,0.03528137342198453,17.38432006172905,1.45,bc245590,bc,G,V
317828260670,2457643.7355998,2.0833562897732683,0.14685639142314835,15.66287253419565,0.07661988167844193,16.79512426253941,1.60,bg095626,bg,G,V
317828260670,2457644.0401932,2.4078893577113787,0.0931930907212077,15.505690086382437,0.04206872604674931,17.28889710562687,1.73,bb329560,bb,G,V
317828260670,2457645.9989182,2.45272525905357,0.10029096469193895,15.485659145455816,0.044445221796050725,17.209201871723746,1.64,bc246305,bc,G,V
317828260670,2457649.7517644,1.7616379195095326,0.16208719557776424,15.844989779568337,0.10001018505136886,16.687984623205292,1.57,bg097687,bg,G,V
317828260670,2457654.0636395,2.140346946401539,0.07944064490295442,15.633570960986518,0.040343238377124925,17.462249490864423,1.64,bc248134,bc,G,V
317828260670,2457654.7576155,2.3267284633721084,0.09090209022665566,15.542917147782848,0.04246590066998304,17.315921719630122,1.39,bg099527,bg,G,V
317828260670,2457655.7007891,2.3361886555157634,0.08182343600922476,15.53851162782829,0.038069920933545574,17.430162111524115,1.40,bg099865,bg,G,V
317828260670,2457656.8616297,2.3821168359891662,0.06849575823877697,15.517373758101598,0.031254516992735785,17.623197199636827,1.42,bg100366,bg,G,V
317828260670,2457657.1272422,2.462090674842087,0.05372280953919069,15.481521296373169,0.023717387337295275,17.886959601506305,1.85,bb332063,bb,G,V
317828260670,2457658.0421939,2.2943728021155696,0.06647678635698359,15.558121439972606,0.03149330239983489,17.65568135249054,1.49,bc248995,bc,B,V
317828260670,2457658.9884715,2.5414894739250986,0.0518987258037804,15.447060616199362,0.02219629829717427,17.924464655278346,1.74,bb332601,bb,G,V
317828260670,2457660.6885423,2.1476265748188204,0.08627433271629682,15.62988448126179,0.04366515562072596,17.37265237129786,1.47,bg101754,bg,G,V
317828260670,2457663.6940089,2.517593778762734,0.08989888254379176,15.457317262718366,0.03881332147478411,17.327970660119213,1.35,bg102886,bg,G,V
317828260670,2457667.680194,2.3495937865367162,0.07714961120021842,15.532299441938406,0.03569054086039364,17.494022039293583,1.38,bg104046,bg,G,V
317828260670,2457669.8481873,2.5179133131193066,0.0987837249356103,15.457179469239485,0.04264388829471918,17.225642897412367,1.39,bc251562,bc,G,V
317828260670,2457669.8673066,2.307011997465521,0.06455415434023408,15.55215677189921,0.030414908610166644,17.68754590308161,1.68,bb334978,bb,G,V
317828260670,2457670.9056613,2.6300726574244244,0.07891886609772256,15.409862038727356,0.03261559179782531,17.46940430191738,1.40,bc252012,bc,G,V
317828260670,2457670.9280716,2.5675830048449795,0.05609223383579696,15.435970173587176,0.02374599741145153,17.840099554072026,1.69,bb335429,bb,G,V
317828260670,2457671.992176,2.3338125969526327,0.06141865232375239,15.539616455381758,0.02860529795190141,17.741605686869878,1.41,bc252484,bc,G,V
317828260670,2457673.8306101,2.3544495392862443,0.10303576249432576,15.530057936888861,0.047567549079655824,17.179886420306225,1.37,bc253024,bc,G,V
317828260670,2457673.8575537,2.576658749154622,0.08340203490326221,15.432139142746475,0.035182922765445095,17.409414776181016,1.75,bb336446,bb,G,V
317828260670,2457675.0962057,2.538692896618435,0.05046469538409707,15.448255984915086,0.021606760643789396,17.95488725342444,1.70,bb337037,bb,G,V
317828260670,2457675.8526969,2.823097910061891,0.1614996636280828,15.332966553232028,0.06218102178233414,16.69192733838096,1.75,bb337258,bb,G,V
317828260670,2457676.8711348,1.9711646440184047,0.17391040686810702,15.722974152541926,0.09589916880724529,16.61154246583863,1.51,bc254281,bc,G,V
317828260670,2457682.0055754,2.259509208733089,0.08476621404339821,15.574746115372378,0.04077752319906155,17.391799427490014,1.64,bc256103,bc,G,V
317828260670,2457682.0207478,2.240953473578011,0.0936923797412294,15.58369930487734,0.045444737875073644,17.283095718776437,1.85,bb339516,bb,G,V
317828260670,2457684.8279633,2.2700486963679256,0.0935357529949007,15.569693470414094,0.044787275663406886,17.284912276644178,1.85,bg108195,bg,G,V
317828260670,2457687.9651016,2.458018310477096,0.06805367332872088,15.483318620153163,0.030093910910940196,17.630227463533995,1.47,bc257617,bc,G,V
317828260670,2457690.9908291,2.29858736872139,0.05914180411862431,15.556128864959788,0.027966989886451753,17.782619972352332,1.81,bc258856,bc,G,V
317828260670,2457691.0131822,2.459579957917673,0.0637549415809303,15.48262904075698,0.02817507490309816,17.70107176333719,2.09,bb342278,bb,G,V
317828260670,2457694.7943217,2.4435961979225196,0.062069206398263306,15.48970780270099,0.027609524335944994,17.730165912083052,1.70,bc259825,bc,G,V
317828260670,2457695.8789964,2.3266242168133986,0.060758639742647905,15.542965794111982,0.02838533152153045,17.753336287763716,1.56,bc260310,bc,G,V
317828260670,2457696.9086425,2.573564875169081,0.03380975473911533,15.433443603153696,0.01427969963635265,18.389751342822503,1.50,bc260754,bc,G,V
317828260670,2457697.0415285,2.420330681781222,0.05826931318444055,15.500094638882338,0.026168411804157188,17.798756645858703,1.75,bb344262,bb,G,V
317828260670,2457697.9060361,2.3623049203499056,0.02355281635967363,15.526441518191943,0.010837249301279583,18.78224927888581,1.67,bc261144,bc,G,V
317828260670,2457699.854501,2.74165976493361,0.08840167939797372,15.364747507941987,0.03504766827135681,17.3462051048336,1.64,bb345354,bb,G,V
317828260670,2457700.8776455,2.543488210092274,0.07486510003903812,15.446207082332716,0.031993507347585756,17.52665787054851,1.42,bc262271,bc,G,V
317828260670,2457701.7790715,2.321741099218798,0.07065020902277905,15.54524693130941,0.033075912506084944,17.589572765996632,1.40,bg112453,bg,G,V
317828260670,2457701.9114851,2.4438465973122234,0.061844774635647644,15.489596551195987,0.027506874285659455,17.734098865484864,1.86,bb346125,bb,G,V
317828260670,2457703.7465508,2.832262955789931,0.1513946768161814,15.329447474286361,0.05810174898680619,16.76207988063473,1.49,bc263439,bc,G,V
317828260670,2457703.7657439,2.6709946232010062,0.1629243973630464,15.39309887008363,0.0663017943675036,16.68239108550275,1.69,bb346860,bb,G,V
317828260670,2457708.9681533,2.124843065204959,0.1680759445903304,15.641464254942157,0.0859786998444999,16.648592491982676,2.37,bc265661,bc,G,V
317828260670,2457709.9635947,2.557559309775365,0.09371151653194348,15.440217120052589,0.03982716790462501,17.282873978385695,2.10,bb349463,bb,G,V
317828260670,2457710.938454,2.159367300492695,0.11351723791769847,15.623965103209187,0.05714095145198401,17.074701855182358,1.71,bc266456,bc,G,V
317828260670,2457711.8837386,2.4052062269213654,0.10352791066064723,15.506900605679787,0.046786149318536405,17.17471277011695,1.53,bc266779,bc,B,V
317828260670,2457711.9971691,2.2486413910108096,0.10051018054079455,15.579980903236955,0.04858497965782081,17.206831260958165,1.82,bb350271,bb,G,V
317828260670,2457716.9670301,2.6229503975311808,0.09458937227988536,15.412806210143838,0.03919804781043698,17.272750535216993,2.02,bc268049,bc,B,V
317828260670,2457718.9255156,2.6360761982563177,0.08540738419486703,15.407386505034557,0.035216779134342596,17.383617841765687,2.46,bc268650,bc,B,V
317828260670,2457718.9862129,2.652014815767954,0.06913645191841139,15.400841539585326,0.02833631126636828,17.613088674195627,2.07,bb352103,bb,B,V
317828260670,2457719.9593773,2.2894869449049335,0.06064178117020425,15.56043597591679,0.028790284076316362,17.75542652140824,1.47,bc269016,bc,G,V
317828260670,2457720.9786291,2.560329273023012,0.0643169919861735,15.439041850357352,0.027304993398552736,17.6915420814697,2.05,bb352841,bb,G,V
317828260670,2457736.8208415,2.7740930229726692,0.13161544901364852,15.351978854340766,0.051570105790363294,16.914089219350124,1.63,bb354450,bb,G,V
317828260670,2457736.8513037,2.130500147781465,0.18805576673511223,15.638577482864061,0.09594387605006163,16.526639754640673,1.47,bc271068,bc,B,V
317828260670,2457739.8989329,2.418843354590426,0.09136942649959287,15.500762044112271,0.04105871255896733,17.310354146239476,1.50,bc271768,bc,G,V
317828260670,2457739.9214948,2.668116759204221,0.09181542853285825,15.39426932756709,0.037404427109789966,17.30506722978933,2.12,bb355191,bb,G,V
317828260670,2457741.6379346,2.431866791159822,0.07968126410949654,15.49493194907678,0.035614643860870654,17.45896585525631,1.52,bg122212,bg,G,V
317828260670,2457745.885754,2.367745033850755,0.05903662832478704,15.523944068546637,0.027101840469179992,17.784552527980658,2.04,bc272393,bc,G,V
317828260670,2457747.8748504,2.4234019683554155,0.06840302407244872,15.498717763766992,0.03068047071558809,17.62466813831869,2.14,bc273193,bc,G,V
317828260670,2457749.9019599,2.834461412891998,0.06384648963668063,15.328605031832916,0.0244837901073886,17.699513833230775,2.16,bb357137,bb,G,V
317828260670,2457753.8661553,2.462655573313211,0.08892905354328406,15.481272215225065,0.03925113027109742,17.33974721813113,1.41,bc274584,bc,B,V
317828260670,2457754.5744427,2.605170295416709,0.07258885114884607,15.420191110435375,0.030286283127287324,17.56018158629127,1.51,bg125896,bg,G,V
317828260670,2457755.8706545,2.516025444292582,0.05932814062416558,15.457993832595847,0.025630547385908704,17.779204549856676,1.58,bb358284,bb,G,V
317828260670,2457756.7822484,2.4479879135363887,0.05955166696709111,15.487758231431028,0.026442153750998995,17.775121586834544,1.39,bc275227,bc,G,V
317828260670,2457757.8206044,2.680008384767939,0.06065616120376841,15.389441022567452,0.024600896914658353,17.75516909044389,1.72,bb359104,bb,G,V
317828260670,2457763.8311079,2.275849518437446,0.13975879854443923,15.566922547855292,0.06674946489985997,16.848908497378908,1.44,bc277834,bc,G,V
317828260670,2457764.7814896,1.6347790806433107,0.27228243996763224,15.926133725390244,0.18103924706535676,16.124807309341623,1.63,bb361640,bb,B,V
317828260670,2457765.850965,2.7985383425912658,0.14665263728900338,15.342453250707301,0.05696010596157373,16.796631700159423,1.70,bb362057,bb,G,V
317828260670,2457766.7365795,2.6546880404129256,0.12008123138297012,15.399747671281538,0.04916701156716048,17.013668561759648,1.67,bb362522,bb,G,V
317828260670,2457766.8242955,2.5292949297984286,0.12197755764994853,15.452282720918804,0.05241947083015287,16.996656560542508,1.43,bc279174,bc,G,V
317828260670,2457769.8068254,2.293341592534147,0.06781579615192537,15.558609535568706,0.03214210309717267,17.63402923192254,2.33,bc280154,bc,G,V
317828260670,2457769.8414674,2.597783045675308,0.09010040632527694,15.423274209345383,0.03769953939365501,17.325539519880017,2.10,bb363597,bb,G,V
317828260670,2457773.804601,2.401390418354231,0.073475087032833,15.508624470895802,0.03325749300291712,17.54700612073649,1.67,bc281679,bc,B,V
317828260670,2457774.8203251,2.409103996225559,0.04612929641497106,15.505142534438065,0.02081294110177373,18.052414317172854,1.76,bb365535,bb,G,V
317828260670,2457776.7904051,2.491784337360142,0.09208430193005267,15.468505275387328,0.040168657869767935,17.301892393272645,1.38,bc282559,bc,B,V
317828260670,2457777.7755548,2.4446705113958473,0.06352686713903735,15.48923056971785,0.028245500659721007,17.704962797672216,1.40,bc282943,bc,G,V
317828260670,2457777.8062072,2.363764464754712,0.053878195263410915,15.525770905839899,0.024775419291691542,17.88382379391654,1.61,bb366385,bb,G,V
317828260670,2457779.779864,2.3392903117208883,0.06118311647451799,15.537071099080661,0.028428873124079775,17.74577740667711,1.66,bc283722,bc,G,V
317828260670,2457779.8104204,2.545884973996118,0.06497008425518884,15.445184459922094,0.027738746062934257,17.68057281874675,2.00,bb367163,bb,G,V
317828260670,2457781.7779849,2.486548353477786,0.07315590376253181,15.470789132139311,0.03197898266775632,17.551732943872576,1.50,bc284566,bc,B,V
317828260670,2457781.8012575,2.408695814038673,0.06784350968721695,15.505326509778241,0.0306153001480694,17.63358562668867,1.64,bb368001,bb,G,V
317828260670,2457783.7711796,2.512895245000693,0.06975413474140031,15.459345443149362,0.030172253231118756,17.603431503879076,1.54,bc285368,bc,B,V
317828260670,2457783.7983342,2.420770894951143,0.05833296784728241,15.499897181601124,0.02619223486462245,17.797571211434896,1.69,bb368806,bb,G,V
317828260670,2457785.7757592,2.55196663025238,0.18135766780811266,15.44259392648666,0.07724548489567498,16.566016587953186,2.27,bc286108,bc,B,V
317828260670,2457786.7179115,2.554037865448024,0.0681181683677663,15.44171307525916,0.02898997245026338,17.629198989463546,1.50,bc286464,bc,G,V
317828260670,2457792.5482166,2.3371869563785252,0.20233505400789786,15.538047769796563,0.09410004874881928,16.447178569555366,1.43,bg137307,bg,G,V
317828260670,2457793.7707326,2.333159347440601,0.10504104798066044,15.539920402634507,0.04893581412608533,17.158958778672655,1.77,bb371880,bb,G,V
317828260670,2457797.7294646,2.4084302530742474,0.07564858709380412,15.50544621980863,0.03414121085591018,17.51535434113632,1.45,bc289497,bc,B,V
317828260670,2457798.7467094,2.4241814089168243,0.05942916785795747,15.498368613776815,0.0266469008248024,17.777357270674333,2.19,bb373345,bb,G,V
317828260670,2457801.7227377,2.3585879862531685,0.08013953792914014,15.528151199319332,0.036932348468211515,17.452739308586327,1.63,bc291053,bc,G,V
317828260670,2457801.7343607,2.3164353660345056,0.0623666440708988,15.547730937326367,0.02926471919132179,17.72497545509402,1.64,bb374488,bb,G,V
317828260670,2457804.7314253,2.6836975836066195,0.08245377130275461,15.387947466656309,0.03339559010187381,17.42183008276384,1.82,bb375581,bb,G,V
317828260670,2457807.7227308,2.4278770850834377,0.07384667590171383,15.496714664140363,0.03306103363851518,17.54152901625757,2.07,bb376518,bb,G,V
317828260670,2457930.1215917,2.184307236016138,0.692313373274785,15.111599591503227,99.999,15.111599591503227,1.64,bc325041,bc,B,V
317828260670,2457933.1141198,2.5677198750075507,0.1128486653082704,15.435912297783405,0.04777062868901155,17.08111532636272,1.75,bc325944,bc,G,V
317828260670,2457935.9328115,1.903517116962397,0.09603324330238654,15.760889438351175,0.05483741605531975,17.25630240264981,1.89,bg183018,bg,G,V
317828260670,2457937.9256903,2.2287809192646098,0.0910058243837505,15.589612951834278,0.04438272666243132,17.3146834234023,1.53,bg183904,bg,G,V
317828260670,2457939.1184956,2.977782279143027,0.14605489772129504,15.275049051788713,0.05331327435254647,16.801066081336465,2.10,bb410585,bb,G,V
317828260670,2457941.1141841,2.3585728191156106,0.09634907924796716,15.52815818127778,0.0444028097005746,17.25273747189722,1.86,bb411267,bb,G,V
317828260670,2457943.100932,2.713888781705778,0.16952935990626267,15.375801290018655,0.06789926124406298,16.639244088050592,1.54,bc328513,bc,G,V
317828260670,2457944.9213244,2.822026643252763,0.1743753560957273,15.3333786302952,0.06716394084797357,16.608643624924856,1.45,bg186193,bg,G,V
317828260670,2457947.9022745,2.567626424838264,0.1676701938502554,15.43595181302784,0.07098003391138934,16.651216727574003,1.64,bg187503,bg,G,V
317828260670,2457955.8785387,2.669335360707587,0.07021574017207688,15.393773555515317,0.02859193259574096,17.596270197981138,1.52,bg190459,bg,G,V
317828260670,2457958.8834579,2.998099463568959,0.10745949648815575,15.267666312753844,0.0389592813547153,17.134244390405136,1.47,bg191409,bg,G,V
317828260670,2457959.8985972,2.5094330002360006,0.08876062186800854,15.460842392334156,0.0384465083562619,17.341805552946845,1.46,bg191849,bg,G,V
317828260670,2457965.0396525,2.39386298069372,0.08554320994634212,15.512033182648878,0.038841717630275954,17.38189253665414,1.47,bc333070,bc,G,V
317828260670,2457967.0572395,2.6275534532996376,0.060709830596874556,15.410902505005168,0.025114216503600635,17.75420884110029,1.75,bb413913,bb,G,V
317828260670,2457968.8453398,2.481966392209338,0.11127095083574043,15.47279166323879,0.04873018670625945,17.09640189565227,1.41,bg195614,bg,G,V
317828260670,2457971.0215727,2.437896011454109,0.2019379803219469,15.492243462441964,0.0900357536443265,16.449311372779015,1.56,bc334453,bc,B,V
317828260670,2457972.0369181,1.989732747460589,0.2306630324544534,15.71279453522333,0.12600721768814274,16.304911400520012,1.46,bc334827,bc,B,V
317828260670,2457973.0399804,2.3239231746337614,0.19929494647810986,15.544226987415877,0.09321519066918874,16.463615677589253,1.81,bb415652,bb,B,V
317828260670,2457973.100241,2.9554812144729357,0.1729047903462186,15.283210896401556,0.06359031774129396,16.617838829634564,1.34,bc335228,bc,B,V
317828260670,2457974.035859,2.7722411561122335,0.21143587913099945,15.352703887815693,0.08290101575195793,16.399409679076612,1.50,bc335533,bc,B,V
317828260670,2457974.0396821,2.4266748080993,0.1492901053914268,15.497252450409924,0.06687004502817308,16.777278832105576,1.60,bb416006,bb,B,V
317828260670,2457975.115352,2.441452363584298,0.09440973088248206,15.490660767109892,0.042032060190473924,17.27481449451105,1.38,bc335955,bc,G,V
317828260670,2457976.0646435,2.3900619565429935,0.10779690535206665,15.513758506711518,0.0490240635708043,17.13084066056249,1.66,bb416838,bb,G,V
317828260670,2457977.0757616,2.756553789030136,0.11515880931214308,15.358865226145506,0.04540909715445366,17.05911347910485,1.67,bb416949,bb,G,V
317828260670,2457982.1070116,2.484737960433773,0.05374122402198929,15.471579917153694,0.023509269334279093,17.88658750918482,1.41,bc338282,bc,G,V
317828260670,2457983.8050785,2.5534997496293736,0.07645155381394449,15.441941855494512,0.032543380913672884,17.503890602400784,1.37,bg200586,bg,G,V
317828260670,2457984.1143429,2.4355728247733848,0.057866484981999027,15.49327860523881,0.025824870684027112,17.80628863727926,1.77,bb419467,bb,G,V
317828260670,2457990.082977,2.5633549807440215,0.05591160933355621,15.437759522783331,0.023708572890829064,17.84360141125848,1.69,bb420686,bb,G,V
317828260670,2457992.9716385,2.278748661948095,0.061875812406797105,15.565540337889557,0.029514583576750367,17.73355410840984,1.70,bc341065,bc,G,V
317828260670,2457995.8858219,2.300625758489425,0.1557942503990671,15.55516645958554,0.07360674629319704,16.73097782878927,1.43,bg202114,bg,B,V
317828260670,2457995.9905948,2.569183853626764,0.14629890168805668,15.435293444592116,0.06189535446777202,16.799253729296797,1.97,bb422053,bb,B,V
317828260670,2457997.0329764,2.376335339760518,0.0553351416213035,15.520012087806341,0.025310776665340387,17.854853829201783,1.62,bb422460,bb,G,V
317828260670,2457997.0621568,2.1513604197513088,0.05810132244873991,15.62799846874272,0.029355198123718555,17.801891349893282,1.52,bc342022,bc,G,V
317828260670,2457998.9528146,2.601388185929744,0.12486503795522627,15.421768495549685,0.05217324660607293,16.97125425988428,1.46,bc342671,bc,G,V
317828260670,2457999.9713119,2.5039910526869518,0.3594506313372473,15.463199472739328,0.15603378756326367,15.823258266824878,1.70,bb423430,bb,B,V
317828260670,2458000.1158237,2.4099567018189365,0.05843070161618959,15.504758304646245,0.026353847827877756,17.795753640668256,1.45,bc343076,bc,G,V
317828260670,2458000.9706222,2.655620070858902,0.23517560151055525,15.399366548684386,0.09625836791222338,16.28387573493461,1.41,bc350325,bc,G,V
317828260670,2458002.9787213,2.8870053570066982,0.15663633141109862,15.308662430166516,0.05897352478247944,16.7251251363242,1.79,bb424227,bb,G,V
317828260670,2458003.9657494,1.8528202307771018,0.17440345028239024,15.790198194278151,0.10231374018338632,16.60846871248688,2.04,bb424539,bb,G,V
317828260670,2458004.7489449,2.277821194977552,0.18105857178618906,15.565982330227722,0.08639958037694447,16.567808667986856,1.43,bg204629,bg,B,V
317828260670,2458010.1203517,2.5305023761829575,0.07109721382401506,15.451764530880512,0.030539224531400812,17.582724939129776,1.73,bb425687,bb,G,V
317828260670,2458010.1320099,2.5218983374483313,0.0958707914090716,15.455462466147875,0.0413210082337497,17.258140612508193,1.39,bc345235,bc,G,V
317828260670,2458011.0128565,2.5884275822755733,0.07499122229504689,15.427191356978591,0.03149100971761783,17.52483031292834,1.39,bc345508,bc,G,V
317828260670,2458012.7256542,2.489196865482232,0.08836512281327738,15.469633290946888,0.03858636006982256,17.346654180198392,2.16,bg206894,bg,G,V
317828260670,2458014.9947944,2.3400569515663423,0.06621285249673367,15.53671533636555,0.030755871901366118,17.660000648678906,1.56,bc346683,bc,G,V
317828260670,2458017.7364388,2.4454051905903635,0.08289981579350371,15.488904330266774,0.03684808381631335,17.415972479845102,1.70,bg208653,bg,G,V
317828260670,2458018.8695833,1.6371570981034966,0.025586852806521135,15.864839733822764,0.01698786057919845,18.632598434514072,1.45,br000733,br,G,g
317828260670,2458019.873334,1.5908466171800932,0.06277536423007772,15.89599485029257,0.04289168472783558,17.658167508391813,1.48,br001205,br,G,g
317828260670,2458021.0023214,2.5782326993520877,0.0463409698746561,15.431476124025691,0.019536878669497985,18.047443596325852,1.73,bb429046,bb,G,V
317828260670,2458021.0438492,2.5818871509630403,0.06842320829037658,15.429938263975536,0.028805694494354148,17.62434780886213,1.52,bc348620,bc,G,V
317828260670,2458022.7975058,2.6236159785988296,0.06837222663916323,15.412530736466612,0.028326416006566064,17.625157084801668,1.60,bg210388,bg,G,V
317828260670,2458027.90068,2.326229186546677,0.10049980260942303,15.54315015352605,0.04695965320681686,17.206943371766336,1.77,bb431232,bb,G,V
317828260670,2458028.8645524,2.078004015457558,0.1008938926465623,15.665665448425868,0.05277529485027527,17.202694198356554,1.50,bc351112,bc,G,V
317828260670,2458029.0651398,2.448705926153229,0.05719095733564434,15.487439823817775,0.025386504519200898,17.81903797771209,1.65,bb431662,bb,G,V
317828260670,2458029.7450978,1.7212288373134936,0.09657128501189878,15.810469088276605,0.060984795153820305,17.1905205856404,2.23,bk007538,bk,G,g
317828260670,2458030.8038325,2.0974324251850707,0.471471087893327,15.52871872974956,99.999,15.52871872974956,1.44,bg212596,bg,B,V
317828260670,2458037.0225467,2.487751446114781,0.09900036031008522,15.470263936107001,0.04325556215096497,17.22326445565789,1.45,bc353091,bc,G,V
317828260670,2458038.0673859,2.161058322085894,0.10396742048430407,15.623115185344185,0.05229292730736265,17.170113221404975,1.41,bc353530,bc,G,V
317828260670,2458039.6908208,2.0782521059561367,0.0817451323238792,15.66553583137205,0.04275391057957817,17.431201640738156,1.56,bg215732,bg,G,V
317828260670,2458039.977588,1.7004652125659594,0.03669414530544878,15.823646242938192,0.023455311084673983,18.241148670455818,1.50,br007011,br,G,g
317828260670,2458042.6806949,2.5008372064668842,0.0782675680038754,15.464567849555202,0.0340179853620551,17.4784017955175,1.67,bg216805,bg,G,V
317828260670,2458043.9276297,1.7377984754932954,0.0332287433824927,15.800067092541086,0.02078388250314457,18.348855816955034,2.12,bs008086,bs,G,g
317828260670,2458044.8967963,1.6595837791597172,0.040150048435253397,15.850067668868462,0.026296567574875432,18.143425427620215,1.52,br004275,br,B,g
317828260670,2458046.9007702,1.667307592030583,0.05154121269793084,15.845026302978283,0.03360091296179499,17.872254029638786,1.55,br004761,br,B,g
317828260670,2458047.9079843,1.7101887787713477,0.03013428328461617,15.817455490960397,0.019152655046468004,18.45498844483246,1.69,br004960,br,G,g
317828260670,2458048.7450557,2.5503259995672622,0.07720694786668918,15.443292158565491,0.03290583067478842,17.49321543285085,1.52,bg218672,bg,G,V
317828260670,2458048.8942657,1.607581763547305,0.030551059006467284,15.884632945034392,0.020656910638150214,18.440074938932437,2.32,br005210,br,G,g
317828260670,2458048.8981258,1.7309584870832508,0.03590581366615763,15.804348991078523,0.022547079334377457,18.264728679500795,1.98,bs005214,bs,G,g
317828260670,2458050.6912019,2.5330363536330562,0.12920978172413147,15.450677847659119,0.05544547938133523,16.934117911618902,1.49,bg219255,bg,B,V
317828260670,2458051.784919,1.6822896484325647,0.034387889435373985,15.835313690764618,0.022218611833848073,18.311626807151665,1.49,bs005941,bs,G,g
317828260670,2458052.652439,2.678703126565498,0.09947533597267295,15.389969943040956,0.04036481837624202,17.21806785710822,1.41,bg219484,bg,G,V
317828260670,2458052.8080932,1.7198133225316465,0.02943462792940335,15.81136235006319,0.018603275351846218,18.480494235313966,2.05,br006412,br,G,g
317828260670,2458053.6491633,2.7954252541729896,0.0881043303839447,15.343661693735147,0.03425796356433769,17.349863256709448,1.42,bg219828,bg,G,V
317828260670,2458053.7755604,1.7029930647313916,0.0333683443340505,15.822033423918622,0.02129776112696848,18.34430396537939,2.00,bs008556,bs,G,g
317828260670,2458053.7940963,1.4919766892574895,0.03338683834500246,15.96566052792239,0.024323464260967056,18.343702375601048,2.35,br008569,br,G,g
317828260670,2458054.796655,1.6811035498993625,0.036022764160228864,15.836079459199858,0.023291354323399863,18.261198024473025,1.74,bs008997,bs,G,g
317828260670,2458054.8142248,1.75954848708697,0.0378870151501916,15.786562524797265,0.0234046055047385,18.206414632357568,1.37,br009009,br,G,g
317828260670,2458055.6198958,2.3135497357226096,0.09963477118879126,15.549084303974416,0.04681060565219138,17.216329074221527,1.34,bg220496,bg,G,V
317828260670,2458055.6740572,1.6786363011460201,0.039109458892758936,15.83767409562884,0.025324295308132322,18.171936093392244,2.01,bk016402,bk,G,g
317828260670,2458055.6935365,1.756905374626497,0.051031672023397756,15.788194693763426,0.03157210941589657,17.883041116506217,1.48,bs009372,bs,G,g
317828260670,2458055.7193998,1.6464928099187535,0.045321441020362285,15.858666025961272,0.029919617987356407,18.011881336329942,1.47,br009391,br,G,g
317828260670,2458056.6246916,2.759424842888471,0.12030673336038372,15.357734979779696,0.04738965396075657,17.011631556843856,1.39,bg220850,bg,G,V
317828260670,2458056.6862779,1.6963057644524135,0.0611363141386726,15.826305277472157,0.03917484498413763,17.686892481694052,1.62,bs009825,bs,G,g
317828260670,2458056.6974059,1.6164059488601967,0.0485327180245624,15.878689522012468,0.032635956587343,17.93755407592059,1.52,br009832,br,G,g
317828260670,2458057.6959807,1.6325308847088338,0.07984265676906965,15.867912106937048,0.0531600947345003,17.397053162207147,1.84,bs010246,bs,B,g
317828260670,2458057.7033531,1.8972769695970062,0.084618340917835,15.704738784797865,0.04847813945631895,17.333979346394695,2.12,br010250,br,B,g
317828260670,2458058.8835543,1.6834843097236138,0.06795055216290259,15.834542939616911,0.043872874491695024,17.572158136095133,1.52,br010586,br,G,g
317828260670,2458066.9210267,1.6157323278417972,0.0574786696714756,15.879142086027953,0.03866780021895862,17.753873841571647,2.02,br013216,br,G,g
317828260670,2458067.7462089,2.751038556160122,0.11098689847263368,15.361039711703228,0.04385177839557923,17.099177105648632,1.45,bg221212,bg,G,V
317828260670,2458067.8949429,1.7797854356338128,0.04624336412471871,15.774146500972059,0.028241902206947916,17.99001705960774,1.58,bs013535,bs,B,g
317828260670,2458067.9134212,1.5867007268029214,0.04599266706155207,15.898828070604003,0.0315069052217935,17.99591912509513,1.68,br013548,br,G,g
317828260670,2458068.7161195,2.346570387708596,0.08238761588502562,15.5336974399218,0.0381628255712429,17.422701554877133,1.37,bg221523,bg,G,V
317828260670,2458068.8911612,1.6617985595349676,0.035701525649455335,15.84861967682768,0.023351811155481846,18.270923672913636,1.51,bs013992,bs,G,g
317828260670,2458068.9210719,1.530376534021899,0.0759075510044619,15.938069877706777,0.05391366489180949,17.451928161280033,1.49,br014016,br,B,g
317828260670,2458069.7128247,2.3282304837622982,0.08066569296978807,15.542216476523215,0.03765954516342859,17.445634221115938,1.44,bg221856,bg,G,V
317828260670,2458069.9125094,1.7374682334416063,0.03335184886078101,15.800273439727048,0.020864847444994786,18.3448408263221,1.45,br014479,br,G,g
317828260670,2458070.7019089,2.157648001151976,0.0827029289812518,15.624829916284565,0.04166318508630917,17.418554167018375,1.39,bg222185,bg,G,V
317828260670,2458071.6113903,2.313314343354035,0.07272525635216495,15.549194777942414,0.03417140083630992,17.55814324171748,1.45,bg222452,bg,G,V
317828260670,2458071.8444852,1.6311644455449739,0.04070128640297075,15.868821255866937,0.027122053095082293,18.128620272108687,1.72,bs015084,bs,G,g
317828260670,2458071.8851136,1.671943834634155,0.028507527334996757,15.842011411890407,0.018533184018236788,18.51524173787541,1.39,br015117,br,G,g
317828260670,2458072.6430394,2.1086933633535074,0.11695407493987553,15.64974782653573,0.06028567107438336,17.042317998192786,1.36,bg222812,bg,G,V
317828260670,2458072.8556703,1.6551847769597428,0.03741961390096187,15.852949413808625,0.024573385362642194,18.21989235620102,1.48,br015558,br,B,g
317828260670,2458073.6632665,2.280462430882457,0.07252848343675668,15.564724099716603,0.03456987802817025,17.56108490241931,1.43,bg223091,bg,G,V
317828260670,2458074.8092682,1.6827415905322614,0.029907753935144183,15.835022050141873,0.019318728658802267,18.463181114320268,1.42,br015981,br,G,g
317828260670,2458074.9787691,2.501200866256302,0.07251424128264117,15.46440997846564,0.03151279393210273,17.56129812541876,1.82,bb442564,bb,G,V
317828260670,2458075.7917027,1.7316117483996283,0.02717266645150563,15.803939313051776,0.01705665663206727,18.567309966965837,1.55,bs016442,bs,G,g
317828260670,2458075.8354894,1.6045442747644825,0.03772122567190738,15.88668635918237,0.02555325701940601,18.21117612199092,1.46,br016477,br,G,g
317828260670,2458075.9802804,2.5168589502214704,0.05731002025020503,15.457634210756277,0.024750493175821585,17.81677998889312,1.64,bb442987,bb,G,V
317828260670,2458076.9215841,2.4935082213261777,0.07992334849303497,15.467754393352905,0.0348397507338195,17.455672216343345,1.71,bb443314,bb,B,V
317828260670,2458077.7183111,2.6152290204931017,0.07784230547214747,15.416007087396695,0.03235326655414938,17.484317168569483,1.39,bg224362,bg,G,V
317828260670,2458077.8160097,1.7602287250471311,0.03497869632581978,15.786142862445997,0.021599648700349635,18.293131563783756,2.05,bs017355,bs,G,g
317828260670,2458077.9972047,2.449879352271745,0.06842523647676053,15.486919660884013,0.030358742756450348,17.624315626174326,1.82,bb443628,bb,G,V
317828260670,2458078.9933197,2.41838771321036,0.05802726309044589,15.500966585238075,0.026080645262253763,17.803276175810666,1.71,bb443897,bb,G,V
317828260670,2458079.834193,1.6501119460908775,0.027113940296667225,15.856282101262076,0.017860408989418187,18.56965902288094,1.46,br017946,br,G,g
317828260670,2458080.7538773,1.7059390255950633,0.03055511378149907,15.820156861359449,0.019468503679782225,18.439930848217546,1.87,bs018359,bs,G,g
317828260670,2458080.768612,1.7294413977628829,0.02567110826447998,15.805300996026691,0.016134330185713256,18.629029065712302,1.61,br018371,br,G,g
317828260670,2458081.6296898,2.5692917018276056,0.08405280788006406,15.435247868936449,0.03555911834796094,17.400975828374182,1.38,bg225247,bg,G,V
317828260670,2458081.6509885,1.6490641021601655,0.031402534590293976,15.856971777783805,0.020698522105566688,18.410228854781863,1.44,br018753,br,G,g
317828260670,2458081.6769089,1.6914147310546594,0.02584067061058095,15.82944035059012,0.016606030993220645,18.62188116101618,2.43,bs018774,bs,G,g
317828260670,2458083.6358975,1.7340889927292675,0.04186151552087948,15.802387168469371,0.026239511060899553,18.098103243597432,1.53,bs019551,bs,G,g
317828260670,2458083.6543103,1.6188711274628766,0.03372908800647165,15.877034928532543,0.02264667740316356,18.332629115059124,1.52,br019566,br,G,g
317828260670,2458083.7514214,2.2724217916076928,0.07247608425844708,15.568559041182082,0.034667134748386515,17.56186959063115,1.39,bg225989,bg,G,V
317828260670,2458084.6326289,1.641568496235415,0.04415315922595287,15.861918100146646,0.029235797644811275,18.04023615279572,1.52,bs020006,bs,G,g
317828260670,2458084.6399878,1.8045102710075478,0.04743310871495938,15.759167226424744,0.02857158958441341,17.96243663949679,1.50,br020012,br,B,g
317828260670,2458085.68526,1.5555419795595098,0.05305430469902634,15.920361282408713,0.03707243086764635,17.84083904324333,1.77,br020526,br,G,g
317828260670,2458085.7846405,1.6009792436728665,0.04755351819947732,15.889101368712545,0.032285619531194874,17.959683978179925,1.67,bs020606,bs,G,g
317828260670,2458086.3741711,1.5476062917009148,0.07679620829802004,15.925914405654568,0.05393758083176722,17.439291166698638,1.91,bn006477,bn,G,g
317828260670,2458086.4960034,1.7499117649616256,0.07972713617836436,15.79252524478986,0.049522457282614646,17.39862520046475,1.69,bo006590,bo,G,g
317828260670,2458086.5478645,2.0821779275037153,0.17849867117866716,15.603771026407223,0.09318141941502,16.523553142981605,1.77,bs020889,bs,B,g
317828260670,2458086.5845184,1.3839304883695183,0.09486949467155507,16.047279929631546,0.0745117018621596,17.20982414321857,1.66,br020908,br,B,g
317828260670,2458086.5857471,1.5937744059179706,0.08573478955790731,15.893998501524457,0.05847125434055666,17.319747895982015,1.68,br020909,br,B,g
317828260670,2458086.7122116,1.8497387536832952,0.06890459387478205,15.732289633498272,0.04049020303047828,17.55702016814045,1.67,bk025088,bk,G,g
317828260670,2458087.4933037,2.0924694658550695,0.10372813175487126,15.59841779899701,0.05388273097342408,17.112899221698406,1.75,bo006957,bo,G,g
317828260670,2458087.5154749,1.6817655828928615,0.0972224891994204,15.835651971140889,0.0628367114715502,17.183223771001618,1.62,bn006960,bn,G,g
317828260670,2458087.6002491,1.5451552878673485,0.06557438962606334,15.927635291076061,0.046129027304103176,17.61080496939624,2.23,br021350,br,B,g
317828260670,2458091.6366399,1.9051628548820925,0.17475696210493152,15.700235358665658,0.0997044526626724,16.54655439512571,1.68,bs022663,bs,B,g
317828260670,2458091.8996094,2.1362564574538556,0.16029306747297428,15.635647933237912,0.08155930645470423,16.700069543863606,1.75,bb445556,bb,G,V
317828260670,2458092.5975693,2.951876462953683,0.586578008946295,15.224820176887931,0.21599304724797133,15.23182616877008,1.61,br023109,br,B,g
317828260670,2458094.7367226,1.7310222938750248,0.09287775076156882,15.804308969282719,0.05832049493063163,17.23286138778092,1.45,bk027346,bk,B,g
317828260670,2458094.9092222,2.8746683693916655,0.15656641967806212,15.313312028605488,0.059200182103241655,16.7256098428007,2.00,bc363975,bc,B,V
317828260670,2458095.4950413,1.5140542241697597,0.1722340960427205,15.949712049239974,0.1236487907572379,16.562342786368504,2.26,bn009089,bn,B,g
317828260670,2458095.7340728,1.4674313893861766,0.07404014261266316,15.983671110528357,0.05484305192421532,17.478972494943655,1.42,bk027698,bk,G,g
317828260670,2458096.7299188,1.8366527693697976,0.06266419401726445,15.739997977299716,0.037085537071856634,17.660091966006767,1.47,bk028050,bk,G,g
317828260670,2458096.9269161,2.3603016100244147,0.07022470970221896,15.527362647939352,0.03233959841143968,17.59613151224442,1.55,bc364422,bc,G,V
317828260670,2458097.7272149,1.7286295640706952,0.04724391335412802,15.805810781544556,0.029706815618622446,17.966775950598215,1.43,bk028404,bk,G,g
317828260670,2458099.5870056,2.557211384867719,0.07586857068474409,15.44036483133503,0.032248346065092554,17.51220163789847,1.38,bg230133,bg,G,V
317828260670,2458099.7217808,1.5136786438967806,0.04757841314556989,15.949981413229485,0.03416555202856024,17.959115728497128,1.57,bk028715,bk,G,g
317828260670,2458099.9428236,2.450034790632876,0.06487774704655254,15.486850775980553,0.028782975057172894,17.682116993437337,1.71,bb447342,bb,G,V
317828260670,2458101.7111035,1.6490544897582273,0.04140120789347953,15.856978106563385,0.027289160671878653,18.11010808147687,1.49,bk029215,bk,G,g
317828260670,2458101.9361594,2.565709340071713,0.04794425745339552,15.436762766579575,0.02031146806264952,18.010514901701367,1.77,bb448023,bb,G,V
317828260670,2458103.6692013,2.356683643547603,0.06354388828223462,15.529028185459875,0.029307897975251712,17.704671928676202,1.34,bg231331,bg,G,V
317828260670,2458103.7052801,1.6538319525044642,0.036565143908958556,15.853837176362699,0.024031898513017184,18.24497239391533,1.58,bk029585,bk,G,g
317828260670,2458104.7014335,1.7705211402960068,0.03928297301528933,15.779812830611451,0.02411656248573928,18.167129739821238,1.51,bk029936,bk,G,g
317828260670,2458106.7043617,2.3141072027390432,0.10382675631680775,15.548822719274565,0.04876834131798002,17.171583177926784,1.58,bg232253,bg,B,V
317828260670,2458107.6378857,1.6760504441998298,0.028281777690398434,15.839347908581269,0.018341370818126562,18.523873851028704,1.77,bs027236,bs,G,g
317828260670,2458108.6803807,1.611693879901401,0.03545502878628449,15.881859230369045,0.02391153509254387,18.2784460056456,1.69,bk031190,bk,G,g
317828260670,2458109.6174029,1.7281161227289075,0.027606257117547484,15.806133317194213,0.0173638801351735,18.55012179000745,1.89,bk031492,bk,G,g
317828260670,2458110.6245659,1.6802956275634937,0.0337869196176452,15.836601379091706,0.021856221027681918,18.330769114991096,1.65,bk031850,bk,G,g
317828260670,2458111.6484655,1.6099596023400233,0.03259113864290981,15.883028175527024,0.02200375130365117,18.369891777041047,1.56,bk032222,bk,G,g
317828260670,2458111.7300342,1.6897525428928746,0.11084962485366748,15.830507850577863,0.07130554303575828,17.040805042246628,1.49,bs028357,bs,B,g
317828260670,2458112.6491126,1.7228145622555957,0.038486043755894504,15.809469287227461,0.02428157804844512,18.18938243823237,1.52,bk032574,bk,G,g
317828260670,2458112.8902278,2.323015915174503,0.0680048886510771,15.544650941522226,0.031819996043324104,17.631006059048374,1.45,bc367152,bc,G,V
317828260670,2458113.6273182,1.5696987459931966,0.04946778865542528,15.910524843976702,0.034254557208686545,17.91683436980562,1.45,bk032908,bk,G,g
317828260670,2458114.6125715,1.5109983236015971,0.050083908777185646,15.951905666019346,0.03602851864837904,17.903395071812934,1.64,bk033248,bk,G,g
317828260670,2458115.3703421,1.5917999603653024,0.09324505280781138,15.895344398401365,0.06367214523997136,17.22857611333055,1.58,bn013504,bn,G,g
317828260670,2458118.8356528,1.933297416427809,0.1311253060715233,15.744034728088248,0.07372249369827054,16.918140106354155,1.79,bc368600,bc,G,V
317828260670,2458119.7560273,2.4885693846208823,0.14591414963971833,15.469907019626916,0.06373233454733403,16.802112872433923,1.62,bc368914,bc,B,V
317828260670,2458120.7945984,2.424954445105663,0.11338198568850584,15.498022443485784,0.05082210473709915,17.075996247089634,2.11,bc369301,bc,G,V
317828260670,2458121.6326589,2.555597542845302,0.18164827416577803,15.441050249779359,0.07725933874835544,16.56427820367474,1.53,bg234789,bg,G,V
317828260670,2458122.6624266,2.655788158773641,0.18117520888220517,15.399297829005238,0.07415108551538162,16.56710946692336,1.48,bg235076,bg,G,V
317828260670,2458123.5977889,1.7305152180062078,0.0406148867165469,15.804627065291433,0.0255106777085206,18.13092749585846,2.10,bk035783,bk,G,g
317828260670,2458123.6580578,2.421973273406852,0.11948699122391396,15.499358038585251,0.05362452418441789,17.01905483019883,1.46,bg235353,bg,G,V
317828260670,2458124.549814,1.615984587160976,0.039692882970379574,15.87897258660484,0.026698545489892297,18.155859002202963,1.40,bk036099,bk,G,g
317828260670,2458124.6316413,2.5179692279121664,0.09282891434770976,15.457155358782382,0.040072369724657324,17.293148215366458,1.42,bg235655,bg,G,V
317828260670,2458124.6544095,1.7152004304376904,0.03880043622781696,15.81427842977985,0.024588605772088497,18.180549090609453,1.48,br033370,br,G,g
317828260670,2458125.5498041,1.7306157230948516,0.027764845930596804,15.804564009593518,0.017438406433390695,18.543902441743093,1.44,bk036455,bk,G,g
317828260670,2458125.6197426,2.3686177867327403,0.07160177545158629,15.523543938975322,0.032857988836838915,17.575046915446865,1.35,bg235968,bg,G,V
317828260670,2458125.6628913,1.2311684689362896,0.10809892437878973,16.1742719113119,0.09543684216346747,17.068087179951142,1.48,bs033642,bs,B,g
317828260670,2458125.671821,1.548995169224838,0.05239535686873602,15.924940463911117,0.03676672205880534,17.85440860465232,1.57,br033862,br,G,g
317828260670,2458126.5820339,1.5805247794096757,0.03520413918376145,15.903062349577295,0.02421054650740348,18.286156288046307,1.62,bk036791,bk,B,g
317828260670,2458126.6810237,1.7258805449871126,0.0391511527313273,15.807538789327092,0.024657326903953683,18.17077922754639,1.47,br034239,br,B,g
317828260670,2458127.6288554,1.661032747731076,0.03594866325533951,15.849120135345942,0.02352430078610429,18.26343374680232,1.41,bs034462,bs,B,g
317828260670,2458127.6356067,2.389814028436196,0.08237058180809968,15.513871139140818,0.03746452235630556,17.42292605981052,1.43,bg236470,bg,G,V
317828260670,2458128.3753768,1.715683312601199,0.03530863534576816,15.81397280435487,0.022369484613453516,18.282938279673736,1.54,bo017502,bo,G,g
317828260670,2458128.3981617,1.7592334195566237,0.046186010058457926,15.786756955844503,0.028536397892442424,17.991364496929958,1.53,bn017507,bn,G,g
317828260670,2458128.605017,2.7532767045468542,0.09696266101883641,15.360156753967736,0.03827955126542612,17.245845079541724,1.40,bg236770,bg,G,V
317828260670,2458128.643399,1.742698299522496,0.031934693987841226,15.797010103723784,0.01991832086445399,18.391983714154936,2.02,br035165,br,G,g
317828260670,2458129.3710277,1.4878320417095596,0.039632369239655116,15.968680853860715,0.028953982041896253,18.1575155229009,1.54,bo017882,bo,G,g
317828260670,2458129.3937681,1.8016192752780273,0.04081932933743503,15.760908073148915,0.02462719890110822,18.125475949017527,1.79,bn017887,bn,G,g
317828260670,2458129.6319975,2.1659277626696376,0.1044329029932415,15.620671484316727,0.05240896162332804,17.16526301729144,1.35,bg237117,bg,G,V
317828260670,2458129.6462862,1.633461230130841,0.03223857603536673,15.867293544675164,0.021452563321884183,18.38170098407172,1.67,br035604,br,G,g
317828260670,2458130.3704436,1.5062640372687421,0.039749190263105215,15.955312854177903,0.028683976063502842,18.15431989643562,1.44,bo018260,bo,G,g
317828260670,2458130.3926916,1.7346507679756995,0.036797311730705586,15.802035490470214,0.02305771208047484,18.238100381549554,1.66,bn018265,bn,G,g
317828260670,2458131.4036688,1.9006071930193142,0.051459750741591995,15.702834700886184,0.029429811631295377,17.87397141578344,2.22,bn018502,bn,G,g
317828260670,2458132.3629364,1.7652646348031282,0.04649714321315831,15.783041070607723,0.028630479567397723,17.984074934855713,1.46,bo018873,bo,G,g
317828260670,2458132.3865366,1.8607837009407155,0.08570099756869978,15.72582588900846,0.05006130383652552,17.320175918476075,1.65,bn018879,bn,G,g
317828260670,2458132.6319969,1.7017709810080677,0.0286920204603919,15.82281283804707,0.01832619025083005,18.50823778179068,1.50,br036216,br,G,g
317828260670,2458133.3415108,1.6724082543743803,0.03921089386537042,15.84170986628995,0.025484529090732608,18.169123754583968,1.52,bo019185,bo,G,g
317828260670,2458133.6067631,1.6540322448397347,0.03334505647559556,15.853705692947884,0.021912889979614693,18.345061968172708,1.45,bs036456,bs,G,g
317828260670,2458133.6399799,1.7202865396372808,0.035482285854479365,15.811063644230147,0.0224193476651107,18.277611635543455,1.60,br036696,br,G,g
317828260670,2458133.6424092,1.7615518082476809,0.050827249289437576,15.785327070895816,0.031362693869431066,17.887399094353615,1.61,br036698,br,G,g
317828260670,2458134.3436727,1.5586439981587812,0.03712633882274249,15.918198293403519,0.0258909129726528,18.22843530190205,1.56,bo019540,bo,G,g
317828260670,2458134.6038391,2.459565009462495,0.09652074525678479,15.482635639496841,0.04265545051110928,17.250804727357252,1.38,bg238320,bg,B,V
317828260670,2458135.3433714,1.6729404142562747,0.03397054421754496,15.841364440259602,0.02207161968808269,18.324884350332503,1.59,bo019839,bo,G,g
317828260670,2458135.5957657,2.37660792350916,0.0893432101194099,15.51988755274305,0.04086167682594102,17.33470251191754,1.45,bg238641,bg,G,V
317828260670,2458136.5994662,2.5896380543676427,0.08572443626934871,15.426683733672373,0.03598137389054244,17.379594799072894,1.40,bg238970,bg,G,V
317828260670,2458137.5760217,1.6963845512184543,0.035992040641536584,15.8262548504444,0.023061860164853662,18.262124435054776,1.40,bs037105,bs,G,g
317828260670,2458137.5953208,2.704142659793412,0.08298921069594288,15.379707405715449,0.033358322821189224,17.41480230851372,1.45,bg239294,bg,G,V
317828260670,2458137.6131819,1.6501496904522581,0.03784545796469188,15.856257266613074,0.024928870144896777,18.207606199027396,1.72,br037348,br,G,g
317828260670,2458138.58681,2.3811598248351684,0.08134529940515842,15.517810038312144,0.03713266231819604,17.43652523870567,1.46,bg239615,bg,G,V
317828260670,2458138.6487409,1.647504872985926,0.026477410807590748,15.857998852724444,0.017468715770118846,18.595451827098035,1.64,br037836,br,G,g
317828260670,2458138.6635411,1.6919478400567718,0.029670696739078194,15.829098196453636,0.01906131889030506,18.4718212496622,1.45,bs037635,bs,G,g
317828260670,2458139.5909001,2.4399535167617303,0.08561230249091853,15.491327522692886,0.038138780060495064,17.38101595044161,1.39,bg239945,bg,G,V
317828260670,2458140.5791371,2.7804802818362035,0.08694247000552335,15.349481855607149,0.033987899646676735,17.364276458211418,1.37,bg240261,bg,G,V
317828260670,2458140.657153,1.7316244730397394,0.06502500484078315,15.80393133461682,0.0408167903539359,17.61993962844483,1.92,bs038503,bs,G,g
317828260670,2458141.5479236,2.55355718969396,0.09091443220060487,15.441917432521176,0.03869897075322636,17.3157743168771,1.47,bg240567,bg,G,V
317828260670,2458146.3210223,1.9558122520200576,0.11174010124068363,15.67174771627746,0.062100353271591115,17.03211796016403,1.70,bo021949,bo,G,g
317828260670,2458146.5572491,2.691001902264529,0.1841442816671073,15.384996392602313,0.07438003954237042,16.549460801135133,1.73,bg242238,bg,G,V
317828260670,2458146.5786502,1.3261922380035258,0.11943457635892535,16.093549417968447,0.09788942204179824,16.959815427874634,1.58,bk043410,bk,G,g
317828260670,2458147.3511845,1.7746348845157591,0.16045355545062615,15.77729308648176,0.09827713861315146,16.639267249036955,2.34,bn022107,bn,G,g
317828260670,2458147.5529827,2.6739669321491513,0.17312906185710142,15.391891323972786,0.07037624909478761,16.616431454421964,1.77,bg242571,bg,G,V
317828260670,2458147.5780927,1.7515393949845608,0.13444078425867798,15.791515847891027,0.08343020297238678,16.83131301830118,1.64,bk043777,bk,G,g
317828260670,2458148.3493347,2.0099052222008202,0.18905715189843028,15.642126675802734,0.10224208682457563,16.461157833785677,1.68,bn022420,bn,G,g
317828260670,2458148.5525383,2.057994860113695,0.17798517772046243,15.67617069009703,0.09400516660448166,16.58639680226209,1.42,bg242908,bg,G,V
317828260670,2458148.5739923,1.268923494411028,0.14005822051331704,16.14147702598308,0.11997350264271704,16.78686910096738,1.64,bk044142,bk,G,g
317828260670,2458149.5699433,1.3352821893361142,0.12388430372500546,16.086132981774504,0.10084523926882874,16.92009990073703,1.64,bk044507,bk,B,g
317828260670,2458149.5713758,2.170404693521738,0.234740082596559,15.61842960471526,0.11755976406312378,16.28588826102882,1.38,bg243260,bg,G,V
317828260670,2458150.3119368,1.2355664966591957,0.16168571583332567,16.170400313386153,0.1422386765684281,16.630961477087183,1.58,bo022902,bo,G,g
317828260670,2458150.33789,1.7349108796933146,0.2560391178806541,15.801872696008951,0.16041365136283398,16.131874805761456,2.44,bn022910,bn,G,g
317828260670,2458150.5556643,2.341204292116448,0.220970032655702,15.53618312543583,0.10259028608173995,16.351522944019955,1.40,bg243583,bg,G,V
317828260670,2458150.5692912,1.2820099581434798,0.13803852267893613,16.130337125725454,0.11703643292629722,16.802639854638187,1.56,bk044872,bk,G,g
317828260670,2458151.3338587,2.194739978536826,0.15248074353891972,15.546607935638484,0.0755168904973221,16.694603108839054,1.72,bn023067,bn,G,g
317828260670,2458151.5472105,2.5015346929654325,0.13310837117582444,15.464265078644146,0.057837699614759874,16.90184297097175,1.51,bg243914,bg,G,V
317828260670,2458151.5651316,1.6356961047995093,0.10147536993817659,15.865809073620227,0.06743264523681894,17.136739003306374,1.76,bk045239,bk,G,g
317828260670,2458152.332041,1.6818615137389894,0.11346310277556902,15.83559004061778,0.0733291406760864,17.01550397229249,1.56,bn023469,bn,G,g
317828260670,2458153.7573067,2.5372922253229464,0.0797780798304827,15.44885518272144,0.034176317295313126,17.457647445888963,1.69,bc378955,bc,G,V
317828260670,2458158.7450507,2.454667803837556,0.08675719871179907,15.484799588748432,0.03841713440824041,17.366592591904332,2.41,bc379506,bc,G,V
317828260670,2458158.7850699,2.3250344210305123,0.06250073878466841,15.543707937524147,0.029219174142548144,17.722643516388416,2.26,bb461385,bb,G,V
317828260670,2458159.7441694,2.3483939897776396,0.060236188824442205,15.532854003963692,0.02788038062285991,17.762712678626734,1.99,bc379857,bc,G,V
317828260670,2458159.7518845,2.41984154120264,0.055495898844051844,15.500314084642831,0.024927925300570673,17.85170416898774,2.03,bb461717,bb,G,V
317828260670,2458161.7482997,2.445070283731007,0.05949498872401856,15.489053035849658,0.026448510063149768,17.776155427303532,1.73,bb462256,bb,G,V
317828260670,2458162.7294004,2.436573074022257,0.057618255792527794,15.492832802973812,0.025703534021877417,17.810956125491842,2.17,bc380800,bc,G,V
317828260670,2458162.7603174,2.4976356766761643,0.05406318405716421,15.465958681259602,0.023527983302641147,17.88010234383404,1.76,bb462681,bb,G,V
317828260670,2458167.5176023,2.3914458596424764,0.1270124230641731,15.51313002138902,0.0577295032772066,16.95274089041392,1.38,bg248066,bg,G,V
317828260670,2458169.2719965,1.7579517477921869,0.054555618545645154,15.787548246284244,0.03373220308815396,17.810541901137896,1.56,bn028470,bn,B,g
317828260670,2458174.2649034,1.8516879181145243,0.14608679043072634,15.73114614004276,0.08575418570549567,16.741113242421065,2.16,bn029547,bn,G,g
317828260670,2458175.2629104,2.2265378578704444,0.15720028112470483,15.530990412661453,0.07674240533738323,16.661507315536145,1.61,bn029785,bn,B,g
317828260670,2458186.6150563,1.6485892747037836,0.04378904525304606,15.857284447009496,0.028871222838132597,18.049226920867326,2.08,br054512,br,G,g
317828260670,2458187.5908076,1.685887328787439,0.03682590911321616,15.832994256051787,0.023743082586884807,18.2372569189909,2.05,br054865,br,G,g
317828260670,2458297.1152147,1.9961459675615971,0.21394831919042562,15.709300665108689,0.11650075928226535,16.386584196297438,1.45,bc404890,bc,G,V
317828260670,2458301.1050548,3.521895050587411,0.27759924321480905,15.09284037895238,0.08567498562793838,16.103810699126964,1.58,bc405960,bc,B,V
317828260670,2458303.680412,1.6860350702576161,0.07521777837710902,15.832899112543581,0.04849155050211084,17.461839356421358,1.46,bo059589,bo,G,g
317828260670,2458303.9327331,1.5571654500352188,0.0777463190060234,15.919228724420186,0.054269678589964045,17.425941021478472,1.79,bk102045,bk,G,g
317828260670,2458304.6762019,1.8264937156618253,0.058787826041161,15.74602016655171,0.03498496072906087,17.729422110475536,1.44,bo060038,bo,G,g
317828260670,2458305.6728863,1.7494168804432013,0.07563318093760156,15.792832340291232,0.04699278953977763,17.455859696211636,1.42,bo060474,bo,G,g
317828260670,2458312.1060966,2.4754581096410613,0.08142983264115981,15.47564245080891,0.035755275885588925,17.43539753815425,1.36,bc408505,bc,G,V
317828260670,2458314.9021064,2.687362440094349,0.11880873826214204,15.386465797125924,0.04805452772834719,17.025235434331098,1.67,bg282903,bg,B,V
317828260670,2458319.0894276,2.3382041342507534,0.06576025066025126,15.53757534435083,0.030569843017262656,17.667447743806946,1.99,bb492116,bb,G,V
317828260670,2458320.0721376,2.3584671947702254,0.07642629459256339,15.528206805065397,0.03522290219849174,17.504249383632896,1.38,bc410451,bc,G,V
317828260670,2458322.9043792,1.6573850791224747,0.12073050748869127,15.851507060485005,0.07917822728148899,16.948098045977712,1.44,bk108786,bk,B,g
317828260670,2458324.6262839,1.6205161636707608,0.12632566777174295,15.875932204244243,0.08473257566065472,16.898911604827177,1.71,bo065630,bo,B,g
317828260670,2458324.6491607,1.622993499769399,0.05369691722809191,15.874273671176194,0.035962075255787325,17.827767228164404,1.66,bn065650,bn,B,g
317828260670,2458324.8894614,1.707521532530737,0.06682595429453653,15.819150149743376,0.04253937971384264,17.590277688123567,1.46,bk109676,bk,G,g
317828260670,2458325.6453387,1.8591312095463504,0.09323880927435059,15.726790518520753,0.05451284519325348,17.22864881485282,1.57,bn065842,bn,G,g
317828260670,2458328.6086246,1.7247631314266658,0.12833880644405457,15.808241971987744,0.08087991916964994,16.88174562139669,1.50,bo066651,bo,G,g
317828260670,2458328.6513391,1.737260857834087,0.11952107813217702,15.800403035559945,0.07478106398081821,16.95902935640629,1.52,bn066668,bn,G,g
317828260670,2458328.8647649,1.8812749016258346,0.10051679349695555,15.713934968419672,0.058076246135744906,17.147044046260557,1.64,bk110856,bk,G,g
317828260670,2458329.8768063,2.345041288430816,0.15764660710622355,15.534405170492846,0.07307121139808086,16.718144823092118,1.51,bg287901,bg,G,V
317828260670,2458330.6070289,1.4979501671105868,0.1257346024564745,15.96132220788041,0.09123671077253684,16.904003578963678,1.61,bo067047,bo,G,g
317828260670,2458330.6303432,1.1764867589951695,0.19794288942696736,16.22359801306799,0.1828795036998909,16.411290847713115,1.74,bn067073,bn,B,g
317828260670,2458331.854714,2.2961859025881037,0.21980033721229458,15.557263788843457,0.10404793869001495,16.35728550774709,1.58,bg288749,bg,G,V
317828260670,2458332.6028419,1.6608125113127412,0.08133110631550777,15.849264102710281,0.053228992332207244,17.376998911742703,1.52,bo067354,bo,G,g
317828260670,2458332.621131,1.7511124696611926,0.10183619611606891,15.79178052065927,0.06321211197752645,17.132885189537888,1.53,bn067376,bn,G,g
317828260670,2458332.8899321,1.7876150022249906,0.17356474009095843,15.829096427669661,0.10553577025870128,16.61370263793623,1.55,bg289208,bg,B,V
317828260670,2458333.6180021,1.825455138393871,0.08274582262385435,15.74663771132943,0.049270513230362134,17.358275416718648,1.50,bn067798,bn,G,g
317828260670,2458339.1028252,2.6278781623288894,0.06530703627321029,15.410768339678587,0.027012633237802182,17.674956455420208,1.99,bb498264,bb,G,V
317828260670,2458339.1363632,2.789354318302607,0.2621795502893544,15.346022194228324,0.10216621466256116,16.16585935819455,1.65,bc416373,bc,G,V
317828260670,2458343.1086438,2.4516000610956326,0.05954323510673272,15.486157345759484,0.026399455911167408,17.775275326010956,1.52,bc417145,bc,G,V
317828260670,2458343.896099,1.7161855459422215,0.03697150725104431,15.813655022441893,0.023416128296888192,18.232972720912308,1.65,bk117276,bk,G,g
317828260670,2458344.0780124,2.376471824359225,0.06325118386855874,15.519949730439365,0.028929981878572625,17.709684747208662,1.73,bb499336,bb,G,V
317828260670,2458345.6736942,1.8046655873580673,0.057906675762461814,15.759073779836562,0.03487739740434949,17.745819025971883,1.55,bn070211,bn,G,g
317828260670,2458345.8179554,2.4367032707071123,0.12791028273925098,15.492774788921448,0.057057795133413476,16.945092746369873,1.44,bg294451,bg,G,V
317828260670,2458345.9168403,1.7119782739766005,0.04108119862251991,15.816319999980719,0.026082969300706745,18.118532845237155,1.44,br092291,br,G,g
317828260670,2458346.8711543,1.624820626084424,0.035638280815484744,15.873052063458942,0.023840946584554823,18.27284874749395,1.57,bk118585,bk,B,g
317828260670,2458347.9169367,1.7106734258374667,0.028607944768551257,15.817147849881474,0.018177398251514112,18.511423964808994,1.40,bk119056,bk,B,g
317828260670,2458349.0180369,2.2034466697867363,0.04892989394912162,15.602025045252862,0.024137034068153467,17.98842070750422,1.72,bb500437,bb,G,V
317828260670,2458350.8457945,1.6975117937853301,0.03679928163529764,15.825533621516353,0.02356344109963818,18.2380422593828,1.48,bk120117,bk,G,g
317828260670,2458352.5727004,1.8931644779910577,0.06096294985508191,15.707094754592994,0.03500175325482198,17.689975678097365,1.62,bn071771,bn,G,g
317828260670,2458352.8554412,1.5924862085069882,0.06608766628460239,15.894876422582048,0.04510834661602194,17.60233957106155,1.42,br093848,br,B,g
317828260670,2458353.5694284,1.8433527190121848,0.08914271815856484,15.736044512579475,0.05256414459839727,17.277425930064666,1.62,bn072127,bn,G,g
317828260670,2458353.7947635,2.7515204559227553,0.15455204375334075,15.360849539814279,0.0610540079919076,16.739669512609407,1.56,bg296733,bg,G,V
317828260670,2458354.5661566,1.4549454022381083,0.10091974336483119,15.9929488811623,0.07539483822135234,17.14270026781178,1.49,bn072544,bn,G,g
317828260670,2458354.7948988,2.280879207039397,0.15771352626655977,15.564525689248786,0.07515862541639268,16.717684038429944,2.02,bg297151,bg,G,V
317828260670,2458355.7914477,2.172701736624043,0.17190558299908368,15.617281125794598,0.08600071119497335,16.62413143979641,1.47,bg297565,bg,G,V
317828260670,2458356.7879411,2.4521131532289866,0.2295812007325931,15.48593013724086,0.10176723821916107,16.310015586282415,1.52,bg297969,bg,G,V
317828260670,2458358.8164239,1.5375941039885441,0.1321924523391975,15.932961359794009,0.09344953120075858,16.849623962997285,1.52,bk123150,bk,G,g
317828260670,2458359.5302838,1.5676437979677402,0.1393840971422812,15.911947150758916,0.09664469289001122,16.792107545712504,1.50,bo073267,bo,G,g
317828260670,2458359.7958297,1.7685467049972214,0.10222706367398338,15.781024288658578,0.06282919938993194,17.128725895225674,1.53,bk123561,bk,G,g
317828260670,2458360.5232992,1.5629506211959827,0.11485237782529027,15.915202478707172,0.0798742707680155,17.002290634040072,1.63,bo073677,bo,G,g
317828260670,2458365.6571451,2.0128663929818966,0.13726983374082152,15.640528250033775,0.07412630144894769,16.808702842263806,1.62,bo075043,bo,B,g
317828260670,2458365.9853522,2.5907843579567293,0.06560106318958184,15.426203238751468,0.02752274740579845,17.67007919868189,1.68,bb503240,bb,G,V
317828260670,2458368.121841,2.5066763030452854,0.06561367259115113,15.462035765949393,0.028451702859106375,17.66987052571898,1.44,bc421902,bc,G,V
317828260670,2458368.8635419,1.70193618776961,0.038470071929263605,15.822707440635646,0.02456924993767571,18.189833115622307,1.47,bk127095,bk,G,g
317828260670,2458369.8717886,1.6375653690074599,0.03307766936399054,15.864569008893534,0.021955757687347848,18.353803356974915,1.45,bk127519,bk,G,g
317828260670,2458370.8268402,2.36824524688528,0.0959821540710386,15.52371471866562,0.04405305087186319,17.256880162873365,1.71,bg303032,bg,G,V
317828260670,2458370.9469336,2.230126300942148,0.07721601312050544,15.588957755586089,0.03763484113369277,17.49308795861746,2.05,bb504395,bb,G,V
317828260670,2458371.8934196,1.509002006284195,0.03830815921000418,15.953341079308505,0.027593935141059664,18.194412402206545,1.50,bk128369,bk,G,g
317828260670,2458372.5779222,1.6548752206074764,0.03490394022227182,15.853152489608034,0.022925635109252725,18.29545447096408,1.61,bo075883,bo,G,g
317828260670,2458372.6433573,1.5670267881910944,0.03787825354897524,15.91237457038304,0.026273969939387017,18.20666574445307,1.64,bn075941,bn,G,g
317828260670,2458372.9154953,1.7315155527388413,0.04127609413413868,15.803999630275257,0.025911011679943707,18.113394125858836,1.87,bs097619,bs,G,g
317828260670,2458373.0738315,2.4595455960158175,0.054444456438207625,15.482644209290694,0.024060849733346917,17.872472228023252,1.99,bb505263,bb,G,V
317828260670,2458373.6035435,1.7393724130751547,0.03574382158233477,15.799084177873885,0.022336780604740997,18.269638152364426,1.47,bo076199,bo,G,g
317828260670,2458375.5275027,1.7450053201311528,0.0370968316956025,15.7955737338722,0.023107461439924672,18.229298562193904,1.70,bn076533,bn,G,g
317828260670,2458375.7453189,2.1457162077876624,0.14295785890927168,15.630850700309287,0.07241823336717435,16.824336305964938,1.50,bg304611,bg,G,V
317828260670,2458377.7683342,1.699557480778833,0.03579107562999975,15.82422597865045,0.022890277920025973,18.268203735322306,1.72,bk130682,bk,G,g
317828260670,2458380.9168727,2.089603719149595,0.11252653592642822,15.659621573096647,0.05853332427247055,17.084219019836834,2.30,bb507068,bb,B,V
317828260670,2458381.0721148,2.498542980276444,0.05809900232099703,15.465564342927848,0.0252751663580978,17.801934706857995,1.39,bc425274,bc,G,V
317828260670,2458381.9402916,2.3046202864679444,0.11814113266675949,15.55328295338738,0.0557203611335859,17.031353567931085,2.14,bc425331,bc,G,V
317828260670,2458383.7111178,1.7672248336921943,0.06026729532585715,15.78183610785281,0.037068248732763376,17.702436357320796,1.58,bk132924,bk,G,g
317828260670,2458384.763662,1.5207707494352207,0.09094916084562253,15.944906245531064,0.06500505323669861,17.2556438705849,1.45,br099382,br,B,g
317828260670,2458384.8795465,1.7642903821012093,0.08722958748707708,15.783640455772627,0.053741022435757624,17.300981064739307,1.79,bs099258,bs,G,g
317828260670,2458385.1164448,2.0363375184990833,0.15230419005469234,15.687656997033523,0.08129695159285961,16.755576765136567,2.00,bb508207,bb,B,V
317828260670,2458385.8167943,1.6083107912547714,0.09734094798362222,15.884140682450154,0.06578664945754696,17.181901682858708,1.53,bk133595,bk,G,g
317828260670,2458385.8522402,1.3424340097470238,0.11629742156596595,16.080333256757562,0.0941649570219047,16.988715396248026,1.43,br099862,br,G,g
317828260670,2458386.8364041,1.5212020126661168,0.12660910765981256,15.94459839392073,0.09046700841606786,16.896478241707058,1.58,br100259,br,G,g
317828260670,2458386.8512759,1.712582184224668,0.09781716473580482,15.815937067785155,0.06208344693002235,17.176602935210624,1.49,bs100055,bs,G,g
317828260670,2458392.6103347,1.3760167973155233,0.0956132372005161,16.05350628365102,0.07552773479396753,17.201345555302886,1.46,bo079344,bo,G,g
317828260670,2458393.0525227,2.3086906606447015,0.07781125741765074,15.551367039282278,0.03663438119129373,17.48475030992103,1.49,bc428261,bc,G,V
317828260670,2458393.0563706,2.548678333978213,0.07324532271103396,15.443993836826033,0.031237555617062103,17.550406651679655,2.11,bb510181,bb,G,V
317828260670,2458393.897975,1.5363226976536253,0.04533883483493726,15.93385950509629,0.03207746802618622,18.011464723998326,1.46,br101970,br,G,g
317828260670,2458395.4883239,1.6100097163973837,0.03817618562780557,15.882994379772429,0.025773666780172955,18.198159277172266,2.41,bo079838,bo,G,g
317828260670,2458395.4944765,1.6266506651392998,0.03795080202854302,15.871829884519107,0.025359391942106325,18.204588215350263,1.58,bn079853,bn,G,g
317828260670,2458395.9799371,2.362912901188986,0.0664590528997329,15.52616212078113,0.030571630863592693,17.655971023910894,1.43,bc428814,bc,G,V
317828260670,2458396.0109957,2.406224976618317,0.061643396967266256,15.50644082837058,0.02784597990911493,17.73763998551876,1.70,bb510756,bb,G,V
317828260670,2458397.7641521,1.6241812555304482,0.044393577224412395,15.873479387168171,0.029709669486146936,18.03434025697586,1.58,bk137710,bk,G,g
317828260670,2458399.5746632,1.6634484823070037,0.040539899504752994,15.847542234452348,0.026490215132017304,18.13293394200169,2.17,bn081066,bn,G,g
317828260670,2458400.5094146,1.5684300618953146,0.04636529885407532,15.911402727847534,0.0321321716512628,17.987157952856272,1.71,bn081242,bn,G,g
317828260670,2458402.5666173,1.5784944717071645,0.04398273547817049,15.904457959231877,0.030286657336354265,18.044435020109763,1.69,bn082043,bn,G,g
317828260670,2458403.0668826,2.491487216219606,0.04919108046091738,15.46863474662982,0.021460501731779946,17.98264048928812,2.00,bb512077,bb,G,V
317828260670,2458404.0479896,2.4534580843839606,0.06564083621526647,15.485334797610175,0.029080886064743575,17.669421131167226,1.35,bc430298,bc,B,V
317828260670,2458405.8588855,1.6528266866817736,0.03996365650624663,15.854497331311741,0.0262814954659373,18.148477567722733,1.49,br104471,br,G,g
317828260670,2458406.6631484,1.5996598730207077,0.0446630313005427,15.889996495287868,0.030348184618203124,18.02777012268566,1.50,bk139880,bk,G,g
317828260670,2458407.9618219,2.6966676379056223,0.06682357624491922,15.38271284624377,0.026934843947531744,17.650032107749063,1.45,bc430837,bc,G,V
317828260670,2458407.9769503,2.8431672305359346,0.07942874886148005,15.325275392150708,0.03036599312953219,17.46241208936927,1.70,bb512777,bb,G,V
317828260670,2458409.6376018,1.7790963689531984,0.07197099792311555,15.77456693901584,0.04397139296879864,17.509746800204283,1.53,bG006567,bG,G,g
317828260670,2458409.8127047,1.6116890247390814,0.03304305090447607,15.881862501110167,0.022284919191897384,18.354940262868546,1.44,bk141136,bk,G,g
317828260670,2458410.5465698,1.7819204142905212,0.04396868373853727,15.772844864060268,0.026820528660320066,18.04478194987452,1.54,bn083611,bn,G,g
317828260670,2458413.0539268,2.5066584047236637,0.0783865515687066,15.462043518416333,0.033990580161894504,17.47675249591015,1.77,bc432167,bc,G,V
317828260670,2458413.4336035,1.4777918006220938,0.11346735389707659,15.976032490805851,0.08345836014991448,17.01546329378155,1.61,bo084289,bo,G,g
317828260670,2458413.907405,2.228503915783659,0.14948783766161083,15.589747900674043,0.07291294348470077,16.775841743987645,1.62,bb514392,bb,G,V
317828260670,2458414.5150748,1.5313032403243763,0.20332594546649171,15.937412618497023,0.14432573290758668,16.382158610322115,1.60,bo084631,bo,G,g
317828260670,2458414.634478,1.3037000374918386,0.15627150912875962,16.11212142724298,0.13029096504155366,16.667941095953328,1.53,bk142873,bk,G,g
317828260670,2458415.0463873,2.763557659645549,0.13713991399168135,15.356110078880135,0.05393957436846836,16.86944671178089,1.44,bc432821,bc,G,V
317828260670,2458420.4735393,1.9534269910105986,0.21788344283525987,15.673072661821159,0.12123812676829945,16.30708003879223,2.32,bo086659,bo,B,g
317828260670,2458420.9128403,1.5467389124428248,0.06676779707338666,15.926523093455248,0.04692045431019383,17.5912229928839,1.52,br107107,br,G,g
317828260670,2458424.0294584,2.3001076906191242,0.05807997988348517,15.555410979313496,0.027446720505438064,17.802290250501123,1.39,bc434637,bc,G,V
317828260670,2458424.5396621,1.7643689927889712,0.049731511271386565,15.783592080193841,0.03063757679561653,17.911061468848693,1.71,bn087431,bn,G,g
317828260670,2458425.4258254,1.643451080062532,0.04716015323088529,15.860673669423552,0.03119109339024381,17.968702592648135,1.63,bo087688,bo,B,g
317828260670,2458425.5813616,1.6581929339945902,0.03718027190499519,15.850977971863516,0.024371916077228037,18.226859207669108,1.42,bk145885,bk,G,g
317828260670,2458425.867618,1.6019199170623624,0.032453353412346064,15.888463619514749,0.022020691401692057,18.374491663437006,2.30,bs108248,bs,G,g
317828260670,2458427.5752359,1.7174424557958274,0.03845963312444404,15.812860135753851,0.02434081497591583,18.190127768731628,1.42,bk146565,bk,G,g
317828260670,2458427.7645653,1.9416708945465533,0.08035237098301645,15.679626570703748,0.044981636137461166,17.390143871056914,1.73,bs108981,bs,B,g
317828260670,2458428.5720206,1.6627582017001385,0.037152351414977275,15.84799287551484,0.024286748745044662,18.227674846535024,1.49,bk146919,bk,G,g
317828260670,2458429.0180125,2.208900949956215,0.06854439587799982,15.5993407995961,0.03372934315127961,17.62242651095254,1.39,bc435407,bc,G,V
317828260670,2458429.5875389,1.6270357401810231,0.04279701534507025,15.87157288992023,0.02859094842939229,18.074106905285674,1.48,bG012847,bG,G,g
317828260670,2458430.4941641,1.6364871841930886,0.038238141214639434,15.865284100854753,0.02539781391134325,18.196398679618586,1.50,bn088557,bn,G,g
317828260670,2458430.8991972,1.5954156480922546,0.037060188881131516,15.892881003867354,0.02524910298416514,18.230371540402682,1.44,bs110407,bs,G,g
317828260670,2458430.9251838,1.6675040604721356,0.03719242842110443,15.844898371974939,0.02424375063901728,18.226504271792816,1.73,br110644,br,G,g
317828260670,2458431.5701531,1.700576776272351,0.03858490420387237,15.823575012559028,0.0246622874369783,18.18659704557018,1.43,bk147981,bk,G,g
317828260670,2458432.0065499,2.390424151014178,0.07164808121893006,15.513593984676548,0.03257930150930316,17.57434498315857,1.39,bc436239,bc,G,V
317828260670,2458432.0259927,2.492743351654753,0.07005720533728231,15.468087487938506,0.030548325877843178,17.598724371628297,1.97,bb518216,bb,G,V
317828260670,2458432.5671783,1.6470496302660471,0.04495804873983385,15.858298907560739,0.02966968534793609,18.020621976920925,1.48,bk148331,bk,G,g
317828260670,2458433.5782151,1.654183334038169,0.05083401499487355,15.853606519838339,0.033402805473790126,17.887254579696926,1.43,bG014281,bG,B,g
317828260670,2458433.8073026,1.641648634730154,0.040337097927122735,15.8618650977032,0.026707707564428355,18.13837898777994,1.53,br111043,br,G,g
317828260670,2458434.5761035,1.5767585254796868,0.039397782364439166,15.905652652564257,0.027159311835690304,18.163961169441208,1.55,bk149040,bk,G,g
317828260670,2458434.8118357,1.4170508829634474,0.09652834260826564,16.021602009730806,0.07404258576184801,17.191003487898545,1.39,br111444,br,B,g
317828260670,2458435.60998,1.6281132240133296,0.045038239991845024,15.870854112830537,0.030068307268037563,18.01868708449629,1.58,bk149356,bk,G,g
317828260670,2458435.9941423,2.3040376887031635,0.0966559435567928,15.553557457372191,0.04559856322187121,17.24928498173982,1.36,bc437827,bc,B,V
317828260670,2458436.8124602,2.548408562250035,0.08215673411411571,15.444108765583788,0.03504179010891429,17.425748476417887,1.38,bc438116,bc,B,V
317828260670,2458437.4901147,1.5918384780375086,0.038122389953907515,15.895318126554201,0.026031146348320454,18.199690312844787,1.45,bo088951,bo,G,g
317828260670,2458438.4887103,1.6825902665363697,0.04944566897283289,15.835119691591856,0.031941996474525045,17.91731996885765,1.47,bn089293,bn,B,g
317828260670,2458438.7313405,1.5938269027673035,0.03831449466423286,15.893962739379546,0.026129681824367666,18.1942328565579,1.63,bk150345,bk,G,g
317828260670,2458439.6983219,1.6369061377680574,0.0576309674964999,15.865006179430592,0.038268752574823914,17.751000835225902,1.43,bs112434,bs,B,g
317828260670,2458440.6361987,1.633217173690369,0.06390706492699402,15.867455777304864,0.042532127463883414,17.638768431257283,1.44,bk150958,bk,G,g
317828260670,2458441.6152796,1.649817343719624,0.07230480828257661,15.856475960241003,0.04763689945133732,17.504722664154826,1.49,bG016893,bG,G,g
317828260670,2458441.9820467,2.507629430929385,0.1074167460626401,15.46162300872281,0.046560839985639244,17.134676412901552,1.65,bb521104,bb,G,V
317828260670,2458447.9427757,2.5764951114665466,0.10554541173705334,15.43220809755251,0.044526874169744164,17.153757997592173,1.38,bc441033,bc,G,V
317828260670,2458447.9504865,2.4081807597710485,0.12693307255449532,15.505558698857342,0.057292514474956646,16.953419411793618,1.68,bb523001,bb,G,V
317828260670,2458448.6147478,1.5900106527616964,0.061544666703784286,15.896565537235626,0.042072911106442484,17.679664551193127,1.70,bs115423,bs,G,g
317828260670,2458448.648478,1.571459039495208,0.08629230868921965,15.90930795853718,0.05968719855135591,17.312710390482312,1.47,br115666,br,G,g
317828260670,2458449.7553719,1.7761143962418746,0.05887626467846686,15.776388286163654,0.036031429058460074,17.727789988935022,1.46,bs115867,bs,G,g
317828260670,2458449.9777473,2.5786320415567068,0.1222744150337949,15.431307967476203,0.05154165880238783,16.994017409141204,1.63,bb523886,bb,G,V
317828260670,2458450.9393508,2.3301552450372935,0.06939753472258205,15.541319263092486,0.0323721361999299,17.60899628653821,1.38,bc442326,bc,G,V
317828260670,2458450.9509154,2.2043654238734125,0.06617225012341393,15.601572428594789,0.03262905417170442,17.66066663702989,1.68,bb524297,bb,G,V
317828260670,2458451.6930327,2.268291693272742,0.06839281584849895,15.57053414863734,0.032773570280711935,17.62483018181878,1.71,bc442567,bc,G,V
317828260670,2458451.8390062,2.3848462137994706,0.054279786355903234,15.516130457241918,0.02473944333884695,17.875761069634137,1.68,bb524642,bb,G,V
317828260670,2458452.5172776,1.5927753182752151,0.15004396330270195,15.894679329225198,0.1023943946068093,16.71209429343061,1.68,bG020313,bG,B,g
317828260670,2458452.5185675,1.4593653223860197,0.18684827746054838,15.989655566578126,0.13916731516506756,16.47391786524787,1.64,bG020314,bG,B,g
317828260670,2458452.8269583,1.7320222250173023,0.041791245727133886,15.803681971005519,0.026226722982297158,18.09992731912052,1.44,bC000115,bC,G,g
317828260670,2458453.481927,1.6772779063918413,0.04480980785906788,15.838553056385464,0.02903890446817376,18.024207907201056,1.41,bo092938,bo,B,g
317828260670,2458453.6880749,1.7128607413891177,0.06786844903093465,15.815760483556039,0.04306833095763944,17.57347080005196,1.76,bC000287,bC,G,g
317828260670,2458454.6716494,1.7788931927552731,0.04862012468543946,15.7746909392415,0.029708338774827467,17.935600440819258,1.42,bk155612,bk,G,g
317828260670,2458454.6742185,1.7061805875089735,0.03598171425016988,15.820003131393447,0.022922871854190674,18.262435985760032,1.52,br117906,br,G,g
317828260670,2458455.5191766,1.671404405298965,0.12902786893821588,15.842361766039705,0.0839100837498447,16.875931800444427,1.72,bG021301,bG,G,g
317828260670,2458455.7410718,1.6188391182102986,0.037198033854732776,15.877056396546525,0.024976321018839048,18.22634064806851,1.41,br118420,br,G,g
317828260670,2458455.7892806,1.641358862017911,0.03581662053734769,15.862056761429805,0.023718828454042804,18.26742909702459,1.42,bs118245,bs,G,g
317828260670,2458456.5327127,1.5692204917018695,0.2253691343155696,15.91085569543472,0.1561070937057013,16.270404520214,2.04,bs118499,bs,G,g
317828260670,2458456.7524735,1.6487421732694967,0.03559942985384762,15.857183754973413,0.023469426012862372,18.274033005085183,2.06,br118890,br,G,g
317828260670,2458456.8704726,1.7048371311555948,0.034157821392154564,15.820858383050345,0.02177807255138569,18.31891520314582,1.43,bC001052,bC,G,g
317828260670,2458457.4840284,1.7645131978033213,0.046591780682971894,15.783503344669889,0.028700969726858573,17.981867338969924,1.42,bo093875,bo,G,g
317828260670,2458457.7275228,1.5232409861874807,0.04281765560466386,15.943144080140168,0.03055388505633418,18.07358339973921,1.45,bG022067,bG,G,g
317828260670,2458459.9442216,1.587461939333745,0.027335603660178513,15.898307318451701,0.018717055154454543,18.560818938976436,2.02,bB002265,bB,G,g
317828260670,2458460.9442578,1.7176372414105463,0.03419028154770942,15.812737002777075,0.021636320296514282,18.31788391867027,2.07,bB002717,bB,G,g
317828260670,2458462.7436636,1.5906963930070186,0.031426980631761504,15.896097381563173,0.02147472120162894,18.40938396672154,1.48,bC003137,bC,G,g
317828260670,2458462.9373409,1.5825365563492402,0.025677550775682085,15.901681244930971,0.017636484393322247,18.62875661973887,2.07,bB003287,bB,G,g
317828260670,2458463.436263,1.5958363454030915,0.03900413883316844,15.892594742359208,0.02656651053327287,18.174863877399275,1.42,bo094751,bo,G,g
317828260670,2458463.4732003,1.878008330391245,0.04299939016528066,15.715821836382817,0.024887252529503013,18.068984870733424,1.52,bn094816,bn,G,g
317828260670,2458465.467211,1.6702392368641439,0.04522509333899624,15.843118917753689,0.029431538348587676,18.01419193178507,1.52,bn095414,bn,G,g
317828260670,2458465.5322541,1.5422189956223353,0.0652758382068158,15.929700502136754,0.04600643504734897,17.61575946818031,1.46,bk159064,bk,G,g
317828260670,2458465.9302339,1.586904295465561,0.030429427399847737,15.89868878303297,0.0208427594906398,18.444406160995843,1.75,bB004245,bB,G,g
317828260670,2458466.4422887,1.716128171757646,0.03951874786306447,15.813691320539643,0.02503027537665085,18.160632672259013,1.48,bo095682,bo,U,g
317828260670,2458466.7137706,1.7681079763017071,0.04084941872631782,15.781293663915228,0.025112460714473414,18.124675908827324,2.16,bC004508,bC,G,g
317828260670,2458467.4340404,1.7080427363774169,0.04156959634202388,15.818818790210226,0.026453871959818354,18.105701093073133,1.42,bo095942,bo,G,g
317828260670,2458467.4597051,1.8089875766054178,0.04606864941509468,15.756476661503951,0.027681018696334127,17.994126910643867,1.65,bn095999,bn,G,g
317828260670,2458467.5702699,1.7060238393762792,0.05892677406395367,15.820102883402132,0.03754393103749336,17.726858945517993,1.40,bk159756,bk,G,g
317828260670,2458468.4394989,1.4922842126749283,0.06996404660618445,15.965436761086796,0.05096071921148076,17.540453310400707,1.45,bo096267,bo,G,g
317828260670,2458468.4625473,1.7495404826320813,0.062001594154541165,15.792755632084994,0.038520421672731106,17.671633471421547,1.68,bn096321,bn,G,g
317828260670,2458469.3741717,1.566465269440051,0.06752056135806875,15.91276369614623,0.04685192576652187,17.579050500676544,1.46,bo096413,bo,G,g
317828260670,2458475.816807,1.5233481581842965,0.16940302603862034,15.943067692736674,0.12087435361755652,16.58033770182534,1.43,br122005,br,G,g
317828260670,2458476.6746838,1.8274719961523984,0.07918193582109809,15.745438795703613,0.04709638326928125,17.40607532375724,1.45,bs122139,bs,G,g
317828260670,2458476.8955536,1.6214035960985402,0.08845111744947294,15.875337792530456,0.05929585896945019,17.285882301564847,2.08,bB008246,bB,G,g
317828260670,2458477.7643361,1.253922352238476,0.12840603400583028,16.154389011983362,0.11130814906053246,16.881177030422727,1.53,br122885,br,G,g
317828260670,2458478.8036412,1.81771518951496,0.08931536515046354,15.75125103138186,0.053408762385769346,17.275325166179375,1.66,br123380,br,B,g
317828260670,2458481.3328159,1.6060903882301247,0.05000656436307341,15.885640664687495,0.03384302755469956,17.90507306662538,1.52,bn099381,bn,G,g
317828260670,2458481.3953808,1.7039766447681715,0.03850719840037333,15.821406527540354,0.024563511808510102,18.18878580498654,1.44,bo099396,bo,G,g
317828260670,2458484.7411333,1.675196830300872,0.05068818047241193,15.839901015803214,0.03288917895676936,17.89037385679924,1.65,br124731,br,G,g
317828260670,2458484.7559242,1.6415739931854552,0.035056831769175,15.861914464460597,0.02321263134113955,18.290708950083808,1.57,bs124528,bs,G,g
317828260670,2458485.3848767,1.657248596496561,0.03687387414447567,15.85159647255455,0.024184843521880692,18.23584368882789,1.59,bo100678,bo,G,g
317828260670,2458485.8517589,1.718419116923561,0.030852610418554915,15.812242883660147,0.019515289242802714,18.429410823224696,1.77,bC009808,bC,G,g
317828260670,2458486.5835962,1.5119034836811767,0.04930795443912796,15.951255452971402,0.03544908999133442,17.920348146395327,1.47,bk165791,bk,G,g
317828260670,2458486.8731467,1.7151036610970507,0.032631712604948196,15.814339687309136,0.02068053006707352,18.36854094295774,1.75,bB010282,bB,G,g
317828260670,2458487.3849246,1.52173474702542,0.03595781289518091,15.94421822894656,0.02568422605207121,18.263157440805372,1.40,bo100940,bo,G,g
317828260670,2458487.6776198,1.633332825847551,0.03428091366517038,15.867378896354454,0.02281339240224815,18.31500964056239,1.78,br125275,br,G,g
317828260670,2458488.6719654,1.64365788630891,0.03884347286516271,15.86053705269946,0.02568732003750474,18.179345481965107,1.47,br125713,br,G,g
317828260670,2458489.8368635,1.6344903617136723,0.0342034710198455,15.866609712357288,0.022745735773050182,18.31746515856252,1.49,bC010990,bC,G,g
317828260670,2458490.8366407,1.6994271238578729,0.0344767255076436,15.824309258361986,0.0220513731437166,18.308825583517883,1.52,bC011402,bC,G,g
317828260670,2458491.6511355,1.5282287026469485,0.049352440987030274,15.93959474181206,0.03510204820893941,17.91936901675071,1.47,bG032396,bG,G,g
317828260670,2458492.395562,1.701552041852221,0.05057067294247183,15.82295253102765,0.03230469677772588,17.89289377940464,1.46,bn101728,bn,G,g
317828260670,2458492.8616301,1.6248835181276287,0.024598282324362012,15.873010038606663,0.016454880056174924,18.67537865700651,2.00,bB012079,bB,G,g
317828260670,2458493.8281714,1.671759370814686,0.03207154089596711,15.842131206642012,0.02085250494041283,18.387341045536008,1.55,bC012504,bC,G,g
317828260670,2458494.8508092,1.6948412124162606,0.021806309061184994,15.8272430824562,0.01398509174515676,18.806185203801128,2.00,bB012971,bB,G,g
317828260670,2458495.7351958,1.6289920865010707,0.03573178500974068,15.870268185908234,0.02384228694022732,18.27000383076558,1.59,bs126855,bs,G,g
317828260670,2458501.7927858,1.6070354615906424,0.06288769073148397,15.885001971750325,0.04253558008610529,17.656226492683587,1.46,bC015930,bC,G,g
317828260670,2458502.3736746,1.7909630334941213,0.19908068964363262,15.767349067647372,0.12082441117631282,16.40506777011211,1.64,bn103831,bn,G,g
317828260670,2458503.3061453,1.8705861737569793,0.12340859041106281,15.720121322335219,0.07171002013584049,16.924277132007262,2.25,bn103983,bn,G,g
317828260670,2458503.7091843,1.81307820291034,0.13060677397977588,15.754024280328128,0.07829992359554407,16.862726355431754,1.46,bs129091,bs,G,g
317828260670,2458503.8052962,2.0243686545973585,0.14823926786728847,15.63434161214164,0.07959500786591234,16.72523245794891,2.05,bB016237,bB,G,g
317828260670,2458504.2976909,1.5350645869160235,0.16676284313851963,15.934748990092643,0.11808230186414276,16.59739238443995,1.75,bo104277,bo,G,g
317828260670,2458504.6930099,1.687991435675578,0.03582465193424033,15.831640025219682,0.023068742077694333,18.26718566253168,1.41,br129749,br,G,g
317828260670,2458504.7941252,1.4499550169069708,0.11670493856286886,15.996679299819135,0.08748767555608503,16.984917525629925,1.69,bC016610,bC,B,g
317828260670,2458505.3518352,1.4826723352924924,0.1505928972252606,15.972452661598368,0.11040061102529186,16.708129389758895,1.61,bn104648,bn,G,g
317828260670,2458507.3262353,1.583990447500112,0.053201020132019196,15.900684226829256,0.03650728821435582,17.837840711463066,1.48,bo105270,bo,G,g
317828260670,2458507.3521211,1.7755851050140876,0.11529880285311955,15.776711889358644,0.07058224658227139,16.998078616340372,1.59,bn105328,bn,G,g
317828260670,2458507.8300926,1.579659394588551,0.06981164963327917,15.90365698558779,0.04803708199515046,17.542820860425422,2.10,bB017963,bB,G,g
317828260670,2458508.6752594,1.7229579137650635,0.037216953963361624,15.8093789493279,0.023478931497137517,18.225788548337498,1.41,br131231,br,G,g
317828260670,2458510.6356994,1.6104100338659022,0.04052874597252047,15.882724452741225,0.02735513554084568,18.133232696070195,1.40,br132105,br,G,g
317828260670,2458510.7347342,1.634254088589556,0.07882567884972491,15.866766671880686,0.05242764041677814,17.410971312450844,1.46,bC018828,bC,B,g
317828260670,2458511.3175741,1.600740210886867,0.04340102519020479,15.88926348569628,0.029470758002962106,18.05889064081815,1.45,bo106359,bo,G,g
317828260670,2458512.6529848,1.6108874866740202,0.04541032914014279,15.882402602430705,0.030640906842668274,18.009753987099934,1.48,bs132651,bs,G,g
317828260670,2458513.283124,1.7663963482920815,0.06998237191117804,15.782345226722192,0.04306383198152431,17.540168966615145,1.61,bn107027,bn,G,g
317828260670,2458513.2947945,1.6662729434487653,0.04303981235250532,15.845700266273061,0.028076075360232548,18.067964688442327,1.44,bo106999,bo,G,g
317828260670,2458514.3336891,1.8688642833728057,0.07255384372938306,15.721121211963005,0.042198288190605254,17.500989548272713,1.53,bn107405,bn,B,g
317828260670,2458514.5699687,1.6540136815696027,0.04626298343199831,15.853717878277177,0.030402318987349814,17.989556520561337,1.59,bk175143,bk,G,g
317828260670,2458515.6531346,1.6581729875971023,0.039465174264354155,15.850991032259394,0.025869995995034263,18.162105549348237,1.41,br133256,br,G,g
317828260670,2458515.67532,1.7647678900661181,0.038242039340508856,15.783346639321469,0.023554051668637933,18.19628800162698,1.40,bs133059,bs,G,g
317828260670,2458517.2992337,1.6993360161891464,0.03569770006576033,15.8243674671223,0.022833534702913452,18.27104002080633,1.55,bo107668,bo,G,g
317828260670,2458518.5580234,1.7410052123226105,0.05678452092055449,15.798065443943871,0.03545210830591791,17.76706569623841,1.84,bG041141,bG,G,g
317828260670,2458519.3208113,1.7086474160892937,0.045837234136736967,15.818434486903211,0.02915936905078022,17.999594601445292,1.52,bn108103,bn,G,g
317828260670,2458519.555959,1.7835274621652706,0.04378245509570666,15.771866120161036,0.02668286646186729,18.049390334133136,1.45,bk175840,bk,G,g
317828260670,2458520.2898659,1.6905870978830355,0.04310275697691775,15.82997174670525,0.027712753078303072,18.066377986993448,2.32,bo108378,bo,G,g
317828260670,2458521.294296,1.68143534603707,0.038060347763782906,15.835865190701188,0.024603945265577336,18.2014587309655,2.21,bo108715,bo,G,g
317828260670,2458521.3166904,1.737681882214948,0.04434013238248644,15.800139939762506,0.027735684282146594,18.03564814790278,1.54,bn108770,bn,G,g
317828260670,2458522.6574239,1.6521106593591095,0.03241391812374534,15.854967789125961,0.02132576259352426,18.37581178450391,1.56,bs134163,bs,G,g
317828260670,2458522.6796333,1.7151548462108281,0.04272317879121926,15.814307285359803,0.027075245083052077,18.07598171486673,1.45,br134396,br,G,g
317828260670,2458523.655791,1.7459460980874937,0.04686395301443115,15.794988542851073,0.029175631148814215,17.975543314151608,1.49,bs134546,bs,G,g
317828260670,2458529.660831,1.8520409457693003,0.12004231312662685,15.730939162198908,0.07045242462684258,16.954304723024592,1.45,br136068,br,B,g
317828260670,2458530.6574526,1.834351384066501,0.13261256087072149,15.741359292933145,0.07858041221274127,16.84617895703041,1.40,br136463,br,B,g
317828260670,2458531.278012,2.0038894902769564,0.13608474155762987,15.645381203403817,0.07381554624791518,16.81811702930849,1.70,bn110468,bn,G,g
317828260670,2458531.6542867,1.8657145187218953,0.11433323495390026,15.72295264437349,0.06661000605269918,17.007209382369034,1.47,br136756,br,G,g
317828260670,2458537.2694173,1.6542211046244732,0.05148737136448412,15.853581729100819,0.03383135055850659,17.873388811619712,2.09,bn112096,bn,G,g
317828260670,2458539.5917148,1.4619782176567309,0.044046149494336745,15.987713367235761,0.032747580553629876,18.042870740267475,1.55,bs138073,bs,B,g
317828260670,2458539.6253012,1.8373035525114718,0.05969230527731107,15.73961333536941,0.035314219269932674,17.71284473298989,1.39,br138315,br,B,g
317828260670,2458540.5995865,1.6513621897372341,0.03574459330837454,15.855459780807237,0.0235277391325236,18.269614711058505,1.50,bs138507,bs,G,g
317828260670,2458540.6254512,1.7563791614311062,0.049255311054452876,15.788519932847292,0.030482245950415234,17.921507946323455,1.42,br138743,br,G,g
317828260670,2458541.6002267,1.5846614253394746,0.03899054489939461,15.900224406708327,0.02674453128401246,18.175242350020905,1.48,bs138881,bs,G,g
317828260670,2458541.6224702,1.5863905223957653,0.043083996072023255,15.899040355804994,0.029520114909880754,18.066850667382933,1.45,br139114,br,G,g
317828260670,2458543.6196207,1.7504277288447412,0.04995612402508123,15.79220516116752,0.0310210664028433,17.906168773567025,1.42,br139606,br,G,g
317828260670,2458544.5905689,1.5277916571587964,0.05244142523433814,15.939905286937408,0.03730976596230633,17.853454395745022,1.71,bs139791,bs,G,g
317828260670,2458544.616522,1.5833175211411947,0.07870223018060103,15.901145577938298,0.05402953054454945,17.412673013663785,1.49,br140027,br,B,g
317828260670,2458545.5873406,1.6961823002982637,0.04974993205542314,15.82638430472275,0.03188101484976695,17.910659381550637,1.75,bs140205,bs,G,g
317828260670,2458545.6095139,1.7328768126909506,0.0595759527702457,15.803146395921722,0.03736934439204707,17.71496312008766,1.42,br140438,br,G,g
317828260670,2458546.6063148,1.636695944502585,0.03825535806034208,15.865145606540484,0.02540600841275486,18.195909933432205,1.59,br140848,br,G,g
317828260670,2458549.5928545,1.5961679788476608,0.04491616109436285,15.89236913712676,0.030586952551353422,18.021634034475518,1.41,br141264,br,G,g
317828260670,2458557.5780732,0.6831730822503294,0.25755768274344937,16.12545433875915,99.999,16.12545433875915,1.56,br142674,br,B,g
317828260670,2458652.9400839,2.0210693559361403,0.37867577795875856,15.636112579236766,0.20365659657743923,15.706971795664709,1.59,bG087656,bG,G,g
317828260670,2458653.938819,1.6486168630818887,0.15873512133727102,15.857266277868902,0.1046563208410108,16.650958040688828,1.61,bk228143,bk,G,g
317828260670,2458655.9314318,1.7317111667133485,0.1432010248529007,15.803876978660616,0.08988409318801438,16.762775296150043,1.45,bk229061,bk,B,g
317828260670,2458657.9250599,1.7249755931223518,0.1216542605466448,15.808108235856492,0.076657833551821,16.93982230321351,1.54,bG089866,bG,G,g
317828260670,2458659.921765,1.6745903774676134,0.0968257108117402,15.840294143941751,0.0628484071418137,17.18766387671895,1.53,bG090291,bG,G,g
317828260670,2458668.6530883,1.5177422271985312,0.05621684157999147,15.947070578777911,0.0402606328610466,17.777974506258694,1.48,bo147681,bo,G,g
317828260670,2458669.914999,1.7374074056153685,0.0765512665929674,15.800311451431678,0.04789199021581556,17.442759659461128,1.51,bG092360,bG,G,g
317828260670,2458672.1197173,1.4205616243465071,0.08649421488344287,16.018915426583746,0.06618188845099443,17.310172959202628,1.47,bC051867,bC,G,g
317828260670,2458672.6681585,1.6251673363885821,0.04566958735528595,15.872820409720184,0.03054507354994841,18.003572892482264,1.56,bo148159,bo,G,g
317828260670,2458672.691524,1.68690387679716,0.1303529625654831,15.832339781496929,0.08399293210327105,16.86483834659346,1.52,bn148204,bn,G,g
317828260670,2458673.674468,1.5685512839091984,0.047256695208565985,15.911318815885782,0.03274739792043843,17.96648224408303,1.55,bo148495,bo,G,g
317828260670,2458676.0984241,1.4829910115231837,0.03930673733073235,15.97221932538847,0.028809827003633562,18.166473120059422,1.55,bC052710,bC,G,g
317828260670,2458676.6864678,1.4241091561935009,0.07632750837928347,16.016207425512484,0.05825724991665418,17.445937897476593,1.45,bn149456,bn,G,g
317828260670,2458677.6906926,2.039807694462292,0.14040734211087985,15.626092558093207,0.07481914918833021,16.78416606569579,1.56,bn149894,bn,G,g
317828260670,2458679.9035948,1.5314821348973102,0.10644401679981418,15.937285784722473,0.07554774268942129,17.08483747433966,1.46,bG095982,bG,G,g
317828260670,2458680.108465,1.7569292504345733,0.06417166317722661,15.788179939039876,0.039700977022313386,17.63428237314363,1.69,bB053837,bB,G,g
317828260670,2458681.9003466,1.7735554085638747,0.1371655572283743,15.777953719684874,0.08406447087440617,16.809527931111997,1.45,bG096820,bG,G,g
317828260670,2458682.1197117,1.5793230979267276,0.11916318222293917,15.903888154619924,0.08201310943811792,16.962285380384074,1.68,bB054424,bB,G,g
317828260670,2458682.9044026,1.542181319057302,0.09962437440721968,15.929727027105343,0.07021701154589383,17.156726593307432,1.51,bG097203,bG,B,g
317828260670,2458683.9648034,1.5705082060698141,0.2689270617158626,15.90996509734575,0.18612575373656104,16.07855434442503,1.65,bs172794,bs,G,g
317828260670,2458688.9437215,1.6467684200366053,0.1254238902538706,15.858484297356615,0.08278657389501505,16.90668994370562,1.42,br174197,br,G,g
317828260670,2458693.1205958,1.6104565517186153,0.06055693425651371,15.882693090922587,0.04087210832009216,17.697230910089164,1.39,bC057485,bC,G,g
317828260670,2458693.6177877,1.68851039232145,0.049836896886236506,15.831306277422545,0.03208185175529711,17.908763128996775,1.65,bn153695,bn,G,g
317828260670,2458695.0937223,1.8300001405683284,0.02813289485549068,15.743937814557185,0.01670996239873516,18.529604553773602,2.01,bB057941,bB,G,g
317828260670,2458695.1313699,1.4066952423094785,0.1943789828058475,16.029565575780392,0.15019706948248246,16.431017348661126,1.49,bC057977,bC,B,g
317828260670,2458696.675919,1.7377298561898125,0.05487694441694322,15.800109965137729,0.034325733896233834,17.804165807492666,1.45,bo153696,bo,G,g
317828260670,2458697.6165099,1.6542817422800202,0.05584477619734664,15.853541930738203,0.03669317150844384,17.78518422442775,1.56,bn154307,bn,G,g
317828260670,2458697.8470058,1.5284835374082306,0.057926223120147606,15.939413708528281,0.04119330333575197,17.745452579576202,1.51,bG102412,bG,G,g
317828260670,2458697.9540023,1.7371860354827882,0.05317589104528792,15.800449798304195,0.033272131130677514,17.838353671643283,1.44,bs176310,bs,G,g
317828260670,2458699.6190908,1.6526646804917475,0.04821349217358043,15.854603757840513,0.03170998350270211,17.944719138429097,1.54,bn155132,bn,G,g
317828260670,2458699.6607793,1.594608071827953,0.03891852777742715,15.893430726931488,0.026528617490106442,18.177249603252573,1.47,bo154935,bo,G,g
317828260670,2458700.8504888,1.555580118529784,0.04654832438725004,15.920334662520752,0.03252548947242238,17.982880480988133,1.52,bG103691,bG,G,g
317828260670,2458701.8467771,1.664611045461728,0.08893577728427284,15.846783692155725,0.058073219806291224,17.279949348740722,1.48,bk244780,bk,G,g
317828260670,2458701.9432659,1.579111708765154,0.05232737471351107,15.90403348791341,0.036018719191700306,17.855818245070562,1.39,br177653,br,G,g
317828260670,2458702.5973702,1.4533520609666042,0.05366761291506379,15.994138545218316,0.04013780516842038,17.828359914675637,1.49,bo155611,bo,G,g
317828260670,2458702.6166294,1.8585437390279727,0.04288137918188786,15.727133656651526,0.025078879654077416,18.071968748936843,1.54,bn155857,bn,G,g
317828260670,2458703.0573769,1.6878338706190115,0.02639952654285118,15.831741377671971,0.01700116228622279,18.59865026601675,2.45,bB059204,bB,G,g
317828260670,2458704.0548761,1.681196304996382,0.027838715757900173,15.836019555222592,0.01799877477720046,18.541017619595323,1.79,bB059587,bB,G,g
317828260670,2458704.6358806,1.6463424555763493,0.05068232899603808,15.858765177689216,0.033461742939676645,17.890499202124833,1.61,bn155971,bn,G,g
317828260670,2458704.9382585,1.5801350891622683,0.04774327176784912,15.903330078994562,0.032842040514865174,17.955360168500395,1.42,bs178137,bs,G,g
317828260670,2458705.6067812,1.5987391484484015,0.045617698838675655,15.890621598049385,0.031014725139840642,18.004807177112934,1.62,bn156370,bn,G,g
317828260670,2458705.9300293,1.4994060438941772,0.04575998364033053,15.960267479548747,0.0331725437916426,18.001425960141667,1.45,bs178388,bs,G,g
317828260670,2458706.0733503,1.731646470214067,0.035383170207708314,15.803917542378812,0.022210057467630683,18.280648757501282,1.73,bB060372,bB,G,g
317828260670,2458706.9553537,1.6310499620689034,0.04270519010596056,15.868897461069498,0.028459388723386183,18.076438962673336,1.45,bs178643,bs,G,g
317828260670,2458708.577374,1.173817734227646,0.12092011468527186,16.226063955736738,0.111972160101229,16.946394235423412,1.47,bo156584,bo,G,g
317828260670,2458709.6444399,1.823071247772263,0.09154661890533818,15.748056517965555,0.054582175317568545,17.248534838642822,1.44,bo157063,bo,G,g
317828260670,2458710.9144618,2.0499431645223334,0.11910341232174076,15.620711071687358,0.06315308298543337,16.962830100865524,1.56,br179753,br,G,g
317828260670,2458710.9330784,1.9698759445933,0.13060706852963347,15.663968430323703,0.07206758644531015,16.862723906836827,1.47,bs179552,bs,G,g
317828260670,2458711.8168919,2.0763145227266495,0.28985404667668674,15.606832768201649,0.15173941276197536,15.997192191515063,1.37,bG107829,bG,G,g
317828260670,2458712.6094755,2.054832281016968,0.12922170359295715,15.618124672812108,0.06835515227602448,16.87430195579573,1.70,bo158052,bo,G,g
317828260670,2458713.8204012,1.7484665059102122,0.11219493864643063,15.793422329121597,0.0697474157243718,17.027707447918704,1.43,bG108661,bG,G,g
317828260670,2458715.0945798,1.8985604112543473,0.06305331744237316,15.704004570453382,0.036099043362014714,17.6533707585146,1.74,bB063395,bB,G,g
317828260670,2458715.9403836,1.8749053837251768,0.10977493785586413,15.71761723194004,0.06364085657958155,17.05138261164159,1.40,br180559,br,G,g
317828260670,2458716.1016879,1.7840791997413699,0.07348117648211475,15.771530297564297,0.04476866498632861,17.487200358865643,2.07,bB062950,bB,G,g
317828260670,2458721.0012211,1.8650060760385523,0.08787758019110234,15.723364994674196,0.051216513517351986,17.29294538738792,1.66,bC065141,bC,G,g
317828260670,2458721.9469904,1.5780850677859513,0.052366146846726816,15.904739596147127,0.036068857120140504,17.85501406330143,1.44,br182390,br,G,g
317828260670,2458722.0642328,1.3997603447111162,0.1367209693891158,16.034931407870477,0.10616799504108372,16.813052788966157,1.50,bC065583,bC,B,g
317828260670,2458722.9541927,1.6209844726789884,0.05817767100052946,15.875618485318457,0.039011230508030924,17.740749783063862,1.40,br182774,br,G,g
317828260670,2458723.0975541,1.822563908446878,0.038679475027617004,15.74835870765466,0.023068001864769476,18.183939183834905,1.53,bC065828,bC,G,g
317828260670,2458724.0435501,1.6189419955644833,0.02869486403969335,15.876987400117056,0.01926571161524979,18.508130183093584,1.73,bB066171,bB,G,g
317828260670,2458724.6012041,1.674828324925581,0.04967112278151821,15.84013987945986,0.032236349269932074,17.91238066885766,1.51,bn161931,bn,G,g
317828260670,2458724.6359541,1.818998342363714,0.04203962586406045,15.750484864044385,0.02512110343379117,18.093493505628803,1.57,bo161729,bo,G,g
317828260670,2458725.0546023,1.6726609964773007,0.030054597143541657,15.841545797189102,0.01953058057921791,18.457863333958706,2.01,bB066598,bB,G,g
317828260670,2458725.088484,1.6250704085161873,0.03295649831838622,15.872885166890951,0.02204352537165639,18.357787958991068,1.46,bC066631,bC,G,g
317828260670,2458725.5913609,1.7758250965298474,0.043455518571185486,15.776565149070642,0.026598486195969846,18.057528269214323,1.42,bo161939,bo,G,g
317828260670,2458726.9276296,1.6328243364101924,0.04237748944343546,15.867716960549721,0.028210314789123565,18.084802550535837,1.65,br184044,br,G,g
317828260670,2458729.5736496,1.6913444346392648,0.044448211868393754,15.829485475507106,0.02856501182167405,18.03300487597806,1.52,bn163491,bn,G,g
317828260670,2458729.9064835,1.8085743442660382,0.05035060582851968,15.75672470774261,0.030260807111601496,17.897628860345193,1.39,br185191,br,G,g
317828260670,2458730.5368977,1.6898289456254332,0.04346027373754244,15.830458759758084,0.027955153743745062,18.05740946787474,1.54,bn163896,bn,G,g
317828260670,2458730.9418603,1.553747512043177,0.09035192226830599,15.921614506704696,0.06320757420364774,17.262797119541883,1.42,br185609,br,G,g
317828260670,2458732.9737762,1.6422717729232508,0.024429567164300805,15.861453051355575,0.016168990900473714,18.682851180584624,2.02,bB068630,bB,G,g
317828260670,2458734.0071866,1.5101348341650127,0.05326846671111973,15.952526308487121,0.03834128316542664,17.83646512105151,2.11,bB069055,bB,B,g
317828260670,2458734.6067598,1.6201552309511655,0.037655803235329,15.876174053956877,0.025263147707110058,18.213060821530362,1.55,bn164956,bn,G,g
317828260670,2458735.0025161,1.636688671184905,0.027180174104849637,15.865150431457359,0.01805087798639357,18.567010025655804,2.04,bB069248,bB,G,g
317828260670,2458737.0507926,1.619055502139752,0.03642324616213288,15.876911280108697,0.024452827532173604,18.249193989022473,2.04,bB069728,bB,G,g
317828260670,2458737.9535003,0.9660709320614417,0.18235965040530666,16.43754308504285,0.2051785275095198,16.500318734038622,1.81,bB070015,bB,B,g
317828260670,2458738.7446169,1.3283385900879863,0.134040458327963,16.091793648060303,0.10968299155325369,16.834550851042213,1.48,bG117051,bG,G,g
317828260670,2458750.5299303,1.6739266269159017,0.03649138068030956,15.84072457807926,0.023695509456592528,18.247164872563587,1.52,bn168672,bn,G,g
317828260670,2458750.5909678,1.7213022173214116,0.03985519876618079,15.810422801791429,0.025167496903317137,18.1514281629711,1.52,bo168489,bo,G,g
317828260670,2458750.99969,1.636297181422974,0.025039016900447894,15.865410166530767,0.016632872699939506,18.65609742820046,1.75,bB073624,bB,G,g
317828260670,2458752.0862063,1.6303419266821757,0.029703513548350467,15.869368879219737,0.019803470205572514,18.470621051751106,1.41,bC074106,bC,G,g
317828260670,2458752.546666,1.6467019008424997,0.04109721494264597,15.85852815522708,0.027127487849724945,18.11810963193591,1.50,bn169145,bn,G,g
317828260670,2458752.5729794,1.5492292897225939,0.047744464725740135,15.924776374378842,0.033498048129389335,17.955333039622474,1.44,bo168935,bo,G,g
317828260670,2458752.994373,1.7019718324896052,0.02892196762978493,15.822684701617566,0.01847088226527083,18.499571022174205,1.72,bB074438,bB,G,g
317828260670,2458753.5544191,1.5118539764629786,0.04185637930266023,15.951291005941446,0.03009289598579653,18.098236466681815,1.48,bn169545,bn,G,g
317828260670,2458753.5654315,1.6446614631019667,0.04650910381142513,15.859874331365837,0.030737859943968635,17.983795683621395,1.49,bo169323,bo,G,g
317828260670,2458754.0172852,1.6568521945919,0.027351408074109948,15.851856203883624,0.01794353864632136,18.560191388692232,1.74,bB074798,bB,G,g
317828260670,2458754.82998,1.6684347316568349,0.030815618903307647,15.844292567438865,0.020075845523256107,18.430713375045354,1.48,bs188122,bs,G,g
317828260670,2458755.7536617,1.5526635623535994,0.06578704414900713,15.922372219345869,0.04605483017538505,17.6072896771263,1.41,br188638,br,G,g
317828260670,2458758.6690386,1.9937340387446127,0.10450310017273948,15.650897563332865,0.0569736605120314,17.10481767556511,1.48,bG124563,bG,G,g
317828260670,2458760.4328458,1.6365838290906876,0.041581312152094436,15.865219983172043,0.027616720648707516,18.10539513660251,1.50,bo170634,bo,G,g
317828260670,2458761.4298279,1.6548097033396514,0.06291724653176298,15.853195475252503,0.04132699446320063,17.655716340956445,1.49,bo171018,bo,G,g
317828260670,2458761.8636955,1.732640372849439,0.05868955196047797,15.803294547717158,0.03681836823210889,17.731238626201222,1.44,bC076400,bC,G,g
317828260670,2458762.4268312,1.583496490175897,0.06599423253016225,15.901022859546867,0.04530029708992935,17.60387565477587,1.49,bo171400,bo,G,g
317828260670,2458762.8709114,1.547277469184552,0.05265255426391803,15.926145118366179,0.03698821858599876,17.84909200047235,1.41,bC076819,bC,G,g
317828260670,2458762.9405725,1.7264574602053577,0.046805784017335345,15.807175917705358,0.02946834970767496,17.976891800786913,1.42,br190369,br,G,g
317828260670,2458763.6923284,1.5880070250001919,0.07664443130606276,15.897934573981377,0.0524614583887635,17.441439096078856,1.53,bG125826,bG,G,g
317828260670,2458764.5371764,1.4584562763819844,0.06753890500729408,15.990332087850517,0.05033531306876875,17.578755573341944,1.54,bn172307,bn,G,g
317828260670,2458764.687936,1.6828750649592141,0.07489733499713487,15.834935933371806,0.0483756331240128,17.466474699257258,1.44,bk268233,bk,G,g
317828260670,2458765.4245737,1.559748933341458,0.07522065871448184,15.917428879023547,0.05241970923106268,17.461797780789116,1.43,bo172344,bo,G,g
317828260670,2458767.4588551,1.6105763258661892,0.09501682725631587,15.88261234469402,0.06412559181612706,17.208139299867117,1.56,bn173031,bn,B,g
317828260670,2458767.7081382,1.0377611988171966,0.15388919361886005,16.359822050561597,0.16118434840293228,16.684620301572316,1.62,bk269395,bk,B,g
317828260670,2458768.4901209,1.0514309017763819,0.2638684401311961,16.099171987128372,99.999,16.099171987128372,1.73,bo173203,bo,B,g
317828260670,2458768.8791581,1.4728295829639309,0.1390314093669122,15.979684375440481,0.10260596262184729,16.79485829832914,1.61,bC078451,bC,B,g
317828260670,2458774.9852724,1.59564403771308,0.07992139587793202,15.892725587858278,0.05444264536626793,17.39598296015947,1.46,bC080585,bC,G,g
317828260670,2458775.5700766,1.4614026079693851,0.09863015619277352,15.988140927189606,0.07335876570170327,17.167616309237278,1.45,bo175536,bo,G,g
317828260670,2458775.9345943,1.586303026671816,0.07695168848029661,15.899100240110748,0.052728349026721556,17.4370952274487,1.40,br194456,br,G,g
317828260670,2458775.9679014,2.2619635130947766,0.20500153173241903,15.51385163428057,0.09851076314586318,16.37324784635826,2.16,bB080957,bB,B,g
317828260670,2458776.6112417,1.2906750391679203,0.10763629149021672,16.123023344387512,0.09064711523865121,17.072743796114423,1.49,bo175878,bo,G,g
317828260670,2458777.9578752,1.6820432052859153,0.04678238087700607,15.835472754839932,0.03023133641094678,17.977434810414657,2.03,bB081414,bB,G,g
317828260670,2458778.070993,1.7674641995203337,0.04834102156788781,15.781689057776411,0.029728799415007962,17.941851051672256,1.65,bC081506,bC,G,g
317828260670,2458778.8683188,1.7456978046909286,0.039047026665908424,15.79514295787048,0.02431258157911542,18.173670688876385,1.46,bs195048,bs,G,g
317828260670,2458779.9335267,1.7838177451579067,0.031510835514232845,15.771689422512162,0.019200901135004937,18.406490814677433,1.75,bB082127,bB,G,g
317828260670,2458780.0584043,1.734090809192165,0.03934765437664434,15.802386031158363,0.02466375423542845,18.165343491536934,1.42,bC082229,bC,G,g
317828260670,2458780.6400827,1.7043370208525663,0.07667124618695757,15.821176928153678,0.04889778843804693,17.441059305991022,1.45,bG131161,bG,B,g
317828260670,2458780.9565209,1.7667781042940576,0.025845027600370208,15.782110601277054,0.01590036758802542,18.621698110705054,1.79,bB082546,bB,G,g
317828260670,2458780.9747392,1.6699831797421325,0.03761344157524199,15.843285380015015,0.02448178887141611,18.21428293005615,1.39,bC082567,bC,G,g
317828260670,2458781.8948077,1.7038227640768016,0.03579986570558371,15.821504581338658,0.0228385829362679,18.267937117697954,1.42,bC082932,bC,G,g
317828260670,2458783.7855728,1.7640243722344322,0.04406227714188232,15.783804169366135,0.027150293531024466,18.042473267024523,1.46,br196971,br,G,g
317828260670,2458784.7737767,1.7018518127423898,0.031619401825764684,15.82276126832517,0.020195010382615217,18.402756487159717,1.44,bs197184,bs,G,g
317828260670,2458785.8259352,1.5713134075672528,0.04197567184141219,15.909408581703206,0.029036683606641824,18.095146471532335,1.46,bs197641,bs,B,g
317828260670,2458786.6170502,1.679660731907376,0.0688913837488852,15.837011699425986,0.04458158569465994,17.557228341299737,1.46,bk275572,bk,B,g
317828260670,2458787.6175233,1.7736460524709525,0.08214039328718507,15.777898230661904,0.050338699797142936,17.36624866664416,1.46,bk275933,bk,B,g
317828260670,2458787.9043023,1.6555741130968324,0.03507478027736828,15.852694054626127,0.02302812110279874,18.29015321366128,1.46,bC083856,bC,G,g
317828260670,2458787.9679839,1.6084716357248097,0.03483683116540543,15.884032105218983,0.023541677696355016,18.29754400205892,1.75,bB083896,bB,G,g
317828260670,2458788.9222091,1.6270752640413748,0.02403392259507396,15.871546515597977,0.016055697904718922,18.700578966125317,1.42,bC084159,bC,G,g
317828260670,2458788.9223635,1.75892149561083,0.03948994213560069,15.78694948126202,0.02440350536081524,18.161424368023063,1.47,br198979,br,G,g
317828260670,2458789.3525993,1.5660488083015887,0.048605623336500356,15.91305238882396,0.03373598511026123,17.93592431880422,1.51,bo177906,bo,G,g
317828260670,2458789.6308685,1.5993149815003997,0.07696930649950014,15.890230608545266,0.05231132743775201,17.436846677582043,1.42,bk276402,bk,B,g
317828260670,2458789.8653989,1.6220302259789054,0.04306243386385259,15.874918265082767,0.02885704136741733,18.067394180807035,1.59,br199375,br,G,g
317828260670,2458790.0090986,1.6179770410336491,0.03628789777804347,15.877634735493233,0.02437819953542032,18.25323608773332,1.38,bC084470,bC,G,g
317828260670,2458790.3458444,1.5597934602261492,0.05515506092583349,15.91739788444505,0.03843531512919773,17.798677189795377,1.50,bo178052,bo,G,g
317828260670,2458790.428851,1.8841766171265921,0.07925999673662218,15.712261597678857,0.04572404178185668,17.405005486149854,1.58,bn178335,bn,G,g
317828260670,2458794.7992512,1.6244407848491136,0.06067458226883328,15.873305910306554,0.04059897628526458,17.69512362396172,1.48,bC086104,bC,G,g
317828260670,2458794.9606591,1.6525813865247156,0.1193687700536596,15.854658480105561,0.07851272207213827,16.960413813877263,1.79,bB086216,bB,G,g
317828260670,2458795.4315904,1.9794990192064235,0.11632808199586181,15.658677395017397,0.06387654965219293,16.988429192556048,1.49,bn179571,bn,G,g
317828260670,2458795.9657753,1.8716930509640548,0.11181855844881616,15.719479052413162,0.06493688230279326,17.031355888723727,1.43,bC086561,bC,B,g
317828260670,2458796.836569,1.6637643379693188,0.1095039388711945,15.847336094390014,0.07154019219900051,17.054066258724248,1.75,bB086870,bB,G,g
317828260670,2458796.9733906,1.6235105916422865,0.10058786018987025,15.873927806605245,0.0673445749008414,17.14627668774103,1.50,bC086980,bC,B,g
317828260670,2458797.9968359,1.8812562892778475,0.13137928667969256,15.713945710177835,0.07590862196279716,16.856323362572386,1.70,bB087339,bB,G,g
317828260670,2458802.3090624,1.6176298296605982,0.1025222492521356,15.877867755124441,0.06888920159895578,17.125595297258933,1.53,bo180511,bo,G,g
317828260670,2458803.5822979,1.5156800402661876,0.04056630857919042,15.948546793535323,0.029091769042026306,18.132226886649416,1.50,bk280986,bk,G,g
317828260670,2458803.8795324,2.091467814153552,0.1376523696261561,15.598937658385378,0.07153929880510738,16.805681381477587,1.51,bs203638,bs,B,g
317828260670,2458804.8403219,1.8161865406784405,0.07776662721258625,15.752164490031708,0.046541993748505796,17.425657452093663,1.45,bs204052,bs,B,g
317828260670,2458804.8780645,1.6714070051001446,0.12534561498748578,15.842360077222768,0.08151529416013573,16.90736774775782,1.46,br204300,br,B,g
317828260670,2458806.5432093,1.6534021104032652,0.047973037917841535,15.854119403217739,0.03153776453068538,17.950147558284534,1.49,bk281981,bk,G,g
317828260670,2458806.9738286,1.8275903764619907,0.04279913681994708,15.74536846596639,0.02545471977222043,18.07405308599536,1.46,bC090153,bC,G,g
317828260670,2458807.0094968,1.616015529531796,0.061230716601498134,15.87895179746434,0.04118470740194043,17.68521725608104,2.03,bB090172,bB,G,g
317828260670,2458807.5203387,1.695354191439646,0.06557989000947892,15.826914511482627,0.042045779873412126,17.61071390160289,1.48,bo181532,bo,G,g
317828260670,2458807.5533833,1.5027482473736506,0.05182693709426233,15.957850046953087,0.037487069024919,17.866251753069303,1.43,bG139464,bG,G,g
317828260670,2458808.4869479,1.5110053567005601,0.0721772897052917,15.951900612358937,0.05192144119060775,17.5066391863263,1.49,bn182077,bn,G,g
317828260670,2458808.5783804,1.7919890510690488,0.04401216693608172,15.7667272427209,0.02669620769083706,18.043708732569737,1.56,bk282690,bk,G,g
317828260670,2458809.5374835,1.8623352064296455,0.048767360856377166,15.724920988670528,0.02846319005721232,17.93231747766756,1.52,bn182459,bn,G,g
317828260670,2458810.4468136,1.55353925207215,0.09462901591098415,15.921760045503042,0.06620857880031422,17.21257980220696,1.46,bn182708,bn,B,g
317828260670,2458810.4914637,1.538713635195094,0.1358984152240429,15.932171116606382,0.0959994539224687,16.819604630822617,1.57,bo182512,bo,B,g
317828260670,2458810.5349727,1.5658772181873128,0.05886734610067545,15.913171358172571,0.04086287546585252,17.727954468735796,1.48,bk283213,bk,G,g
317828260670,2458811.5364972,1.6030262751482667,0.06117481932343101,15.887714019986415,0.041480523345549115,17.686208873041906,1.66,bG140632,bG,G,g
317828260670,2458811.9298052,1.594302458372944,0.022453571345876163,15.893638832860228,0.015308297169435728,18.77442704292097,2.00,bB091246,bB,G,g
317828260670,2458812.8466659,1.657977337044219,0.03951679698343053,15.85111914761497,0.02590689223530408,18.160686271956575,1.56,br207221,br,G,g
317828260670,2458812.8552574,1.6294750327423262,0.042727388745944665,15.869946346095995,0.02850170326091263,18.075874731369694,1.46,bC091583,bC,G,g
317828260670,2458813.357582,1.7015503500242972,0.04465820881683145,15.822953610559571,0.028527825416362042,18.02788736120945,1.44,bo183202,bo,G,g
317828260670,2458813.5554642,1.6079447609057318,0.04605135814315819,15.88438780982997,0.031130313233182518,17.99453450418811,1.44,bk284254,bk,G,g
317828260670,2458813.9036248,1.6333178184895365,0.03298880560998103,15.867388872341301,0.02195371714937487,18.356724131944137,1.41,bC091914,bC,G,g
317828260670,2458813.9183098,1.541286364168311,0.03237105597102918,15.930357281774247,0.02282893771157131,18.377248444731322,1.98,bB091917,bB,G,g
317828260670,2458814.4774582,1.6417493789679793,0.03752416461228701,15.861798470589456,0.02484370389942055,18.216863030260672,1.52,bo183630,bo,G,g
317828260670,2458814.4957221,1.5893767597577082,0.04244415917047212,15.896998476355144,0.029027073245434524,18.08309577514313,1.52,bn183875,bn,G,g
317828260670,2458815.438754,1.577633496189484,0.03873930588782398,15.905050325779529,0.026690572483483787,18.182261024007197,1.52,bo183929,bo,G,g
317828260670,2458815.6132091,1.618609379581762,0.039635885765508964,15.877210490455491,0.026616974466600066,18.15741919128778,1.44,bk284947,bk,G,g
317828260670,2458815.9299535,1.6843235307985143,0.02126937033967165,15.83400183230508,0.013725914517759296,18.833254028440624,1.76,bB092820,bB,G,g
317828260670,2458815.9599767,1.6596619426940449,0.03229618186403075,15.850016533769564,0.021151624075561933,18.379762656496528,1.50,bC092851,bC,G,g
317828260670,2458816.5312487,1.6161032670203297,0.057635018169044254,15.878892851754834,0.03876408157685376,17.750924525431447,1.51,bk285223,bk,G,g
317828260670,2458817.5356913,1.6285186640191869,0.05738734076800609,15.870583771624883,0.038303241891684686,17.755600359582562,1.74,bk285568,bk,G,g
317828260670,2458819.5484276,1.7051628006608313,0.050938098010301615,15.82065099819359,0.03247050534754033,17.885033799677473,1.47,bk285887,bk,B,g
317828260670,2458819.8234677,1.5862611293006128,0.047229665777547634,15.899128916910058,0.03236326748994932,17.9671034307251,1.41,br208947,br,G,g
317828260670,2458820.2955843,1.5663831157205965,0.06756359643507737,15.912820639385494,0.046884246287009664,17.578358713519158,1.82,bo184986,bo,G,g
317828260670,2458820.3616252,1.596659119312836,0.04942570547578046,15.892035107771287,0.03364750325140056,17.917758419156108,1.60,bn185262,bn,G,g
317828260670,2458821.2821658,1.569551403020939,0.06378784642816945,15.910626763602105,0.044174797683811766,17.640795761503817,1.52,bo185259,bo,G,g
317828260670,2458821.3071928,1.7132056155195632,0.06900762370510181,15.81554189915529,0.04378241931762084,17.55539792988307,1.71,bn185508,bn,B,g
317828260670,2458821.7598139,1.7493583524795644,0.0489922416465326,15.792868664961944,0.030441125168458087,17.927322333660356,2.08,bB094245,bB,G,g
317828260670,2458822.2780515,1.5110945681593773,0.09146539801550789,15.951836511162318,0.06579264658963142,17.249498540020955,2.24,bo185394,bo,G,g
317828260670,2458822.300318,1.7640260038918414,0.09628835356602602,15.7838031651007,0.05933090195111,17.19370620951577,1.64,bn185687,bn,G,g
317828260670,2458823.4638631,1.4926221426201483,0.0846960615103742,15.965190922367523,0.061677321939440116,17.33298257274884,1.47,bo185869,bo,G,g
317828260670,2458823.861466,1.7510517256335258,0.03204986748374221,15.79181818422179,0.01989479349602001,18.388075015978142,1.48,br210604,br,G,g
317828260670,2458824.8816555,1.9473724616838712,0.062400053666855304,15.67644306168475,0.03482956990744934,17.664678203453708,1.74,bB094889,bB,G,g
317828260670,2458825.443158,1.2984499116821766,0.13659604233656392,16.116502619347365,0.11434708241393042,16.81404532018475,1.49,bn186638,bn,G,g
317828260670,2458830.820982,1.531449228411194,0.12636729221611023,15.937309113853367,0.08969004643485018,16.898553912498407,1.63,bs212402,bs,B,g
317828260670,2458830.8946493,1.656013693507399,0.08510673403461573,15.852405813216066,0.05586144605297001,17.327730799410226,2.10,bB097534,bB,G,g
317828260670,2458831.2983359,1.8161453177087468,0.11922874866985331,15.752189133854142,0.0713579825809269,16.961688146519986,1.69,bn187700,bn,G,g
317828260670,2458831.5364822,1.574426434379952,0.05209592236705884,15.907259690065576,0.03596611523814434,17.860631282213962,1.49,bk289685,bk,G,g
317828260670,2458832.6258012,1.7950079699065387,0.09060366381321822,15.764899669273898,0.054864515883104904,17.259776211574348,1.48,bk290083,bk,G,g
317828260670,2458832.8176289,1.6931703087689423,0.11248380098164103,15.828314011949974,0.07221069282504525,17.02491565312004,1.58,bs213320,bs,B,g
317828260670,2458833.8443871,1.6128524227220935,0.09186634199954921,15.881079044990226,0.061911876224978776,17.244749552272836,1.50,bs213799,bs,G,g
317828260670,2458833.9031694,1.5983417831428808,0.06986662947713304,15.890891490435703,0.04751298462133267,17.54196613039199,1.52,bC098148,bC,G,g
317828260670,2458833.9370966,1.8173486620274497,0.05643402781947645,15.751469983334747,0.03375320095041891,17.773787991643964,2.02,bB098166,bB,G,g
317828260670,2458834.4540209,1.8834484096540778,0.08926821084442343,15.71268130039434,0.051517558677994735,17.275898535126466,1.52,bo188183,bo,G,g
317828260670,2458835.5933388,1.6429454138050723,0.0430514538598462,15.861007786240314,0.02848241831415045,18.067671055728326,1.47,bk291036,bk,G,g
317828260670,2458835.8333728,1.5098626007444178,0.12747629566989263,15.952722052813435,0.09177072859293268,16.889067024357523,1.44,br214689,br,G,g
317828260670,2458836.799195,1.7404303882114647,0.04438044403877448,15.79842397842569,0.02771705976427898,18.034661503553,1.60,bs214903,bs,G,g
317828260670,2458836.9263943,1.628739515735111,0.028035993582058567,15.870436539387832,0.018710116487657604,18.533350731707866,1.73,bB098652,bB,G,g
317828260670,2458837.7272033,1.6846467007697914,0.02373603341210559,15.833793532845561,0.01531480535694331,18.714120249829,2.14,bB098948,bB,G,g
317828260670,2458838.4076692,1.6268121789154628,0.0343446985100406,15.871722084699101,0.022947451781151644,18.312991340597172,1.43,bo188838,bo,G,g
317828260670,2458839.7238354,1.6477153261603474,0.026405532065197686,15.857860169044827,0.017419067986180307,18.598403304333907,1.44,bs216150,bs,G,g
317828260670,2458839.7288161,1.6302436928337376,0.0332100917025774,15.869434300624514,0.0221426562926458,18.34946542441337,1.42,br216372,br,G,g
317828260670,2458841.7208151,1.6560791714152754,0.04643872290716505,15.852362884627949,0.030479746135592158,17.985439941764508,1.40,br217285,br,B,g
317828260670,2458841.7849322,1.5803958676252539,0.09865539635669907,15.903150908707545,0.0678526998655127,17.167338497105742,1.49,bs217118,bs,B,g
317828260670,2458842.6114452,1.7261825326979936,0.05731086869621613,15.807348828144718,0.036087969444646144,17.757048132999177,1.46,bG149121,bG,G,g
317828260670,2458843.7672645,1.4546696652376527,0.06797764273824666,15.993154666215194,0.05079417263761974,17.57172536026272,1.53,br217996,br,G,g
317828260670,2458844.7530351,1.60109966439311,0.03675694222843192,15.889019706055512,0.024953598431692016,18.239292172159296,1.46,bs218227,bs,G,g
317828260670,2458844.8141269,1.7455737926704702,0.04229470519536139,15.795220089847605,0.026336615409882382,18.086925606028625,1.45,br218493,br,G,g
317828260670,2458845.4017972,1.7232910488998554,0.035340453596417506,15.809169041754789,0.02229080023503181,18.281960312949607,1.63,bo190550,bo,G,g
317828260670,2458845.8772269,1.6768918482573216,0.025853528181721794,15.838802988455873,0.01675818335946533,18.621341064405463,1.41,bC100599,bC,G,g
317828260670,2458846.8738281,1.6688840426100122,0.0318756700536782,15.844000217079188,0.020760859691284553,18.393992304499392,1.53,bC100855,bC,G,g
317828260670,2458846.8999776,1.7675581042116646,0.022626100809323455,15.781631374562878,0.013913878009226716,18.766116317021467,2.00,bB100867,bB,G,g
317828260670,2458847.8037658,1.767078628441266,0.0350811346501141,15.781925936208552,0.021578931171606055,18.289956532524,1.48,br219537,br,G,g
317828260670,2458847.8742313,1.6697558050890633,0.035776012791550064,15.843433217252826,0.023289016458022553,18.268660768566313,1.66,bC101253,bC,G,g
317828260670,2458849.7972458,1.72713760738205,0.04542580215331305,15.80674827033536,0.028588267486467228,18.00938409880727,1.45,br220249,br,G,g
317828260670,2458852.77605,1.5451182356742714,0.0921425805034441,15.927661326899223,0.06482026844009445,17.24148968458755,1.44,br221041,br,G,g
317828260670,2458856.7554711,1.385867888493086,0.13777513949892684,16.045761042323438,0.10805906367793304,16.804713462877356,1.46,bs222629,bs,G,g
317828260670,2458857.6525232,2.0637258100192803,0.22377304118821523,15.613435632997248,0.11786040826162716,16.278121200961653,1.72,bG152830,bG,B,g
317828260670,2458858.6498995,2.043659081039913,0.30945331094510303,15.62404449877711,0.16458826113717034,15.926152777150957,1.61,bG153146,bG,G,g
317828260670,2458859.7710078,1.9130082600355043,0.1993684610826881,15.695773509184594,0.11327962013028628,16.403499469997364,1.55,br224021,br,B,g
317828260670,2458860.3078781,1.7111983232733605,0.10952306137254168,15.816814757237337,0.06956926279123155,17.053876674864107,1.46,bo193750,bo,G,g
317828260670,2458860.7651361,1.7309337550034485,0.12409908758243471,15.804364504279157,0.07792921722144946,16.91821914035794,1.70,br224261,br,B,g
317828260670,2458861.3782335,1.858909201466346,0.17778116782603504,15.726920179408665,0.10395365177517848,16.52792622467111,1.58,bo194133,bo,G,g
317828260670,2458861.7610317,1.6157603818469253,0.12339656360522358,15.879123234523838,0.08301150410531735,16.924382947775896,1.45,br224712,br,B,g
317828260670,2458862.3786074,1.624816210097875,0.14410151015894815,15.873055014309587,0.09639987297412002,16.75596928101961,1.52,bo194437,bo,G,g
317828260670,2458863.3490388,1.7445125190183373,0.04809652307093595,15.795880396304174,0.029967586276966607,17.94735640625007,1.47,bo194735,bo,G,g
317828260670,2458865.3511805,1.5766805561691257,0.05039519774039094,15.90570634258405,0.034742223866414707,17.896667727382734,1.48,bo195285,bo,G,g
317828260670,2458866.3129719,1.5425020213573963,0.0521414672067404,15.929501267725211,0.03674258253712966,17.859682492442246,1.59,bo195566,bo,G,g
317828260670,2458866.8202254,1.6772880033399646,0.030712970943626204,15.838546520444643,0.019903358279962893,18.434336039235877,1.63,bC103944,bC,G,g
317828260670,2458866.8318665,1.6485826845468174,0.026191902814565578,15.857288787196847,0.017269051681733254,18.607222984904944,2.26,bB103766,bB,G,g
317828260670,2458867.8013497,1.7119871457762428,0.0374260201574663,15.816314373502124,0.02376212741623885,18.219706493532385,1.35,bC104380,bC,G,g
317828260670,2458867.8103363,1.7220232335478591,0.024788717729048042,15.809968105629892,0.015646861131847982,18.667005456039544,1.71,bB104200,bB,G,g
317828260670,2458868.7939951,1.6300124176039004,0.02308220040019073,15.869588339989651,0.015392120937310362,18.744447593288605,1.75,bB104638,bB,G,g
317828260670,2458868.7978382,1.7105170048070721,0.03612771580422475,15.817247132268378,0.022957536346368615,18.258039351653075,1.50,bC104828,bC,G,g
317828260670,2458868.7991017,1.7367913125800614,0.04140713763621202,15.800696526998854,0.025914315654521514,18.109952586608824,1.46,bC104829,bC,G,g
317828260670,2458869.2832527,1.7280579215842629,0.11169786912884021,15.806169884270462,0.07025848254128475,17.032528391151224,1.73,bn195885,bn,B,g
317828260670,2458869.790627,1.7467443931815978,0.032171505972728665,15.794492227530256,0.020019545142224655,18.383962133857935,1.73,bB105083,bB,G,g
317828260670,2458869.8022307,1.702213701961908,0.029353035298132168,15.822530417169382,0.018743517992700097,18.483508069367993,1.43,bC105279,bC,G,g
317828260670,2458870.3211603,1.683519139552647,0.05080134325715204,15.834520476909667,0.032799657615500966,17.8879526219993,1.52,bo195773,bo,G,g
317828260670,2458870.799397,1.6752417425501167,0.028939822077480873,15.839871907461733,0.018777187522323723,18.4989009695888,1.76,bB105495,bB,G,g
317828260670,2458870.8097807,1.5866953885165724,0.029739999412639224,15.898831723454483,0.02037321501785437,18.46928822242048,1.38,bC105690,bC,G,g
317828260670,2458871.7874413,1.6693738724516691,0.030540642767380936,15.843681592209206,0.01988550999984025,18.44044517867612,1.70,bB105936,bB,G,g
317828260670,2458871.7912948,1.6378767570367379,0.03181068509614974,15.86436257248274,0.021110765188955025,18.396208055282276,1.42,bC106126,bC,G,g
317828260670,2458872.784055,1.656392983306713,0.019767481103471093,15.852157167014562,0.012971796379430996,18.912762280666673,1.70,bB106385,bB,G,g
317828260670,2458872.7879078,1.7036888627340439,0.02843998588757956,15.821589911369305,0.01814476153178865,18.5178171700591,1.39,bC106575,bC,G,g
317828260670,2458873.78061,1.6205369060619546,0.042637576103881455,15.87591830705428,0.028598664580793343,18.078159342469437,1.75,bB106827,bB,G,g
317828260670,2458873.7844493,1.626186654897333,0.03313354505524063,15.872139640386326,0.02214673375757401,18.35197084941891,1.49,bC107017,bC,G,g
317828260670,2458874.7771035,1.6138618138235454,0.026176146126774175,15.88039975800104,0.017629968379439306,18.607876345389602,1.71,bB107274,bB,G,g
317828260670,2458874.7809741,1.6892139272128293,0.0355957891083518,15.830853988696962,0.022904781031265375,18.274144048755197,1.39,bC107464,bC,G,g
317828260670,2458875.7774804,1.7562422400397188,0.026740170668822477,15.788604576476605,0.016549768726799703,18.58473017440669,1.71,bB107724,bB,G,g
317828260670,2458875.7851906,1.6942297105395931,0.03418737251554415,15.827634888794321,0.02193338204714915,18.31797630094304,1.43,bC107917,bC,G,g
317828260670,2458876.7740194,1.6620638426607663,0.029060073406758966,15.848446367911755,0.019004706979924093,18.49439884392619,1.74,bB108171,bB,G,g
317828260670,2458876.7778471,1.6871530936673782,0.03161979398310968,15.832179390737856,0.02037120485093612,18.40274302147844,1.44,bC108361,bC,G,g
317828260670,2458877.7628451,1.6796466434564121,0.028948088737246965,15.837020806268304,0.018733293676629313,18.498590873344693,2.05,bB108592,bB,G,g
317828260670,2458877.7705732,1.6972532418337967,0.04199153182522259,15.825699005106785,0.026892256411852253,18.094736317136746,1.48,bC108785,bC,G,g
317828260670,2458878.7397574,1.5876040779076122,0.052253402607734104,15.898210107877178,0.03577540366512102,17.857354171821832,1.43,bC109210,bC,G,g
317828260670,2458878.7475043,1.617091800849257,0.027741944089847006,15.878228934497379,0.018647232666905638,18.54479838110689,1.76,bB109029,bB,G,g
317828260670,2458879.7048884,1.6548289176963056,0.043869904810886116,15.85318286860564,0.02881547369177568,18.047223881262493,1.41,br229595,br,B,g
317828260670,2458888.7496356,1.7162045591462518,0.09357973197674538,15.813642993900059,0.059268634052180656,17.224686118972308,1.52,bC111819,bC,G,g
317828260670,2458888.7729437,1.449078830868942,0.12591819443077493,15.997335592213433,0.09445145407311886,16.90241939240799,2.12,bB111650,bB,G,g
317828260670,2458889.7360851,1.633373360269486,0.05796704155484375,15.867351951972603,0.03857516927640177,17.744687771468882,1.47,bC112245,bC,G,g
317828260670,2458889.7399337,1.8624744468293966,0.08791168898050325,15.7248398149423,0.051306037426248265,17.292524051680772,2.14,bB112061,bB,G,g
317828260670,2458897.5216569,1.5892625376789196,0.07601935061852476,15.897076506628334,0.05199249776179702,17.4503302229389,1.45,bk308665,bk,G,g
317828260670,2458900.5195382,1.8977606229727573,0.07530858936581655,15.704462044464922,0.04313355507710073,17.460529329591246,1.51,bG164664,bG,B,g
317828260670,2458902.5189038,1.4303544160749206,0.11622789902745818,16.011456469398176,0.08832403454425768,16.989364642869095,1.58,bk310251,bk,B,g
317828260670,2458903.3053519,1.6468891167219826,0.08161626739588176,15.8584047233513,0.05386721742538205,17.373198788817547,1.50,bn203123,bn,G,g
317828260670,2458904.2812585,1.757698149434911,0.04646233561778178,15.787704883564114,0.028732202244860096,17.984888017474987,1.60,bn203459,bn,G,g
317828260670,2458904.5091949,1.3308061790362884,0.14906453858963736,16.089778600621173,0.12175076651460488,16.71920476113556,1.74,bk310851,bk,B,g
317828260670,2458905.3027207,1.6244078676793965,0.07316512362758498,15.873327911554838,0.048957721686281104,17.491880334532606,1.58,bn203831,bn,G,g
317828260670,2458905.5094076,1.3265876341795568,0.10100436402975498,16.093225760546872,0.08275921573334628,17.141790265275255,2.11,bG166165,bG,G,g
317828260670,2458914.5891155,1.4796005686081701,0.08411146177292132,15.974704398427043,0.061790664228448144,17.340502659832104,1.53,bs236805,bs,B,g
317828260670,2458918.5760973,2.1694134970802095,0.13668354575830793,15.55920977776436,0.0684835194749084,16.813350020276424,2.38,bs237403,bs,G,g
317828260670,2458919.5989789,1.5933554023859104,0.0670343538113635,15.894283979264408,0.04572955157821241,17.58689704323367,1.45,br237620,br,G,g
317828260670,2458923.5858662,1.866185334427292,0.14091672365503755,15.722678691866754,0.08207670962432026,16.780234268482385,1.52,br238190,br,B,g
317828260670,2459022.6816009,1.6029798377175348,0.09331658310405869,15.887745472702369,0.06327657167278829,17.227743540912336,1.55,bo223902,bo,G,g
317828260670,2459025.6731267,1.6059763137746719,0.07963395761122538,15.88571778311489,0.05389783699485096,17.399894862374985,1.69,bo224983,bo,G,g
317828260670,2459029.1073587,1.7927512450932521,0.08196990272492488,15.766265540287122,0.049698875176932146,17.368504562186455,1.42,bC142804,bC,G,g
317828260670,2459030.6835194,1.6967170159883789,0.08666163785290185,15.826042084023166,0.05551746788720337,17.308073379740268,1.48,bo225360,bo,G,g
317828260670,2459031.6764543,1.7188585398231193,0.06378732639322542,15.811965281789426,0.04033726384170847,17.640804613081343,1.55,bn225979,bn,G,g
317828260670,2459033.1034227,1.6312333895696844,0.05124284795987663,15.868775366292748,0.03414517391479327,17.878557464357375,1.42,bC144056,bC,G,g
317828260670,2459036.6626948,1.622354498771878,0.17010178959950584,15.874701228730675,0.11396599800145059,16.575868404584458,1.69,bn227733,bn,G,g
317828260670,2459039.099215,1.4153074574285167,0.08091363762190841,16.022938634716173,0.06214169624356134,17.382586296138715,1.73,bB145727,bB,G,g
317828260670,2459042.09083,1.587448402067534,0.061772454552071455,15.898316577232869,0.042296790403869536,17.675653465098073,1.72,bB146740,bB,G,g
317828260670,2459044.1145668,1.7862419246527834,0.05570696911841413,15.770214926233457,0.033898573622019715,17.7878667859701,2.42,bB147453,bB,B,g
317828260670,2459047.630871,1.7749507308280434,0.05882426658985418,15.777099866306532,0.036023208473248414,17.72874930849713,1.52,bo229107,bo,G,g
317828260670,2459048.6913525,1.4028934699985167,0.13117001002029421,16.03250388795502,0.10163002458646886,16.858054232141626,1.55,bn229752,bn,G,g
317828260670,2459051.085201,1.6356386063256032,0.025947577309821526,15.865847240411679,0.01724334964408776,18.61739857496883,2.07,bB149347,bB,G,g
317828260670,2459052.6151591,1.544751696385772,0.05697157117169771,15.92791892025209,0.0400877506616035,17.76349511976953,1.50,bo231083,bo,G,g
317828260670,2459054.0728835,1.5264396149729367,0.04476025982319684,15.940866550912949,0.03187316147479858,18.02540911432971,2.00,bB150262,bB,G,g
317828260670,2459055.6133074,1.6582968415159098,0.060458650293935615,15.85090993839107,0.039628565035717836,17.698994492529835,1.50,bo232307,bo,G,g
317828260670,2459055.9516736,1.7191205891925327,0.0678099547028592,15.81179976799328,0.04287452140732465,17.57440697577266,1.48,br263956,br,G,g
317828260670,2459057.9147767,1.7099002447992273,0.04231024505073503,15.81763868606346,0.026895953102619257,18.086526759773495,1.41,bs264640,bs,G,g
317828260670,2459058.9004476,1.6738322793851126,0.04494093249272071,15.840785775156412,0.02918383177790402,18.021035412738552,1.47,bs264956,bs,G,g
317828260670,2459059.0786329,1.5725710755394333,0.03249181983596932,15.908539913829982,0.022458250710076785,18.373205520323047,2.03,bB151175,bB,G,g
317828260670,2459060.0506699,1.689862492152298,0.03860226892261105,15.830437205909496,0.02482982381952194,18.18610853165331,1.47,bC151706,bC,G,g
317828260670,2459061.0519105,1.7303829294704391,0.03142713917981039,15.804710067128937,0.019741256868242713,18.409378489233113,2.01,bB151866,bB,G,g
317828260670,2459061.6018475,1.4853904374799076,0.0726958885882381,15.970464062970883,0.053196296549926775,17.498865987799835,1.48,bo234390,bo,G,g
317828260670,2459062.6172909,1.5649642048702428,0.12077647307640409,15.913804601130563,0.08388611999846524,16.94768475354833,1.62,bn235021,bn,G,g
317828260670,2459063.0332443,1.8893659105014957,0.09782572367904079,15.709275434303386,0.05627936216895096,17.17650793810005,1.48,bC152772,bC,G,g
317828260670,2459063.9507943,1.8574678277884824,0.0769415447408495,15.727762371496707,0.04502479805979874,17.437238358175826,1.59,br266410,br,B,g
317828260670,2459066.9450971,0.8752003459516214,0.13183137020660385,16.54479692063594,0.16372818895548594,16.852593696446995,1.41,br267221,br,G,g
317828260670,2459067.0441905,1.5242701135049608,0.1220416050352221,15.942410786121663,0.08702782882196426,16.93637083481771,1.48,bC153850,bC,G,g
317828260670,2459067.96683,1.7174339162950982,0.12904494765666094,15.812865534285914,0.0816719910571459,16.875788096948504,1.53,br267511,br,B,g
317828260670,2459071.0450913,1.487618512775182,0.05995238316477523,15.968836686458818,0.043805339416748655,17.708124482940917,1.73,bB154739,bB,G,g
317828260670,2459074.9809935,1.4873936126580796,0.053167916515402244,15.969000841890637,0.038854014910297364,17.83851650643409,1.54,bC156322,bC,G,g
317828260670,2459076.0038903,1.629465401780073,0.028147126083353544,15.86995276332553,0.01877591400903157,18.52905546514853,1.99,bB156506,bB,G,g
317828260670,2459078.9669172,1.7695330314159836,0.03501032111129451,15.780418937501972,0.021505502403451202,18.292150376215996,1.52,bC157414,bC,G,g
317828260670,2459079.9893306,1.6005241343084091,0.025006496529009006,15.889410054138802,0.016982545845707124,18.657508485744426,2.09,bB157623,bB,G,g
317828260670,2459082.8503346,1.630981835647515,0.06871718130617187,15.868942811530069,0.04579608843198436,17.559977269027765,1.47,bs271831,bs,G,g
317828260670,2459083.9065663,1.700531773609099,0.04860707601117226,15.82360374496794,0.031068974477837786,17.935891869926742,1.62,bs272090,bs,G,g
317828260670,2459084.553568,1.7439754598729253,0.04685151434959325,15.796214698481165,0.029200846139976946,17.975831529303548,1.66,bn238860,bn,G,g
317828260670,2459084.93076,1.4214591255447342,0.05251190693727276,16.018229682415857,0.040154626108262745,17.851996137172957,1.42,bs272447,bs,G,g
317828260670,2459086.0425804,1.484190205972549,0.060699097747848596,15.971341718794418,0.04445338602505593,17.694685022388427,2.16,bB159495,bB,G,g
317828260670,2459086.9591018,1.511332234812751,0.044830058128269734,15.951665758778496,0.032241967007674115,18.023717356472083,1.43,bC160014,bC,G,g
317828260670,2459086.98929,1.6911761911466632,0.027114858893251284,15.829593482565446,0.017427322395115123,18.569622239710974,1.78,bB159845,bB,G,g
317828260670,2459088.9628012,1.6784905226138787,0.0412819304713659,15.837768388778088,0.026733343412600735,18.11324061630791,1.40,bC160762,bC,G,g
317828260670,2459088.9967294,1.7060195102789695,0.029998780394250368,15.820105638500587,0.019113128423964166,18.459881614544184,1.72,bB160596,bB,G,g
317828260670,2459090.9653124,2.03116083041664,0.08261414654033926,15.630704840115524,0.04421017972836461,17.360004559776833,1.44,bC161462,bC,G,g
317828260670,2459091.0030898,1.7201043553892474,0.04390427018124103,15.811178633509126,0.027743684652724233,18.04637370571384,2.04,bB161299,bB,G,g
317828260670,2459092.8315099,1.3953995759040447,0.1482653098879791,16.038319155656072,0.1154923280136457,16.72504173735366,1.43,br274896,br,B,g
317828260670,2459092.9998661,1.4713889754324756,0.07143382350667311,15.980746878001042,0.05277017949010969,17.517880870373833,1.51,bC162095,bC,G,g
317828260670,2459095.9490218,2.0601785948681055,0.11352571837258389,15.615303445869424,0.05989651590283603,17.01490496462293,1.93,bB163216,bB,G,g
317828260670,2459096.9147388,1.4771086315749709,0.13172726488742548,15.976534532345774,0.09693383858137578,16.853451425278216,1.47,br276017,br,B,g
317828260670,2459096.9258707,1.441619918206717,0.13251664567282406,16.002938686967813,0.09991526229205126,16.846964525763816,1.48,bC163794,bC,G,g
317828260670,2459103.0198873,1.7027111971471118,0.03585776070116719,15.822213142307753,0.02289045077896866,18.266182699930894,1.78,bB165789,bB,G,g
317828260670,2459103.4782308,1.4488955559073744,0.05253860078695886,15.997472921419913,0.039414279749564164,17.85144435536247,2.17,bo242602,bo,G,g
317828260670,2459106.0063832,1.554561972845319,0.035225096875720424,15.921045522435413,0.024629541598703893,18.28551012100339,1.40,bC167070,bC,G,g
317828260670,2459106.057622,1.5939908079817529,0.027204529145780674,15.89385109069585,0.018551010600424404,18.5660375775263,1.70,bB166977,bB,G,g
317828260670,2459109.0164357,1.622037465483548,0.031450534624929985,15.874913419196034,0.02107556973880312,18.408570530495837,1.43,bC168081,bC,G,g
317828260670,2459109.0544393,1.654659650156475,0.03266599881962924,15.853293931020678,0.02145850383960292,18.367400756350513,1.70,bB168028,bB,G,g
317828260670,2459111.4816514,1.6713697909833314,0.06345797151439442,15.842384251564292,0.0412691771539832,17.64642514791622,1.50,bn244486,bn,B,g
317828260670,2459112.6244377,1.759738212314606,0.06315082762062357,15.786445460422353,0.039007054262448757,17.651692995048542,1.55,bo244787,bo,B,g
317828260670,2459114.0618202,1.511043260257303,0.048134201007816624,15.951873377016915,0.03462494097967745,17.946506193333683,1.48,bC169746,bC,B,g
317828260670,2459114.4660509,1.6417071141349833,0.0392199548798958,15.861826421902027,0.02596710787933642,18.168872887183625,1.58,bn245337,bn,B,g
317828260670,2459116.4334331,1.6569702180791237,0.08262695016519742,15.851778865778448,0.054202484373914527,17.35983630430812,1.49,bo245881,bo,G,g
317828260670,2459117.8928919,1.5610946058980784,0.062219982530613505,15.916492564538922,0.043322432566627295,17.667815899350526,2.06,bB170720,bB,G,g
317828260670,2459120.0710699,1.6881097024367606,0.03489506837066311,15.831563957294444,0.022468576590297763,18.295730477478813,1.48,bC171484,bC,B,g
317828260670,2459120.9869973,1.8483445439725699,0.04986516540368671,15.733108297606048,0.029324222542754505,17.908147451588142,1.72,bB171832,bB,G,g
317828260670,2459124.0060144,2.029782153393865,0.10438304483461668,15.631442048011213,0.055897541099307585,17.106065708952123,1.66,bB172729,bB,G,g
317828260670,2459130.4676866,1.537288687014288,0.1262833688300218,15.933177044286804,0.08929001591989498,16.8992752140907,1.57,bn248959,bn,G,g
317828260670,2459130.8278618,1.5811246968381107,0.04073343175820486,15.902650316501125,0.028002515798366465,18.127763109989306,1.44,bC174423,bC,G,g
317828260670,2459130.8290956,1.5860144866465804,0.05029991637683753,15.89929774767515,0.03447246075559945,17.898722453827624,1.46,bC174424,bC,G,g
317828260670,2459132.0560312,1.6205064648090792,0.04766200131154038,15.875938702443408,0.0319693406288394,17.95720992575776,1.73,bB175210,bB,G,g
317828260670,2459132.9402783,1.6427281905433322,0.04933843930377327,15.861151347158733,0.03264614236389825,17.919677092522186,1.47,bs280672,bs,G,g
317828260670,2459135.368769,1.9316672523097704,0.12654511109044456,15.68523482915867,0.07120741609585642,16.89702718293479,1.49,bo249871,bo,B,g
317828260670,2459135.858173,1.4977185568265048,0.05590710444170962,15.961490095383668,0.0405741062013872,17.783973112129434,1.72,bB176281,bB,B,g
317828260670,2459135.9344408,1.6557283017429556,0.0544372753972599,15.852592941423762,0.035737114269577056,17.812899660192315,1.71,bC176023,bC,G,g
317828260670,2459136.7664533,1.7577127940813162,0.03790612961431317,15.787695837553242,0.023440868688505645,18.20586700324848,1.45,bs281903,bs,G,g
317828260670,2459136.8357088,1.6813100109941166,0.022644834146599575,15.835946125044693,0.014639745197730519,18.76521775092393,2.01,bB176614,bB,G,g
317828260670,2459138.75498,1.687344766843374,0.0334070997548198,15.83205605001252,0.0215202403589531,18.343043676698162,1.46,br281501,br,G,g
317828260670,2459139.9029003,1.6801996265606443,0.04347163893713166,15.836663412665112,0.02812271869749668,18.057125576531302,1.56,bs283054,bs,G,g
317828260670,2459142.0408402,1.6550882911507203,0.03461392490030875,15.853012706554557,0.022732220156799397,18.304513493739833,1.76,bB178409,bB,B,g
317828260670,2459142.6113709,1.6523461879542556,0.04432605927449312,15.854813015173537,0.02915884066102219,18.03599280425273,1.51,bk319017,bk,B,g
317828260670,2459143.6292753,1.6674784013735533,0.05226266154030063,15.84491507911666,0.034067752096747235,17.857161804104713,1.44,bk319386,bk,B,g
317828260670,2459143.8285381,1.5708686763328688,0.03417190527738943,15.909715922775678,0.023645118055457062,18.318467626810747,1.76,bB179054,bB,G,g
317828260670,2459144.8357946,1.6677364999843103,0.015307153026079918,15.844747037767036,0.009976521957223435,19.19040455175037,2.16,bB179353,bB,G,g
317828260670,2459144.8395451,1.4561901491169027,0.078077293698626,15.99202040029249,0.058279905022657834,17.42132873274009,1.51,bC178942,bC,G,g
317828260670,2459145.7897817,1.9002504684418362,0.07052258638867996,15.703038501619876,0.0403394112924189,17.53182003268686,1.41,bC179290,bC,G,g
317828260670,2459145.8406348,1.6403640976149263,0.04613695821243418,15.862714983817185,0.03057179055255296,17.992518215688072,1.71,bB179739,bB,G,g
317828260670,2459145.9702883,1.6684220762304753,0.04800951750735601,15.844300803006274,0.031277611884680465,17.949322258045296,1.46,br284163,br,G,g
317828260670,2459146.5003201,1.7741700150366857,0.04483740092272207,15.777577534706495,0.027469918292907857,18.023539536382536,1.55,bn252560,bn,B,g
317828260670,2459146.5077053,1.7908344516982195,0.04534170590119702,15.767427020637022,0.027520390223310733,18.011395972300107,1.45,bo252712,bo,G,g
317828260670,2459147.4443181,1.5464494105452256,0.044262972396340215,15.926726328861353,0.031111219151228796,18.037539174450995,1.40,bo252866,bo,B,g
317828260670,2459147.8308081,1.8223737562448798,0.046477544039090816,15.748471990870616,0.02772157436672335,17.984532683815402,1.67,bB180400,bB,G,g
317828260670,2459147.9441853,1.699943285444696,0.05214758884640722,15.82397954123255,0.03334356050281131,17.859555029675246,1.54,bs285886,bs,B,g
317828260670,2459148.4400102,0.9428567505891501,0.2935017628344216,15.983613826299433,99.999,15.983613826299433,1.55,bn252911,bn,B,g
317828260670,2459148.6274166,1.7443695875997172,0.08919020509427673,15.795969356499064,0.05557645340278714,17.276847704960364,1.42,bG174345,bG,G,g
317828260670,2459149.4351428,1.5853431644297995,0.1389689406754932,15.899757411281023,0.09528107212089627,16.795346243909556,1.57,bn253151,bn,B,g
317828260670,2459149.4425102,1.6276642057056254,0.0666333108203531,15.871153589958126,0.04449782179110744,17.59341212977689,1.60,bo253314,bo,B,g
317828260670,2459150.3719811,1.717353448123597,0.07581607368817311,15.812916406260145,0.047985914511689584,17.453237387136518,1.47,bo253447,bo,B,g
317828260670,2459150.3831087,1.7180742466990948,0.07818428529666448,15.812460802364061,0.04946405486491542,17.419841935147293,1.66,bn253297,bn,B,g
317828260670,2459157.875372,1.7484815372709577,0.07289596222706221,15.793412995215366,0.045316315821569794,17.49588192888701,1.45,bC182242,bC,B,g
317828260670,2459157.9244786,1.7174890587876863,0.08294127330576372,15.812830674581019,0.052491488944147145,17.355713865635444,1.70,bB182885,bB,G,g
317828260670,2459158.9883224,1.4097384454997175,0.07987513028707573,16.027219263007435,0.06158645532258565,17.396611662542885,1.39,bC182713,bC,B,g
317828260670,2459159.0297778,1.6526053054898844,0.09353892072890568,15.854642765600522,0.061522699694216795,17.22515972488388,1.96,bB183350,bB,B,g
317828260670,2459161.7141918,1.6948121045185165,0.08784963665564964,15.827261729494982,0.056341782809250694,17.293290687437967,1.43,br287979,br,B,g
317828260670,2459161.7541732,1.5889928171545078,0.022393432124929547,15.897260787188912,0.015318311593064881,18.777338959597376,1.40,bC183030,bC,G,g
317828260670,2459162.6753168,1.5970515811280084,0.0605319448520697,15.891768264563602,0.041198163545875376,17.69767904210137,1.57,br288316,br,G,g
317828260670,2459163.905649,1.470120953905491,0.0470891230930116,15.98168295300919,0.03481606687732177,17.970339104034263,1.51,bs290041,bs,G,g
317828260670,2459164.3280639,1.5947589088776073,0.04194210407182369,15.893328029909199,0.0285869188769203,18.096015077600654,1.55,bn255697,bn,G,g
317828260670,2459165.3427226,1.6575696058827265,0.05632133819087096,15.851386185599166,0.03693289599566511,17.775958198787855,1.50,bn255896,bn,G,g
317828260670,2459165.5477783,1.8215471129938088,0.05591978007384132,15.748964601195434,0.0333685410670387,17.78372697466719,1.54,bo256216,bo,G,g
317828260670,2459165.5984378,1.5477855749067921,0.05459610459091781,15.925788635299066,0.03834096460695046,17.809736468738066,1.42,bG177425,bG,G,g
317828260670,2459165.6758374,1.7650857063841257,0.04381279916726359,15.783151127142608,0.026980337339007412,18.048638109399405,1.47,br289418,br,G,g
317828260670,2459165.9001344,1.6913224122697124,0.0357805842626694,15.8294996125682,0.022994988497641315,18.268522041686772,1.42,bs290870,bs,G,g
317828260670,2459166.7849288,1.7632414993617345,0.03344602737449927,15.78428612534366,0.020617923066203452,18.341779259231316,2.10,bB184851,bB,G,g
317828260670,2459167.2745104,1.6116904391838898,0.09077331052343243,15.881861548250626,0.06121935048721754,17.25774517505845,1.52,bo256614,bo,G,g
317828260670,2459167.3976753,1.863181674285403,0.0594420444153859,15.724427612399584,0.03467773365020422,17.717406266734,1.49,bn256539,bn,G,g
317828260670,2459167.6368182,1.584572206688611,0.05767886182638896,15.90028553689351,0.039565514757891954,17.750098906721473,1.45,bG178090,bG,G,g
317828260670,2459169.5361674,1.6137471863383392,0.027692849489150753,15.88047687713833,0.018652812294640046,18.546721498193786,1.46,bG178672,bG,G,g
317828260670,2459169.6093049,1.6677004940382893,0.01831952568694675,15.844770478748984,0.011940110344619897,18.995355048675975,1.46,bs292307,bs,G,g
317828260670,2459169.6956455,1.6045669429948557,0.04258968528227445,15.886671020531418,0.028850859964733605,18.079379534307623,1.53,bk326188,bk,G,g
317828260670,2459169.7958532,1.621999182713118,0.01757910481679814,15.874939044670949,0.011780352808188852,19.04014872228601,1.42,bC185081,bC,G,g
317828260670,2459170.4683599,1.7358020188257346,0.040511642028989325,15.801315149436189,0.025368327166458853,18.1336909952336,1.62,bn257154,bn,G,g
317828260670,2459170.9626955,1.57766441344517,0.03331318652307521,15.905029048559555,0.022951639805385737,18.34610017027271,1.42,bC185548,bC,G,g
317828260670,2459171.4578228,1.5775572506377804,0.056143336180510886,15.905102799663101,0.038683455316076316,17.779395071559268,1.52,bo257312,bo,G,g
317828260670,2459172.5556254,1.6189399222434007,0.053912835982317116,15.876988790581452,0.03619708666843367,17.823410167277927,1.55,bk326929,bk,G,g
317828260670,2459176.2848563,1.6027209780319576,0.067084191567411,15.887920818655934,0.04549612847729295,17.58609013530841,1.64,bo258116,bo,B,g
317828260670,2459176.2885208,1.4836846920956492,0.14103104538024347,15.971711582580674,0.10332021039269466,16.77935379871826,1.53,bn258141,bn,B,g
317828260670,2459176.59757,1.7692569008537187,0.08360712989703126,15.780588376748174,0.051364680313875144,17.34703232385834,1.46,bk328280,bk,B,g
317828260670,2459179.69888,1.6343988356647658,0.0967512669946727,15.866670511692478,0.06434440502009377,17.188498958992792,1.39,br294926,br,G,g
317828260670,2459179.928843,1.9174961290471693,0.07747378976919386,15.693229382561693,0.04391698099297704,17.429753609495155,1.44,bC187177,bC,G,g
317828260670,2459180.5441293,2.266181934731205,0.19590876009031688,15.511828689357369,0.09396611153872525,16.422505971508613,1.62,bn258961,bn,B,g
317828260670,2459184.9495285,1.6664782055765297,0.1293792458439558,15.845566526600404,0.08438731126347149,16.872979073205997,2.05,bB189203,bB,G,g
317828260670,2459185.8245223,1.8909771233523887,0.08090866881321686,15.708349935100777,0.046507281418532956,17.382652971934053,1.33,bC188961,bC,G,g
317828260670,2459186.7338413,2.16974814047508,0.14703726209919865,15.559042310183955,0.07365975248279073,16.7340720930516,1.47,bG183871,bG,B,g
317828260670,2459186.8792142,2.1663614941914204,0.10440924086622783,15.560738302924154,0.05238659641692754,17.105793266126994,1.74,br297275,br,B,g
317828260670,2459187.8602484,1.7901353868956074,0.10363851053769234,15.767850928131091,0.06292851130529802,17.113837704428207,1.50,bs298802,bs,G,g
317828260670,2459188.7290868,1.6672208698060023,0.09436400689089958,15.8450827772055,0.06152128645044764,17.215624677324644,1.43,bG184469,bG,G,g
317828260670,2459188.9089417,1.7979257350049564,0.06064749952377595,15.76313625020697,0.03666513797042754,17.695608362055346,2.03,bB190953,bB,G,g
317828260670,2459189.7771225,1.699684237814868,0.04379342597642921,15.82414500488354,0.028006113674135517,18.049118307581647,1.52,bs299226,bs,B,g
317828260670,2459189.8631099,1.6630344300035995,0.03762644669086439,15.847812520872353,0.02459258262044295,18.21390759390549,1.40,bC190771,bC,G,g
317828260670,2459189.9503119,1.751310029768442,0.045644694755424646,15.791658035058907,0.028329534921786883,18.004164843641377,1.70,bB191430,bB,G,g
317828260670,2459190.3061122,1.6574029665698142,0.04886043769418019,15.851495342662377,0.032043608270252544,17.930247228727282,1.50,bo261140,bo,B,g
317828260670,2459190.5258233,1.5889065723050928,0.05133435589804611,15.897319718667873,0.035117365555175487,17.876620318400718,2.04,bG184915,bG,G,g
317828260670,2459190.5271278,1.6072308500325097,0.041937732823155605,15.884869972541162,0.02836213117621537,18.096128240027262,2.01,bG184916,bG,G,g
317828260670,2459190.5709468,1.6724276239748863,0.027275049682035243,15.841697291516594,0.017726801870316503,18.56322673559975,1.45,bk332723,bk,G,g
317828260670,2459190.6071252,1.6613730688514052,0.029025339212421813,15.848897706790687,0.01898988393645028,18.495697351593765,1.41,bs299532,bs,G,g
317828260670,2459190.6145413,1.5857534732903953,0.023468033185143757,15.899476444007894,0.01608619003687403,18.72644887728715,1.47,br298250,br,G,g
317828260670,2459191.7297956,1.6919867796670987,0.0530837919004346,15.829073208887689,0.03410178761335992,17.840235766493603,1.45,bk333166,bk,G,g
317828260670,2459192.7473194,1.6270947950291588,0.028214983803402642,15.871533482781519,0.01884860104621184,18.526441098185483,1.54,bs300484,bs,G,g
317828260670,2459193.7696031,1.696374536563984,0.024936405174822474,15.8262612601379,0.01597806831526933,18.660555996731883,2.01,bB192963,bB,G,g
317828260670,2459193.8250467,1.7610191066835272,0.04060469827935395,15.785655452292762,0.025062500140110643,18.13119989210843,1.46,bs300980,bs,G,g
317828260670,2459195.6998192,1.6804514478111015,0.01939488190338625,15.836500699284157,0.012545077336632264,18.933422762695557,1.53,bs301405,bs,G,g
317828260670,2459196.7710304,1.6061821568594437,0.04206396657620448,15.885578629774864,0.02846607565957623,18.092865052256112,1.49,br300602,br,G,g
317828260670,2459197.2804024,1.6961157844504404,0.053377447357572085,15.826426882740584,0.03420695983788563,17.834246109180466,2.23,bo262453,bo,B,g
317828260670,2459197.4919796,1.8595286013808483,0.06970737049251054,15.726558465724437,0.04074628425389946,17.544443860063957,1.50,bn262643,bn,B,g
317828260670,2459197.5337465,1.5298968130341248,0.03330064687170531,15.938410272429607,0.023659344203447584,18.346508936829274,1.57,bG186961,bG,G,g
317828260670,2459197.6008189,1.6417604174191396,0.04430799915377588,15.861791170567948,0.02933489450374119,18.036435264578795,1.56,bk334929,bk,G,g
317828260670,2459197.7947298,1.6264509653080057,0.03589839904046836,15.871963185818496,0.023990885547318975,18.264952909452788,1.55,bs302326,bs,G,g
317828260670,2459197.9199198,1.5888036206053353,0.036136777272133526,15.89739007019839,0.02472244223336711,18.257767064021635,1.63,bC193615,bC,G,g
317828260670,2459198.6512923,1.5574607462461183,0.05310225124467192,15.919022848165344,0.037060220264649155,17.839858278493054,1.45,bG187341,bG,G,g
317828260670,2459198.6698192,1.5695162863642336,0.048887006137557996,15.910651055799248,0.033856322875510415,17.929657007224623,1.48,bk335292,bk,G,g
317828260670,2459199.7971936,1.6433697412673054,0.03765141377398901,15.860727406745811,0.024903373067326713,18.213187390995838,1.47,bs303197,bs,G,g
317828260670,2459200.8040772,1.6699653466952504,0.04040481825187856,15.843296974196475,0.02629891739698371,18.13655771751275,1.52,bs303631,bs,G,g
317828260670,2459202.4442805,1.4771285980107403,0.048421789770120884,15.976519856285247,0.03563154911210467,17.940038516866554,1.50,bo263990,bo,G,g
317828260670,2459204.5359319,1.7604565286996172,0.03822215951236977,15.786002358734022,0.02359946120771979,18.196852559942243,1.65,bk337020,bk,G,g
317828260670,2459204.6193348,1.7765550605023133,0.06182728143187112,15.776118942139405,0.03782802361035263,17.67469023436262,1.46,bG189076,bG,G,g
317828260670,2459204.6247992,1.6605013320028257,0.029901144238117575,15.84946755150186,0.01957315125901327,18.463421091568225,1.60,bs305216,bs,G,g
317828260670,2459205.6036875,1.499733975637344,0.08792577384695824,15.960030046574396,0.06372563058811545,17.292350113212414,1.41,bG189356,bG,G,g
317828260670,2459205.6234292,1.8844073288188203,0.06557776709305602,15.712128660723748,0.03782631309737404,17.610749049031885,1.47,bk337398,bk,G,g
317828260670,2459207.8998967,1.5170224154360799,0.10338557966189428,15.947585627421077,0.07407644667858987,17.11649069370619,2.10,bB196582,bB,G,g
317828260670,2459211.3607139,1.5536439435921197,0.12153456497901384,15.921686881246899,0.085027710863557,16.94089108440886,1.52,bo266154,bo,G,g
317828260670,2459211.5568537,1.4136762544639634,0.10596402790020369,16.024190714256083,0.08147430561429837,17.08974446563551,1.49,bk339180,bk,B,g
317828260670,2459211.621476,1.7250603705910548,0.11728931896225399,15.808054876431775,0.07390372670417435,16.979494450014435,1.48,bG191040,bG,B,g
317828260670,2459212.6757868,1.2504763395076357,0.21261539379666625,16.157376925335612,0.18481252432206347,16.333653848568982,1.55,bG191377,bG,B,g
317828260670,2459212.745336,1.3355866844021826,0.14833017017094463,16.085885420898656,0.12071732050110263,16.724566874024152,2.04,bB198105,bB,B,g
317828260670,2459213.638207,0.9761123896658511,0.1690513483931355,16.426316059156516,0.18824826689026602,16.582594013567,1.54,bk339850,bk,B,g
317828260670,2459215.6560308,1.6134583409544008,0.09074886694181893,15.880671230977342,0.06113580391824594,17.258037583204526,1.54,bk340473,bk,B,g
317828260670,2459215.7185303,1.4158987758847745,0.109308342028023,16.02248510656391,0.08391377778655561,17.056007343839394,1.51,br307727,br,B,g
317828260670,2459216.7662311,1.7173842378667694,0.07664677260136432,15.812896940704428,0.04851081517598752,17.441405930065276,1.51,bs309411,bs,G,g
317828260670,2459217.7408726,1.7358710145230998,0.05223020355479734,15.801271993801489,0.03270517216467629,17.8578363154428,1.74,bs309830,bs,G,g
317828260670,2459217.785319,1.6630533487825558,0.025121314913142855,15.847800169542728,0.016419062623272064,18.652534692113633,1.75,bB199828,bB,G,g
317828260670,2459218.5615125,1.7537983016939103,0.03154853043824033,15.790116509311273,0.019552921723102308,18.405192775980495,2.18,bk341317,bk,G,g
317828260670,2459218.5787138,1.7292641292963367,0.042087556503274184,15.805412290145693,0.026454804243185973,18.092256330331168,1.80,bG192986,bG,G,g
317828260670,2459218.7400143,1.7147386694237774,0.05232770939654286,15.814570767713082,0.03317003693359033,17.85581130078328,1.56,br308923,br,G,g
317828260670,2459218.7742457,1.604805607627556,0.02627142987025887,15.886509539226951,0.01779399442347745,18.603931334705038,1.54,bC199678,bC,G,g
317828260670,2459219.6468702,1.5725034923018046,0.07070022672456584,15.90858657572391,0.04886988989398876,17.52908859515821,1.45,bG193327,bG,G,g
317828260670,2459220.8458366,1.7374281036352404,0.0403664101274648,15.800298516954935,0.025253725696874008,18.137590290502235,1.42,bC200606,bC,G,g
317828260670,2459220.8685812,1.6627115832528747,0.02156981101957144,15.848023316528758,0.014100729793760041,18.818024761147207,1.99,bB201199,bB,G,g
317828260670,2459221.7391618,1.645478210457124,0.032055275972295405,15.859335283009333,0.021174811706898642,18.387891810964238,1.49,bs311475,bs,G,g
317828260670,2459221.7542304,1.6390634426191317,0.033560390617594416,15.863576212355126,0.02225581054728185,18.338073093827752,1.41,br310199,br,G,g
317828260670,2459222.6250815,1.7046472284545073,0.0624297651307676,15.820979330511262,0.03980790818582026,17.66416135879294,1.39,bG194187,bG,G,g
317828260670,2459222.7476718,1.7551682200466134,0.05159299882478588,15.789268755410264,0.031950981055930326,17.87116368189237,1.77,br310625,br,G,g
317828260670,2459223.5997667,1.5616492433654976,0.03527924977557586,15.91610688449964,0.024555456859816104,18.28384225857163,1.43,bk342872,bk,G,g
317828260670,2459225.3012123,1.6435674364669728,0.03783030551042751,15.860596801976426,0.025018685806001754,18.208040989973668,2.38,bo269363,bo,B,g
317828260670,2459225.3973078,1.8367218876254958,0.0645148154822174,15.7399571188523,0.03817932366878351,17.62849196270991,1.71,bn269423,bn,G,g
317828260670,2459225.546089,1.758827587789261,0.05285157047925981,15.787007449649984,0.032662302783637014,17.84499586930884,1.80,bk343445,bk,G,g
317828260670,2459225.59424,1.7204466131717955,0.05419187155881817,15.810962620626018,0.034237742551924695,17.817805236511703,1.45,bG195038,bG,G,g
317828260670,2459225.7546265,1.652165412933534,0.03638935343839241,15.854931806697861,0.02394048727330555,18.250204763534093,2.02,bC202243,bC,G,g
317828260670,2459225.8574422,1.6866495592479926,0.024754900717819234,15.832503479375973,0.01595322551309072,18.668487639226036,1.73,bB202899,bB,G,g
317828260670,2459227.7344617,1.6536056850047698,0.03410284728336577,15.853985730526789,0.02241665749015678,18.320664010894085,1.48,bs312935,bs,G,g
317828260670,2459227.7495413,1.6356420688195117,0.038168238541366965,15.865844942012142,0.02536448321837071,18.198385316980513,1.48,br311659,br,G,g
317828260670,2459228.6143585,1.663524387423875,0.05910863237344796,15.847492692158644,0.03862192459281878,17.723513334011265,1.48,bG195815,bG,G,g
317828260670,2459228.6212683,1.4606523265574285,0.04803134023285967,15.988698485297768,0.03574291949202276,17.948828848799874,1.49,bk344444,bk,G,g
317828260670,2459229.7484076,1.590720614297041,0.04263086293518499,15.896080849350362,0.029130127615303193,18.078330302097633,1.46,br312504,br,G,g
317828260670,2459230.7261535,1.6108442059392383,0.03806511625150322,15.882431773985141,0.025685368086980766,18.201322710257223,1.60,bs314229,bs,G,g
317828260670,2459230.7449928,1.73202009196738,0.03656003061392547,15.803683308130942,0.02294382374378194,18.24512423463471,1.49,br312956,br,G,g
317828260670,2459232.360227,1.4853947500111127,0.05346746826928352,15.970460910759623,0.03912550070325949,17.832416560519505,1.46,bo270828,bo,G,g
317828260670,2459232.3827095,1.4735440240915099,0.055965636242733374,15.979157833516723,0.0412829289880389,17.782836997989186,1.48,bn270869,bn,G,g
317828260670,2459232.52993,1.756724878102643,0.07848599292078016,15.788306243127963,0.0485624487555237,17.415660219260655,2.32,bk345640,bk,B,g
317828260670,2459233.6596363,1.562138597760285,0.04436776468707845,15.915766714286587,0.030871672494841847,18.034971739251965,1.41,br314142,br,G,g
317828260670,2459234.5900145,1.8939126807743851,0.0940571814789334,15.70666574254657,0.053981404667043674,17.219160710141846,1.47,bG197620,bG,G,g
317828260670,2459239.3817106,1.8752784830844977,0.2178456335510944,15.71740119587455,0.1262685698453062,16.30726846279706,2.12,bn272519,bn,B,g
317828260670,2459239.5513757,0.9431713231667798,0.15278966624327833,16.463589153037287,0.17608224518517246,16.692405655903293,1.42,bG198918,bG,G,g
317828260670,2459240.5951308,1.578432034876487,0.179249816408447,15.904500906020434,0.12343689982251868,16.51899381262661,1.56,bk347929,bk,B,g
317828260670,2459241.576154,1.4893659573775977,0.12645093578812944,15.967562065037326,0.09228535717100224,16.897835492323825,1.57,bk348236,bk,B,g
317828260670,2459242.5841071,1.548330867718509,0.1838029578191489,15.925406192219182,0.12903303026623367,16.491759371643408,1.47,bG199746,bG,G,g
317828260670,2459242.7103969,1.8242629604097267,0.1810086551440013,15.747347021369764,0.10785097459623474,16.508392257260788,1.61,br316656,br,G,g
317828260670,2459243.5788131,1.5917453081138162,0.136313417090961,15.89538167629322,0.09308446329465905,16.81629409948226,1.42,bk348867,bk,B,g
317828260670,2459244.7395796,1.6545754704144195,0.043227518809181485,15.853349168554638,0.02839787868755972,18.063239840350697,1.80,bB207973,bB,G,g
317828260670,2459245.6968744,1.9641214990563511,0.10024671108512873,15.667144748764816,0.055477126261908934,17.149965278685716,1.56,br317316,br,G,g
317828260670,2459246.3231739,1.823481347927198,0.062060762637549484,15.747812308907283,0.036993715767736926,17.67059784110282,1.40,bo274461,bo,G,g
317828260670,2459246.3462998,1.4457500360885014,0.13052275348786013,15.999832592741237,0.09813076576004574,16.86342504388761,1.52,bn274502,bn,G,g
317828260670,2459246.5245595,2.1261979878555266,0.1300240983491663,15.581056365241096,0.06647101657095525,16.867580984325958,1.66,bk349503,bk,G,g
317828260670,2459246.8098177,1.7403148930549948,0.05423920107713883,15.798496030393167,0.03387642867390729,17.81685740165941,1.46,bC208167,bC,G,g
317828260670,2459246.8178291,1.6263500357492922,0.05007606213570914,15.872030563365431,0.03346788890765803,17.903565187332667,1.98,bB208748,bB,G,g
317828260670,2459248.6565997,1.7280110209376596,0.036670040029900895,15.806199352276394,0.023066252865278292,18.24186215132418,1.43,bs319755,bs,G,g
317828260670,2459248.6945892,1.8115657544160673,0.050563398761787864,15.754930366665267,0.030338515679844722,17.893049964975123,1.44,br318497,br,B,g
317828260670,2459249.5643705,1.7634517054962269,0.05159308478951406,15.784156696216886,0.03180095026918912,17.87116187283025,1.52,bk350506,bk,G,g
317828260670,2459250.6926801,1.6680177567102448,0.037848372966296534,15.84456394837411,0.02466372774955864,18.207522574701827,1.41,br319244,br,G,g
317828260670,2459251.70339,1.7182662839950835,0.03521398033224456,15.812339451267874,0.022275980117314697,18.28585281810569,1.48,br319665,br,G,g
317828260670,2459253.2994944,1.7184721618434735,0.041831658005216425,15.812209369192939,0.02645908062610353,18.098877915789892,1.55,bo276527,bo,G,g
317828260670,2459253.3257095,1.701612929282648,0.051690400880504396,15.822913680317681,0.03301880079864017,17.869115860655583,1.53,bn276571,bn,G,g
317828260670,2459253.5362297,1.6412072547285756,0.06318140160201274,15.862157052188437,0.04184446316945175,17.651167471524257,1.54,bG202814,bG,B,g
317828260670,2459254.6675959,1.6587098968999783,0.03197697479958278,15.8506395324361,0.02095458727825402,18.390547174767303,1.38,br320878,br,G,g
317828260670,2459255.3061508,1.783830922584033,0.07501641955162497,15.771681401986621,0.04571037839788114,17.464749781622828,1.45,bo277213,bo,G,g
317828260670,2459256.6535388,1.5655536064517372,0.03404931377597705,15.913395764840658,0.023640278759551513,18.322369702340705,1.44,bs322995,bs,B,g
317828260670,2459256.6687918,1.626594327270388,0.045884545233113534,15.871867488858236,0.03066192033994243,17.99847453214155,1.47,br321719,br,G,g
317828260670,2459259.520285,1.7549939448313945,0.1036194833315669,15.789376566332965,0.06417678734344939,17.114037055258912,2.34,bk353908,bk,G,g
317828260670,2459260.3016962,2.0192298948845937,0.12409168036103033,15.637101203828614,0.06679886307333939,16.91828394767148,1.65,bn278395,bn,B,g
317828260670,2459260.5393558,1.6778900059993485,0.09821174189332971,15.838156904103663,0.06362270052304987,17.17223207693837,1.57,bG205134,bG,G,g
317828260670,2459266.2610631,1.4566694755960137,0.17349284776602245,15.99166307300315,0.12945914328108837,16.55443667212315,2.13,bo279928,bo,B,g
317828260670,2459267.2661966,1.7112974683657625,0.13451138845452548,15.81675185260696,0.08543694689647166,16.83074297246272,1.69,bo280242,bo,G,g
317828260670,2459267.2851071,1.5725432969831226,0.1466061891744174,15.90855909289995,0.1013355586177949,16.737259848920218,1.57,bn280283,bn,G,g
317828260670,2459267.5196916,1.6309262422590896,0.12780390465358532,15.868979820393056,0.08517692834135665,16.88628030506305,1.87,bG207496,bG,G,g
317828260670,2459267.7227602,1.7841376875594566,0.08901934291773297,15.771494704244919,0.05423356953897505,17.278929650737233,1.44,bC212906,bC,G,g
317828260670,2459270.6154204,1.6448220346454923,0.07297280563990663,15.859768333972315,0.04822300852565727,17.49473800089803,1.43,bs324151,bs,G,g
317828260670,2459271.2629868,1.8568411965902933,0.2178697105001642,15.728128714835883,0.1275364329229832,16.307148470624703,2.16,bn281621,bn,G,g
317828260670,2459277.5919151,1.4878241500329326,0.05241107909025937,15.968686612778063,0.03828985046874108,17.85408285776285,1.77,bs326244,bs,G,g
317828260670,2459277.614841,1.6457434317858013,0.04168590561930481,15.8591602960709,0.027532096499597373,18.102667509166466,1.41,br324974,br,G,g
317828260670,2459279.5924908,1.6704500794961334,0.046760004930724734,15.842981868505657,0.03042658558903842,17.977954240729524,1.46,br325735,br,G,g
317828260670,2459283.5761619,1.5266508694339993,0.16662429474955573,15.940716298820304,0.11863443534104161,16.598294800841625,2.48,bs328231,bs,B,g
317828260670,2459288.5947601,1.6927153995934625,0.05025105599218247,15.828605759166038,0.032268101919613386,17.899777629954198,1.64,br327964,br,G,g
317828260670,2459289.5813591,1.961704080907223,0.25195592996999866,15.668481883431053,0.13960573561384657,16.149329150803787,1.48,br328319,br,B,g
317828260670,2459384.6825715,1.6289970365998279,0.11985548178344564,15.870264886632985,0.07997417715542794,16.955995856488844,1.55,bo310323,bo,G,g
317828260670,2459385.9219309,1.5755054526293801,0.0878568980484667,15.906515845902053,0.0606133277128145,17.293200947382523,1.58,bG248259,bG,G,g
317828260670,2459386.9180622,1.8287041359859897,0.08638789743177948,15.744707004439213,0.051347774998154856,17.311508351505214,1.53,bG248675,bG,G,g
317828260670,2459392.9144986,2.2361998240603764,0.17829421449000904,15.526289099862021,0.08666401684818227,16.524797484236128,1.64,bG250494,bG,G,g
317828260670,2459393.1100657,1.8340596199989303,0.12713231213646403,15.741531999214818,0.07534504020135668,16.892000747663538,1.55,bC247248,bC,G,g
317828260670,2459393.9107288,1.2776797080361422,0.1640319976897563,16.134010628700736,0.13954643604446682,16.615319176313477,1.55,bG250911,bG,G,g
317828260670,2459397.0991649,1.4449299770785462,0.06626445567606637,16.000448619265775,0.04984780120779412,17.59943902433445,2.11,bC248416,bC,G,g
317828260670,2459402.6556831,1.5723932101464104,0.04896688491028451,15.90866272279024,0.03384959599102265,17.927884419668302,1.46,bo312633,bo,G,g
317828260670,2459403.1140666,1.6774666837516556,0.07407360899206611,15.838430863825705,0.04799784887686064,17.47848184961215,2.13,bB250953,bB,G,g
317828260670,2459404.9497815,1.7125575072114978,0.11992154227083072,15.815952712534882,0.07611394182058047,16.955397598461783,1.46,bs355376,bs,G,g
317828260670,2459406.6891055,1.4482226896079726,0.09834790706690179,15.997977253831259,0.0738145450646821,17.170727806013943,1.63,bn313203,bn,G,g
317828260670,2459406.9495325,1.4963283090056005,0.07243236678348221,15.962498391224624,0.052616015473655034,17.502808920592383,1.40,br354601,br,G,g
317828260670,2459410.9190684,1.5395831926912322,0.048908647748720765,15.931557718916963,0.03452984800839897,17.929176472963263,1.51,bk409335,bk,G,g
317828260670,2459411.0861905,1.5567503165175949,0.031219742049726506,15.919518215547344,0.021798294734812765,18.416567335385572,1.80,bB253539,bB,G,g
317828260670,2459411.8848424,1.3545987679142568,0.08069791161978802,16.070538931645654,0.0647535812105572,17.385484872026655,1.53,bG258062,bG,G,g
317828260670,2459413.6231417,1.7463684377200077,0.06275911007224666,15.794725937964106,0.03906187406858614,17.65844866984697,1.53,bn314849,bn,G,g
317828260670,2459413.8739058,1.696346717095634,0.06564166786086668,15.82627906567023,0.042060764029044,17.60969159313547,1.45,bG258874,bG,G,g
317828260670,2459413.9391194,1.6978123141179087,0.08489415784765886,15.825341424367668,0.05435009380174375,17.330446100255855,1.53,bk410642,bk,G,g
317828260670,2459414.8686894,1.6422408685881196,0.060708758193079956,15.861473482974631,0.04018154821672637,17.69451223793255,1.48,bG259283,bG,G,g
317828260670,2459415.0508371,1.8036039986440242,0.06326618194434036,15.759712648583582,0.038127875698676456,17.649711546494636,1.47,bC254338,bC,G,g
317828260670,2459418.0487079,1.7206587657063788,0.2320757220436345,15.810828744058663,0.14660444281006985,16.238566335635937,1.73,bC255386,bC,B,g
317828260670,2459418.8636054,1.4465278574192997,0.1854086490552346,15.999248617873583,0.13932060778765343,16.48231563765792,2.43,bG260931,bG,G,g
317828260670,2459420.6138332,0.8279701973418482,0.20713618634927386,16.36200067131875,99.999,16.36200067131875,1.58,bo316687,bo,G,g
317828260670,2459421.0521728,1.6125946628610421,0.1216657535646068,15.8812525770349,0.08200782710934151,16.939719735524964,1.52,bC256064,bC,G,g
317828260670,2459421.6113774,0.4746436532138618,0.780845642262017,14.921227634109126,99.999,14.921227634109126,1.53,bo317070,bo,B,g
317828260670,2459421.8568764,1.1084944483430759,0.1500662701389369,16.288231816319485,0.14715049882694564,16.711932890472234,1.53,bG262148,bG,G,g
317828260670,2459422.0518241,1.6328100719056884,0.1017655287316024,15.867726445683111,0.06774499192912574,17.133638878053535,1.77,bC256362,bC,G,g
317828260670,2459424.0391832,1.542448167662855,0.07274162822360418,15.929539174921338,0.051260709343234186,17.498183066627423,1.44,bC256825,bC,G,g
317828260670,2459424.9021902,1.3694676076207588,0.13242123008965886,16.05868621170895,0.10510370516374588,16.84774656689192,2.15,bs359539,bs,B,g
317828260670,2459429.8338414,1.6294344300813202,0.07410882227265235,15.86997340040945,0.04943621308139747,17.47796583251061,1.44,bG265390,bG,G,g
317828260670,2459430.5884136,1.8369672583221086,0.06856330764264605,15.73981208325527,0.04056976740143542,17.56241120962184,1.48,bo318631,bo,G,g
317828260670,2459430.5998504,1.7248252582300947,0.04734079292997204,15.808202863948084,0.029833389425394374,17.96455179187506,1.69,bn318056,bn,G,g
317828260670,2459430.8495601,1.7334677169074642,0.06144271241593645,15.802776227231249,0.038527142053150276,17.681464662516678,1.52,bk417777,bk,G,g
317828260670,2459431.0473189,1.7019217305277436,0.036475006468912725,15.82271666355346,0.02329528171049777,18.247652167471035,2.02,bB259783,bB,G,g
317828260670,2459431.6189195,1.662911472000566,0.05074346446766064,15.84789279875994,0.03316829582780267,17.889190323964602,1.45,bo318900,bo,G,g
317828260670,2459431.8516425,1.7174133449884925,0.054369884513285505,15.812878539238195,0.034410877690201604,17.814244585140596,1.50,bk418184,bk,G,g
317828260670,2459432.0976943,1.428705949065004,0.08777842340313051,16.01270848949203,0.06678164240055974,17.2941711710091,2.02,bB260196,bB,G,g
317828260670,2459432.8340693,1.7556036751286928,0.055254038305742895,15.788999418999525,0.03420973545435784,17.796730550354333,1.47,bk418592,bk,B,g
317828260670,2459432.9560763,1.5639516973172847,0.04434503768442199,15.9145072829415,0.03082008734702709,18.035528040698654,1.49,br359786,br,G,g
317828260670,2459433.8229402,1.4891521908147027,0.04651387029240921,15.967717910384277,0.033951234116643254,17.983684417753405,1.51,bk418999,bk,B,g
317828260670,2459433.8922237,1.7667614175957698,0.07154540478808667,15.782120855783822,0.04401655116552338,17.516186248532005,1.43,br360081,br,G,g
317828260670,2459434.598663,1.837605821713293,0.07198726502372572,15.739434727091862,0.04258096392334468,17.509501426582894,1.70,bn319439,bn,G,g
317828260670,2459435.0001637,1.7487844044152492,0.0282258769587899,15.793224943274167,0.017543786966937,18.52602200134057,1.43,bC260661,bC,G,g
317828260670,2459435.8160461,1.477361410104246,0.04580712539332141,15.976348745522541,0.0337022162267522,18.000308014778092,1.49,bG267551,bG,G,g
317828260670,2459435.8692631,1.6175051866852745,0.04031076632945109,15.877951417407692,0.027088661426731178,18.139087975431394,1.49,bk419616,bk,G,g
317828260670,2459436.0474795,1.6817346635390449,0.02648669235115157,15.835671932644924,0.01711915893426176,18.595071293590163,2.07,bB261638,bB,G,g
317828260670,2459436.9388785,1.4926666897046865,0.20029783134415594,15.965158519216459,0.14585642968478654,16.398449993579746,1.76,bk420063,bk,B,g
317828260670,2459437.0219282,1.7922166217296598,0.025651450470606275,15.76658937021678,0.015557277531655174,18.629860792737773,1.65,bB261994,bB,G,g
317828260670,2459437.5650048,1.6848171898826816,0.05126887911494347,15.833683660053602,0.03307601729783118,17.87800605489581,1.49,bo320599,bo,G,g
317828260670,2459439.0012406,1.5918272714293191,0.03887824820773121,15.89532577020853,0.026547456625266454,18.1783738912577,1.37,bC262169,bC,G,g
317828260670,2459439.8570541,1.719875187115156,0.0802460079978917,15.811323295004613,0.05071526259015598,17.39158201957888,1.45,bG269157,bG,G,g
317828260670,2459440.867083,1.645812938938044,0.047128004181590494,15.859114441512634,0.031125099511480497,17.969442990786746,1.55,bk421668,bk,G,g
317828260670,2459441.9997306,1.681243544659322,0.02757027960959734,15.835989047725267,0.017824719876557614,18.551537684907398,1.70,bB263684,bB,G,g
317828260670,2459442.5482207,1.557327102067381,0.08166719620218253,15.919116018121414,0.057000672117161096,17.372521497321635,1.46,bo321123,bo,G,g
317828260670,2459443.0028914,1.666198617625554,0.03173843398322384,15.845748697736465,0.020704793199873377,18.39867687574979,1.76,bB264069,bB,G,g
317828260670,2459443.80372,1.7049071057307146,0.0454988100948426,15.820813820218442,0.029007579473230644,18.007640514085182,1.50,bk422305,bk,G,g
317828260670,2459444.8723276,1.500146865134109,0.04948427213195181,15.959731175317952,0.03585465767882033,17.916472645001342,1.45,bk422751,bk,G,g
317828260670,2459445.021665,1.6755035854208515,0.02901419205881737,15.839702218477662,0.018822499429866486,18.49611440762892,1.80,bB264755,bB,G,g
317828260670,2459447.8137189,1.412012970520498,0.11669767359459948,16.025468907051536,0.0898329548195838,16.98498511561108,1.56,bk423225,bk,G,g
317828260670,2459447.9836018,1.8133556377244617,0.18410512239327936,15.753858155128562,0.11035577319078711,16.48997593110845,2.11,bB265853,bB,G,g
317828260670,2459448.8448365,1.6789817781996232,0.14405695637899343,15.837450665246067,0.09326107660676425,16.756305024424424,1.52,bk423659,bk,G,g
317828260670,2459449.038498,1.7362382721866592,0.07641584041960546,15.801042309243567,0.047839456967883914,17.44468212685662,1.50,bC265716,bC,G,g
317828260670,2459449.5528856,0.4845563508666555,0.5832354272736413,15.23803087065473,99.999,15.23803087065473,1.40,bn321351,bn,B,g
317828260670,2459449.9521155,1.4816980427131143,0.1940230523485726,15.973166354309235,0.14233306384872305,16.433007280005654,1.50,bs363391,bs,G,g
317828260670,2459452.0420914,1.587535033532846,0.07767909528072132,15.898257327211386,0.053185471460292295,17.42688021456044,1.67,bB266825,bB,G,g
317828260670,2459452.9611042,1.833800955099464,0.09830544683061511,15.741685135813642,0.05826899929235818,17.17119665758043,1.46,bC266545,bC,G,g
317828260670,2459457.0474737,1.7062822186241835,0.05816238613400779,15.819938459871665,0.037051306189690665,17.741035073160354,1.43,bC268139,bC,G,g
317828260670,2459457.8551924,1.7033443006792748,0.07257585279352938,15.821809517977742,0.0463128895803665,17.500660242299748,1.54,bG273934,bG,G,g
317828260670,2459462.8501464,1.5073994157720765,0.048903676217417806,15.9544947657452,0.035263493700052266,17.929286842931266,1.44,bs366209,bs,G,g
317828260670,2459462.9687218,1.7325155767817093,0.027657247994950396,15.803372752341119,0.01735177823757919,18.54811820166078,1.74,bB270483,bB,G,g
317828260670,2459464.7586843,1.495831715047672,0.0727522556160263,15.962858779733129,0.052865932656436444,17.498024454534175,1.54,bG276259,bG,G,g
317828260670,2459465.7430694,1.7140779641171917,0.04445509619102017,15.814989192935299,0.028190524434083476,18.03283672569212,1.65,bk429312,bk,G,g
317828260670,2459466.7336491,1.7564767487851691,0.07375895652752486,15.788459609209678,0.04564408773968456,17.483103701196185,1.60,bG276952,bG,G,g
317828260670,2459467.5196738,1.5858621722936854,0.11825120708906676,15.89940202235248,0.0810498686421675,16.970626654842608,1.50,bo326077,bo,G,g
317828260670,2459470.727241,1.6716132964451822,0.032573692935433135,15.842226079841886,0.021180848494440036,18.3704731162763,1.54,bG278152,bG,G,g
317828260670,2459470.7658207,1.5844271138088055,0.0316562806180876,15.900384957926356,0.021716998132604862,18.401490893712122,1.44,bs368525,bs,G,g
317828260670,2459470.7885428,1.6588180856310333,0.03630557135048539,15.850568718008661,0.02378957517807832,18.25270742205369,1.43,br367065,br,G,g
317828260670,2459471.9050796,1.5481348322750272,0.03619149777871781,15.925543666875328,0.025410309051877234,18.256124219741587,1.44,br367524,br,G,g
317828260670,2459474.7596178,1.8804403960124882,0.13817880613841224,15.714416691729735,0.07987190384590989,16.801537021266874,1.72,bs369808,bs,B,g
317828260670,2459477.4462182,1.8137097128458326,0.20040557831760697,15.75364617539148,0.12010309522102722,16.397866096412777,1.50,bo327910,bo,G,g
317828260670,2459477.695131,1.6911874958728697,0.11720842440591626,15.829586224948194,0.07533195557658943,16.980243541675673,1.58,bG280625,bG,G,g
317828260670,2459477.8051922,2.006938214648784,0.13404095539123886,15.643730615889291,0.07259650027051182,16.834546824805653,1.53,bk433613,bk,G,g
317828260670,2459478.506334,1.306689839424071,0.26529845708343947,16.09330380086722,99.999,16.09330380086722,1.36,bo328192,bo,G,g
317828260670,2459479.4937742,1.6007679620251707,0.12378580993363739,15.889244663057728,0.08405327730066846,16.920963454916333,1.62,bo328470,bo,G,g
317828260670,2459479.906712,2.1742782044804265,0.14427490078492827,15.556777841282145,0.0721253352070087,16.75466365063006,1.38,br369712,br,B,g
317828260670,2459484.4821085,1.4469581512635497,0.10065202606227097,15.998925695552597,0.07560991038967194,17.14558430797046,1.51,bo330113,bo,G,g
317828260670,2459484.6703173,1.6939668818898197,0.04129629958799245,15.827803333908703,0.026498323338402168,18.112862766836006,1.39,bG282986,bG,G,g
317828260670,2459484.7119487,1.286929668907614,0.07843755588849809,16.12617858920919,0.06624931803355684,17.416330479927954,1.51,bk436208,bk,G,g
317828260670,2459484.8637945,1.685885766712507,0.034507267262615965,15.832995262051455,0.022248185457806175,18.30786419262225,1.45,bC276453,bC,G,g
317828260670,2459484.9369302,1.6488260503395544,0.03848360889233266,15.857128521319062,0.025369571069649603,18.189451130747738,2.24,bB277072,bB,G,g
317828260670,2459485.709496,1.8758325349755607,0.06198288440961725,15.717080461991218,0.03591615945935915,17.671961155141883,1.47,bk436582,bk,B,g
317828260670,2459486.4835144,1.4927567463082156,0.049647408934322595,15.965093015801578,0.03615095028850014,17.91289914174482,1.61,bn329975,bn,G,g
317828260670,2459487.9383347,1.7563455174155629,0.03239447726002289,15.788540730677516,0.02004809872372088,18.37646317079741,1.78,bB278257,bB,G,g
317828260670,2459488.0306015,1.7168247694234178,0.03358975781610863,15.81325069619715,0.021266355758671286,18.337123430024,1.46,bC277767,bC,G,g
317828260670,2459489.9487639,1.4252605153917743,0.038234848334168965,16.015329987637895,0.029159313196231783,18.196492181901366,1.76,bB278817,bB,G,g
317828260670,2459490.8440238,1.6543807911689739,0.03868889173876892,15.85347692503652,0.025419264669169415,18.183674888110303,1.39,bC278574,bC,G,g
317828260670,2459491.6847583,1.8095354802406205,0.05025945008814943,15.75614786502613,0.0301899783943844,17.899596280276953,1.52,bk438498,bk,G,g
317828260670,2459491.7855775,1.6256696978589789,0.03615231504203338,15.872484845657834,0.024172188644876025,18.257300329164657,1.49,bG285293,bG,G,g
317828260670,2459491.8438511,1.6855537028413075,0.021670727011652298,15.83320913732442,0.013974718228459485,18.812956908148102,1.38,bC278975,bC,G,g
317828260670,2459491.8746539,1.637446054248738,0.02760778132437967,15.864648119673085,0.01832637959792218,18.55006184559518,1.78,bB279561,bB,G,g
317828260670,2459493.4713581,1.5974601427776922,0.05644741991261055,15.891490544388692,0.0384084019164776,17.773530371269075,1.49,bo331580,bo,G,g
317828260670,2459493.5091052,1.6521901466461533,0.04967797088576564,15.854915552825187,0.03268255445698057,17.91223098989326,1.55,bn331028,bn,G,g
317828260670,2459494.5060162,1.7736025072952768,0.046371727922424395,15.777924887138312,0.028419023925748348,17.987007413799258,1.53,bn331365,bn,G,g
317828260670,2459496.4960172,1.59453979866726,0.04826789163288013,15.89347721373323,0.032902972785506995,17.94349478889327,1.51,bn332035,bn,G,g
317828260670,2459496.8307913,1.519092643884056,0.04352164238944801,15.946104970540475,0.031141045427654196,18.05587742118657,1.80,bC280728,bC,G,g
317828260670,2459498.3866484,1.3484265164255997,0.16108502234342215,16.075497411754956,0.12984943076824837,16.635002707259407,1.44,bo333023,bo,B,g
317828260670,2459498.4141959,1.9342620525204235,0.14714235241795956,15.683777343139788,0.08268648985608422,16.73329637398018,1.50,bn332464,bn,B,g
317828260670,2459498.6721372,1.645757742186423,0.05898584841782017,15.85915085519925,0.03895777062721713,17.725771035355674,1.45,bG287081,bG,G,g
317828260670,2459498.7452273,1.6346892527814465,0.03261116025982306,15.866477603841505,0.021684190598048658,18.36922498475275,1.54,bk440731,bk,G,g
317828260670,2459498.8244089,1.7085996573828641,0.01546034133640823,15.818464834932225,0.00983537528601785,19.17959291612773,1.43,bC280970,bC,G,g
317828260670,2459498.9975152,1.7481609613409326,0.03117680310461639,15.793612078132602,0.01938484510919737,18.41806166089812,1.98,bB281667,bB,G,g
317828260670,2459500.8336691,1.5631505760721551,0.05009734201940034,15.9150635847719,0.034835820338314866,17.90310390041327,1.50,br375639,br,B,g
317828260670,2459501.8150669,1.259517535563375,0.06576673363408116,16.149555076489285,0.05675631979595238,17.60762492955218,1.46,bC281833,bC,G,g
317828260670,2459501.9844078,1.5882251780513679,0.04386688364193873,15.897785430813581,0.030021810459823047,18.04729865474272,1.44,br376013,br,G,g
317828260670,2459502.9212713,1.6891612775853067,0.03409765365065782,15.830887829583961,0.021941461424314964,18.320829373757963,1.56,bs377857,bs,G,g
317828260670,2459503.6914394,1.9363428074025901,0.10685203720571794,15.682610005626312,0.05998086612445563,17.08068359470606,1.45,br376612,br,G,g
317828260670,2459504.843574,1.796987510956797,0.08542425198213144,15.763702975338115,0.05167117035622901,17.323687649977796,2.02,bB282971,bB,G,g
317828260670,2459505.6123668,1.7770210986203234,0.08515313827332788,15.775834161716663,0.05208590886434011,17.327138965731642,1.56,bG289394,bG,G,g
317828260670,2459505.7298791,1.6545028137091482,0.0958463676770826,15.853396847097525,0.0629680612014516,17.198701464147476,1.64,bk443162,bk,G,g
317828260670,2459506.8503622,1.3584359521181772,0.137170302990283,16.067467704755888,0.1097572213042031,16.809490366606067,1.47,br377795,br,G,g
317828260670,2459507.4317803,2.4045511771654517,0.17744626250197626,15.447480560290177,0.08021304521042656,16.52997347053214,1.63,bo334838,bo,G,g
317828260670,2459512.4091302,1.739362235501511,0.07358181143933325,15.799090530850641,0.04598250335261619,17.48571442368759,1.47,bo335447,bo,G,g
317828260670,2459512.5848837,1.4757026757667746,0.07351570726287586,15.977568460409387,0.054149374919393777,17.486690262071953,1.43,bG291638,bG,G,g
317828260670,2459512.6547343,1.4472067175629546,0.0865746172878634,15.998739197931735,0.06502377561968362,17.309164160488105,1.55,bs381542,bs,G,g
317828260670,2459512.7376731,1.7274823712613925,0.06870857787836342,15.80653156191044,0.04323241618365982,17.560113212290865,1.57,bk445608,bk,G,g
317828260670,2459513.745811,1.755477169290915,0.07046587059421941,15.789077658136893,0.043631064500457464,17.532693556606006,1.54,bk445958,bk,G,g
317828260670,2459513.8133552,1.805232569821351,0.05898978029836401,15.758732721243714,0.03551859604306308,17.725698664729514,1.43,br380597,br,G,g
317828260670,2459514.8818935,1.754078336243695,0.05542112015879874,15.78994316019937,0.03434302035090243,17.793452362957073,1.39,bC286620,bC,G,g
317828260670,2459515.9656199,1.66704490205159,0.03673893306271674,15.845197377885277,0.02395473741895736,18.23982426198198,1.98,bB287673,bB,G,g
317828260670,2459517.9570998,1.6934517960392483,0.043087881862202235,15.828133524779101,0.027656325563907836,18.066752748127012,1.41,br381853,br,G,g
317828260670,2459518.0319425,1.6887112675960216,0.04367864981170677,15.831177119445687,0.02811421596137052,18.05196759880695,1.41,bC288009,bC,G,g
317828260670,2459518.425499,1.731342911224654,0.05026617826381228,15.804107889474704,0.03155767117682381,17.899450943728656,1.62,bo336450,bo,G,g
317828260670,2459519.0466627,1.6889979582058463,0.027730548987363535,15.830992810877607,0.017846025761475606,18.545244442742522,2.17,bB289011,bB,G,g
317828260670,2459519.429902,1.560899042288507,0.04769622261802222,15.91662858691145,0.03321401245846763,17.956430647128492,1.41,bo336753,bo,B,g
317828260670,2459519.6472115,1.8325752161335067,0.04400855426478366,15.742411100177554,0.026102822219403035,18.04379785722068,1.47,bs383914,bs,G,g
317828260670,2459519.6509725,1.6877984761035492,0.045811990256519976,15.831764146210094,0.029503309955660157,18.000192712243823,1.44,br382440,br,B,g
317828260670,2459519.6969166,1.7019737728373556,0.051639542786507044,15.822683463815292,0.032979320073685175,17.870184640458554,1.52,bk447803,bk,G,g
317828260670,2459519.7272266,1.694840991909731,0.07371334662402627,15.827243223715415,0.047274761015734225,17.483775289339107,1.53,bG293883,bG,G,g
317828260670,2459519.7682853,1.6133912509758739,0.025403223817155908,15.880716378429431,0.017114385481237074,18.640418524896454,1.38,bC288657,bC,G,g
317828260670,2459519.7876167,1.7205676841618174,0.03539894120144407,15.810886218062176,0.022363031896832322,18.28016493075957,1.72,bB289237,bB,G,g
317828260670,2459521.889814,1.620297884099306,0.035318755814053984,15.87607846011104,0.02369314454368869,18.28262712110702,1.43,br383318,br,G,g
317828260670,2459523.6490855,1.6453943529465642,0.03075028754521872,15.859390616136654,0.020313808378382425,18.4330176584223,1.68,br383560,br,B,g
317828260670,2459523.7474484,1.6799223779377253,0.023620020344806234,15.836842584057045,0.015282810381343591,18.719439943062874,1.43,bs385115,bs,G,g
317828260670,2459525.7629072,1.6251517561462872,0.02145985818268937,15.872830818564765,0.014353079777967136,18.82357349242315,1.72,bC291212,bC,G,g
317828260670,2459526.0247348,1.6881750120736816,0.02626790733185365,15.83152195311332,0.016912981759945198,18.604076922665932,1.78,bB291981,bB,G,g
317828260670,2459526.6315479,1.7451855401935286,0.029556034842667764,15.795461607369925,0.018408429412854373,18.47602518678479,1.46,bk449881,bk,G,g
317828260670,2459526.6452939,1.6231695789815899,0.060837379557828135,15.874155885611431,0.04073978919527925,17.692214362786153,1.44,bG295837,bG,G,g
317828260670,2459526.8589107,1.5953160950903238,0.019922475690808468,15.892948755284412,0.013574027710218452,18.904282347501844,1.46,bC291716,bC,G,g
317828260670,2459528.3141365,1.7422765872046406,0.06402024109691877,15.797272870801656,0.039940397003931,17.636847348087773,1.53,bn337560,bn,G,g
317828260670,2459528.7691929,1.6589556990062548,0.053981304667748455,15.850478650491391,0.03536883546422834,17.8220321695443,1.50,bk450653,bk,G,g
317828260670,2459529.6702679,1.5440942786129812,0.05416710681934491,15.92838108786687,0.03813063155309077,17.818301512410905,1.44,br385958,br,G,g
317828260670,2459530.4058228,1.6575430528916093,0.07160178837396236,15.851403578398005,0.04695385179014882,17.51533093726319,1.53,bn338036,bn,G,g
317828260670,2459531.9160963,1.5939145252049418,0.04146274672564543,15.893903051443703,0.02827516924526634,18.10849543938969,1.50,bs388422,bs,G,g
317828260670,2459532.7921433,1.3873303623870394,0.08983059354162373,16.044615894476994,0.07038118111519037,17.269079938383413,2.14,bB294576,bB,B,g
317828260670,2459533.2934496,1.6145726331640955,0.09532864021943063,15.879921654871971,0.06417678899460336,17.204582115863868,1.47,bo338953,bo,G,g
317828260670,2459533.311569,1.6634997822247193,0.13631744310532523,15.847508751408103,0.08907192858899932,16.81626203275619,1.44,bn338386,bn,G,g
317828260670,2459533.584323,1.6632381714749238,0.06119582662202217,15.847679513438141,0.03999259035225128,17.685836097615372,1.72,bs388998,bs,G,g
317828260670,2459533.6751628,1.5346049294216915,0.13389673801777147,15.935074150038664,0.09483869746388635,16.83571561921347,1.45,bG298124,bG,G,g
317828260670,2459533.6923429,1.6989157395792327,0.07828254051531298,15.824636022583471,0.050084719311919004,17.418478332841666,1.45,bk452296,bk,G,g
317828260670,2459533.791403,1.5865529841847772,0.0826337103465416,15.89892917157117,0.056612827476939076,17.35974747767972,1.53,br387684,br,G,g
317828260670,2459534.8106247,1.038787366101856,0.14943488555747017,16.358748974706202,0.15636426542379234,16.716510623156783,1.47,bG298532,bG,G,g
317828260670,2459534.9046512,1.5020799450922016,0.10175616277050216,15.958333003014587,0.07363424637412133,17.13373880807073,1.57,br388199,br,G,g
317828260670,2459535.5686548,1.9221145394206358,0.3553095865845224,15.690617462655146,0.20092770979761237,15.776123298146732,1.40,bn339017,bn,G,g
317828260670,2459539.6405994,1.81731976770392,0.151510983379832,15.751487245769422,0.09062018386994633,16.701530318977486,1.77,bk454219,bk,G,g
317828260670,2459539.885608,1.6237085403360914,0.06321413620612834,15.87379543484031,0.04231733461298073,17.650605091771812,1.48,bC295934,bC,G,g
317828260670,2459539.990025,1.3120619891791463,0.09099275287737528,16.10517973719367,0.07538147357880343,17.2551236007136,2.01,bB296581,bB,G,g
317828260670,2459540.5734864,1.6690883855704992,0.05567634585130229,15.843867284554767,0.03625797636174387,17.788463801612128,1.51,bG300235,bG,G,g
317828260670,2459540.9963489,1.8717760971733208,0.07874451305656491,15.719430879837129,0.04572761782098972,17.4120898571064,2.01,bB297025,bB,G,g
317828260670,2459542.8494338,1.6005175181748361,0.06497202709324594,15.889414542287684,0.04412433339695606,17.620824569598888,1.79,bB297737,bB,G,g
317828260670,2459542.8801108,1.7133130265743821,0.04860836574980653,15.815473830025525,0.030838019289722237,17.935863061418452,1.43,bC297196,bC,G,g
317828260670,2459544.9376287,1.963542339059014,0.03900879289272953,15.667464946728762,0.02159406547874242,18.174734332697934,2.00,bB298695,bB,G,g
317828260670,2459545.7659428,1.7839514570397124,0.07169030761644934,15.771608040660972,0.043680699439261374,17.51398950167392,1.45,bk456131,bk,G,g
317828260670,2459546.7246678,1.8772507201305981,0.05467052440210523,15.716259923283973,0.03165505939538671,17.808257512233304,1.52,bk456426,bk,G,g
317828260670,2459546.865192,1.7287786811831432,0.02654524067846868,15.805717126507979,0.01669011932565572,18.59267394313011,1.62,bC298733,bC,G,g
317828260670,2459546.9807859,1.5426919594030752,0.04738820465567424,15.929367582378745,0.033388984618759825,17.963464972997308,1.76,bB299388,bB,G,g
317828260670,2459547.5327336,1.7145399583453464,0.04715931988604387,15.814696594649764,0.02989730864038126,17.968721778350417,1.43,bG302365,bG,G,g
317828260670,2459547.6612514,1.8082425301436433,0.044447461459665535,15.756923923030225,0.02671790830209831,18.0330232063623,1.53,bk456672,bk,G,g
317828260670,2459547.8792766,1.7339184133473282,0.03422323118414851,15.802493975744687,0.021453814691766982,18.31683808387673,2.24,bC299032,bC,G,g
317828260670,2459548.8589784,1.7322409793253726,0.04531826758255112,15.803544851243812,0.028436566904194268,18.01195736297168,1.54,bs393721,bs,G,g
317828260670,2459549.8088721,1.7605651128145938,0.04010116793764088,15.785935393110442,0.024758088014984525,18.144748057604566,1.44,br392635,br,B,g
317828260670,2459551.7429082,1.9905133649707318,0.0671624781138924,15.652652877462405,0.03667530943864341,17.58482383130702,1.43,bG303725,bG,G,g
317828260670,2459551.770319,1.672714151140814,0.0422323030090654,15.841511294665418,0.027443228810170056,18.088528698972894,1.39,br393470,br,G,g
317828260670,2459552.7336221,1.4595743447137766,0.05798531022148562,15.989500069627097,0.043182117676006555,17.744345648991054,1.49,bk458268,bk,G,g
317828260670,2459553.7255609,1.4841614978387334,0.05863603724375624,15.971362719985224,0.04294332064526088,17.73222908139272,1.42,bk458559,bk,G,g
317828260670,2459554.5212601,1.2362484217621175,0.1587830898436478,16.16980124685699,0.13960811759940397,16.65062998930391,1.59,bk458695,bk,G,g
317828260670,2459555.8460071,1.6487318331225915,0.04514837245806794,15.857190564229125,0.029764887717525713,18.016035363534886,1.41,br394883,br,G,g
317828260670,2459557.6026659,1.7149123899685463,0.05341650276994034,15.814460777115286,0.03385678265193938,17.833451984100538,1.64,bk459670,bk,G,g
317828260670,2459559.3877255,1.7984925356865427,0.06746401642495205,15.76279402303557,0.04077328717287383,17.57996012880858,1.50,bn341790,bn,G,g
317828260670,2459560.4119149,1.423731803989781,0.08915813678855976,16.01649515573173,0.06806831032140806,17.277238151213467,1.54,bn342113,bn,G,g
317828260670,2459561.3950427,1.6730691993756484,0.06481200362611315,15.841280862097582,0.042106943367718086,17.62350199237518,1.62,bo342858,bo,G,g
317828260670,2459561.5591616,1.6092433974432383,0.05817176521560648,15.88351128243227,0.03929186826718748,17.740860004904594,1.48,bk460824,bk,G,g
317828260670,2459568.5356412,1.9931756968432945,0.08611812213594397,15.651201664534579,0.04696357408122196,17.314904233519698,1.57,bk462943,bk,B,g
317828260670,2459568.737524,1.6739587785799084,0.12863590732560184,15.840703724184085,0.08352752779014667,16.87923507611731,1.51,bs399256,bs,G,g
317828260670,2459569.6742656,1.528038889902506,0.10441119562402501,15.939729603412225,0.0742719513070477,17.10577293908097,1.52,bk463353,bk,G,g
317828260670,2459571.7642763,1.7794739931034451,0.06479914583190552,15.774336509280559,0.03958127763490174,17.62371740860733,1.47,bs400522,bs,G,g
317828260670,2459574.7918616,1.6894170028343658,0.06957201055219589,15.830723470413412,0.044762039492523706,17.546554226049807,1.47,bs401682,bs,G,g
317828260670,2459574.8185585,1.5793675143939878,0.06754894810637306,15.903857620089948,0.04648871716790566,17.578594135343682,1.44,br400225,br,G,g
317828260670,2459575.7363207,1.619980279971582,0.04755898372377862,15.876291302517709,0.03191060296533558,17.959559197157482,1.42,bs402069,bs,G,g
317828260670,2459576.7658214,2.051555306173,0.10945715483707599,15.61985754917115,0.05799266924132185,17.054530223527856,1.52,bs402519,bs,B,g
317828260670,2459578.7037909,1.641229759899307,0.026359933757123328,15.862142164055902,0.017457703126023332,18.600279825103865,1.39,br401551,br,G,g
317828260670,2459580.418554,1.7515607906437753,0.061355641765811035,15.791502585328951,0.03807513579835631,17.683004353723224,1.43,bo344571,bo,G,g
317828260670,2459582.3200198,1.7386799283769194,0.05062170614209233,15.799516520831517,0.03164676415404088,17.891798665371915,1.43,bo345040,bo,G,g
317828260670,2459582.4340999,1.82170759294422,0.05876748169026806,15.748868951065823,0.03506473691871894,17.729797909730774,1.52,bn344549,bn,G,g
317828260670,2459582.569073,1.7026724703990266,0.051379417488960785,15.82223783675431,0.03279972742479092,17.87566767101516,1.48,bk466641,bk,G,g
317828260670,2459582.6696845,1.6299111265031272,0.06983819833116538,15.869655811152013,0.04657375724861365,17.542408043895342,1.46,bG310307,bG,G,g
317828260670,2459583.4357418,1.8398616155107541,0.06733623213144126,15.73810272492169,0.039781011815006394,17.582018583105334,1.61,bn344716,bn,G,g
317828260670,2459584.7237356,1.5708213547250691,0.02782348904394577,15.90974863051091,0.019252935913356823,18.541611638286856,1.48,br402860,br,G,g
317828260670,2459586.7763992,1.6750353721069864,0.027009042900352734,15.840005665866972,0.017526588283053438,18.573867624729587,1.51,bC300283,bC,G,g
317828260670,2459587.7268396,1.763874818190342,0.03934377182999674,15.783896222019324,0.02424490045405048,18.165450629548495,2.00,bB301256,bB,G,g
317828260670,2459588.7595055,1.6376426188538775,0.045044485010144485,15.86451779202096,0.029897485682452027,18.018536546366413,1.47,br404610,br,G,g
317828260670,2459593.8217353,1.8691968511665944,0.0712955857328093,15.720928020422145,0.041459090750726665,17.519984008103883,1.39,bC302638,bC,G,g
317828260670,2459595.609245,1.2582012249264773,0.17696526910160362,16.150690363136732,0.15287980138673637,16.532920509344912,1.49,bk470023,bk,G,g
317828260670,2459595.7573588,1.824101341335808,0.08956628615726102,15.74744321553544,0.05337129942314184,17.27227919474177,2.03,bB304010,bB,G,g
317828260670,2459596.6512989,1.9759300244759075,0.30828501634201566,15.660636721200387,0.1695871842203965,15.93025956866676,1.60,bk470276,bk,G,g
317828260670,2459598.8110985,1.6290745904385955,0.07093695524854829,15.870213197769004,0.04733078926666416,17.52545925200215,1.46,bC304649,bC,G,g
317828260670,2459599.5913589,1.3008257264233218,0.17020377510067372,16.114517828845894,0.14222051394922403,16.575217640296245,1.46,bG314155,bG,B,g
317828260670,2459600.3124296,1.72953462910328,0.045883074256420735,15.805242467351775,0.028836026732991845,17.99850933946598,1.51,bn347385,bn,G,g
317828260670,2459602.8090086,1.8324350602725161,0.06383174780306591,15.742494140759263,0.0378634616160594,17.64004877097574,1.51,bC306250,bC,G,g
317828260670,2459603.3523776,1.66964042872173,0.06553068804839073,15.843508241772511,0.042661286539871,17.611528791656724,1.63,bo348838,bo,G,g
317828260670,2459603.7936671,1.7873824495161956,0.034309116558780356,15.769521899183594,0.020864319222094044,18.31411677306264,1.64,bC306668,bC,G,g
317828260670,2459603.8167181,1.6050737738267502,0.029840998293762154,15.886328125711094,0.020208334494980117,18.465607241868543,2.00,bB307266,bB,G,g
317828260670,2459604.5897653,1.5824919662285415,0.08755363601172986,15.901711837456805,0.060137427358781206,17.296955144958318,1.48,bG315455,bG,G,g
317828260670,2459605.584402,1.6680633805286778,0.05172398906165684,15.844534251595503,0.03370479077546344,17.86841058345708,1.47,bk472878,bk,G,g
317828260670,2459606.7031809,1.6962004188722852,0.05253232276062508,15.826372706979555,0.03366368159767902,17.8515741016379,1.46,bs411860,bs,G,g
317828260670,2459606.7289027,1.7363854703262638,0.04275059403427294,15.800950264518086,0.026761360186366726,18.075285226997238,1.46,br410406,br,G,g
317828260670,2459606.8064048,1.6628636147293259,0.03018494475810467,15.8479240458351,0.019730856020021753,18.453164647987855,1.74,bB308513,bB,G,g
317828260670,2459607.7816696,1.671005343486484,0.04001809773630371,15.842621025611315,0.02603099534757477,18.146999510028376,1.39,bC308339,bC,G,g
317828260670,2459608.7085313,1.6101026687613798,0.03997327086163086,15.882931697645306,0.026985364536858406,18.148216395468054,1.42,br411068,br,G,g
317828260670,2459608.7097715,1.5411406943830692,0.052277621660961365,15.930459901532569,0.03687106700413208,17.856851057964708,1.49,br411069,br,G,g
317828260670,2459609.7098431,1.810881242341296,0.045539751114728244,15.75534069678283,0.027334608319501,18.006663979527616,1.41,br411454,br,G,g
317828260670,2459612.7860373,1.6108813981484789,0.034674119448389926,15.882406706097264,0.02339666986862501,18.302627009073184,1.77,bB310643,bB,G,g
317828260670,2459613.7717023,1.5838483338681373,0.028711695357430934,15.900781642086898,0.01970413697549459,18.507493518163407,1.78,bB310984,bB,G,g
317828260670,2459614.7795634,1.6365035250214628,0.024714490105127277,15.8652732594986,0.016415226603849194,18.670261474492065,1.77,bB311385,bB,G,g
317828260670,2459616.7531004,1.6760369081819437,0.04053441118202862,15.839356677174175,0.026287692337845975,18.133080939753356,1.58,bC311458,bC,G,g
317828260670,2459616.7800452,1.5631904187068326,0.043942270173293836,15.91503591114894,0.03055503448159398,18.045434386542954,1.74,bB312059,bB,G,g
317828260670,2459617.3314097,1.8641937236733226,0.11148751001818295,15.723838018612453,0.0650050874905511,17.034575071547106,1.48,bn350968,bn,G,g
317828260670,2459617.33265,1.2890166829927505,0.132697664107746,16.124419276755965,0.11189660562544809,16.845482416452253,1.52,bn350969,bn,G,g
317828260670,2459621.7182273,1.2828746343846231,0.09522923356220488,16.129605076931757,0.08068601070307214,17.205714888962056,2.41,bB314086,bB,G,g
317828260670,2459621.7335561,1.6336862654293653,0.08121317785892757,15.8671439775242,0.05403436093754561,17.37857434969792,1.45,bC313518,bC,G,g
317828260670,2459622.7494024,1.3711750486202097,0.07544707075446899,16.057333367881448,0.05980832694206815,17.458534654240225,2.04,bB314545,bB,G,g
317828260670,2459624.7414164,1.9076775823648437,0.08503198815683956,15.69880318172883,0.04844952571542288,17.328684777550343,1.47,bC314812,bC,G,g
317828260670,2459625.5273837,1.360818136244405,0.16325543067264767,16.065565400572574,0.1304006394040991,16.620471519086873,1.60,bk479032,bk,G,g
317828260670,2459625.7769146,1.7260383698238968,0.11510337440123598,15.80743950765585,0.07248527359931704,16.999920472168853,2.17,bB315770,bB,G,g
317828260670,2459626.5300027,1.4889718380007617,0.18993117734827247,15.96784941302021,0.13865066257901282,16.45614996054038,1.91,bG321990,bG,G,g
317828260670,2459626.6070139,1.7898335766721942,0.12230040249309698,15.768033994683142,0.07427239148589247,16.93407089566579,1.48,br415457,br,G,g
317828260670,2459629.6273004,1.7891145261423085,0.05717496264910082,15.768470267678122,0.0347360091394664,17.75962588752789,1.51,bs417853,bs,G,g
317828260670,2459630.6204276,1.684384723523481,0.03832767240291552,15.833962387418817,0.024733371717051877,18.19385949686119,1.44,bs418246,bs,G,g
317828260670,2459630.6216678,1.7285576169469834,0.04564046646241423,15.805855971806444,0.028699768055263367,18.004265425395253,1.50,bs418247,bs,G,g
317828260670,2459631.2597207,1.64161621529202,0.2769290804385247,15.861886539139897,0.18336190105695888,16.046719202478698,2.42,bn354578,bn,G,g
317828260670,2459631.6209186,1.7109133352484687,0.040862614546012054,15.816995594011903,0.025960336190640376,18.12432523393296,1.46,bs418550,bs,G,g
317828260670,2459633.6009894,1.6160499456997486,0.03128719656790421,15.878928674863724,0.021043794127100605,18.41422398462772,1.48,bs419157,bs,G,g
317828260670,2459635.5891459,1.5274604617075882,0.04817723128695254,15.940140678898295,0.034283411623071136,17.94553601702223,1.64,bs419757,bs,G,g
317828260670,2459637.6011717,1.5480916863285363,0.04472953502363904,15.925573926364365,0.031405801243987404,18.026154652491503,1.59,bs420341,bs,G,g
317828260670,2459637.7255022,1.6740119687222506,0.058829444959795744,15.840669225398019,0.03819868081239081,17.728653734058263,2.21,bB319955,bB,G,g
317828260670,2459639.5959217,1.6850663522916687,0.04098447176501726,15.833523105752295,0.02643714226115404,18.121092256481813,1.55,bs420755,bs,G,g
317828260670,2459642.6147238,1.5658583384764786,0.04325435631796134,15.913184448923829,0.030025452199705788,18.06256597762928,1.41,br419777,br,G,g
317828260670,2459642.6159645,1.543198182377767,0.060196673146799974,15.929011364502554,0.04239971716600674,17.703709386367038,1.43,br419778,br,G,g
317828260670,2459644.5900829,1.7554810094904958,0.0518709255592782,15.789075283033856,0.03211737439510458,17.865330617942657,1.43,br420540,br,G,g
317828260670,2459649.5914453,1.6726258208596527,0.06515090692266433,15.84156863017395,0.042338341482981996,17.617839447400215,1.73,br422280,br,G,g
317828260670,2459651.5887859,1.8324630359267637,0.07264086627823145,15.742477565029256,0.04308816156063481,17.499688074641565,1.67,br422941,br,G,g
317828260670,2459652.5854256,1.754504317636234,0.08495856614612549,15.78967951902666,0.05263382177055593,17.3296226760182,2.04,br423318,br,G,g
317828260670,2459654.5824039,1.8944787732849133,0.10640946161493796,15.706341263333714,0.06105239071987841,17.085189996796814,2.04,br424057,br,G,g
317828260670,2459747.6827618,1.1433113872030929,0.24884264749515717,16.162828578302605,99.999,16.162828578302605,1.55,bo381128,bo,G,g
317828260670,2459751.9451203,1.4325965867386714,0.5428467370408526,15.31594753218801,99.999,15.31594753218801,1.64,bG363783,bG,B,g
317828260670,2459757.6536058,1.4444501340533416,0.0783992034339016,16.000809238450387,0.05899582371355524,17.416861486173005,1.58,bo382365,bo,G,g
317828260670,2459758.6586821,1.528927549751306,0.08490161867484067,15.939098356574695,0.06035888890865869,17.330350685748382,1.57,bn382183,bn,G,g
317828260670,2459759.6538105,1.7308400053981883,0.09017271906048512,15.804423310745253,0.056627894409683535,17.264952697564006,1.74,bo383167,bo,G,g
317828260670,2459760.6745456,1.5603524191214306,0.07639943151556634,15.917008875764342,0.053220579739136666,17.444915293882907,1.64,bn383005,bn,G,g
317828260670,2459760.9262935,1.546543441350174,0.057370091546473954,15.926660313416628,0.040321398993338274,17.755926754206154,1.53,bk526530,bk,G,g
317828260670,2459763.9510432,1.9178238981464546,0.16530860955701737,15.693043807028888,0.09369122547241616,16.606901929029995,1.52,bs454039,bs,G,g
317828260670,2459764.9546042,2.0848404065032966,0.2173160480255693,15.602383583393573,0.11330032502398794,16.309911114881498,1.43,bs454143,bs,G,g
317828260670,2459765.9123036,1.7228119078272097,0.05824585288655381,15.809470960077974,0.03674847461389116,17.73947808902546,1.44,bk528654,bk,G,g
317828260670,2459767.9389103,1.6033536845042566,0.06638413444274577,15.887492286943367,0.045003587524021546,17.597479868868636,1.47,bs454472,bs,G,g
317828260670,2459768.680672,1.731120794304943,0.0822051395934368,15.804247189350317,0.05161593165278669,17.36539318355038,1.67,bo385381,bo,G,g
317828260670,2459769.6889211,1.830854525653617,0.1390816456094522,15.743431027524473,0.08257111618162816,16.7944660599431,1.54,bo385793,bo,G,g
317828260670,2459771.930571,1.7147717838927512,0.04950638038186207,15.814549800535197,0.03138101730459118,17.915987675418034,1.49,bs455588,bs,G,g
317828260670,2459772.8803352,1.903177284489223,0.09072273503405476,15.70136750851524,0.051814231558434364,17.258350275198712,1.73,bk530463,bk,G,g
317828260670,2459784.8760465,1.6431779778381344,0.04804618100561094,15.860854107780352,0.03178238175843665,17.948493428730682,1.57,bk532233,bk,G,g
317828260670,2459785.6372614,1.5864252660649063,0.05407919530115744,15.899016577267576,0.037052948714567595,17.820065059751123,1.68,bn388482,bn,G,g
317828260670,2459786.6114546,1.705925887310154,0.07125609898176896,15.82016522318617,0.045401902906841346,17.52058550497704,1.44,bo389434,bo,G,g
317828260670,2459788.9256265,1.6317894176631118,0.06465178961581414,15.868405341396567,0.04306541248787752,17.62618923389552,1.45,br458028,br,G,g
317828260670,2459790.0320999,1.698273669412031,0.03508236403992737,15.825046431748754,0.02245398081478096,18.289918484449,1.37,bC363111,bC,G,g
317828260670,2459792.5983485,1.650381856775291,0.07134591887271202,15.856104520681546,0.04698907195313655,17.519217772291793,1.59,bo390672,bo,G,g
317828260670,2459793.8413573,1.5288374619106198,0.05177426444808939,15.939162332472055,0.0368099132852013,17.867355767366945,1.39,bG374974,bG,G,g
317828260670,2459796.5905754,1.7277716394458649,0.08382163845267772,15.806349769810335,0.05273293906376347,17.344250247219744,1.53,bo391277,bo,G,g
317828260670,2459796.5999422,1.8279606878581425,0.05706786604968956,15.745148493390907,0.03393414836351174,17.76166152846525,1.62,bn390709,bn,G,g
317828260670,2459797.5852378,1.677902369535381,0.06723004999840669,15.838148903883633,0.043552081831108626,17.58373202585245,1.46,bo391674,bo,G,g
317828260670,2459799.8194166,1.443760605708784,0.08443146697533581,16.001327653462013,0.06356547844979402,17.336379773703918,1.50,bk537643,bk,G,g
317828260670,2459800.5790185,1.7915825249236867,0.14598489380707577,15.766973578058,0.08856931243273564,16.741870815742267,1.73,bo392397,bo,G,g
317828260670,2459802.0283235,1.703841337179051,0.09217577098091531,15.82149274596466,0.058803042999249426,17.241098664343035,1.61,bC366157,bC,G,g
317828260670,2459804.8113609,1.512909804853751,0.15484861541906608,15.950533028631938,0.11125165021208834,16.67787229529134,1.43,bG378652,bG,B,g
317828260670,2459804.8821788,1.2124860498807575,0.16453906467524598,16.190873745838047,0.14750422031429059,16.611968050882766,1.38,br461708,br,B,g
317828260670,2459805.8615091,1.2445128354103798,0.25797095001789644,16.12371360387185,99.999,16.12371360387185,1.46,bs463472,bs,G,g
317828260670,2459805.8640012,0.985494834707055,0.401799132891108,15.642618123499048,99.999,15.642618123499048,1.49,bs463474,bs,G,g
317828260670,2459805.8778644,1.9903000105988806,0.1872267605870973,15.65276925898765,0.10224958417349397,16.471720803525955,1.50,br462015,br,B,g
317828260670,2459805.8791048,2.1793723386845674,0.23919278679283842,15.554237036315556,0.11929680621456358,16.20577041461552,1.61,br462016,br,B,g
317828260670,2459806.8733022,1.4684131183525095,0.09675422588601039,15.98294498302472,0.07161992460991709,17.188465755021127,1.53,bs463822,bs,G,g
317828260670,2459806.8770347,1.5184840513737254,0.1623741996704447,15.946540035065617,0.11623019361599041,16.62634805273395,1.59,br462356,br,G,g
317828260670,2459812.0897107,1.8052656789950232,0.05097532317000042,15.758712808297581,0.030692413095803672,17.884240642015953,1.63,bC369682,bC,G,g
317828260670,2459812.5406218,1.8552370078150804,0.08661066819209072,15.729067124990536,0.05074393743064036,17.308712138569604,1.51,bn393622,bn,G,g
317828260670,2459813.6770867,1.3295624268023372,0.35064251364862403,15.790479183989717,99.999,15.790479183989717,1.42,bo394635,bo,G,g
317828260670,2459814.8208816,1.7623682029570202,0.045722849189471663,15.784824000845223,0.028199980591798596,18.002307398083815,1.38,bG382375,bG,G,g
317828260670,2459814.822155,1.6033108614770992,0.06608358946312819,15.887521285618044,0.04480103657546665,17.602406550113102,1.43,bG382376,bG,G,g
317828260670,2459815.8131237,1.6570942759959977,0.03990212943752451,15.851697579386986,0.02617345340676378,18.150150428723478,1.56,bk542850,bk,G,g
317828260670,2459816.8596707,1.6458567372554713,0.04004499043612066,15.85908554832248,0.026446508090434202,18.146270125749066,1.46,bk543282,bk,G,g
317828260670,2459818.8203814,1.7477718067670058,0.047921422919417964,15.793853798577434,0.029802805475866265,17.951316349003406,1.44,bs464624,bs,G,g
317828260670,2459819.7659133,1.787000971758412,0.05189608187536064,15.769753650602338,0.03156617457886707,17.864804186192153,1.37,bk544433,bk,G,g
317828260670,2459820.7633898,1.5148445353817461,0.05436035489198338,15.949145460797462,0.039005548684244856,17.814434903030975,1.54,bG384573,bG,G,g
317828260670,2459821.7775338,1.7529696646899364,0.04158331272444563,15.790629620655501,0.02578438969698243,18.105342900598668,1.45,bk545257,bk,G,g
317828260670,2459822.7977192,1.7139092780428464,0.04275096039449874,15.815096047812734,0.027112540790067415,18.075275922591867,1.44,bG385397,bG,G,g
317828260670,2459822.7990175,1.7250089401979132,0.04905669304061728,15.808087246703115,0.030911429612263796,17.925894939832833,1.42,bG385398,bG,G,g
317828260670,2459823.8519508,1.6452673858746496,0.043073043471588676,15.859474400346517,0.028456484286113127,18.067126712960984,1.43,bG385816,bG,G,g
317828260670,2459823.8532423,1.5286137814802214,0.07365981670710911,15.939321195474392,0.05237753259189568,17.484564026855175,1.40,bG385817,bG,G,g
317828260670,2459824.8282522,1.7103770338668303,0.03457976814873879,15.817335981274399,0.02197568358628065,18.30558541874324,1.44,bk546521,bk,G,g
317828260670,2459825.8441894,1.6404838994052642,0.03718718006849743,15.862635691426108,0.024639588303911258,18.226657494606595,1.45,bk546910,bk,G,g
317828260670,2459827.7989715,1.728799777598866,0.04788665744501968,15.805703877268598,0.030108006310855258,17.95210430208091,1.57,bs465732,bs,G,g
317828260670,2459829.1422712,1.4454923561791593,0.18462747870406765,16.00002612366642,0.13883300123433204,16.48689976406434,2.38,bC374462,bC,G,g
317828260670,2459829.6206723,1.5501292101260906,0.052870422849863506,15.924145872169447,0.03707294240271115,17.84460865183625,1.53,bn397381,bn,G,g
317828260670,2459829.7407318,1.096614193739818,0.27933489358924435,16.03732763714918,99.999,16.03732763714918,1.44,bG388012,bG,G,g
317828260670,2459829.845405,1.832553601083981,0.05365465862453214,15.742423906407844,0.03182459769751053,17.82862202135869,1.55,bk548482,bk,G,g
317828260670,2459831.7327555,2.3393740432242627,0.1713834360548003,15.477316455188896,0.07963085000339477,16.567718497136052,1.62,bG388694,bG,G,g
317828260670,2459832.4836418,1.3323923965646345,0.26693893832633414,16.08661078931117,99.999,16.08661078931117,1.57,bn398434,bn,B,g
317828260670,2459832.7975629,2.0278003213906484,0.1905072406946638,15.632502653404753,0.10211709975939944,16.452861894562986,1.61,bG389126,bG,G,g
317828260670,2459833.8215111,1.9700059365521945,0.14541133948503115,15.663896785040716,0.08023113070648846,16.74614492381838,1.71,bG389528,bG,G,g
317828260670,2459839.5721532,1.7632169332629395,0.21353583175664506,15.78430125230652,0.13163676038622898,16.328963708958945,1.55,bo401187,bo,G,g
317828260670,2459839.896886,1.5585531882100445,0.077015633131516,15.918261552570796,0.05371176636218058,17.43619338638016,1.53,bC377513,bC,G,g
317828260670,2459840.9463986,1.7211896430589442,0.04016630780437863,15.810493811953535,0.025365612905129203,18.142985831333895,1.44,bC377948,bC,G,g
317828260670,2459842.8044148,1.7059468439375227,0.03746753464187548,15.820151885426611,0.023872714016384,18.218502817635784,1.44,bk552184,bk,G,g
317828260670,2459842.8808386,1.7374262371892168,0.044983001310144745,15.800299683316354,0.028141952501282937,18.020019539887596,2.38,br468009,br,G,g
317828260670,2459843.7205948,1.7356292168382867,0.05772163693774389,15.801423241667575,0.03614879785743129,17.74929401437378,1.44,bG393045,bG,G,g
317828260670,2459844.7365205,1.6370735512419858,0.0518106666347682,15.864895142168766,0.03440037373494213,17.86659266074085,1.41,bG393434,bG,G,g
317828260670,2459845.7567221,1.6909787892761325,0.054620424654476404,15.829720222090518,0.035109858961482776,17.809252930685236,1.46,bG393815,bG,G,g
317828260670,2459846.7183737,1.6949184086480533,0.04336591107622549,15.827193630723269,0.027810695562071962,18.05976942410974,1.46,bk553643,bk,G,g
317828260670,2459847.7773833,1.5452722931936482,0.05965883803274062,15.927553077909344,0.04196448960140615,17.7134536354109,1.43,bG394545,bG,G,g
317828260670,2459848.807503,1.6355785831299345,0.05571268446894042,15.865887084514283,0.037024980854923756,17.787755398745404,1.42,bG394929,bG,G,g
317828260670,2459849.4787818,1.6281946773818217,0.053440508640833356,15.870799795564562,0.035676022160701544,17.83296415380752,1.49,bn402512,bn,G,g
317828260670,2459849.8113974,1.7276390266386084,0.0556882034976116,15.806433107242574,0.03503663383515747,17.788232592021195,1.46,bk554835,bk,B,g
317828260670,2459851.909019,1.6828030254132798,0.03660639539709449,15.834982411936366,0.023644811432675678,18.243748195563374,1.52,br471090,br,G,g
317828260670,2459852.6748023,1.7490156817331404,0.04292704632342984,15.793081363794748,0.026677767070683728,18.070813093805565,1.46,bG396160,bG,G,g
317828260670,2459852.9846364,1.7574822234413978,0.03287368663827113,15.787838269987644,0.02033151038939586,18.360519583906424,1.49,br471284,br,G,g
317828260670,2459853.4364902,1.566629415570049,0.07085196559943006,15.912649930419821,0.049158406781424004,17.526760853701028,1.64,bn403622,bn,G,g
317828260670,2459853.7511748,1.721483803680494,0.044403991555021616,15.810308269617007,0.028036980719069255,18.034085582979756,1.48,bs472944,bs,G,g
317828260670,2459854.5013549,1.7564756358901918,0.04822354908817776,15.788460297126981,0.029842088390959507,17.944492686929067,1.46,bn403990,bn,G,g
317828260670,2459854.7371342,1.6233511076542841,0.036724766498551595,15.874034468087025,0.02459001276232137,18.240243003534435,1.47,bk556525,bk,G,g
317828260670,2459855.7530596,1.774683238895339,0.04676418221034131,15.777263503278032,0.0286420876262782,17.977857251408178,1.45,bG397278,bG,G,g
317828260670,2459857.4172978,1.7524915858163963,0.13126415515275042,15.790925768584607,0.08141461600649715,16.85727524223285,1.47,bo405268,bo,G,g
317828260670,2459857.9140465,1.6447221445165399,0.03724160211629715,15.859834272791574,0.024612061335273102,18.22506972180072,1.39,br472515,br,G,g
317828260670,2459858.7891186,1.6603973219843982,0.07804068669177304,15.84953556167288,0.051088274015790025,17.42183790603732,1.47,bk557809,bk,G,g
317828260670,2459861.4315067,1.4007058263164627,0.3363089863710991,15.835794431267114,99.999,15.835794431267114,1.54,bn406034,bn,B,g
317828260670,2459866.4610001,3.155573527097016,0.27306700448870563,15.152369862288339,0.09405959292408579,16.06196754595373,1.53,bo407421,bo,G,g
317828260670,2459867.7524852,1.7153547190223764,0.0552180974092094,15.814180768208946,0.034989655743724805,17.79743701508813,1.43,bk560896,bk,G,g
317828260670,2459869.8093668,1.548123118294131,0.04872211610568525,15.925551882142507,0.034208404504908335,17.933325255511058,1.39,bC386236,bC,G,g
317828260670,2459870.4960987,1.6028731724916283,0.056257134566562325,15.887817721989673,0.038149655481740964,17.777196591976864,1.47,bn407383,bn,G,g
317828260670,2459870.8097794,1.6491509818653032,0.04504145536110389,15.856914578093095,0.029686853533567197,18.018609574402504,1.40,bk562000,bk,G,g
317828260670,2459871.9858129,1.7053869869104856,0.03723055611407459,15.82050826042791,0.023729508954141068,18.225391803096706,1.50,bC387161,bC,G,g
317828260670,2459872.4715175,1.6503268068259418,0.07515530498982137,15.85614073697882,0.04949961944755319,17.462741507535053,1.62,bn407752,bn,G,g
317828260670,2459874.4674705,1.8345861202647271,0.07818466926621105,15.741220363562434,0.04632289278775429,17.419836603019323,1.54,bn408244,bn,G,g
317828260670,2459874.6700659,1.7962317063219848,0.04691345681551103,15.76415972702412,0.02838881401740829,17.974397023713525,1.49,bs475929,bs,G,g
317828260670,2459875.7433941,1.6518729963651224,0.04368920536497433,15.855123988032759,0.02874813427276492,18.051705247250386,1.42,bk563622,bk,G,g
317828260670,2459876.7241953,1.5741239378538017,0.04442495305081624,15.907468313967016,0.030676105791502286,18.033573167676085,1.47,bk563957,bk,G,g
317828260670,2459877.4057291,1.7446930246770154,0.09487043329646698,15.795768060400476,0.05910497418931444,17.209813401156417,1.54,bn408847,bn,B,g
317828260670,2459877.4132328,1.606866420215374,0.0942834390855897,15.885116184534754,0.06377754722905948,17.21655207274236,1.48,bo409426,bo,B,g
317828260670,2459878.3835039,1.873879334163409,0.07430019554647332,15.718211568114954,0.043098336506169725,17.47516571954941,1.52,bo409722,bo,G,g
317828260670,2459878.8720501,1.7117337266771158,0.03789645089565285,15.816475102896634,0.024064370415695254,18.206144263870783,1.52,br475501,br,G,g
317828260670,2459879.5408903,1.7280994565054093,0.06109170220185437,15.806143788255312,0.03842604306278395,17.68768504625607,1.58,bo410168,bo,G,g
317828260670,2459879.5421307,1.7075253620087587,0.06595811335703572,15.819147714753132,0.04198684427779004,17.60447004958811,1.60,bo410169,bo,G,g
317828260670,2459880.6547955,1.6225030330249406,0.04122369436137376,15.874601828979081,0.027616813358269418,18.114773337590158,1.45,bk565239,bk,G,g
317828260670,2459880.8973134,1.5861505629952013,0.03539120383677901,15.899204598033762,0.024252867741599297,18.28040227275047,1.54,bs477635,bs,G,g
317828260670,2459880.9010456,1.6628863655777044,0.03622143131162607,15.847909191188826,0.023676374890006364,18.255226592130764,1.62,br476168,br,G,g
317828260670,2459881.6227389,1.8286132763416154,0.05501195325945533,15.744760950867347,0.03269997114348981,17.801497948134152,1.41,bG405675,bG,G,g
317828260670,2459882.0435302,1.7838184108722748,0.04890763489678913,15.771689017319392,0.02980150467664818,17.929198957768094,1.37,bC388969,bC,G,g
317828260670,2459882.3511778,1.7492557642773843,0.07430268285352362,15.792932338017389,0.04617036991369595,17.47512937356007,1.52,bo410776,bo,G,g
317828260670,2459882.8659356,1.7276466759806424,0.03587926259728473,15.806428300017759,0.02257359622051937,18.265531839699694,1.54,br476711,br,G,g
317828260670,2459883.0394071,1.600712886760679,0.04058906935302907,15.88928201902609,0.02756181574440772,18.131617877179373,1.40,bC389325,bC,G,g
317828260670,2459884.0292377,1.620846402575479,0.028486055123290284,15.87571096868112,0.019103046004656118,18.5160598355539,1.45,bC389722,bC,G,g
317828260670,2459884.3435472,1.899439275362041,0.09355737043248326,15.703502087737979,0.05353832326593767,17.22494559438368,1.58,bo411176,bo,G,g
317828260670,2459884.7956961,1.7846165169711758,0.06321365205586915,15.771203351912126,0.03850154400772306,17.650613407340284,1.64,bC389917,bC,G,g
317828260670,2459885.3580729,1.813037755796133,0.20823856982083316,15.754048501779824,0.12484366131966829,16.35623768048252,2.20,bo411375,bo,B,g
317828260670,2459885.7679188,1.7164971439802772,0.059977944813617824,15.813457909394904,0.03798049912538662,17.707661660759243,1.46,bC390284,bC,G,g
317828260670,2459886.3761452,1.7788224350932256,0.13671418103650018,15.774734126591753,0.0835397439115726,16.813106698349756,1.47,bo411429,bo,G,g
317828260670,2459886.7638372,1.8784900261820061,0.07394019323292425,15.715543388470463,0.04278424379847707,17.48043915841766,1.57,bC390674,bC,G,g
317828260670,2459886.7651018,1.7680455691707466,0.0984301060547303,15.781331986731619,0.06051271956855939,17.16982072883743,1.55,bC390675,bC,G,g
317828260670,2459886.7663665,1.1084202119397966,0.15120235422228867,16.288304531027205,0.148274438930164,16.703744228473173,1.49,bC390676,bC,G,g
317828260670,2459887.9086787,1.858151803079671,0.05023273244823882,15.727362644496116,0.029384464740122705,17.9001736049784,1.44,br478509,br,G,g
317828260670,2459888.8628183,1.8412250390993867,0.06723677866455414,15.737298441535186,0.03969284227522533,17.583623366244353,1.47,br478895,br,G,g
317828260670,2459888.8640702,1.7660672398022863,0.08604889317688942,15.782547535957539,0.052960274399022705,17.31577739021789,1.54,br478896,br,G,g
317828260670,2459889.7620349,2.022389945737848,0.11399700663002162,15.635403378474074,0.06126899022435245,17.010406992336346,1.44,bC390999,bC,G,g
317828260670,2459893.8239667,1.5151951584998793,0.09937057219305953,15.94889418737946,0.07128553104745401,17.159496135015782,1.80,bC391931,bC,G,g
317828260670,2459894.848945,1.3314450297927338,0.08082614296432993,16.08925752026127,0.0659843262442266,17.383760974704224,1.46,bs482379,bs,G,g
317828260670,2459895.5797317,1.896435064221387,0.17453221911890168,15.705220680710969,0.10003450020725138,16.547951584866986,1.60,bG409988,bG,G,g
317828260670,2459896.7897847,1.7742020159156648,0.07157381004484653,15.777557951352446,0.04384935814302539,17.515755270537742,1.46,bs483143,bs,G,g
317828260670,2459897.3903198,1.8892689505315772,0.05197307176641761,15.709331154400008,0.029901761364060104,17.863194647180837,1.78,bn412460,bn,G,g
317828260670,2459897.7250469,1.82660278480909,0.0653803081281287,15.745955333705371,0.038905860050252185,17.614023203898352,1.47,bk570303,bk,G,g
317828260670,2459899.3526362,1.721728316967117,0.05314944880313547,15.810154066553716,0.03355415569000686,17.83889369907743,1.46,bo413547,bo,G,g
317828260670,2459900.2997951,1.8182498810104384,0.08695437434653853,15.75093170272609,0.05198164744946472,17.304412024928936,1.64,bo413792,bo,G,g
317828260670,2459900.7800381,1.7281777805943983,0.06137862843997357,15.80609457964541,0.0386047669559121,17.682597662672464,1.46,bG411232,bG,G,g
317828260670,2459901.5396284,1.6790897822589745,0.0014964647456335903,15.837380825211138,0.0009687344488695377,21.71497438644543,1.49,bn413688,bn,B,g
317828260670,2459901.878991,1.6596944511294986,0.03676770353209744,15.84999526724609,0.024079670276891157,18.238974348470038,1.41,bs484432,bs,G,g
317828260670,2459903.5527248,1.671976582111585,0.043732003003647976,15.841990146359276,0.028430294049631617,18.050642188288712,1.48,bk572169,bk,G,g
317828260670,2459905.8761765,1.6111954816067884,0.03319443958990868,15.882195034063473,0.02239387647844233,18.34997725893398,1.45,bs484685,bs,G,g
317828260670,2459906.5068671,1.7600747191245283,0.06773145728436118,15.786237859828283,0.041828422635802255,17.575664561886338,1.41,bo415219,bo,G,g
317828260670,2459907.8101826,1.7162376966355182,0.02945233523752774,15.813622030067807,0.018653248282354182,18.47984127360343,1.45,bs485453,bs,G,g
317828260670,2459907.8978084,1.5085850558180425,0.041658302225353834,15.953641119181594,0.030015386347489847,18.103386695443653,1.48,br484052,br,G,g
317828260670,2459913.2750591,1.6969253041948071,0.10265057955825596,15.825908807722548,0.06575228540427185,17.124237097164894,2.00,bn415852,bn,G,g
317828260670,2459913.324647,1.5606313419139595,0.07173543435162588,15.916814810944928,0.049962663259512964,17.51330628078026,1.46,bo416464,bo,G,g
317828260670,2459914.3403426,1.3813025450795688,0.11921637344496099,16.049343592258474,0.09381218841280242,16.961800845237413,1.53,bn416160,bn,G,g
317828260670,2459914.693987,1.6660526065660357,0.05371848586831649,15.845843846321037,0.035046707602389024,17.827331204033435,1.44,bk575574,bk,G,g
317828260670,2459914.695239,1.7417224944399416,0.06491155007762266,15.797618220250037,0.04050934228518171,17.621835661094728,1.43,bk575575,bk,G,g
317828260670,2459916.3811566,1.8109436553309761,0.12485764688155737,15.755303276949203,0.07494149979067478,16.911602746991186,1.43,bo417317,bo,G,g
317828260670,2459916.4322004,1.5326600702812365,0.13001242873023328,15.936451014616805,0.09220430547886573,16.867678433156875,1.56,bn416783,bn,G,g
317828260670,2459916.4334406,1.502949213779831,0.13187004424984788,15.95770485835292,0.09537049110190192,16.852275231646022,1.52,bn416784,bn,G,g
317828260670,2459916.7073652,1.3487112966942127,0.1300673338795035,16.075268134446485,0.10482416598131392,16.86722001602609,1.39,bk576180,bk,G,g
317828260670,2459921.5383,1.158014639190542,0.15060146549510509,16.240780498243485,0.14136025535722094,16.708067616485977,2.05,bG415596,bG,G,g
317828260670,2459923.2777256,1.2388540095205607,0.13104121896580376,16.16751529539631,0.11497408611257505,16.859120800667277,1.46,bn417976,bn,G,g
317828260670,2459924.8649661,1.788771380843592,0.1254607847115875,15.768678527687044,0.07623691860524745,16.9063706125325,1.50,br487450,br,G,g
317828260670,2459925.8347626,1.3973930151334462,0.13007499241088083,16.036769202023386,0.10117830831054565,16.86715608836839,1.56,bs489113,bs,G,g
317828260670,2459925.8360029,1.6108543251348955,0.15624462290503885,15.882424953497761,0.1054292180263297,16.668127910927552,1.63,bs489114,bs,G,g
317828260670,2459927.3213265,1.6565014916409142,0.05847801278959925,15.852086044056744,0.03837186848351959,17.735159096624752,1.78,bn418495,bn,G,g
317828260670,2459927.8386316,1.5264553543166128,0.03516317453490721,15.940855355784757,0.025038951697922408,18.287420420639986,1.46,bC398017,bC,G,g
317828260670,2459928.8201192,1.7905100174270587,0.050395046751142876,15.767623734490304,0.03059308476152361,17.896670980366075,1.56,bs490179,bs,G,g
317828260670,2459928.8213479,1.9592076570618489,0.09727104684813204,15.669864448660134,0.05396538665356589,17.182681636806407,1.58,bs490180,bs,G,g
317828260670,2459929.645321,1.5864917483361873,0.0501853978299621,15.898971078309621,0.03438363012260103,17.901197183339505,1.45,bG417628,bG,G,g
317828260670,2459930.7012572,1.7271529345898795,0.05592620503355644,15.806738635184956,0.03519627711009776,17.783602235073225,1.41,bG417947,bG,G,g
317828260670,2459931.6749473,1.6212247163192897,0.0362565642748092,15.875457581932208,0.024308356884559377,18.254173993123647,1.42,bk580320,bk,G,g
317828260670,2459931.8173648,1.6070008930816098,0.04335334457137377,15.885025326981978,0.029323692864099325,18.0600840926174,1.47,br489499,br,G,g
317828260670,2459932.3749535,1.6875056218358488,0.0626394340075314,15.83195255144573,0.04034732710310176,17.660521049182904,1.48,bo419479,bo,G,g
317828260670,2459933.684019,1.6308493456456223,0.04488188646539826,15.869031013024204,0.029913651639113803,18.022462854441873,1.45,bk580848,bk,G,g
317828260670,2459933.7263997,1.6343893713226532,0.024214525233349545,15.866676798902438,0.01610395697930052,18.692450715468528,1.60,br490169,br,G,g
317828260670,2459933.7629125,1.5695814640913972,0.03391284436267672,15.910605969074487,0.02348510618534489,18.32673006952351,1.65,br490198,br,G,g
317828260670,2459933.765393,1.5912339685441665,0.0589618210171214,15.895730519210634,0.04027624922236354,17.726213391178906,1.55,br490200,br,G,g
317828260670,2459934.7415311,1.6427946620673353,0.06888255268675983,15.861107414705092,0.045576201095450096,17.557367528785225,1.56,bs492048,bs,B,g
317828260670,2459935.7907876,1.7226475356338666,0.03581268168600786,15.809574554297805,0.02259709378404574,18.26754850495895,1.64,bs492504,bs,G,g
317828260670,2459935.7920162,1.7147428976963885,0.04732078993872281,15.814568090463727,0.029996124379253357,17.965010646913562,1.61,bs492505,bs,G,g
317828260670,2459935.813508,1.6900875896911658,0.03476723438993998,15.830292590431757,0.022360067249463555,18.299715247759497,1.62,br491052,br,G,g
317828260670,2459935.8147366,1.6267299067096135,0.04476205632325091,15.8717769946466,0.029909334577505324,18.02536553804092,1.59,br491053,br,G,g
317828260670,2459937.6526516,1.6324982314548255,0.05555728939888084,15.867933823631644,0.036991377312823044,17.790787989792708,1.44,bG419817,bG,B,g
317828260670,2459938.6798651,1.729358717873431,0.05030868344296861,15.805352903362415,0.03162059496579606,17.898533231014678,1.43,bG420125,bG,B,g
317828260670,2459939.6740347,1.5713007118933233,0.04949476228946259,15.909417354115158,0.03423829331664668,17.91624250446881,1.46,bk582616,bk,G,g
317828260670,2459940.6667184,1.626581318444994,0.048252296741910713,15.871876172159876,0.032244406128217364,17.943845636486234,1.49,bk582906,bk,G,g
317828260670,2459941.6711114,1.5719231063552732,0.08891463723708586,15.908987377601306,0.061482870524759745,17.28020745907205,1.49,bk583207,bk,G,g
317828260670,2459944.3617902,1.9153588974476248,0.10557912834830394,15.694440213626283,0.059915623265513744,17.093695430982343,1.51,bn421187,bn,G,g
317828260670,2459944.5425874,1.8290120996937902,0.0935596938595268,15.744524175960155,0.05560122835138967,17.224918631275102,1.80,bk584003,bk,G,g
317828260670,2459949.2912494,1.3651067575742937,0.2248001105604227,16.062149080997028,0.1789954850824411,16.27314931021642,1.56,bn422433,bn,G,g
317828260670,2459950.3290457,1.7159093323616506,0.20112670483613654,15.813829781646373,0.1274053234599831,16.393966265470134,2.30,bo423080,bo,G,g
317828260670,2459952.4180627,2.642371148181641,0.1839852775499269,15.345081075567322,0.07568353805047293,16.490682930747667,1.56,bn422926,bn,G,g
317828260670,2459952.6425952,1.9949419152682133,0.13281224315515042,15.650239984062072,0.07236357748535503,16.844545331813276,1.52,bG422649,bG,G,g
317828260670,2459953.6419581,1.651859670132882,0.09993651917123383,15.855132747078526,0.06576021755185893,17.15333006464164,1.55,bk586638,bk,G,g
317828260670,2459954.6345978,1.6237081657978674,0.07219932977841267,15.873795685285355,0.04833228902884596,17.50630769628845,1.44,bk586941,bk,G,g
317828260670,2459955.6574558,1.7849095197692924,0.08985074476351307,15.771025107661519,0.054716416671048984,17.268836408237508,1.48,bk587208,bk,G,g
317828260670,2459956.6433422,1.6392693854339728,0.06654163204777905,15.863439801818304,0.04412201042987893,17.594906990238954,1.48,bk587451,bk,G,g
317828260670,2459957.4055678,1.7097694432783381,0.12890381908923917,15.817721744346795,0.0819483863084341,16.87697615000569,1.71,bn424012,bn,G,g
317828260670,2459957.6352272,1.692334747784985,0.037811797624336924,15.828849943112287,0.024285845386231467,18.208572299431506,1.41,bk587716,bk,G,g
317828260670,2459958.6106006,1.7054164733719552,0.0378409417507445,15.820489488007194,0.024118131299269686,18.207735770972032,1.51,bk588001,bk,G,g
317828260670,2459959.6218821,1.725958359575849,0.04834945951676379,15.80748983796024,0.030449031433888968,17.94166155242664,1.55,bk588286,bk,G,g
317828260670,2459965.7027689,1.7504010153011682,0.03724584162764396,15.79222173087917,0.023128763129667596,18.2249461307434,1.50,bs493604,bs,G,g
317828260670,2459967.7294976,1.7498776669315053,0.044912216913313194,15.792546401186002,0.027897737083125537,18.021729379404626,1.61,br492972,br,G,g
317828260670,2459967.7318886,1.656519370307818,0.0355706100745412,15.852074325738775,0.02334032870112325,18.274912326764586,1.82,bC400869,bC,G,g
317828260670,2459969.5685492,1.702541792876546,0.044032897832221474,15.822321168554545,0.0281119944720655,18.043197442471396,1.64,bk591401,bk,G,g
317828260670,2459969.5697779,1.8192288118113824,0.04324045043936485,15.75034730857401,0.0258353920644031,18.06291508797584,1.65,bk591402,bk,G,g
317828260670,2459970.5783904,1.8361339267966355,0.0735755493495199,15.74030473411224,0.04355533223304876,17.485806827867652,1.68,bk591779,bk,G,g
317828260670,2459970.579619,1.7565126769523176,0.10417025929664223,15.788437401051826,0.064462126689687,17.108281248461864,1.66,bk591780,bk,G,g
317828260670,2459971.2769366,1.5841173006055058,0.12001342358217713,15.900597279654328,0.082348304263217,16.954566049206,1.98,bo427779,bo,G,g
317828260670,2459983.3390945,2.0290575757503113,0.42922253617915124,15.570934320511082,99.999,15.570934320511082,1.73,bn430804,bn,B,g
317828260670,2459986.5380243,1.667090305840919,0.050371822381868187,15.845167807076157,0.03284284040164132,17.897171453174604,1.69,bk597722,bk,G,g
317828260670,2459988.6206342,1.7622320051153084,0.050590960096486615,15.784907911030267,0.031204843549712997,17.892458308026036,2.43,bs501647,bs,G,g
317828260670,2459990.5276129,1.8764406185919325,0.04428193741252926,15.716728558823952,0.025650979939834697,18.037074077020556,1.71,bk599241,bk,G,g
317828260670,2459991.2683882,1.5674095412726872,0.08525737906486212,15.912109406993803,0.059123708106109334,17.325810667252586,1.63,bo433528,bo,G,g
317828260670,2459996.6377187,1.8065974067859965,0.04034523556367506,15.75791216602033,0.02427409491030718,18.13815997263068,1.68,bs503747,bs,B,g
317828260670,2459996.6534265,1.7140000410883591,0.0573752542475017,15.81503855228679,0.03638530063929429,17.755829053835214,1.61,br502289,br,G,g
317828260670,2460007.2543381,1.6596806551370753,0.2020762619836688,15.850004292323387,0.13234359885557193,16.388852362228384,2.12,bn437042,bn,G,g
317828260670,2460114.9394506,1.6095148637518375,0.14438205886918343,15.883328142987555,0.09750579136880792,16.75385753518291,1.61,bk652352,bk,G,g
317828260670,2460119.9289294,1.674682010799734,0.06303492359889687,15.840234734246309,0.040912973842974085,17.653687534476955,1.45,bk653347,bk,G,g
317828260670,2460121.9338419,1.6298841769015284,0.08405040682595549,15.869673763296511,0.056052533762231266,17.341291061743497,1.68,bG485548,bG,G,g
317828260670,2460124.9188233,1.6503106133747998,0.09966065035928133,15.85615139056717,0.06564024553369463,17.15633131910159,1.51,bG486739,bG,G,g
317828260670,2460126.6806569,1.6314226910805265,0.009452276533292723,15.868649375995833,0.006297701803043717,19.713799564566557,1.67,bn462705,bn,G,g
317828260670,2460127.9078483,1.2658482626849943,0.1907383352605692,16.144111497549837,0.16378288264770718,16.451545641819447,1.48,bG488137,bG,G,g
317828260670,2460129.6592624,1.7972228531163585,0.01513980908933579,15.76356079139359,0.00915652402205096,19.202339614412292,1.61,bn464003,bn,G,g
317828260670,2460130.6550605,2.4276202003401033,0.14195582680418709,15.437113765737331,0.06356011196564627,16.77225755259201,1.61,bo464956,bo,G,g
317828260670,2460132.0834141,1.5616696235066168,0.22317156882825054,15.916092715304618,0.155332336976581,16.281043445449956,1.55,bC442284,bC,G,g
317828260670,2460139.8868684,1.6561776494842968,0.042920769711295305,15.852298323689153,0.028169085949374242,18.070971857193257,1.52,bk661816,bk,G,g
317828260670,2460143.6322962,1.714130127546239,0.06150040545598207,15.81495615192847,0.038998361749625836,17.680445664007088,1.53,bo468639,bo,G,g
317828260670,2460144.9636693,1.8370067676938784,0.19897698795151555,15.739788731563038,0.11773464231784983,16.405633480512943,1.49,br546983,br,G,g
317828260670,2460149.077817,1.547720918128729,0.038904175799502706,15.925833991498441,0.02732220461249717,18.177650063825205,1.43,bC447534,bC,G,g
317828260670,2460150.8638872,1.7441826744050268,0.0796543945675941,15.796085701852425,0.04963979113596155,17.399616258908218,1.46,bG496683,bG,B,g
317828260670,2460151.8487847,1.4650543969806942,0.0445769654599384,15.985431246785646,0.03307264455564,18.02986435916036,1.46,bk666339,bk,G,g
317828260670,2460155.0465888,1.631616052450824,0.03216889872360358,15.868520698736946,0.02143040589252866,18.3840501278575,1.42,bC449999,bC,G,g
317828260670,2460157.0492487,1.8601277670014562,0.23444216277346225,15.72620868297671,0.13699512598966654,16.227551313499408,1.54,bC450848,bC,G,g
317828260670,2460158.0892095,1.6723173429670581,0.08903522855162757,15.841768888056313,0.05787024977389831,17.27873591678524,1.35,bC451222,bC,G,g
317828260670,2460161.6144198,1.498990824015654,0.16735583029182724,15.960568186411642,0.12135398580990184,16.593538494499114,1.52,bo472497,bo,G,g
317828260670,2460162.0233648,1.7815241072731698,0.09956007147743591,15.773086363472483,0.06074431917895985,17.157427612114937,1.42,bC452935,bC,G,g
317828260670,2460167.602168,1.7036419492213553,0.0902752697672589,15.821619809082225,0.0575973685492596,17.263718624212693,1.52,bo474736,bo,B,g
317828260670,2460177.968997,1.7596921836403283,0.0433176268382439,15.786473859903236,0.02675716664302408,18.06097897212725,1.42,bC454791,bC,G,g
317828260670,2460178.9805513,1.6086942797301675,0.033931035036027256,15.883881828444874,0.022926394583783215,18.32614784240755,1.58,bC455218,bC,G,g
317828260670,2460181.8722805,1.6984221252463019,0.04227532028073405,15.82495152547282,0.027055367687871243,18.087423345124414,1.44,bs557913,bs,G,g
317828260670,2460182.8518559,1.6606945670105298,0.06388384309135141,15.849341210117306,0.04181320350008914,17.63916302565162,1.67,br556741,br,G,g
317828260670,2460182.975324,1.6992301477409737,0.040594877104609094,15.82443511047636,0.025967563297246563,18.13146253400022,1.50,bC456755,bC,G,g
317828260670,2460183.5415523,1.679439630405687,0.0017063369549448354,15.837154629305875,0.0011043648416309856,21.572478619944615,1.51,bn477215,bn,G,g
317828260670,2460184.5330586,1.9876436917234916,0.10796441582190072,15.654219285543522,0.05904107782598276,17.069439013434742,1.57,bo478273,bo,G,g
317828260670,2460185.9058428,1.6819534384951862,0.08810539856332832,15.835530699638944,0.05693780539758337,17.290134311058154,1.38,br557329,br,G,g
317828260670,2460186.9871776,1.4868559618096793,0.2204847296904712,15.969393375861555,0.161183948571088,16.294194320139034,1.45,bs559145,bs,G,g
317828260670,2460187.8339781,1.9118750319705542,0.245697957493377,15.696416868304564,0.1396864297140541,16.176636746015717,1.75,bs559416,bs,G,g
317828260670,2460188.8552647,1.2590903543286391,0.17022775582480953,16.14992338005798,0.14695543392789556,16.57506467714161,1.43,bs559805,bs,G,g
317828260670,2460190.0465349,1.737916443223535,0.0774687947322286,15.799993391539271,0.04845181826421974,17.42982361339365,1.44,bC458990,bC,G,g
317828260670,2460194.9691081,1.665840718562664,0.0532940611908802,15.845981938663424,0.0347742294541664,17.835943570851846,1.45,bs562013,bs,G,g
317828260670,2460197.9755395,1.5959437711060271,0.03146033634973961,15.89252165713981,0.02142683118952082,18.408232207804826,1.49,bC462046,bC,G,g
317828260670,2460201.8930622,1.7200446962222213,0.04860147167870478,15.811216291248149,0.03071297317058947,17.93601706111239,1.41,bC463639,bC,G,g
317828260670,2460204.9115265,1.5677145369825807,0.038877231127673724,15.911898158649365,0.026955073085384054,18.178402295188867,1.42,bC464891,bC,G,g
317828260670,2460208.0496721,1.698350335132709,0.03750243973395667,15.824997419112382,0.024001833194661596,18.21749180688763,1.46,bC466307,bC,G,g
317828260670,2460209.1341765,1.679316628420688,0.08514853738310549,15.837234151425456,0.05511334578527685,17.327197630487237,1.45,bC466777,bC,G,g
317828260670,2460210.892429,1.9322399042654261,0.05311973953287477,15.684913005191198,0.02988182119150083,17.839500769323934,1.63,bC467282,bC,G,g
317828260670,2460211.9210045,1.6784435074039645,0.061408481294450874,15.837798801121687,0.03976800466542834,17.68206971921602,1.59,bC467724,bC,G,g
317828260670,2460213.021869,1.6527949821966024,0.03339166356137336,15.854518158079504,0.021959944742521168,18.343545471448685,1.50,bC468120,bC,G,g
317828260670,2460214.8700559,1.8075610146326757,0.10839084461066044,15.757333207475003,0.0651796174472772,17.065159110341018,1.57,bC468907,bC,G,g
317828260670,2460215.8624345,1.7677068311852389,0.08685457331046172,15.781540021714997,0.05340656224051374,17.30565888375307,1.66,bC469395,bC,G,g
317828260670,2460216.988002,1.9274347800599865,0.12747419264644694,15.687616393657978,0.07188772688130776,16.889084936295717,1.51,bC469922,bC,G,g
317828260670,2460218.0203038,1.2714025039883363,0.21702433182081834,16.13935796621979,0.1855399939112277,16.311369541992274,2.46,bC470144,bC,G,g
317828260670,2460221.6622154,1.7238489071355698,0.07203089637936298,15.808817627598907,0.045418396161158885,17.50884356310976,1.45,bG502634,bG,G,g
317828260670,2460221.7693849,1.474786281256447,0.07987634456338885,15.978242899625524,0.05887097999168339,17.39659515710834,1.52,bk672427,bk,G,g
317828260670,2460222.6533276,1.7497251926901831,0.06534693603012517,15.792641010094979,0.040594533696121496,17.614577538169705,1.50,bG503048,bG,G,g
317828260670,2460223.4552798,1.6749759119744325,0.04946143171082965,15.84004420783784,0.03209743220084085,17.91697390319895,1.75,bn485961,bn,B,g
317828260670,2460224.8445544,1.6100877656803385,0.04033084703030523,15.882941747246397,0.02722701093771116,18.138547253501947,1.41,bC473015,bC,G,g
317828260670,2460225.6471925,1.8484148647012113,0.06625206142560941,15.733066991287409,0.03895938710537704,17.599642121831813,1.43,bG504071,bG,G,g
317828260670,2460226.8636101,1.5199038439445791,0.04492392738725753,15.945525338876234,0.03212726650456134,18.021446319936587,1.42,bk674617,bk,G,g
317828260670,2460227.6345711,1.6317376639949372,0.0430453071373846,15.868439777042338,0.02867395804831364,18.067826084072042,1.51,bk674875,bk,G,g
317828260670,2460227.8606552,1.795902622261902,0.05499813919917939,15.76435866083158,0.03328720908641035,17.80177062176109,1.43,bs569813,bs,G,g
317828260670,2460228.4045432,1.6366087669194194,0.02405299604801175,15.865203439138822,0.015974838611529426,18.69971766163442,1.61,bn486814,bn,G,g
317828260670,2460228.4985552,1.6069366094147246,0.041153217905759994,15.885068759752198,0.027836666568639253,18.116631111959364,1.58,bo487490,bo,G,g
317828260670,2460231.0534805,1.6034130362846433,0.04113161196847048,15.887452096694183,0.02788319220752269,18.11720128628987,1.45,bC475861,bC,G,g
317828260670,2460231.3807796,1.7045359635543982,0.07028705865091534,15.821050200466678,0.0448209826181441,17.535452187721855,1.65,bo488026,bo,G,g
317828260670,2460231.400926,1.6758216247415139,0.03182070022733675,15.839496146679576,0.02063925964897635,18.395866280840004,1.68,bn487424,bn,G,g
317828260670,2460231.8851138,1.7967299129354255,0.06113076563744365,15.763858626696063,0.03698189912136994,17.686991023487664,1.49,bC476185,bC,G,g
317828260670,2460232.3879473,1.656506153927462,0.0783586900990757,15.852082988215138,0.05141694707030678,17.41742269294076,1.82,bo488151,bo,B,g
317828260670,2460233.3818139,1.5367386796830298,0.055445672497409296,15.933565565797881,0.03921749098923035,17.79297147300368,1.47,bo488359,bo,G,g
317828260670,2460233.4349266,1.712201136231861,0.034089385783216866,15.816178669991508,0.021640962276601988,18.321092670804887,1.54,bn487783,bn,G,g
317828260670,2460233.8783896,1.713867590118183,0.043617969613479614,15.81512245681825,0.02766306849476136,18.053476997433652,1.41,bC477107,bC,G,g
317828260670,2460234.3615481,1.6692256457561623,0.050443688261857994,15.843778000951287,0.032847623732718316,17.895623528643743,1.51,bo488662,bo,G,g
317828260670,2460234.376803,1.8151763064540418,0.05614423034808728,15.752768587141905,0.033620060551634676,17.779377779705133,1.55,bn488057,bn,G,g
317828260670,2460234.9012021,1.6717503770284556,0.038936111436765466,15.842137047737186,0.025315896941851497,18.176759170927074,1.39,bC477604,bC,G,g
317828260670,2460235.3846809,1.6955859901520414,0.03520534830642951,15.826766073444103,0.02256841184347122,18.286118997950794,1.51,bn488383,bn,G,g
317828260670,2460235.8207251,1.705586252257991,0.028522814710031368,15.820381405370883,0.018177362432642195,18.514659659762142,1.42,bC478017,bC,G,g
317828260670,2460236.3856733,1.9147359973231546,0.047281864945662166,15.69479336687268,0.02684094910970773,17.965904116059274,1.60,bn488800,bn,G,g
317828260670,2460236.4920017,1.5984668600621763,0.03525672823580133,15.890806530367783,0.023974554398705366,18.284535591325795,1.52,bo489501,bo,G,g
317828260670,2460237.0361883,1.6243602808696742,0.035790886510799806,15.873359718516632,0.023949820720136284,18.268209472341976,1.50,bC478612,bC,G,g
317828260670,2460237.3446899,1.819120279183534,0.07588082574311665,15.750412083998546,0.04534013465753338,17.452310490740903,1.43,bo489682,bo,G,g
317828260670,2460237.3675838,1.572107478243969,0.050184870104273215,15.908860038359819,0.03469786424106411,17.901208600483216,1.52,bn489074,bn,G,g
317828260670,2460237.8384564,1.7247716850419728,0.03856697739888188,15.808236587511102,0.024305030034430415,18.187101603104225,1.52,bC478884,bC,G,g
317828260670,2460239.5991885,1.7439442574599382,0.06070289061528453,15.796234124151596,0.037834582476163975,17.69461718077311,1.69,bk679458,bk,G,g
317828260670,2460240.6062518,1.5669371128720522,0.08612244113187553,15.912436704947229,0.059741612019646034,17.314849783044583,1.51,bG508940,bG,B,g
317828260670,2460241.0290129,1.73478435921501,0.05568315156250224,15.801951877524642,0.0348891575026869,17.788331092553097,2.20,bC480359,bC,B,g
317828260670,2460241.3756373,1.6569711582109263,0.09011637467822418,15.851778249753588,0.05911544125954774,17.265631331379044,1.47,bo490479,bo,G,g
317828260670,2460241.9156323,1.627271841809621,0.06236126711497194,15.871415348520001,0.04165498612644521,17.665353283915028,1.62,bC480761,bC,G,g
317828260670,2460242.3655902,1.4639059800002683,0.1283949582242129,15.986282660118174,0.09533381180682508,16.88127068564579,1.50,bn490133,bn,B,g
317828260670,2460242.4297973,1.6946389797019605,0.08690738806477419,15.827372642959592,0.05574317207133606,17.30499886711635,1.45,bo490801,bo,G,g
317828260670,2460242.9153558,1.7794024162165396,0.05733929058220015,15.774380182400167,0.03502598135318764,17.756509822866043,1.44,bC481253,bC,G,g
317828260670,2460243.3818087,1.6017545829142397,0.11236238560474698,15.888575684127218,0.07624952607223842,17.026088233232002,1.49,bo491166,bo,G,g
317828260670,2460243.8152908,1.5544376707198826,0.10168777403560426,15.921132340919467,0.0711062214015612,17.134468759815068,1.47,bC481668,bC,G,g
317828260670,2460244.7811396,1.2642563255491002,0.30353874171062817,15.947105287762733,99.999,15.947105287762733,1.41,bC482120,bC,B,g
317828260670,2460249.3370406,1.5818237896045217,0.06418991291394463,15.90217036537793,0.04410835450206678,17.633973645242044,1.47,bo492606,bo,G,g
317828260670,2460249.7682672,1.5287474928272144,0.14926045125821816,15.939226227796395,0.10612584595825258,16.71777873572659,1.42,br575175,br,G,g
317828260670,2460250.0279013,1.6101592636579087,0.0637135018774062,15.88289353483156,0.043010531909220204,17.642061921910916,1.41,bC484743,bC,G,g
317828260670,2460250.6502268,1.727788518867692,0.06998644492209291,15.806339162789445,0.04402866549388773,17.540105778034803,1.51,bG511795,bG,G,g
317828260670,2460250.8928992,2.348823555818226,0.09011179608902248,15.47293963803577,0.04170070765935802,17.26568649634069,1.47,bs577238,bs,G,g
317828260670,2460250.972006,1.5720048598257894,0.06423597646263991,15.908930911483903,0.04441571100110048,17.63319478570016,1.40,bC485183,bC,G,g
317828260670,2460251.6631955,1.536042257403159,0.0471459386000757,15.934057713407153,0.03336209351525325,17.96902989577616,1.56,bG512058,bG,G,g
317828260670,2460252.0374772,1.8146634186591961,0.06834486630064499,15.753075411075589,0.040937563070381516,17.565875865793224,1.46,bC485586,bC,G,g
317828260670,2460252.5602595,1.8507383893004796,0.1323233081294359,15.731703038545458,0.07771475621886782,16.848549736793128,1.55,bn492695,bn,G,g
317828260670,2460252.6682244,1.6329930318562738,0.05137572664352993,15.867604793375076,0.03419682757053347,17.875745667782056,1.55,bs577978,bs,G,g
317828260670,2460253.3532719,1.5835940119959824,0.03912762837860697,15.900955995040924,0.02685665045721316,18.17143179882685,1.60,bo493492,bo,G,g
317828260670,2460253.6473714,1.585364710673519,0.03855688911507292,15.899742655246849,0.026435344371829934,18.18738564526997,1.44,bk684280,bk,G,g
317828260670,2460254.0211862,1.525273067693253,0.048330137149674754,15.941696617704624,0.0344415428844053,17.942095542524093,1.41,bC486586,bC,G,g
317828260670,2460254.4542113,1.7511375240030282,0.03720888991558713,15.791764986413533,0.02309609896769641,18.226023827595444,1.74,bn493251,bn,G,g
317828260670,2460254.5357302,1.6470686787096835,0.06003264129821771,15.858286350886717,0.03961757746947311,17.7066719821044,1.42,bo493931,bo,G,g
317828260670,2460255.3212523,1.7161884178185791,0.05309231673778483,15.813653205565195,0.03362628446457405,17.84006141984087,1.49,bo494069,bo,G,g
317828260670,2460256.3912336,1.6601251479072612,0.03765863689212426,15.849713551283182,0.024656756161606508,18.212979121294108,1.47,bo494232,bo,G,g
317828260670,2460256.668651,1.6532303864208517,0.04578249440581755,15.854232174712774,0.03010081431156363,18.000891983913355,1.46,bs579575,bs,G,g
317828260670,2460256.9599306,1.5548236293022835,0.03528502538439344,15.92086279187346,0.024667291992795343,18.283664525927243,1.47,bC487684,bC,G,g
317828260670,2460257.3354012,1.7605276377054306,0.031166854626028265,15.785958504164697,0.01924253568777264,18.4184081732418,1.48,bn493835,bn,G,g
317828260670,2460257.468237,1.78745612256554,0.0415839280801801,15.769477147793909,0.025287290275638852,18.105326833839854,1.43,bo494533,bo,G,g
317828260670,2460257.9316425,1.7404735570398344,0.03521763879182082,15.798397048662263,0.021994038352486447,18.28574002438978,1.47,bC488163,bC,G,g
317828260670,2460258.3164976,1.8891306136748163,0.05213669532273554,15.70941065755014,0.029998095733960884,17.859781861420505,1.48,bn494117,bn,G,g
317828260670,2460259.3361322,1.7973123109503972,0.03595146771561319,15.76350674957466,0.021742288227534445,18.26334904865186,1.52,bn494382,bn,B,g
317828260670,2460259.9640158,1.7365810630262624,0.03939306042871157,15.800827970177522,0.024656806904040363,18.16409130579717,1.45,bC489151,bC,G,g
317828260670,2460261.5935329,1.522378556894092,0.03721742520979445,15.943758976859643,0.026572709442687362,18.22577480067629,1.74,bk686942,bk,G,g
317828260670,2460264.5706959,1.6285214712918001,0.044069929597735945,15.870581900012999,0.02941447087636235,18.042284719643177,1.42,bG515072,bG,G,g
317828260670,2460265.9815677,1.7086015485562194,0.034004267502754676,15.818463633179526,0.021632404793448544,18.323807051439783,1.51,bC491438,bC,G,g
317828260670,2460266.6630423,1.6973990578175888,0.052839093579427024,15.825605730344625,0.03383635516022217,17.845252214030584,1.43,bG515906,bG,G,g
317828260670,2460267.7040925,1.645491208041967,0.04348749567036017,15.859326706844293,0.028726386869758726,18.05672961514958,1.51,bk689069,bk,G,g
317828260670,2460268.7172635,1.660212946143332,0.04116139363233417,15.849656131995784,0.0269487389292256,18.116415435004686,1.45,bk689475,bk,G,g
317828260670,2460269.7194734,1.5866578449510922,0.0586085844218244,15.898857413886844,0.04015042264462765,17.732737531551294,1.48,bk689863,bk,G,g
317828260670,2460270.8204666,1.694201077862656,0.05480666147893075,15.82765323801609,0.035162566538103644,17.805557241339095,1.44,bs582441,bs,G,g
317828260670,2460271.5605909,1.6313882244178188,0.11410623274051299,15.868672314317747,0.07602636330947207,17.009367193409716,1.42,bG517348,bG,G,g
317828260670,2460276.2887432,1.972951285648389,0.2780113307834145,15.662274716849776,0.15316456686516558,16.04248436988052,2.06,bo499512,bo,G,g
317828260670,2460277.4938783,1.639439071962743,0.17636033234666418,15.863327419268709,0.11692780579566639,16.536638340011645,1.53,bo499945,bo,G,g
317828260670,2460278.3411257,1.821415971164787,0.11337605113545977,15.74904277131602,0.0676588105856506,17.016337295114944,2.37,bn499510,bn,G,g
317828260670,2460278.8603106,1.527122780111658,0.09717652645256576,15.940380733339017,0.0691671033679744,17.183737183264462,1.54,bs584882,bs,G,g
317828260670,2460282.87145,1.696348916646234,0.06983569448035873,15.826277657862411,0.04474808385275001,17.54244697058977,1.53,br584851,br,B,g
317828260670,2460282.9235113,1.748632700268055,0.048684254345296704,15.793319133174995,0.0302623116670041,17.934169304743357,1.45,bC496414,bC,G,g
317828260670,2460283.4206059,1.8764829472315852,0.0664620511856559,15.71670406712527,0.038498276838053756,17.59620626002492,1.66,bo501061,bo,G,g
317828260670,2460283.8603227,1.653999195919828,0.05511489570258246,15.853727387063865,0.036219785037790185,17.799468136673706,1.48,br585426,br,B,g
317828260670,2460283.9307527,1.6625659651012696,0.03385609480652529,15.848118408079506,0.02213452207192838,18.3285484560255,1.48,bC497174,bC,G,g
317828260670,2460284.8438283,1.6563802509438663,0.10759206748944315,15.852165512884525,0.0706045000104328,17.073189978947042,1.40,br585670,br,B,g
317828260670,2460284.9273778,1.6931516844978445,0.03712486568917923,15.828325954727688,0.02383313630373913,18.228478383612433,1.68,bC496936,bC,G,g
317828260670,2460286.871421,1.740234073363008,0.04208869550919088,15.798546452821647,0.02628875205666913,18.09222694769814,1.87,bC498005,bC,G,g
317828260670,2460290.7662076,1.6415608282812388,0.029026169937068434,15.861923171756466,0.01921962571879762,18.49566627754114,1.50,bC499364,bC,G,g
317828260670,2460291.3359519,1.5809975234226332,0.03392800068934954,15.902737648218196,0.023325945216550396,18.32624494075305,2.30,bn502305,bn,G,g
317828260670,2460292.6850568,2.017068594887527,0.16781913083146136,15.638263953256775,0.09043425652067162,16.59053694278268,1.69,bk698113,bk,B,g
317828260670,2460294.3499173,1.6076301158727777,0.04026257606509027,15.884600289102327,0.02722247437633284,18.14038671567022,1.46,bn503094,bn,G,g
317828260670,2460296.3353699,1.649558028636044,0.04352883507910935,15.856646627560414,0.028682804940222097,18.05569799968723,1.43,bo504210,bo,G,g
317828260670,2460297.4180647,1.7801535067875434,0.059206775808386736,15.77392198690852,0.036151484043759584,17.721712082481137,1.52,bn504094,bn,G,g
317828260670,2460298.674403,1.7771822818537628,0.06713553696351486,15.775735685375533,0.041061297137642526,17.585259444338803,1.80,bs592424,bs,G,g
317828260670,2460300.7207452,1.347599749314464,0.16731685760486753,16.076163318482205,0.13495561249772056,16.593791362802687,1.48,br591536,br,B,g
317828260670,2460304.5524342,2.0654733009516852,0.12408375859688257,15.612516658525406,0.06529914987845216,16.918353261107004,2.30,bk702271,bk,B,g
317828260670,2460308.7703775,1.5255017430571625,0.08600918720610647,15.94153385175984,0.06128360546858849,17.316278502524774,1.48,bs595701,bs,G,g
317828260670,2460310.8072569,1.6537568927538389,0.0327529625569344,15.853886454004268,0.02152737588791208,18.36451413963499,1.52,bC504354,bC,G,g
317828260670,2460311.6099219,1.705213696792282,0.03430586915559367,15.82061859134781,0.021867633530475987,18.314219544291902,1.44,bk703951,bk,G,g
317828260670,2460311.8797349,1.6876831914605064,0.0364290683737399,15.83183830967663,0.02346223132995153,18.249020449280124,2.02,bC504904,bC,G,g
317828260670,2460312.7552663,1.7521918053277772,0.03675445140185569,15.79111151005934,0.022800295340222498,18.23936574934131,1.46,bs597263,bs,G,g
317828260670,2460314.7628045,1.6475011553259178,0.03529721697529914,15.858001302733964,0.0232877167135902,18.2832894499498,1.52,bC506264,bC,G,g
317828260670,2460315.4097125,1.7932814247192665,0.04818998639115448,15.765944497356294,0.029209258105478517,17.945248602300875,1.71,bn507577,bn,G,g
317828260670,2460317.6484252,1.6405803293628944,0.034905623275264974,15.862571872196156,0.023126508458840584,18.295402118493218,1.57,bk706149,bk,G,g
317828260670,2460321.3785093,1.6971642636498852,0.04034293610668534,15.825755926116397,0.02583781572972884,18.138221855398726,1.44,bo509361,bo,G,g
317828260670,2460321.3859398,1.813319806622859,0.06089004657106689,15.75387960900546,0.03649926118255096,17.69127484589244,1.49,bn508704,bn,G,g
317828260670,2460322.3599331,1.8146701139025698,0.04879798914100379,15.753071405233708,0.02922916520099649,17.931635796341105,1.39,bo509549,bo,G,g
317828260670,2460322.363654,1.6648513429219989,0.04559109747134186,15.84662697036551,0.029765745116163908,18.00544049472259,1.46,bn508889,bn,G,g
317828260670,2460323.3409503,1.7235939641376614,0.04632890094375094,15.808978210879802,0.029216568445695857,17.988010617448747,1.52,bn509189,bn,G,g
317828260670,2460323.3596123,1.6925178169913657,0.053407232799216865,15.828732499376269,0.03429880584792976,17.833640420552477,1.41,bo509907,bo,G,g
317828260670,2460324.310259,1.4946711554847147,0.04776856770852276,15.963701488570468,0.034738314186626464,17.954785062431544,1.52,bn509484,bn,G,g
317828260670,2460324.3590706,1.7462190819618928,0.04738872526501917,15.794818798030267,0.02949772140036697,17.96345304510695,1.47,bo510226,bo,G,g
317828260670,2460325.3223604,1.7443741966490862,0.055159425281381576,15.795966487723323,0.03437100661094061,17.79859128015659,1.52,bn509854,bn,G,g
317828260670,2460325.3486164,1.7436064451711486,0.04707882375500649,15.796444458030452,0.029348729845563516,17.97057660234608,1.46,bo510578,bo,G,g
317828260670,2460333.3203906,2.159291237045682,0.15911729726713114,15.564287566572023,0.08009738613242616,16.648347128080907,1.53,bo512572,bo,G,g
317828260670,2460333.7896136,1.7012805077139477,0.08860464749902852,15.823125806932994,0.05660994704799098,17.283999356096803,1.79,bC508016,bC,G,g
317828260670,2460334.3325735,1.3762800687749714,0.23598718327305543,16.053298571060424,0.1863776230762485,16.220419569959073,1.50,bo512954,bo,G,g
317828260670,2460334.7830583,1.9639880799641125,0.11101224768056595,15.66721850329533,0.06143901169273679,17.03921337153288,2.14,bC508516,bC,G,g
317828260670,2460337.7799968,1.6113400496317052,0.09745743827026415,15.882097618387348,0.06574155352500834,17.18060313270931,1.48,bC509798,bC,G,g
317828260670,2460338.7235748,1.6454266495679277,0.03330027965340211,15.859369304973828,0.021997915345850865,18.346520909701955,1.58,bC510206,bC,G,g
317828260670,2460339.3000764,1.3795108616199796,0.0811371063136414,16.050752811634123,0.06393027363270483,17.379591824195543,1.53,bo513980,bo,G,g
317828260670,2460341.289445,1.691210914135909,0.04957647027645842,15.829571190612818,0.03186324499291407,17.9144516043757,1.68,bn513529,bn,G,g
317828260670,2460367.6217956,1.8711780680613357,0.059865466227873115,15.71977782603804,0.0347755032265627,17.709699688675833,1.52,br610660,br,G,g
317828260670,2460370.6251992,1.5003291160442114,0.05514893903756302,15.959599278636937,0.039954232916523905,17.798797706834574,1.48,bs612458,bs,G,g
