# "asas_sn_id":343597933014,"ra_deg":228.64767,"dec_deg":-0.49997,"name":"V0557 Ser"
asas_sn_id,jd,flux,flux_err,mag,mag_err,limit,fwhm,image_id,camera,quality,phot_filter
343597933014,2456649.1674335,1.9350829137165484,0.14593318702773253,15.743032458909884,0.08197221331116837,16.80197122590272,1.56,bd013184,bd,G,V
343597933014,2456651.1500015,1.3540014010855355,0.08795904115071186,16.13073362015193,0.07061119238727216,17.35165517759696,1.66,bd013416,bd,G,V
343597933014,2456657.126774,2.0869651767557778,0.07953112305323261,15.660993398371064,0.04142228813723264,17.461013605834438,2.02,bd014934,bd,G,V
343597933014,2456675.133975,2.1042747482233994,0.11676149125020262,15.652025295556939,0.06031278211628299,17.04410731103195,1.48,bd016860,bd,G,V
343597933014,2456677.0916758,1.4278819170836297,0.10406493735240484,16.073050670369366,0.07921807888049995,17.1690953258898,1.95,bd017635,bd,G,V
343597933014,2456701.0336587,1.6788562833369391,0.10678768656253455,15.897247603458865,0.06913848046592179,17.141053448421385,1.51,bd020243,bd,G,V
343597933014,2456730.1092359,1.568812758355979,0.0651253479004985,15.97085362309162,0.04512228833806694,17.677981252874858,1.45,bd020917,bd,G,V
343597933014,2456741.9076916,1.6502916418915452,0.08378719380196503,15.915879654176319,0.05518602556629292,17.40441228045885,1.44,bd023295,bd,G,V
343597933014,2456751.0214801,1.9907144873796943,0.09364568130154935,15.712258961940952,0.05113178442650714,17.28363700961114,2.07,bd023903,bd,B,V
343597933014,2456756.0446447,2.0551926363217423,0.09684263913210638,15.677650066516462,0.05121842903031548,17.247189853129893,1.73,bd024890,bd,B,V
343597933014,2456757.9448582,1.8396171513049078,0.0919551819400432,15.797962779569074,0.054332655382419735,17.30341587364724,1.49,bd025519,bd,G,V
343597933014,2456758.9684667,3.5565924359598675,0.131702875142561,15.082196153244269,0.040250689851497067,16.91336825382527,1.48,bd025696,bd,G,V
343597933014,2456772.9450704,1.5009593044140639,0.09123881227537864,16.018859111130674,0.06607282539027232,17.31190733592272,2.52,bd027710,bd,G,V
343597933014,2456781.9214735,1.5084847760082565,0.0618337271049603,16.013429075695505,0.04455502237021341,17.734292831354495,1.47,bd028378,bd,G,V
343597933014,2456782.7968164,2.1323427422858034,0.089389178879029,15.637638873705697,0.04556591631761392,17.334144023912245,1.55,bd028619,bd,G,V
343597933014,2456783.7990843,1.3768315192165577,0.09475705104876334,16.11257940563801,0.07480711559888466,17.27082755241615,1.47,bd028759,bd,B,V
343597933014,2456784.9221425,1.3866018038762824,0.08392704521244992,16.104902002388947,0.06579037246954766,17.402601560322793,1.71,bd029186,bd,G,V
343597933014,2456785.9246941,1.8503006343234156,0.0680664994436822,15.791675660238862,0.03998556997161538,17.630022853487777,2.03,bd029457,bd,G,V
343597933014,2456787.9124798,1.3129336092500985,0.09298233202771453,16.16417449002695,0.07697857034961872,17.291355308093813,1.51,bd029854,bd,G,V
343597933014,2456796.0035283,1.4425037610076448,0.10718109875292751,16.061989019128266,0.08076318235404789,17.137060881569106,1.47,bd031059,bd,B,V
343597933014,2456797.9966084,1.288614376609638,0.09349823223908472,16.184473973753153,0.07886650587489095,17.285347894198015,1.45,bd031713,bd,G,V
343597933014,2456800.0185263,2.776025858552197,0.09714902272813633,15.351222636430421,0.03803882572261179,17.243760303260046,1.41,bd032360,bd,G,V
343597933014,2456801.896299,3.1353843961920242,0.08958353463021654,15.219054422851189,0.031056290043740314,17.33178590848246,1.44,bd032924,bd,G,V
343597933014,2456803.9134018,2.188134718856454,0.11862937599446445,15.609596261809083,0.058929175062134555,17.026875778767263,1.55,bd033531,bd,B,V
343597933014,2456807.897507,1.3784842516947544,0.06838083400197381,16.111276882186786,0.05391936352484712,17.625020410340426,1.60,bd034622,bd,G,V
343597933014,2456810.8799884,1.5395792886729238,0.06507909629552798,15.991276254325058,0.04594641449631828,17.678752609712433,1.54,bd035532,bd,G,V
343597933014,2456812.8759691,1.6295417957208973,0.06161648721077951,15.929617644373293,0.04110016864635467,17.738114055367813,1.47,bd036162,bd,G,V
343597933014,2456814.8381925,1.6472458647540489,0.08407194451563613,15.917885339596758,0.05547596162896143,17.40072866264907,1.43,bd036723,bd,G,V
343597933014,2456815.8577084,1.6993770643513253,0.08221673003306328,15.88405702326809,0.05258751149475808,17.424955894177565,1.48,bd037059,bd,G,V
343597933014,2456821.9459736,1.876402710742754,0.16967500452867731,15.776466275320649,0.09828879040339794,16.638311720039553,1.47,bd038993,bd,G,V
343597933014,2456824.9301797,2.7226809892477517,0.09837021824583507,15.372289507121488,0.03927164096325293,17.23019730636894,1.47,bd039923,bd,G,V
343597933014,2456825.8644461,1.906301558043274,0.11114095790926509,15.759302397450966,0.06337160483455238,17.097671054695994,1.47,bd040221,bd,B,V
343597933014,2456827.8614325,1.5560665366022317,0.060138302218963005,15.979710996370306,0.042008306370982795,17.76447848555202,1.51,bd040876,bd,G,V
343597933014,2456829.8536671,2.0151346602106086,0.06946576170442678,15.699021222204646,0.037469586630161776,17.607929388197228,1.52,bd041492,bd,G,V
343597933014,2456832.6052554,1.7132370770027172,0.09085619726591253,15.875237743002408,0.057643356826817,17.316470004396322,1.49,bf014430,bf,B,V
343597933014,2456835.6085523,2.191946260009492,0.06970056293683,15.60770664867621,0.03456356701589391,17.604265679444417,1.97,bf015305,bf,G,V
343597933014,2456837.6106043,1.8333948721413709,0.0574403802928375,15.801641373694792,0.03405441834663386,17.814313127284663,1.63,bf015891,bf,G,V
343597933014,2456838.6095498,3.45157892392033,0.08876811826790548,15.11473688344158,0.027954477414707215,17.341713859480514,1.61,bf016284,bf,G,V
343597933014,2456840.6017178,2.337493323792647,0.12475852499328134,15.537905456665392,0.05801389505745206,16.972180814931505,1.49,bf017011,bf,B,V
343597933014,2456842.5888887,1.3559655588742412,0.17457970169430803,16.129159757718924,0.13994495957363717,16.607372025989292,1.49,bf017806,bf,B,V
343597933014,2456848.852416,1.6858965990047026,0.1829600489390863,15.892704068146866,0.11796074476302779,16.556465724261923,1.53,bd043807,bd,B,V
343597933014,2456850.5863903,1.8855497112761448,0.18521499857622625,15.771186437565676,0.10677026939272716,16.54316601212178,1.64,bf020428,bf,B,V
343597933014,2456851.8265498,2.0617802331662216,0.18691903814886973,15.674175475486917,0.09854244612730235,16.533222549781502,1.57,bd044790,bd,B,V
343597933014,2456852.5870009,1.733416198550905,0.14970707509694453,15.86252427783512,0.09387536689869862,16.77425058014473,1.47,bf021232,bf,G,V
343597933014,2456856.5802726,1.7864440215771575,0.05843786084696748,15.829807874302999,0.03555634164680802,17.795620618820468,1.52,bf022010,bf,G,V
343597933014,2456857.5778015,1.7411946109964234,0.05927228980032587,15.857663118655843,0.03700126427568428,17.780227130732207,1.54,bf022410,bf,G,V
343597933014,2456858.583071,2.621563472613729,0.07236087968975422,15.413380461511476,0.030002374887814882,17.56359679885414,1.58,bf022797,bf,G,V
343597933014,2456862.5604138,1.543674593303331,0.057224215183898766,15.98839201365479,0.04029361768689798,17.818406780814616,1.70,bf023606,bf,G,V
343597933014,2456864.5482739,1.3630990415824855,0.06565212110319386,16.123462873422486,0.05235202947269146,17.669234488842,1.50,bf024288,bf,G,V
343597933014,2456870.5425114,1.6654780814732209,0.08517985533622208,15.905934100687924,0.0555917248677349,17.386514148272916,2.05,bf025567,bf,G,V
343597933014,2456879.5379823,0.9746315884485519,0.14159567473869472,16.487680196911548,0.15791437906529668,16.834731425296226,1.63,bf028755,bf,B,V
343597933014,2456881.5367971,3.319733579248486,0.14838549970169518,15.157023326058859,0.04858479838276345,16.78387773476993,1.46,bf029522,bf,G,V
343597933014,2456882.5284646,1.642288058399893,0.08082074128256617,15.921158067014288,0.0534916096963334,17.443549320063067,1.48,bf029895,bf,G,V
343597933014,2456885.762684,1.5195655960325298,0.07579961093142001,16.005482773815892,0.054220022921229585,17.51318895251142,1.50,bd047627,bd,G,V
343597933014,2456886.519108,3.4820393239512297,0.09201644573775787,15.105197225876037,0.028723936319138364,17.302692758604795,1.57,bf031386,bf,G,V
343597933014,2456888.7365749,1.6583581669127776,0.09410734787161708,15.910585569809124,0.061681847476322216,17.278297557863525,1.48,bd082576,bd,G,V
343597933014,2456889.7472545,2.1264943548713835,0.08092900045908381,15.640620819153186,0.04136681794866589,17.442095952363953,1.46,bd048714,bd,G,V
343597933014,2456890.5121411,1.5817813434285288,0.059746107328135824,15.961915282316987,0.04105587746286223,17.771582356906105,1.51,bf032193,bf,G,V
343597933014,2456892.5118472,1.6455375813546242,0.06006874531869379,15.919011891240071,0.03967828824856853,17.76573499180334,1.56,bf033704,bf,G,V
343597933014,2456895.5089213,1.8848743320034629,0.07641827919900884,15.771575403755005,0.04406837397332216,17.50436325883003,2.68,bf034361,bf,G,V
343597933014,2456904.5035776,1.9813341429177351,0.14514976467931956,15.717387095796768,0.07962891262487931,16.807815553480857,1.46,bf035904,bf,B,V
343597933014,2456906.4937258,2.5438531132302376,0.1718090945254084,15.44605132767675,0.07341187068436889,16.624741021166155,1.63,bf036372,bf,G,V
343597933014,2456910.4772481,1.3622147184555677,0.15885454926582754,16.124167483426206,0.1267553389293769,16.709857252083868,1.56,bf037219,bf,G,V
343597933014,2456912.4779616,1.7096365981351853,0.16487162639951305,15.877521889058473,0.10482244575260177,16.669491588379827,1.70,bf037995,bf,B,V
343597933014,2456919.4733469,2.4644427262642523,0.3810212414954327,15.48048458054457,0.1680515919282081,15.759983424257545,1.77,bf039726,bf,B,V
343597933014,2456920.4783444,1.9282869351168286,0.25611601063690886,15.746852257641011,0.14437009503812773,16.19126457251642,2.15,bf040052,bf,G,V
343597933014,2456921.4771436,1.7185977391546192,0.2036471847423285,15.87184581417987,0.1288001435975196,16.440160366943324,2.55,bf040430,bf,G,V
343597933014,2457018.1424715,1.372601962891866,0.08487063121543274,16.115919865470268,0.06720862172553863,17.390462813168742,1.58,bd078368,bd,G,V
343597933014,2457022.1531504,2.5226150488497128,0.1023400599226148,15.455153948967926,0.04409677791258065,17.187242226361338,1.71,bd079499,bd,G,V
343597933014,2457030.8664908,2.575796248384382,0.21676927175091326,15.432502638719587,0.09147415048456736,16.372362097244974,1.62,bf072572,bf,G,V
343597933014,2457033.8630455,1.5296076799049168,0.1831995886003291,15.998331265872936,0.13018370018999356,16.555045158513405,1.57,bf073352,bf,G,V
343597933014,2457040.1028864,2.035611385336131,0.0718392190921039,15.688044226388051,0.038360027002852806,17.57145238665276,1.63,bd084142,bd,G,V
343597933014,2457042.1093952,2.4629463768850486,0.07505474168948943,15.48114401324286,0.03312343367784329,17.523911057141127,1.48,bd084867,bd,G,V
343597933014,2457044.1051527,1.9956363323395134,0.06315809310725413,15.709577899373121,0.03440010591662138,17.71128387079462,1.45,bd085694,bd,G,V
343597933014,2457047.0981064,2.0796381158229216,0.06492230012575828,15.664811982945086,0.03393269097689825,17.681371648669277,1.47,bd086928,bd,G,V
343597933014,2457049.1130076,1.7635519470699568,0.06656660955775685,15.843810762663079,0.0410280006262815,17.65421529977512,1.55,bd087712,bd,G,V
343597933014,2457051.1074347,1.655440514741089,0.05018088056786277,15.912497455061414,0.03294859278491295,17.96101069869916,1.51,bd088345,bd,G,V
343597933014,2457052.8415013,1.5423288096116394,0.08759323323656333,15.98933897707621,0.061731347773159535,17.356180000446553,1.46,bf078556,bf,G,V
343597933014,2457055.0958652,3.504778381464291,0.13257066516211524,15.098130001221147,0.04111488185710947,16.906237805368683,1.60,bd089801,bd,G,V
343597933014,2457061.0753055,1.7017113898153298,0.1343364153671412,15.882566640349747,0.08580646733886924,16.891872005168217,2.25,bd090603,bd,G,V
343597933014,2457069.057472,1.5525742797702209,0.0631484158004932,15.982150436304268,0.04421017614822204,17.711450243888553,1.98,bd092147,bd,G,V
343597933014,2457069.81624,1.5245573456941581,0.08630218605723793,16.00192199240578,0.061530466033435254,17.372301902054875,1.41,bf082876,bf,G,V
343597933014,2457072.0513795,2.2783085923076487,0.07335585110806782,15.565750034417853,0.034997287478461155,17.548769492823077,1.49,bd093319,bd,G,V
343597933014,2457072.8032425,1.6383379674018743,0.07255149666531238,15.923772664866947,0.04813434348186115,17.560740453852066,1.40,bf083885,bf,G,V
343597933014,2457074.8992629,1.4585447543076648,0.161746086118888,16.04998200539325,0.12053861402158857,16.69027194231173,1.42,bf084257,bf,G,V
343597933014,2457077.7536885,1.4949521058548563,0.10023668060951817,16.023213206304227,0.07288053796458958,17.209789702842766,1.44,bf085047,bf,G,V
343597933014,2457079.0405725,1.4108955706850295,0.06848723082246339,16.0860442293686,0.05276268757593857,17.623332377365102,1.52,bd095008,bd,G,V
343597933014,2457080.8007441,1.6310456896516996,0.09654531966767675,15.928616087315309,0.06433943912299589,17.250528331525903,1.48,bf086117,bf,G,V
343597933014,2457084.0258022,1.514513811666393,0.12186998076114133,16.009098308886983,0.08746527722107295,16.997614537246406,1.65,bd096020,bd,G,V
343597933014,2457087.729484,1.049307287091951,0.2662625251460205,16.149081277688047,99.999,16.149081277688047,1.92,bf088341,bf,B,V
343597933014,2457089.8851688,2.5616079085288055,0.12804840321295774,15.438499766047858,0.054334250962920584,16.94392097591075,1.41,bf089101,bf,B,V
343597933014,2457096.8020331,2.4870431434040756,0.06920639746784774,15.470573106621803,0.030246497843534056,17.61199078699448,1.48,bf091430,bf,G,V
343597933014,2457097.7946073,1.5277278142212811,0.0950525080802934,15.999666440566024,0.06762850201702972,17.26744744177637,1.49,bf091800,bf,G,V
343597933014,2457100.689137,2.014212293242251,0.07668887136965137,15.699518298897559,0.04138464905597235,17.50052552791825,1.45,bf092389,bf,G,V
343597933014,2457103.0048349,3.512594163540016,0.10732269544375907,15.0957114660721,0.03321052712381967,17.13562746472335,1.46,bd099828,bd,G,V
343597933014,2457105.0274833,2.5121088016534716,0.10911851242585893,15.459685291640671,0.047214148784356966,17.11761030175326,1.59,bd100427,bd,B,V
343597933014,2457106.9829196,1.8772953454424286,0.09376686585054456,15.775949896104835,0.054291141032615516,17.282232893689994,1.44,bd101077,bd,G,V
343597933014,2457111.7797208,3.035558215131346,0.12327274681540247,15.25418498933358,0.04414084876902965,16.98518871062095,1.49,bf094472,bf,G,V
343597933014,2457111.9104701,1.7526233172224606,0.05245124934468704,15.850559941194067,0.03252965254332304,17.912966800720895,1.50,bd102438,bd,G,V
343597933014,2457112.6676151,1.6809318354016796,0.08776932995293713,15.895906148445292,0.056755094758629075,17.353999436461915,1.42,bf094783,bf,B,V
343597933014,2457112.9071956,2.5057528483807148,0.081383749204415,15.462435822745741,0.035303001658158854,17.43601216079792,1.46,bd102783,bd,G,V
343597933014,2457114.781122,2.8243244986505713,0.14095891674926792,15.332494921551717,0.054248799644341435,16.839625009714855,1.49,bf095623,bf,G,V
343597933014,2457115.7447648,1.8162185522559937,0.174966849916132,15.811861135563468,0.10471281573919607,16.60496696142215,1.51,bf095977,bf,G,V
343597933014,2457123.8204959,1.8262035124429608,0.11510702849799496,15.805908470143947,0.06851171540927338,17.059601786933012,1.45,bf098437,bf,G,V
343597933014,2457124.6718057,1.4750072312959617,0.09680948707110831,16.037796030843005,0.07134046607060136,17.247561595944653,1.50,bf098723,bf,G,V
343597933014,2457128.0198105,2.1947844841626036,0.07568385997577802,15.606301701197117,0.03748206978164893,17.51484820981498,1.50,bd106632,bd,G,V
343597933014,2457130.9629871,3.0120727909009313,0.11279447824680584,15.262617747062679,0.04070376191335562,17.081636794506313,1.48,bd107171,bd,G,V
343597933014,2457132.9892767,2.1898119621976746,0.0714852649234751,15.608764344912183,0.03548312652326568,17.576815066164524,1.46,bd107859,bd,G,V
343597933014,2457135.9320838,2.7417825912930427,0.0810175595891017,15.364698868048762,0.03211872635358438,17.440908500611002,1.46,bd108493,bd,G,V
343597933014,2457138.6568821,1.896889346990965,0.10989180442256387,15.764676410707104,0.062970259014985,17.10994313229012,1.40,bf102749,bf,G,V
343597933014,2457139.6177701,1.944515565391415,0.05527840291170593,15.737752844709627,0.03089984036415128,17.85596767609792,1.49,bf103121,bf,G,V
343597933014,2457141.5895486,2.73097737362393,0.11062440294766814,15.368986149545705,0.044029627417932454,17.10272904423671,1.47,bf103864,bf,G,V
343597933014,2457151.7598413,1.5124109831332624,0.11460786481775914,16.010606848142423,0.08236766824331071,17.064320339787127,1.45,bf106734,bf,G,V
343597933014,2457151.8316594,1.415434218542142,0.0802667423536298,16.082557178031763,0.06163935980712252,17.451017300223793,1.53,bd111409,bd,G,V
343597933014,2457155.6093623,1.6138403869550144,0.07923861788698915,15.940129955398953,0.05336892866361176,17.46501416420908,1.49,bf108148,bf,G,V
343597933014,2457156.938586,1.4274700072556663,0.06564682985604162,16.07336392451685,0.04998721477917781,17.669321997516864,1.53,bd112594,bd,G,V
343597933014,2457160.6649264,1.5481275733889461,0.06237956236779638,15.985264539915963,0.04379734157856402,17.72475058472568,1.47,bf110235,bf,G,V
343597933014,2457162.9258291,1.610250505061632,0.07121180983233139,15.94254779440148,0.04806962697964606,17.580976335157285,1.58,bd113905,bd,G,V
343597933014,2457164.9102053,1.6488099124733038,0.08638892226400093,15.916854930236607,0.05695077507146594,17.37121125356949,1.44,bd114459,bd,G,V
343597933014,2457168.7402287,1.315515526262936,0.1122887137138006,16.16204145907552,0.09277955847137498,17.086516126312283,2.19,bd115203,bd,G,V
343597933014,2457177.7526806,2.5695364804273604,0.10514005556044237,15.435144434854326,0.044475986216949946,17.157935888221946,1.90,bd116896,bd,G,V
343597933014,2457181.6833358,1.5017613653410105,0.07747838280979805,16.018279086077868,0.056077906538624905,17.489405025669182,1.38,bf117072,bf,G,V
343597933014,2457182.5142988,1.512704042042118,0.06515676344497957,16.01039648611267,0.04681852298505487,17.6774576354059,1.44,bf117381,bf,G,V
343597933014,2457186.5829406,1.8294747932347304,0.09523444778154892,15.803965329286031,0.05658219752093502,17.265371223992155,1.40,bf118312,bf,G,V
343597933014,2457189.5967156,2.117679414282838,0.059398993208674804,15.645130867243658,0.030488147836471427,17.777908683901675,1.45,bf119433,bf,G,V
343597933014,2457193.6251681,1.6395495444088666,0.09325169192318096,15.922970042399573,0.06182218466332159,17.28821459311225,1.65,bf120902,bf,B,V
343597933014,2457197.6189281,2.6661484543180833,0.11306795896069766,15.395070585055546,0.04609644117641476,17.07900751217716,1.50,bf122054,bf,G,V
343597933014,2457203.8816054,2.536980642842112,0.16093698442942725,15.448988520596412,0.06895263679214504,16.695716745084425,1.43,bd123429,bd,G,V
343597933014,2457205.8748057,1.3990542772612162,0.14044533591143404,16.095194995596604,0.10911511890419208,16.843588090752515,1.50,bd123958,bd,G,V
343597933014,2457206.8660257,3.6925885720273826,0.17724431812791777,15.041454101306241,0.05217393266874811,16.590925588626536,1.44,bd124260,bd,G,V
343597933014,2457212.7547781,1.494841456667827,0.0621841277830288,16.02329357026644,0.045216462883690474,17.72815752583665,1.47,bd125506,bd,G,V
343597933014,2457216.8205252,2.8797641072655096,0.07721097326727494,15.311389118373002,0.029143001932328896,17.493158826426885,1.49,bd126252,bd,G,V
343597933014,2457222.8250967,1.6058534790611354,0.07700847056670429,15.945516612151227,0.05212484227426108,17.496010148341522,1.49,bd127204,bd,G,V
343597933014,2457225.5338666,2.4907491234787953,0.1805019700160566,15.468956439123872,0.07877059622194583,16.57115152817755,1.65,bf129754,bf,B,V
343597933014,2457231.8024501,2.499044193338728,0.13771273295594497,15.46534656376725,0.059898001648782576,16.864921150934933,1.76,bd129030,bd,G,V
343597933014,2457235.794419,1.9899498121179215,0.1160918087150441,15.712676096149886,0.06341202568772682,17.050352449743016,1.63,bd130035,bd,G,V
343597933014,2457237.7694981,1.5353732245779876,0.07086580339741831,15.994246497862687,0.050168939993257194,17.586264606090495,1.47,bd130404,bd,G,V
343597933014,2457242.7701643,1.4965740881930243,0.06959858169758712,16.02203585066275,0.05054920626838274,17.605855419908714,1.47,bd131504,bd,G,V
343597933014,2457243.7667874,2.160191284543418,0.07206615439660478,15.62355088064026,0.036261963039354285,17.5680280241775,1.51,bd131853,bd,G,V
343597933014,2457244.7772022,2.1747489227392256,0.06853394528417694,15.616258593546817,0.034253801902483505,17.622592059907983,1.52,bd132200,bd,G,V
343597933014,2457245.7599969,1.5870022698061663,0.08404382969412831,15.958337534757172,0.05756260752489228,17.40109180858263,1.53,bd132538,bd,G,V
343597933014,2457246.7564545,2.383856506687091,0.07191730949657155,15.516581129436194,0.03279181794875156,17.57027281465632,1.43,bd132867,bd,G,V
343597933014,2457253.5182529,2.5595968096362287,0.08008419317562038,15.439352504070031,0.03400849529611199,17.45348938230656,2.16,bf135985,bf,G,V
343597933014,2457261.519005,1.4906973984308383,0.1221428885058705,16.026307670682133,0.08906167635716249,16.99518592810422,1.37,bh011164,bh,G,V
343597933014,2457264.5123373,2.040408786218195,0.1318376934211823,15.685488442062972,0.07023192687814366,16.912257403228498,1.53,bf139153,bf,G,V
343597933014,2457267.4857264,1.7996688352044197,0.05543045681488622,15.82179991436325,0.03347865749482521,17.852985249362177,1.49,bf140308,bf,G,V
343597933014,2457268.4742881,2.6439318240423626,0.09356257808762151,15.404155773723469,0.03846485507617135,17.2846009432999,1.52,bh013766,bh,G,V
343597933014,2457268.4891185,2.6657513786711804,0.07972088041992506,15.395232298298545,0.03250608124393716,17.458426177907004,1.39,bh013778,bh,G,V
343597933014,2457276.4791166,1.7490719936719596,0.10760940278995794,15.852762189838344,0.06687360073580538,17.13273084078367,1.37,bh016038,bh,G,V
343597933014,2457382.1561479,1.2462455990965449,0.1676963655741181,16.220772310302888,0.14626222821960488,16.651047267695564,1.63,bd165221,bd,G,V
343597933014,2457389.1509161,2.5012606756664795,0.10193901335086689,15.464384016350202,0.044298971498383584,17.19150532913723,2.08,bd167522,bd,G,V
343597933014,2457396.1340268,2.1261153596309095,0.07293088532013665,15.640814342134474,0.037285230585368034,17.555077679757233,1.56,bd169916,bd,G,V
343597933014,2457397.1306591,1.4878453560503755,0.07263262452179188,16.028386920081317,0.05306230556417997,17.559527050355292,1.49,bd170348,bd,G,V
343597933014,2457398.1273493,1.7823540709342984,0.07777576234360829,15.832296448505065,0.04743102029570532,17.485245701987875,1.46,bd170761,bd,G,V
343597933014,2457399.1314158,2.8518003957839717,0.08715502257330845,15.321983592138274,0.033218916838790906,17.361625344407287,1.46,bd171196,bd,G,V
343597933014,2457402.1217552,1.4233986574104938,0.07559592375432414,16.07646502488606,0.05772766604342793,17.516110447871394,1.53,bd172062,bd,G,V
343597933014,2457404.1148264,2.8375825036155096,0.07289632623822799,15.327410160428975,0.027923465525498428,17.555592289434436,1.45,bd172902,bd,G,V
343597933014,2457406.1231423,2.0470023791906726,0.05914784305612395,15.68198553593012,0.03140745433919592,17.782509114077854,1.50,bd173777,bd,G,V
343597933014,2457412.8491637,2.756736162205979,0.1362712278598607,15.358793396380843,0.05373053173472584,16.87634597090525,1.45,bh050838,bh,G,V
343597933014,2457414.1074435,2.1967450348816353,0.10089291774436827,15.605332270829358,0.04992214080294473,17.202704689494265,1.46,bd177193,bd,G,V
343597933014,2457417.0899343,2.070353846561446,0.09475850178640377,15.669669960589598,0.049749163254400104,17.270810929839733,1.53,bd178455,bd,G,V
343597933014,2457423.8817122,1.666098171276842,0.10271004804577541,15.9055299352679,0.06700767007380892,17.183324062741853,1.33,bh053806,bh,G,V
343597933014,2457425.8703775,3.180062352450193,0.08975348668335373,15.20369231598706,0.030678058128052226,17.329728071778682,1.31,bh054487,bh,G,V
343597933014,2457426.8854967,1.8514581309611593,0.08944605590953159,15.79099666621082,0.05251211042198169,17.333453405495906,1.40,bh054842,bh,G,V
343597933014,2457427.8808282,2.0360193665867734,0.06672454726506208,15.68782664279899,0.03562180350545258,17.651642304367808,1.36,bh055183,bh,G,V
343597933014,2457429.1396843,2.1109810476759527,0.08535838016369299,15.648570568910925,0.043951530548395755,17.384240981333328,1.43,bd183078,bd,G,V
343597933014,2457435.133982,1.7342420798917613,0.0512387879557369,15.862007105024219,0.03211451006769058,17.938359273585146,1.67,bd185383,bd,G,V
343597933014,2457437.0206339,2.363147055691999,0.10548361832410588,15.526054534324778,0.04851839693931085,17.154393847053747,1.54,bd185791,bd,G,V
343597933014,2457437.8922367,1.90341388549836,0.06210201314912992,15.76094832155023,0.035463746860238066,17.729592196561292,1.43,bh058179,bh,G,V
343597933014,2457439.0140741,2.378820001819983,0.11353039066889853,15.518877450720366,0.05187555109623172,17.07457606291335,1.68,bd186616,bd,G,V
343597933014,2457441.0448269,1.902414071503072,0.11044979360387916,15.761518780483183,0.0631062003171708,17.104444122057814,1.56,bd187476,bd,G,V
343597933014,2457443.0678068,1.3964516692601114,0.109949669353295,16.097216630752502,0.08558155845804948,17.109371574515762,1.49,bd188303,bd,G,V
343597933014,2457451.8849033,1.7014120068276637,0.05344552823875905,15.882757671300878,0.03414397291413746,17.892577959032664,1.33,bh062269,bh,G,V
343597933014,2457453.8196569,2.7368493143024053,0.0806246163189311,15.366654187908459,0.03202056176882163,17.44618724142034,1.35,bh062926,bh,G,V
343597933014,2457456.0142835,1.4374710760152931,0.07906108230930266,16.065783617466437,0.05978273960827609,17.467449505336123,1.45,bd193407,bd,B,V
343597933014,2457456.8686012,1.536860398881338,0.0765523685409594,15.993195354422474,0.054142260611790206,17.502459812741947,1.39,bh063485,bh,G,V
343597933014,2457459.9623147,1.5863919811491558,0.06713794969751762,15.958755139659708,0.046001261445514766,17.644936207810815,1.46,bd194614,bd,G,V
343597933014,2457461.0381001,1.6437636669255649,0.05928849247399737,15.920182962638593,0.03920515756332934,17.77993037443234,1.48,bd194999,bd,G,V
343597933014,2457466.9391973,2.606237200446854,0.12799170107831961,15.419746555894065,0.05338018127886121,16.944401865899763,1.46,bd197004,bd,G,V
343597933014,2457469.8615329,1.6538374505598643,0.1684206274618796,15.913549349144954,0.1106915914578632,16.64636819114414,1.28,bh067938,bh,B,V
343597933014,2457477.8272069,1.529123474151919,0.098285680970436,15.998675016071624,0.06986503296186605,17.231130766148908,1.47,bh070144,bh,G,V
343597933014,2457478.8877858,2.0284676024180484,0.0702021888756594,15.69186121506615,0.037617917558948576,17.59647976001196,1.32,bh070497,bh,G,V
343597933014,2457479.7322517,1.4302541984393629,0.07318049856606233,16.07124832629395,0.055615302697449055,17.551367983842553,1.30,bh070780,bh,G,V
343597933014,2457480.9822939,1.3531524339207917,0.06950102241092491,16.13141459690745,0.055828587883628183,17.607378410109682,1.55,bd201037,bd,G,V
343597933014,2457483.9484466,1.6400232137312176,0.06312576551899497,15.922656416220883,0.04183779957878814,17.711839749180566,1.56,bd202185,bd,G,V
343597933014,2457486.7562863,1.7410753624291218,0.06047659958733133,15.857737479626087,0.03775565133627686,17.758387983325964,1.44,bh072560,bh,G,V
343597933014,2457489.8922438,2.4454252480204683,0.08783378444652232,15.488895424998717,0.03904086003465411,17.35320240526316,1.51,bd203423,bd,G,V
343597933014,2457493.8591026,1.92160028377423,0.08789061377152727,15.75062376903273,0.04971547758672211,17.352500150386472,1.68,bd204841,bd,G,V
343597933014,2457494.9364227,2.702818595480025,0.082891590440923,15.380239158958474,0.033335405852899416,17.416080212366392,1.46,bd205284,bd,G,V
343597933014,2457499.8983478,2.4792677467530337,0.1812246084529708,15.473972827958143,0.07945219725282014,16.566813468414274,1.53,bd206479,bd,G,V
343597933014,2457513.9423356,1.463242816032104,0.06674464272492885,16.04649040309181,0.049580646428690804,17.651315361970163,1.49,bd211293,bd,G,V
343597933014,2457520.9002122,1.4161775025052756,0.07231484946746472,16.081987177334472,0.055503704237775404,17.56428767742555,1.44,bd212295,bd,G,V
343597933014,2457526.8733473,1.8454501923724915,0.1236143092152017,15.794525583681146,0.07280791437075027,16.982184528010407,1.44,bd213646,bd,G,V
343597933014,2457536.7922543,1.5077752816618026,0.1177319881962046,16.013939856396433,0.08487309345338025,17.035120198130937,1.36,bh075371,bh,G,V
343597933014,2457537.9583672,2.34352117583631,0.07446936940624199,15.535109199222152,0.034539891331269564,17.53241220285625,1.43,bd216448,bd,G,V
343597933014,2457541.9444039,1.6822687047865286,0.0583358220482474,15.895042989944175,0.03769225572938545,17.79751808824185,1.48,bd217371,bd,G,V
343597933014,2457546.9305548,1.5239396709521946,0.06889711885132617,16.002361967800624,0.0491411662101381,17.616853741416335,1.47,bd218800,bd,G,V
343597933014,2457547.9271035,2.0007641640456044,0.06654741015075327,15.706791654303021,0.036153257224453825,17.654528497310345,1.47,bd219131,bd,G,V
343597933014,2457550.6493452,1.649801297912952,0.07826558828612884,15.91620230218895,0.05156456824405167,17.478429258724447,1.47,bh077778,bh,G,V
343597933014,2457551.7781816,1.67797045438079,0.07069112911940169,15.897820630705365,0.045792334200420524,17.58894409738162,1.44,bd220294,bd,G,V
343597933014,2457559.639414,3.0480385737061706,0.1831485182952931,15.249730257492331,0.06531232187323295,16.55534786994268,1.33,bh080065,bh,G,V
343597933014,2457560.8799395,2.898062898966037,0.1114766463545056,15.304511886826248,0.0418107791310766,17.09439665619578,1.43,bd222303,bd,G,V
343597933014,2457561.4787957,3.214045855258586,0.10244902576147302,15.192151232982196,0.03464718355373122,17.186086811588133,1.49,bh080823,bh,G,V
343597933014,2457565.7536752,2.0469198380636318,0.08573801221034534,15.682029316874296,0.04552864738520698,17.379422867657993,1.65,bd223342,bd,G,V
343597933014,2457567.7882319,2.091423161590938,0.07411608251369556,15.658676621192686,0.038519683980517104,17.537575253313413,1.41,bd223969,bd,B,V
343597933014,2457568.6867595,1.5738574485066281,0.06893313889444831,15.967367920117859,0.04760744053177466,17.61628625694022,1.70,bh082958,bh,G,V
343597933014,2457573.642355,1.5890166500177691,0.059847087018259144,15.956960284889108,0.040938011279402636,17.769748852379927,1.61,bh083832,bh,G,V
343597933014,2457575.8549423,2.404237130130185,0.07975266042896255,15.507338154646778,0.0360562081389256,17.457993445220783,1.45,bd225508,bd,B,V
343597933014,2457590.6435556,2.0259109049081565,0.1636180757319011,15.693230549189268,0.08778556552528127,16.677778191839607,1.56,bh087430,bh,B,V
343597933014,2457591.6219854,1.9643274079487871,0.11574357906092118,15.726746713691577,0.06404647086865722,17.05361412459793,1.44,bh087830,bh,G,V
343597933014,2457592.7968272,1.958866790909815,0.06200780454062715,15.729769145489595,0.034407540041482575,17.73124050639851,1.48,bd229576,bd,G,V
343597933014,2457597.7760208,1.8782661411460893,0.06045129645356604,15.77538858026957,0.03498329096626062,17.7588423454661,1.51,bd230555,bd,B,V
343597933014,2457601.7706378,1.5012009114924443,0.06797111313723457,16.018684355931732,0.049215027881201266,17.631545438034152,1.48,bd231624,bd,B,V
343597933014,2457603.7659145,3.2207907476235826,0.09406950157858764,15.18987512964911,0.03174669397974353,17.278734286305223,1.47,bd232335,bd,G,V
343597933014,2457604.7616653,1.5701144125117175,0.056395808766875506,15.969953154207165,0.03904160846460015,17.83423932064477,1.45,bd232695,bd,B,V
343597933014,2457607.5710202,2.8156841746630494,0.07239928152760398,15.335821554702989,0.027948756445695423,17.563020752705665,1.36,bh093180,bh,G,V
343597933014,2457613.7380575,2.8304418844030854,0.14635378206619215,15.330145798942196,0.05620330831543765,16.798846518856035,1.55,bd235577,bd,B,V
343597933014,2457616.5513566,2.311135214439622,0.12362587749898997,15.550218017271881,0.05814283515896837,16.982082925558867,1.40,bh096353,bh,G,V
343597933014,2457618.5082167,1.548907878537638,0.11187068170766114,15.98471743247611,0.07850600333206963,17.09056568229115,1.32,bh097149,bh,G,V
343597933014,2457621.5522012,1.7194061497605844,0.08630246812690356,15.871335215176645,0.05455780798840533,17.372298353445483,1.36,bh098392,bh,G,V
343597933014,2457622.4980678,2.286666458243421,0.07502503326201196,15.56177435101108,0.035662809022214643,17.524340902078336,1.74,bh098763,bh,G,V
343597933014,2457625.5458505,2.8984475609985734,0.07667843719816092,15.304367785819679,0.028755437397180623,17.500673261589487,1.45,bh100030,bh,G,V
343597933014,2457626.5268873,1.7261150720818155,0.06221751604578045,15.867107042661843,0.039179157824516454,17.7275747225,1.41,bh100423,bh,G,V
343597933014,2457630.5278362,3.1458587180349813,0.08063243295007094,15.21543336861731,0.027860103302260943,17.4460819833932,1.32,bh101326,bh,G,V
343597933014,2457633.5171899,1.472333483181089,0.06668154786009234,16.03976593266861,0.049227939291028595,17.65234221260411,1.41,bh102339,bh,G,V
343597933014,2457641.4888103,1.8347545019509297,0.07501627012379583,15.80083649950546,0.044441599113615324,17.52446772657565,2.17,bh105201,bh,G,V
343597933014,2457647.4753754,2.57603494345268,0.1905634006826104,15.432402029880485,0.08040812167676845,16.512257657746193,1.97,bh107249,bh,B,V
343597933014,2457758.1441781,2.454680167910894,0.07414004683020511,15.484794119948038,0.03282994195236491,17.537224253642798,1.48,bd271649,bd,G,V
343597933014,2457765.1286633,1.8005564107972112,0.13088985453779717,15.821264573983562,0.07901534223876543,16.920091431024442,1.45,bd274152,bd,B,V
343597933014,2457766.1600567,2.3878995257944826,0.14780339812159982,15.514741281278841,0.06727915717895457,16.78814534627528,1.58,bd274687,bd,G,V
343597933014,2457770.1126366,1.612204116341522,0.08102216319951669,15.941231340328008,0.05462556992781614,17.440846808250445,2.16,bd276070,bd,G,V
343597933014,2457779.0960039,1.463662683932478,0.06249672816124255,16.046178902919504,0.04641180444643622,17.72271318946524,1.61,bd279202,bd,G,V
343597933014,2457780.8523642,1.4717605921987995,0.07306393622165626,16.040188479280765,0.053960761282113315,17.553098729828424,1.33,bh144052,bh,G,V
343597933014,2457782.1248116,1.4683417121869105,0.06891424401395797,16.04271356385093,0.05101454678429669,17.616583902866147,1.52,bd280481,bd,G,V
343597933014,2457783.8746967,1.4400759707136972,0.08541477953299659,16.063817895127052,0.06447031514614354,17.383523833047107,1.31,bh145053,bh,G,V
343597933014,2457785.1554479,1.5681141669275025,0.06308889632783182,15.971337208483842,0.04373080019245247,17.712474068779237,1.68,bd281521,bd,B,V
343597933014,2457787.1261815,1.5836083110845691,0.058786664056123754,15.960661973646745,0.040349970027202434,17.78915935330474,1.60,bd282261,bd,G,V
343597933014,2457790.1194599,1.555545282859349,0.06462339256088305,15.980074759010792,0.04515639549357377,17.686382009635512,1.45,bd283395,bd,G,V
343597933014,2457794.041412,1.7823164133356522,0.10730643438519726,15.832319388195238,0.06544148267213239,17.135791983118928,1.67,bd284158,bd,G,V
343597933014,2457794.8946203,2.2550104965520044,0.1694444288984291,15.57690998511951,0.0816753302679194,16.63978815768126,1.48,bh148171,bh,B,V
343597933014,2457797.1080114,1.6840371794698623,0.11349273223399342,15.893902215912608,0.0732535284705332,17.074936265222643,1.70,bd284872,bd,G,V
343597933014,2457805.1598859,1.6145827205204182,0.08907422766956685,15.939630653779966,0.05996584222894723,17.3379762301047,1.58,bd287733,bd,B,V
343597933014,2457806.105122,1.9985091009828073,0.05488831170315649,15.708016078696417,0.029852857984813064,17.8636567121173,2.04,bd288095,bd,G,V
343597933014,2457810.0045659,1.566345660411879,0.09521298106243989,15.972562384024052,0.06607249813098692,17.26561598649039,1.45,bd289367,bd,B,V
343597933014,2457817.9805133,1.8100721326366713,0.07279062902782171,15.815541699137032,0.04371110273270307,17.55716771268363,1.50,bd290465,bd,G,V
343597933014,2457818.9766002,2.7036640610929084,0.09646320768777392,15.379899584158528,0.03878119112983208,17.251452145162794,1.41,bd290781,bd,G,V
343597933014,2457819.9768174,1.647904347497577,0.08698876172486826,15.917451405773823,0.05737772463458825,17.363698521789534,1.48,bd291124,bd,G,V
343597933014,2457824.0533851,2.192561317054028,0.2542056973189476,15.607402035355838,0.12602180765249027,16.199393194079523,1.45,bd291842,bd,B,V
343597933014,2457826.0266665,1.8865352659579753,0.11117031744769887,15.770619084268684,0.06405250076903546,17.097384279191992,1.45,bd292292,bd,G,V
343597933014,2457838.0184048,1.5883128051707147,0.0600775368684335,15.957441311396591,0.041113860126656916,17.765576097101118,1.52,bd296649,bd,G,V
343597933014,2457841.0153557,1.899072508730225,0.05426409668909656,15.763427537250205,0.031058694979442265,17.876074948941444,1.45,bd297797,bd,G,V
343597933014,2457844.766423,1.8677483576920455,0.048442561630563,15.781485496499624,0.02819167693401445,17.999288642521947,1.38,bh161722,bh,G,V
343597933014,2457847.8965681,1.6514082231153069,0.08904221568328057,15.915145297477665,0.05860756637414796,17.338366498091386,1.51,bd299778,bd,G,V
343597933014,2457848.9978098,2.352163324151133,0.07082536487187899,15.531112719515479,0.0327290590162675,17.586884342281163,1.84,bd300228,bd,G,V
343597933014,2457849.803904,1.4609909124928855,0.06237384349633493,16.048162618046184,0.046405255087175114,17.72485012807293,1.34,bh163468,bh,G,V
343597933014,2457851.8835989,1.4977222788804,0.1262213105173888,16.02120317940545,0.09160381639772046,16.9595246811535,1.65,bd301262,bd,G,V
343597933014,2457852.900348,1.8133075551291669,0.07390910603091123,15.813602726920973,0.04430356261902042,17.54061152044543,2.21,bh164735,bh,G,V
343597933014,2457854.9433984,2.036177904594884,0.19240259917333433,15.687742103448926,0.10270873654953276,16.50182905707563,1.57,bd302317,bd,G,V
343597933014,2457860.0653666,3.2547312898082446,0.10232130619564117,15.178493556796187,0.03417142651084146,17.187441204808444,1.51,bd303598,bd,G,V
343597933014,2457862.6757118,2.266589967875247,0.06278494874403194,15.571348998990402,0.030108890655841252,17.717717533571992,1.35,bh167370,bh,G,V
343597933014,2457865.7797335,2.1683698364896693,0.07184540133498135,15.619448011225174,0.03601453323315276,17.57135895584711,1.46,bh168252,bh,G,V
343597933014,2457869.8112474,1.6246172969294421,0.05915143378543817,15.932903722624154,0.03957549685382595,17.782443203534303,1.31,bh169718,bh,G,V
343597933014,2457871.8986743,2.883669610881649,0.08231185159740104,15.309917652739745,0.031026232538083398,17.42370046564669,1.46,bd305950,bd,G,V
343597933014,2457876.5768201,1.561028837026685,0.0863091555007335,15.976254089772723,0.06009773633394788,17.37221422557816,1.42,bh172338,bh,G,V
343597933014,2457878.0101067,1.4401609044900163,0.0673210779713761,16.063753861729815,0.05081035356768569,17.64197874004641,1.58,bd306670,bd,G,V
343597933014,2457878.5743313,1.3239906959559258,0.12275498202319893,16.1550690714957,0.10077814647311352,16.98975857608297,1.44,bh173189,bh,B,V
343597933014,2457879.8705464,1.726407866920334,0.11341393259358304,15.866922888660191,0.07140607735331053,17.075690369347527,1.49,bd307288,bd,G,V
343597933014,2457890.9812688,1.5175286478183576,0.07699340999911632,16.006939158489782,0.055147880898187465,17.496222506833334,1.52,bd310072,bd,G,V
343597933014,2457893.9857838,1.6082638836973837,0.07332871042384091,15.943888131435095,0.049559727625464484,17.549171275035405,1.42,bd311075,bd,G,V
343597933014,2457895.6976337,1.9665329498120894,0.09196335255201075,15.725528335685013,0.050830659016903125,17.303319405618517,1.42,bh177846,bh,B,V
343597933014,2457896.9836524,1.6841105210651968,0.07585878341518565,15.89385493198538,0.04896068181569192,17.512341710108693,1.73,bd312106,bd,B,V
343597933014,2457897.9715388,2.2993857062481027,0.0689816398780783,15.555751836233894,0.03260872812333947,17.615522607438216,1.47,bd312325,bd,G,V
343597933014,2457900.9648755,1.4403334354998742,0.05747433114718765,16.06362379852402,0.043373358927371444,17.813671578916118,1.53,bd313331,bd,G,V
343597933014,2457904.8525239,3.678936021322957,0.09433349622613287,15.045475816311829,0.027871212858052462,17.275691566840738,1.43,bd314217,bd,G,V
343597933014,2457905.7791241,1.5999759721882834,0.07354179032568706,15.949497752915299,0.04996120567082514,17.546020898001537,1.49,bh180357,bh,G,V
343597933014,2457906.7753113,2.989014948176398,0.08325007612806412,15.270961187097535,0.030273924604454047,17.411394795378705,1.59,bh180795,bh,G,V
343597933014,2457913.8164255,1.6964176800479163,0.1440529141741024,15.885949429457092,0.0922999426253593,16.816051272593512,1.65,bd316854,bd,B,V
343597933014,2457917.9174505,2.7630554738147928,0.09425376828330574,15.356307393700735,0.0370784260775559,17.276609587677836,1.46,bd317799,bd,G,V
343597933014,2457924.9011893,2.04306695322227,0.053028202828622355,15.684074906758038,0.028212169361248412,17.90108912179031,2.03,bd318804,bd,G,V
343597933014,2457926.7995249,2.008879169643961,0.04831143632374149,15.702396865701381,0.026140163918361724,18.002231519987436,1.71,bd319370,bd,G,V
343597933014,2457930.8812126,1.3137841680293245,0.07152074964065905,16.163471344450258,0.059172539259774906,17.576276249065533,1.46,bd320641,bd,G,V
343597933014,2457934.618551,1.6119768034569883,0.07778354733344253,15.941384434608443,0.05244947314178001,17.4851370303135,1.42,bh190742,bh,G,V
343597933014,2457941.8472254,1.8615765162521551,0.12157685158910357,15.785079175272864,0.07098754769067285,17.000229162423373,1.62,bd323459,bd,G,V
343597933014,2457944.8380925,1.896701257810236,0.12446051180940736,15.764784074002742,0.0713254997080623,16.974777437256996,1.44,bd324435,bd,G,V
343597933014,2457948.8089878,1.223256001194418,0.06922120759867754,16.2409880168905,0.061508337558592925,17.611758464903915,1.50,bd325362,bd,G,V
343597933014,2457952.6538264,1.573505298914002,0.0636169727439224,15.967610880077977,0.04394575821576957,17.703423896000793,1.37,bh197494,bh,G,V
343597933014,2457954.6244146,3.4977491529521867,0.11559479164799673,15.100309754292592,0.03592210509287587,17.05501072735608,1.57,bh198348,bh,B,V
343597933014,2457955.6433558,1.94551215887786,0.13474519368136906,15.737196531114954,0.07528206204038497,16.888573186207868,1.45,bh198694,bh,B,V
343597933014,2457957.7992422,2.5333068782945642,0.0844588524560878,15.450561898776023,0.03623844441521035,17.395743452771395,1.66,bd326803,bd,G,V
343597933014,2457959.5378283,1.7518223277240825,0.056165084321815766,15.851056261240817,0.03484885637742668,17.838690355587563,1.53,bh199990,bh,G,V
343597933014,2457961.7820545,1.6374635156565498,0.059976861205089625,15.924352323888822,0.03981294228358769,17.76739705893187,1.56,bd327842,bd,G,V
343597933014,2457968.7672404,1.4289759928786148,0.09711637682711757,16.072219073001296,0.07387197523679977,17.244125214737725,1.50,bd329157,bd,G,V
343597933014,2457971.7494326,1.800938716595808,0.09410401297379503,15.82103406791111,0.05679647490561831,17.278336033960706,1.92,bd330052,bd,G,V
343597933014,2457974.5891819,2.8127630099470746,0.13029724883602717,15.33694854922668,0.05035171604793357,16.92501827895316,1.43,bh206266,bh,G,V
343597933014,2457975.7474647,2.5571212508213077,0.07759965144182547,15.440403100960589,0.03298531393154877,17.48770696737528,1.72,bd331569,bd,B,V
343597933014,2457980.5682658,1.544737268773541,0.07048166422408969,15.987644843051275,0.04959452079008069,17.592166018291053,1.35,bh207677,bh,G,V
343597933014,2457982.5033032,1.5870760161155484,0.06602769843674872,15.95828708292148,0.045221045937615244,17.663040995929848,1.36,bh208456,bh,G,V
343597933014,2457986.5508382,2.0170585958889506,0.06213955995966252,15.697985117708928,0.03348588885509675,17.728935959976553,1.42,bh209719,bh,G,V
343597933014,2457996.5195559,1.7747082401019993,0.10664249793829085,15.836963990093622,0.06531538875478196,17.142530620645594,1.36,bh210666,bh,G,V
343597933014,2458005.4728194,1.4337808775198007,0.1486755807329469,16.068574444868673,0.11271170834735691,16.781757284810002,1.42,bh213256,bh,G,V
343597933014,2458007.5071112,3.3685419611663283,0.08907350319310299,15.141176500440352,0.028742116418930343,17.337985060869173,1.37,bh213607,bh,G,V
343597933014,2458122.1535864,2.2542440179843215,0.23960418797426336,15.577279089829139,0.11553289381134134,16.26362038193992,1.55,bd367223,bd,G,V
343597933014,2458123.1545148,3.155640555382619,0.15043961523607727,15.212062582387835,0.05181874108882873,16.76895085867325,1.55,bd367595,bd,G,V
343597933014,2458124.148703,1.8287199717595775,0.07983004639363657,15.804413384716636,0.047449467878239227,17.45694043951803,1.61,bd367998,bd,G,V
343597933014,2458127.0135502,2.0966098782544442,0.0704450041666067,15.596271553132844,0.03652117520622536,17.533015113563582,1.75,bt034456,bt,B,g
343597933014,2458132.9852334,1.3416951665686185,0.04054050955971613,16.080930984181244,0.03284335544955348,18.132917603683516,1.53,bt036448,bt,G,g
343597933014,2458133.9820636,1.3228006801407515,0.04545112221606778,16.096329598427957,0.037347572052851094,18.008779084723844,1.44,bt036921,bt,G,g
343597933014,2458137.8704585,1.4692245415184124,0.08368463314875837,15.982345187111806,0.06191127033338464,17.34602631984625,1.52,bl040395,bl,G,g
343597933014,2458137.9764134,1.2261135952944013,0.04595806803580586,16.178738852364265,0.04074208292752461,17.99673620212307,1.58,bt037578,bt,G,g
343597933014,2458138.8627809,1.9446710812108456,0.04794947106422799,15.677950232414496,0.026800928337327126,17.950681059482257,1.57,bl040748,bl,G,g
343597933014,2458138.9731337,1.535688636164564,0.0291872190050945,15.934307695841497,0.020658639584812354,18.489658819354023,1.63,bt038047,bt,G,g
343597933014,2458139.6125585,1.7186645902863937,0.07255681210042257,15.812087799093993,0.04588801128206925,17.50094512882069,1.55,bp020782,bp,G,g
343597933014,2458139.8625025,1.1714760173132128,0.04982326684873017,16.228232117126787,0.046228624432092726,17.909060110754186,1.61,bl041109,bl,G,g
343597933014,2458140.869686,1.501037660210315,0.05069493301920346,15.959086650807386,0.03671006366131474,17.89022922749591,1.54,bl041476,bl,G,g
343597933014,2458144.8798956,1.5027817699492227,0.11560648641169827,16.017541609383844,0.08361774601829743,17.054900888617517,1.35,bh249776,bh,G,V
343597933014,2458147.8426662,1.3475434108787172,0.03835940334002914,16.076208710267196,0.03094149197262419,18.192961003109346,1.47,bl044000,bl,G,g
343597933014,2458148.5955889,1.1576062093362023,0.06731848714617461,16.24116350315972,0.06320998284823036,17.582304742746405,1.51,bp022611,bp,G,g
343597933014,2458148.8310869,1.7584827862882664,0.08460183513924625,15.787220318822431,0.052294237494246235,17.33419115236105,1.59,bl044358,bl,G,g
343597933014,2458148.9403473,1.806072850859232,0.10647073730900602,15.758227461535553,0.06407773763795863,17.084564957533463,1.81,bt042373,bt,G,g
343597933014,2458149.837982,0.9831178328104514,0.12974855959849535,16.41855168763965,0.1434528378339711,16.869884248356698,1.63,bl044728,bl,G,g
343597933014,2458149.8856142,1.2455159123648847,0.21594624275985053,16.221408203683293,0.1884553818884624,16.37649226323516,1.39,bh251457,bh,G,V
343597933014,2458150.8772264,1.055980159762293,0.1423940634015769,16.40064200813875,0.14657108321629847,16.82862668527177,1.49,bh251786,bh,G,V
343597933014,2458150.9186304,2.2203112040806987,0.4982804496770099,15.408955992169762,99.999,15.408955992169762,1.72,bt042781,bt,B,g
343597933014,2458151.5827049,1.254340565487003,0.10985052377661704,16.154026953232478,0.09519164612929079,17.05063528140618,1.69,bp023261,bp,G,g
343597933014,2458151.9303397,1.766264669643356,0.08658854954691278,15.782426167562909,0.05328645828428022,17.308989449452575,2.22,bt042931,bt,G,g
343597933014,2458153.5998818,1.6298685481531103,0.07800736195002676,15.869684174330366,0.05202297504993711,17.422301633453245,1.52,bp023960,bp,G,g
343597933014,2458153.9246773,1.6437903510912526,0.07105750867949542,15.860449555163536,0.046986784188408195,17.523615669479074,2.03,bt043411,bt,G,g
343597933014,2458154.6028994,1.7014161439032474,0.1214076083080172,15.823039249042852,0.07756173709296449,16.942025852117727,2.03,bp024370,bp,G,g
343597933014,2458154.921345,3.2046369572288764,0.10479561693371546,15.135618530158926,0.03554483106700386,17.10178281468237,1.47,bt043845,bt,G,g
343597933014,2458161.1715155,2.7335682689510037,0.1634377958013953,15.36795659310895,0.06498823536357748,16.67897515226382,1.55,bd377632,bd,G,V
343597933014,2458162.147924,1.5906571578059565,0.0596652406164781,15.955839944272103,0.040771527724220484,17.773052902738474,1.43,bd378030,bd,G,V
343597933014,2458163.6097255,2.533059890226076,0.055462326022839376,15.390951976973625,0.02379933345198825,17.792645412920123,1.53,bp026921,bp,G,g
343597933014,2458165.6303192,1.8973441424618227,0.04428409631409734,15.704700345117505,0.025369613356212965,18.037021144818517,1.52,bp027556,bp,G,g
343597933014,2458165.7939787,1.4233629335816698,0.040776269160466665,16.016776492319448,0.031138953144318554,18.12662189312036,1.50,bl048964,bl,G,g
343597933014,2458166.8432419,1.9625718278952629,0.0750079837541949,15.72771750353719,0.04154264112287866,17.524587664669106,1.31,bh255937,bh,B,V
343597933014,2458168.9002926,1.2460270023132842,0.12007131930227787,16.16124698752453,0.10474275705673528,16.95404240509703,1.45,bl049786,bl,G,g
343597933014,2458173.7649971,1.7908510339977328,0.03712958397018972,15.767416967268007,0.022535790347545725,18.228340403772904,1.55,bl051222,bl,G,g
343597933014,2458173.8705751,1.2470479841897262,0.037469217205983785,16.1603577105829,0.032659056045038146,18.218454061298623,1.50,bt050381,bt,G,g
343597933014,2458174.8976973,2.2647161596901793,0.04933093316744582,15.512531174848071,0.02367651208757564,17.919842284288997,1.70,bt050836,bt,G,g
343597933014,2458175.5101639,2.6282682736400442,0.05235598126429129,15.350891390710615,0.021652536713254525,17.85522485238921,1.58,bp029981,bp,G,g
343597933014,2458175.8630277,1.5499476530923275,0.09793585089129783,15.924273045174315,0.06868103682468432,17.175286359101698,2.14,bt051248,bt,B,g
343597933014,2458176.5062578,1.2019186952427112,0.07499934070958948,16.200377896130632,0.06782573799133833,17.464996997211127,1.56,bp030392,bp,G,g
343597933014,2458176.7586208,2.484120542376832,0.08561167385199273,15.412133956706356,0.03746040727210032,17.32130814064221,1.66,bl052348,bl,G,g
343597933014,2458176.8607588,1.7289655148110636,0.11690434208793678,15.805599794500289,0.07349477821481652,16.98306400612505,1.55,bt051670,bt,B,g
343597933014,2458177.5011691,1.6383473934225383,0.08646317541800738,15.864050635970834,0.05736372688001659,17.310562658326816,1.61,bp030785,bp,G,g
343597933014,2458178.502289,1.1422273980564788,0.10924405472557781,16.25568418936847,0.10395787909416077,17.05664608360909,1.58,bp031176,bp,G,g
343597933014,2458178.7643783,1.2235137045641609,0.10964678784892319,16.18104352667477,0.09740903652778336,17.052650828064085,1.70,bl053079,bl,G,g
343597933014,2458180.0695388,1.6873311211374054,0.11744964586687642,15.891780612727242,0.07565951753731484,17.03772711459006,1.70,bd379526,bd,G,V
343597933014,2458180.9272343,1.1187694284045546,0.08892176567060174,16.27821414655471,0.0863932197879727,17.280120417293997,1.47,bt052745,bt,G,g
343597933014,2458181.5140694,1.4942311237363686,0.10486441772728645,15.964021176776534,0.07628208309704626,17.101070237148953,1.62,bp032029,bp,G,g
343597933014,2458186.8649151,1.6012499867874224,0.05335554452326735,15.888917774359236,0.03621867763875103,17.834691720234858,1.45,bl056040,bl,G,g
343597933014,2458187.8623594,2.6684911329909533,0.09567378147755483,15.394116994405936,0.03897080243242659,17.260374044524024,1.38,bh262566,bh,G,V
343597933014,2458188.8655398,1.3261216714571387,0.046029416714974666,16.093607191412232,0.037728042431592924,17.995051932575315,1.45,bl056840,bl,G,g
343597933014,2458190.5612531,1.572670050586138,0.02948208442401804,15.908471581522665,0.020376647935278297,18.47874514771423,1.51,bp034226,bp,G,g
343597933014,2458190.8816095,1.2199001895727921,0.036478042941457824,16.18425487529008,0.032502697363612214,18.24756178582954,1.47,bt055551,bt,G,g
343597933014,2458193.7743099,1.3125437915197962,0.03906993611702007,16.10478111713842,0.0323549752326002,18.173033858658464,1.48,bl058696,bl,G,g
343597933014,2458195.0287557,1.5660084609677045,0.05638237889788477,15.972796144085649,0.03913465091775545,17.834497904247847,1.49,bd382317,bd,G,V
343597933014,2458196.537147,1.4698261766404843,0.03122901440758003,15.981900678251053,0.02309428245140523,18.416244916324885,1.54,bp035713,bp,G,g
343597933014,2458197.5558025,1.414938933234981,0.03481157328438248,16.023221380460736,0.026742261255719713,18.298331483044333,1.50,bp036193,bp,G,g
343597933014,2458197.7521353,1.0716379446059199,0.04585917449909101,16.32494541546341,0.04651471054591139,17.999075029379988,1.48,bl060298,bl,G,g
343597933014,2458198.556636,2.336780939171416,0.0426860554793856,15.478520618546215,0.01985547109396076,18.076925550192755,1.53,bp036654,bp,G,g
343597933014,2458199.7030046,2.8100219401301914,0.05893201906945097,15.278291345259499,0.022795744599711815,17.72676230966733,1.47,bl061066,bl,G,g
343597933014,2458201.7481864,1.804156358276539,0.03354437414030538,15.759380189220195,0.020209598836706606,18.338591378025853,1.49,bl061847,bl,G,g
343597933014,2458203.7932037,1.362963573684991,0.08315527222749364,16.063854999494886,0.06631590690299483,17.35291613730318,1.50,bt058956,bt,B,g
343597933014,2458206.6884663,1.605427911445062,0.05808064698134015,15.886088599261385,0.03932355826950264,17.742561997736324,1.44,bl063783,bl,G,g
343597933014,2458207.6736231,2.154942057972203,0.10610607255120204,15.566476628895625,0.05352008752577888,17.088290012197554,1.50,bl064194,bl,G,g
343597933014,2458214.8890558,1.627769180635937,0.09453489655976259,15.87108356850848,0.06312646999952633,17.213660228111536,1.44,bl067411,bl,G,g
343597933014,2458215.4245468,1.7360497442920446,0.044182604985583365,15.80116020934864,0.027663130503260965,18.039512316221103,2.03,bp040528,bp,G,g
343597933014,2458215.8844758,2.370608494012675,0.0702663539019963,15.462916031863635,0.03221808739212098,17.53577206463222,1.48,bl067831,bl,G,g
343597933014,2458217.8867848,2.138895000376869,0.09187345219558755,15.57459195897893,0.0466888033405504,17.244665522601426,1.42,bl068676,bl,B,g
343597933014,2458220.8315752,2.061685243461371,0.044869562181441676,15.61450971610902,0.02365601800535528,18.022761031720908,1.52,bl069417,bl,G,g
343597933014,2458222.8340223,2.0894964206663103,0.05075510845363021,15.599961543461323,0.02640281916714543,17.888941211157864,1.50,bl070266,bl,G,g
343597933014,2458225.7594386,1.2095636856048853,0.04042193247005686,16.193493773157087,0.0363245719448454,18.136097930959313,1.51,bl071513,bl,G,g
343597933014,2458226.9950112,1.845292832631877,0.17412191440987332,15.794618167297239,0.1025652661185354,16.610222810106066,1.43,bd386780,bd,B,V
343597933014,2458227.822207,2.04069667682953,0.05621471881589697,15.625619479145634,0.02994220352708247,17.778015504743884,1.54,bl072433,bl,G,g
343597933014,2458229.7343901,1.7685826690256077,0.032745192501743535,15.781002210049875,0.020124928943798248,18.364771741708385,1.46,bl073239,bl,G,g
343597933014,2458230.5048875,1.2839752957704826,0.03795329455618278,16.12867395277447,0.03212957537050884,18.20451690885634,1.56,bp044075,bp,B,g
343597933014,2458230.6888977,1.4179320116116725,0.10376286324543214,16.080642886090782,0.07954240400479545,17.172251525632827,1.51,bh278558,bh,G,V
343597933014,2458231.4964576,2.658041374828,0.054490204784555095,15.338661280163832,0.022282754520819133,17.81184451127105,1.56,bp044488,bp,G,g
343597933014,2458232.7130776,2.5040732106752,0.06130029435757448,15.403448067198768,0.026608948353601707,17.68398421154242,1.47,bt066442,bt,G,g
343597933014,2458233.9646376,3.3236262326026567,0.0959660927033261,15.155750959279823,0.031384687395495346,17.257061861938162,1.48,bd388813,bd,G,V
343597933014,2458235.8789949,2.379074474936989,0.08964965455996042,15.518761310827863,0.04095932166990696,17.330984842506233,1.33,bh280418,bh,G,V
343597933014,2458241.799758,1.4699955757557586,0.13994636348456616,16.041491335380822,0.10348031993566915,16.847452349231432,1.36,bh282742,bh,G,V
343597933014,2458243.3391389,2.0514074045639936,0.0522658981971526,15.619935825354984,0.027693552623216273,17.857094565915716,1.53,bp047057,bp,G,g
343597933014,2458244.6693754,1.777240206956554,0.05764109249226135,15.7757002976964,0.03525317577184631,17.75081010254531,1.48,bl079281,bl,G,g
343597933014,2458245.722531,2.433075928960496,0.11716390570442846,15.494392249109364,0.0523420045802955,17.04037179211052,1.82,bh283989,bh,G,V
343597933014,2458246.6704888,1.4198650864936588,0.039273411481701895,16.019447921491707,0.030065173900711284,18.167394041782348,1.45,bl080128,bl,B,g
343597933014,2458248.45419,1.544021204149807,0.026067543135912676,15.928432471690286,0.018350969495200847,18.61239035925945,2.08,bp048419,bp,G,g
343597933014,2458248.8298299,2.673564721299309,0.07191342614281997,15.392054649750264,0.02923690865750041,17.57033144326232,1.47,bd390815,bd,G,V
343597933014,2458250.732257,3.2150824069458244,0.06601256189235649,15.132085349875657,0.02231755693433893,17.603574142230865,1.45,bl081713,bl,G,g
343597933014,2458251.4448916,2.272441830542885,0.0463676474290908,15.508833684623756,0.022178616892785517,17.987102957667904,1.50,bp049160,bp,G,g
343597933014,2458251.980346,3.717403751740461,0.09781937226535484,15.034182072244274,0.028602059861395062,17.236294214918477,1.84,bd391457,bd,G,V
343597933014,2458252.4416846,1.2323843587326109,0.03790449209796103,16.173200178109976,0.03343156264289079,18.20591390725083,1.53,bp049584,bp,G,g
343597933014,2458252.9055001,1.7570384239634738,0.07328263320304246,15.847828256992692,0.045334828768616296,17.549853728483345,1.77,bd391753,bd,G,V
343597933014,2458253.4332506,1.5273538447875044,0.028185448368543406,15.940216466058242,0.020058454055610225,18.527578241737277,1.50,bp050004,bp,G,g
343597933014,2458254.5436708,2.2115136822600636,0.06518014454918279,15.538341545731644,0.0320359687457281,17.617352313293242,1.53,bl083032,bl,B,g
343597933014,2458255.699707,3.4618497798881354,0.06987688894054701,15.051795075782948,0.021940045057420948,17.54180670874559,1.43,bl083608,bl,B,g
343597933014,2458256.7652914,1.2275189296307296,0.048454773956430594,16.17749512697337,0.042906248767325815,17.939299181669945,1.47,bl084001,bl,G,g
343597933014,2458257.8872161,1.6811437516705912,0.05079721898589312,15.89576927753928,0.03284333562079954,17.947756552541037,1.58,bd392810,bd,G,V
343597933014,2458258.883082,2.581944388606796,0.07101562651119005,15.429914194645765,0.02989642175189533,17.583971586637574,1.66,bd393155,bd,G,V
343597933014,2458259.6906254,1.3414796816658143,0.04270858839131352,16.081105374427345,0.03460535356641724,18.076352568147563,1.48,bl085303,bl,G,g
343597933014,2458260.8029474,2.044330726953335,0.08346452110119587,15.683403513834948,0.04437750915184919,17.408601629050878,1.43,bd393695,bd,G,V
343597933014,2458262.6562547,1.93367962312983,0.07334149810706085,15.68410432050082,0.041226591379473536,17.489266169408783,1.47,bl086637,bl,B,g
343597933014,2458263.6187552,1.2616332810870263,0.06571205877618423,16.1477327800688,0.05661403508802301,17.60852792653051,1.57,bl087062,bl,G,g
343597933014,2458273.9700451,1.7172134283802274,0.06714912838418816,15.872720714652822,0.042503850610542945,17.64475544425499,1.54,bd396422,bd,B,V
343597933014,2458274.6661264,1.433967782628932,0.05211420323552341,16.00871713722972,0.03950289104699426,17.860250355680478,2.15,bl090207,bl,G,g
343597933014,2458276.3990915,1.7678042389763486,0.030584656600122946,15.781480194910122,0.018805358208613364,18.43888158977033,1.58,bp054323,bp,G,g
343597933014,2458276.6468603,1.0981197358531458,0.04570122537096366,16.298441379954234,0.045236637997262935,18.002820999412346,1.52,bl090858,bl,G,g
343597933014,2458277.4213306,1.5394361904491944,0.02745411255300421,15.931661391961281,0.01938464671233991,18.556122086899848,1.56,bp054599,bp,B,g
343597933014,2458279.8579121,1.5312004888903061,0.06526722418356849,15.997201256775051,0.046331382138960334,17.67561853733895,1.64,bd397673,bd,G,V
343597933014,2458280.8689896,1.4535030903704353,0.09409763490599136,16.053741505806773,0.07036795354540883,17.278409624167924,1.45,bd397985,bd,G,V
343597933014,2458282.8306614,1.3126789623180024,0.053563130206659426,16.104669309613243,0.044352652380503704,17.830475738773906,1.68,bt078877,bt,G,g
343597933014,2458283.8198382,2.1451059943145094,0.06104756092911324,15.631159513321665,0.030933690299705358,17.74818560119696,1.45,bd398825,bd,G,V
343597933014,2458284.4539874,1.7531791002764252,0.06481552060699233,15.790499910358346,0.04018508595190254,17.623443077210435,2.00,bl093164,bl,G,g
343597933014,2458284.8657087,1.651033397904776,0.0579051135570055,15.915391758339037,0.0381217853634613,17.805564099577293,1.48,bd399179,bd,G,V
343597933014,2458286.450282,1.638746041225318,0.0870844258114255,15.863786483383677,0.05776183874522729,17.30278937974794,1.73,bl094080,bl,G,g
343597933014,2458291.3788239,1.4581911653568076,0.05070188745833123,15.990529465589757,0.03779391107738017,17.89008029410094,1.55,bp057560,bp,G,g
343597933014,2458296.7500552,2.641382594794454,0.13707397643447855,15.405203125114124,0.056407372767505744,16.86996886472053,1.57,bd402018,bd,G,V
343597933014,2458298.8752437,2.2773160615166206,0.12364446457611765,15.566223131616631,0.0590151535920097,16.981919698036737,1.42,bd402762,bd,G,V
343597933014,2458301.8066587,2.485411341342532,0.12996904671365642,15.411569932876976,0.05683996874067415,16.868040777638456,1.53,bt083827,bt,G,g
343597933014,2458303.5098108,1.3266208868649265,0.039580820864880975,16.093198545464357,0.03243023820960772,18.158928619497956,1.75,bl101730,bl,G,g
343597933014,2458304.3251211,2.1243601904686162,0.037110926815355424,15.581995236420179,0.018988288384765833,18.228886109848833,1.62,bp059763,bp,G,g
343597933014,2458304.8473002,3.346559169029222,0.1195048796304121,15.148285134577932,0.038814974346204956,17.0188922967156,1.52,bd403898,bd,B,V
343597933014,2458307.8541624,1.4694876746140113,0.05084844049347491,16.04186653511258,0.037611777879773205,17.94666229922543,1.48,bd404428,bd,G,V
343597933014,2458309.8350352,3.111483758160352,0.08613286897046361,15.227362558707128,0.03008940137257901,17.374434110615915,1.57,bd405060,bd,G,V
343597933014,2458310.8155808,1.6517800879229012,0.05392068472726327,15.91490083845894,0.03548259259780712,17.88296789723898,1.42,bd405406,bd,G,V
343597933014,2458311.6689558,2.829915896467897,0.09671637164977522,15.33034758270508,0.03714827393099571,17.248606405073858,1.44,bh289407,bh,G,V
343597933014,2458315.2220702,1.356070075900418,0.03386990127587926,16.069360290802493,0.027148383211710175,18.32810578453413,2.24,bp062434,bp,G,g
343597933014,2458316.6476837,2.1015030057303856,0.062071163178558694,15.593740583524491,0.03210495319059472,17.670415901704473,1.55,bl106627,bl,B,g
343597933014,2458318.7322308,1.575835865419238,0.06438041394747557,15.906288170703736,0.04440736014969185,17.6307561995754,1.49,bt085864,bt,G,g
343597933014,2458323.3434206,1.22098521498815,0.09638685728173549,16.183289609610725,0.08580638147476503,17.19259606089524,1.67,bp065063,bp,G,g
343597933014,2458323.7144339,1.899990374343133,0.14387650597143078,15.703187120400488,0.08230963093418413,16.75766590526617,1.54,bt087571,bt,G,g
343597933014,2458324.2254246,2.160919305157299,0.0865659882050759,15.563469248779867,0.043543257360760444,17.309272383600497,1.58,bp065365,bp,G,g
343597933014,2458325.6318095,1.150870163942712,0.21139392422839365,16.247499794232475,0.19965415022047425,16.339909359217085,1.61,bl109933,bl,B,g
343597933014,2458326.7846184,2.439693844270481,0.12678758159042794,15.491443078512614,0.05648765684632719,16.95466459874932,1.76,bd410027,bd,G,V
343597933014,2458327.7844039,1.3433544551690786,0.11933092026428702,16.13930485457765,0.0965549498327108,17.02047391903053,1.75,bd410389,bd,G,V
343597933014,2458328.5880673,2.1872213151089768,0.07159980010635292,15.550333798355656,0.03558207353924803,17.515361086846745,1.51,bl110662,bl,G,g
343597933014,2458328.7644905,1.6438519060324515,0.07722423013581466,15.920124680646117,0.0510626171824691,17.49297242511613,1.72,bd410697,bd,G,V
343597933014,2458329.6108198,1.1111624108661229,0.08543214944377228,16.28562176883653,0.08357107034579894,17.323587278438143,1.47,bl111114,bl,G,g
343597933014,2458332.7669093,1.7149997472939649,0.061188607348204964,15.874121253553756,0.03878097120317885,17.745679971744018,1.78,bd411834,bd,G,V
343597933014,2458333.5599402,1.933727856502563,0.04974997443411936,15.684077238420986,0.027964668857450144,17.910658456683738,1.55,bl112857,bl,B,g
343597933014,2458334.6008803,1.2770063700549006,0.04591902072819003,16.13458296316286,0.03908514493176307,17.997659067196388,1.45,bl113301,bl,G,g
343597933014,2458335.5902269,1.3316583061079836,0.04206668933867639,16.08908361651938,0.03433663283961108,18.092794775809043,1.49,bl113740,bl,G,g
343597933014,2458336.5996678,2.7362532515720295,0.08285226534597437,15.36689067786327,0.032912454323052315,17.416595425192106,1.42,bh298671,bh,G,V
343597933014,2458337.6664904,1.356523835745219,0.03703409485948247,16.068997049187708,0.029674709631700585,18.231136274840296,1.47,bt090945,bt,G,g
343597933014,2458338.6585663,1.5956736774001337,0.0492054678612525,15.89270542008797,0.03351825937503499,17.922607197510313,1.62,bt091293,bt,G,g
343597933014,2458344.657241,2.2143447863621475,0.05320640466938099,15.536952512320784,0.02611745420580434,17.837730828394744,1.54,bt091916,bt,G,g
343597933014,2458345.6492957,1.3456716925790593,0.05781006801652696,16.077717830461577,0.046695661950290276,17.747631910578995,1.65,bt092026,bt,G,g
343597933014,2458351.6258291,1.8876494051228545,0.14374640042647177,15.710262283446333,0.08277283217743975,16.758648165768335,1.49,bt093239,bt,B,g
343597933014,2458352.6287361,0.531837216734778,0.19454220354756407,16.43010603456834,99.999,16.43010603456834,1.53,bt093616,bt,B,g
343597933014,2458353.6242887,1.684757325671979,0.1001937965821645,15.833722238657895,0.06464212915017262,17.150538528011698,1.50,bt093988,bt,G,g
343597933014,2458354.5174919,1.302789766022726,0.12332661033414297,16.172595558679042,0.10289508476560964,16.984714406275486,1.90,bh304933,bh,G,V
343597933014,2458356.5259569,3.224794192564947,0.1737254007809615,15.188526396922482,0.05855628176395858,16.612698088024022,1.47,bh305762,bh,G,V
343597933014,2458358.5280046,1.5248227977932216,0.07815897446895409,15.942017180963937,0.055714937600895235,17.420193480615886,1.52,bl122930,bl,G,g
343597933014,2458359.530806,1.9026067464364043,0.1052531686295702,15.761408823580947,0.06013098518120063,17.156768446003323,1.33,bh306614,bh,G,V
343597933014,2458363.5125207,2.0794161481420543,0.07403893150202745,15.664927873881986,0.038701776712964014,17.53870603723902,1.49,bh307979,bh,G,V
343597933014,2458364.5169945,2.1582188119685153,0.07297735617263512,15.624542720224056,0.03675401807788631,17.554386079499242,1.61,bh308388,bh,G,V
343597933014,2458365.5093147,1.8372270494282978,0.06811787909560707,15.799374327279196,0.040300502299401464,17.62920360018534,2.46,bh308779,bh,G,V
343597933014,2458366.5073294,2.182829190230322,0.08725932129665909,15.612232022462155,0.043451447685618476,17.360326816877528,1.63,bh309174,bh,G,V
343597933014,2458367.502502,1.7478708129359692,0.0739228796063414,15.853508078768728,0.04597076368526379,17.5404092033421,1.37,bh309576,bh,G,V
343597933014,2458368.5028225,1.9940483182999236,0.07522697473310382,15.71044221050469,0.041006253482646665,17.52142240133612,1.40,bh309959,bh,G,V
343597933014,2458369.4992415,2.141910901535142,0.06720279452215874,15.632777901415158,0.03410343340266934,17.643888061476943,1.34,bh310350,bh,G,V
343597933014,2458370.4956948,1.5016240972191786,0.08781879927501549,16.01837833205984,0.06356798401147724,17.35338765666037,1.37,bh310749,bh,G,V
343597933014,2458371.4923444,2.23835366837508,0.08325633085888516,15.584959635040756,0.04042971987926783,17.411313225091657,1.33,bh311147,bh,G,V
343597933014,2458372.4889455,1.4964930794751923,0.07539581854115218,16.02209462254654,0.054762683368977084,17.518988242359946,1.40,bh311525,bh,G,V
343597933014,2458492.0060302,1.510720304691602,0.04669913291385692,15.95210545642618,0.03359981786346704,17.979368569246564,1.50,bt126651,bt,B,g
343597933014,2458496.1387515,1.4596493173103071,0.035553557268685344,15.989444301058558,0.026475654450642008,18.275432961304343,1.48,bD013644,bD,G,g
343597933014,2458496.8683007,1.0518636854748071,0.12986328484367646,16.345166967799557,0.13419585288903985,16.868924651457956,1.41,bH034170,bH,G,g
343597933014,2458497.1208249,2.424814898912212,0.04724411688792049,15.43836914271922,0.021177823094112442,17.966771273095535,1.50,bD014080,bD,G,g
343597933014,2458504.0992984,1.4708923664989844,0.11812923942500982,15.981113387006236,0.0872948627143387,16.97174709202243,1.45,bD016464,bD,G,g
343597933014,2458505.097174,1.6255769899649262,0.08272890046416945,15.872546764255054,0.05531741557056399,17.3584974808642,1.52,bD016842,bD,G,g
343597933014,2458505.598162,1.2634541120791372,0.13689826308689268,16.14616693923582,0.11777432868708486,16.811645766427944,1.56,bp104799,bp,G,g
343597933014,2458506.1006721,1.708378015483705,99.99,15.818605687263016,99.99,99.99,1.50,bD017295,bD,G,g
343597933014,2458506.5960029,1.683631439487299,0.12141351368249077,15.8344480547818,0.07838485753427987,16.94197304222362,1.52,bp105143,bp,G,g
343597933014,2458507.1236733,2.0422161513493093,0.07274728044306353,15.62481135580628,0.03871927604927085,17.49809870529207,1.50,bD017765,bD,G,g
343597933014,2458509.8756381,1.3476228104307548,0.10090393887810946,16.07614473872612,0.08138641879894426,17.142870312310777,1.47,bl173665,bl,G,g
343597933014,2458517.5841774,2.439586805354561,0.09805684483702441,15.43177493281885,0.043689171774018994,17.17394582420439,1.54,bp107866,bp,G,g
343597933014,2458519.0619673,1.6872253551347571,0.040749779772750745,15.832132889201326,0.02625211786239845,18.127327446466158,1.48,bD019469,bD,G,g
343597933014,2458520.8199807,1.8909855790609882,0.04297018853050302,15.708345080124836,0.024699673641500493,18.069722463584675,1.43,bH042034,bH,G,g
343597933014,2458521.6022124,1.6346090787181016,0.06357007139094095,15.866530855563708,0.042271821798514395,17.644508863553696,1.57,bp108959,bp,G,g
343597933014,2458522.8365236,1.500687523026867,0.04478391658975488,15.959339942894582,0.03243724590184642,18.024835430823625,1.55,bl178183,bl,G,g
343597933014,2458523.8220156,2.587492094575973,0.0692496816750861,15.36786804330557,0.02909048235659585,17.551596157969968,1.39,bH043045,bH,G,g
343597933014,2458525.8090472,2.0107541397410174,0.0641813189129198,15.64166819352957,0.03469459631459591,17.634119017658236,1.40,bH043733,bH,G,g
343597933014,2458527.8507875,1.1856556930110118,0.057292558068722306,16.215169144936485,0.052523274679993605,17.757395077448088,1.47,bH044447,bH,G,g
343597933014,2458531.9514832,2.9030678629011186,0.08547313491132819,15.242922651942624,0.03200255240761527,17.323066529100107,1.57,bt136879,bt,G,g
343597933014,2458532.5151079,2.824228370001781,0.13953812987251318,15.272816094040317,0.053703830011492426,16.790908366065032,1.64,bp110879,bp,G,g
343597933014,2458533.5225438,1.1804566955678615,0.14094061182976944,16.21994047267564,0.12977715979032647,16.780050230297327,1.60,bp111226,bp,G,g
343597933014,2458533.8860341,2.4238551693024757,0.1714946594006657,15.43879895674369,0.07690527092533657,16.567014111412636,1.49,bl182197,bl,G,g
343597933014,2458542.6436167,1.8180448033868535,0.10208864939300447,15.751054168158776,0.06103585733780939,17.130196965823707,1.46,bp113850,bp,G,g
343597933014,2458542.8676352,1.387695467523367,0.042746317669620185,16.04433019777243,0.03348241012435526,18.07539383919947,1.54,bl185573,bl,G,g
343597933014,2458543.5567266,1.2028520795408086,0.041654335448276604,16.199535063884902,0.03764091391145791,18.10349008608432,1.49,bp114142,bp,G,g
343597933014,2458543.9166215,1.4032836466387795,0.03981148505820567,16.032201961961256,0.03083721058660326,18.15261966631673,1.49,bt139794,bt,G,g
343597933014,2458545.9379009,1.3084131020293484,0.04024232222220888,16.10820341138115,0.03343107350538922,18.140933026054647,1.58,bt140642,bt,G,g
343597933014,2458547.8144511,1.2492796012522445,0.04403544862826012,16.158416500543396,0.03831377541602182,18.043134548327874,1.50,bl187253,bl,G,g
343597933014,2458549.5686514,1.3003591540290107,0.03691486095183245,16.114907324071616,0.03085674348995452,18.234637519209095,1.58,bp115893,bp,G,g
343597933014,2458549.7904024,1.3121401599968883,0.0482956815293445,16.105115052476428,0.04000739220593748,17.94286986385036,1.39,bH052207,bH,G,g
343597933014,2458551.8497641,2.9194619035778784,0.08037925894182224,15.236808591128536,0.029926322933791067,17.389780616722554,1.48,bH052977,bH,G,g
343597933014,2458553.7298402,2.0244326982952634,0.04617240982366465,15.6343072639208,0.0247908473442985,17.991684257000212,1.54,bH053631,bH,G,g
343597933014,2458555.7243619,1.7901040197482758,0.05109541811959218,15.76786995280717,0.031025290901189235,17.881685717983814,1.40,bH054388,bH,G,g
343597933014,2458555.8814641,1.2710233911933027,0.04435969293841766,16.13968176444029,0.03793561776741941,18.035169283282084,1.45,bl190419,bl,G,g
343597933014,2458557.8135928,1.1549084419171656,0.05404271195382506,16.24369673259119,0.05086297413599875,17.820797775138388,1.36,bH055219,bH,G,g
343597933014,2458559.4444804,1.497343389723251,0.06973673030505131,15.961762098110981,0.05062352051645841,17.54398665876639,1.52,bp118290,bp,G,g
343597933014,2458560.48155,2.1419771776699763,0.07159559727841257,15.573028524278863,0.03633152687193063,17.515424820214463,1.53,bp118693,bp,G,g
343597933014,2458561.9066483,1.7954248006697444,0.0600389761478739,15.764647572503495,0.036347808417332705,17.706557417550744,1.48,bl192819,bl,G,g
343597933014,2458562.7007725,1.0886070016723441,0.1354668643290745,16.307887814099104,0.1352614776827944,16.823057915831143,1.54,bl193062,bl,G,g
343597933014,2458562.8782228,0.9382186624932197,0.09728119069581839,16.46930545371427,0.11270339090076667,17.182568417417748,1.42,bH057179,bH,G,g
343597933014,2458563.7960171,1.5862920201971051,0.14644745097952871,15.899107773456734,0.10034849189652428,16.738436069232883,1.50,bl193545,bl,G,g
343597933014,2458564.76148,1.345543317270561,0.13104418916608873,16.077821413207534,0.10586008954288821,16.859096191483516,1.54,bl193925,bl,G,g
343597933014,2458569.0068469,1.1238066827805322,0.057896674205250256,16.27333659647357,0.055998214442627814,17.74600656895399,1.51,bD020451,bD,G,g
343597933014,2458569.9312028,2.143557826652044,0.04692078881580519,15.572227612419347,0.023792620275675302,17.97422734966467,1.67,bD020745,bD,G,g
343597933014,2458570.9400592,1.2790058234145087,0.04906529544955817,16.132884317631667,0.04169788901943911,17.92570456564652,1.43,bD021046,bD,G,g
343597933014,2458571.890582,1.5870346842781147,0.046454424749437825,15.898599576620708,0.03181653208039936,17.98507289512588,1.56,bl196843,bl,G,g
343597933014,2458572.880312,1.2992723905655208,0.11353166457846312,16.11581509772093,0.09497930082524661,17.014848097843952,1.34,bH061038,bH,B,g
343597933014,2458573.8964398,1.3484152493213646,0.058964538230733644,16.075506483924592,0.04753127006943049,17.726163356950526,1.42,bH061285,bH,G,g
343597933014,2458575.6459125,1.5149083909253365,0.042270218276969786,15.94909969450744,0.030329153701118668,18.087554385278747,1.47,bl197677,bl,G,g
343597933014,2458576.6226812,1.2576761536203556,0.041125214523657666,16.151143556078704,0.03554279057111242,18.11737017044846,1.58,bp123758,bp,G,g
343597933014,2458577.4724626,1.7084066703085696,0.07054758135977417,15.818587476235013,0.04488518745836916,17.531435288757354,1.47,bp124008,bp,B,g
343597933014,2458577.9910967,2.7064746215590687,0.04914803019848005,15.319055724546352,0.019738508364100574,17.923875320318523,1.46,bD023138,bD,G,g
343597933014,2458580.3839682,2.022271835816994,0.03782025305011332,15.635466788580617,0.020328113154004818,18.20832953563366,1.61,bp124599,bp,G,g
343597933014,2458581.0980713,2.779309874941903,0.056406909967424465,15.29022319607752,0.022060101758723687,17.774309838323234,1.44,bD024432,bD,G,g
343597933014,2458581.8080463,1.9091779831550935,0.053380106465728265,15.697949578800676,0.03039101402068652,17.83419202232863,1.49,bt149876,bt,G,g
343597933014,2458582.7947398,1.1374458887462269,0.04845973378527586,16.260238759020666,0.04630868527531297,17.939188051440283,1.43,bl200616,bl,G,g
343597933014,2458583.7360198,1.6263671837492162,0.04487624861161213,15.872019115580025,0.02999232374274221,18.022599248139795,1.47,bH065047,bH,G,g
343597933014,2458584.7108809,1.4122194540420931,0.048820607997830036,16.025310147713224,0.0375762266315085,17.93113265220821,1.44,bH065434,bH,G,g
343597933014,2458585.4356058,2.708714675663041,0.05130354602231036,15.318157470451608,0.020587153175756226,17.87727215165002,1.50,bp126444,bp,G,g
343597933014,2458586.5179859,1.2274242395583423,0.0408053227629337,16.177578883242077,0.036135518811980204,18.125848567945724,1.49,bp126926,bp,G,g
343597933014,2458587.9160331,2.6203399868361004,0.0635761961135733,15.354171511513965,0.02637236440316051,17.64440426224307,1.47,bt151415,bt,G,g
343597933014,2458588.9733027,1.4475713812980993,0.061270071112312814,15.99846565114619,0.046006645505265176,17.684519650465933,1.47,bD026235,bD,G,g
343597933014,2458590.0696464,1.4649441698952708,0.05475671931614726,15.985512937977441,0.04062828768005559,17.806547061434827,1.58,bD026685,bD,G,g
343597933014,2458591.6353836,2.01561396485497,0.10976595146642282,15.639047225699361,0.059193287450711805,17.051471495752445,1.52,bl204313,bl,G,g
343597933014,2458591.9524997,0.8826337601250479,0.1565525453580877,16.535614285058312,0.19279322620485995,16.665990278637693,1.53,bt152831,bt,G,g
343597933014,2458597.9682493,1.8854254912955972,0.05352543607867849,15.711542185968504,0.03085766162240197,17.83124007585611,1.50,bD029703,bD,G,g
343597933014,2458599.5853736,1.2615132541941096,0.05063643321927088,16.147836077710426,0.04362982405639114,17.891482844419713,1.47,bl207173,bl,G,g
343597933014,2458600.5805818,1.228748371679098,0.04898827237938898,16.17640823398389,0.043335253481349985,17.927410301703585,1.41,bH070982,bH,G,g
343597933014,2458601.4894314,1.223638680568106,0.04161445118813321,16.18093262963938,0.03696605855621976,18.10453018262706,1.58,bp130153,bp,G,g
343597933014,2458602.4629141,1.3837384176142757,0.03609442130858909,16.04743062552781,0.02835295034115846,18.259040403223597,1.59,bp130552,bp,G,g
343597933014,2458604.7592519,2.251306952985768,0.05425435917045859,15.518978840689845,0.026194619731838918,17.816554016079987,1.46,bt155770,bt,G,g
343597933014,2458605.8969423,2.6045611827072355,0.04942259847182134,15.360729212965019,0.02062543820698528,17.917826672966303,1.46,bD031695,bD,G,g
343597933014,2458607.5821473,1.1876473685998201,0.05838030196485578,16.213346845174172,0.053430716591080715,17.7369747689621,1.47,bl210719,bl,B,g
343597933014,2458608.8550789,1.3748798532044066,0.0568807601606659,16.054403752085015,0.044968957159431985,17.76522713214421,1.42,bH074293,bH,G,g
343597933014,2458611.0103122,2.0419047100284744,0.03808425162176817,15.624976944989275,0.020273191727569747,18.200777046772266,1.47,bD032798,bD,G,g
343597933014,2458612.8202018,2.548265231621126,0.051113606623152646,15.384454050334828,0.021802388298999692,17.88129929580467,1.46,bD033422,bD,G,g
343597933014,2458614.3572058,1.31977160103564,0.04044232589234361,16.098818674935206,0.03330807379738056,18.13555030020542,1.55,bp133286,bp,G,g
343597933014,2458614.8404753,1.6486104282305494,0.04318753992369754,15.85727051570297,0.028474269829965787,18.064244445962938,1.72,bl213595,bl,G,g
343597933014,2458616.7880445,1.5820697578627632,0.0719755511460763,15.902001550188844,0.04945059744374585,17.509678113611233,1.48,bD034943,bD,G,g
343597933014,2458617.775142,2.461455866042516,0.055173511837000914,15.422085489109659,0.024364120984586197,17.798314041393283,1.50,bl214891,bl,G,g
343597933014,2458618.696559,1.3119742666956014,0.08239279025995146,16.10525233030375,0.06826153758556704,17.36291758484836,1.49,bl215278,bl,G,g
343597933014,2458619.6926038,2.596459963244659,0.10919238453883197,15.364111546602892,0.04571122843366052,17.05715973594376,1.51,bl215695,bl,G,g
343597933014,2458625.5470886,1.0220384658173922,0.09832095830819836,16.376397518847472,0.10456612977992545,17.171025354312953,1.52,bp137210,bp,G,g
343597933014,2458627.764384,2.795912936553868,0.10949240703666985,15.28375651339903,0.042566949905140844,17.054180603374252,1.45,bl218990,bl,B,g
343597933014,2458628.9129914,2.2203963866842993,0.04264967363342778,15.53398934248138,0.020878407650053114,18.07785133099187,1.76,bD039105,bD,G,g
343597933014,2458630.8826775,2.375243384349199,0.04317430990443193,15.460795329417659,0.019757384877451937,18.064577100046826,1.50,bD039827,bD,G,g
343597933014,2458632.9219185,1.5316267503041077,0.029388124114064357,15.937183265230722,0.02085600369745356,18.482210948141503,1.44,bD040601,bD,G,g
343597933014,2458634.9466706,1.278062220986572,0.039896928651046354,16.133685628623493,0.03393123283242032,18.150291951250583,1.46,bD041362,bD,G,g
343597933014,2458636.5183053,2.0379646272901435,0.05115450100617483,15.627074017936952,0.02728345612107453,17.880430979853312,1.48,bl220560,bl,G,g
343597933014,2458637.8651338,1.6600601791594567,0.025499353314672044,15.849756042237589,0.016696194953334142,18.63631769520345,1.50,bD042391,bD,G,g
343597933014,2458639.9107175,1.331593014308439,0.04024598471791805,16.08913685195391,0.032852106531719556,18.14083421656678,1.44,bD042804,bD,G,g
343597933014,2458641.6326308,1.3646448535382552,0.051355478554389926,16.062516518047193,0.04090527450933104,17.876173660108222,1.44,bH083017,bH,B,g
343597933014,2458642.4505121,1.2718536860375607,0.0411236083643691,16.138972739837296,0.03514521740968306,18.117412575074546,1.53,bp141491,bp,G,g
343597933014,2458643.5984656,1.3900774500354842,0.051908886483411555,16.042468126708187,0.04058961081479316,17.864536329521343,1.55,bl223848,bl,G,g
343597933014,2458644.6258662,1.8153492463426069,0.05454344442568176,15.752665149170914,0.032658372903205876,17.81078421087916,1.46,bl224329,bl,G,g
343597933014,2458645.6251268,1.1440538608106632,0.07782212894040468,16.253949444657568,0.07393818900052258,17.4248828429334,1.53,bl224791,bl,G,g
343597933014,2458646.670998,1.4479698167217288,0.06926409448572964,15.998166849825237,0.051994909254443285,17.551370209175296,1.55,bl225288,bl,G,g
343597933014,2458651.7716802,0.9566428734387772,0.11765191411551747,16.4481910208947,0.13367842785810283,16.976143118338992,1.62,bD046785,bD,G,g
343597933014,2458654.4860303,3.587993826771562,0.18624125737711422,15.012936404385366,0.05642042854491199,16.477450873824143,1.58,bp145409,bp,G,g
343597933014,2458657.693657,1.837519716119381,0.07410970238274713,15.739485603155712,0.043838454424420165,17.47795293847599,1.62,bl229878,bl,G,g
343597933014,2458659.7072185,1.501598457154001,0.04760714187666174,15.958681088808822,0.034461205722250206,17.958460338624096,1.48,bt168413,bt,G,g
343597933014,2458661.3894053,2.0122486155421075,0.038798729617307924,15.64086152912603,0.020957913384556888,18.180596847020162,1.52,bp147081,bp,G,g
343597933014,2458662.5266278,2.5465447299069397,0.0569552048252115,15.385187349942292,0.02431052186309485,17.76380706636657,1.51,bl231076,bl,G,g
343597933014,2458662.8708949,1.4129798616430107,0.044881595353260126,16.024725691899405,0.034525858506260935,18.022469896748646,1.48,bD049772,bD,G,g
343597933014,2458667.5196071,2.4235151481279273,0.06825897067104017,15.4389512757439,0.030614429373548406,17.567241274104603,1.74,bH091165,bH,G,g
343597933014,2458669.8347815,1.2653057315400997,0.04380994948183537,16.144576934039744,0.03763478590141331,18.04870873048104,1.48,bD050922,bD,G,g
343597933014,2458670.7400807,2.2109745210512215,0.0563271848039837,15.53860627762945,0.02769149996571893,17.775845496386285,1.42,bt169677,bt,B,g
343597933014,2458674.4526364,1.7826912088195004,0.2824677558271565,15.772375315268942,0.1722284643904536,16.02521841260725,1.64,bl234176,bl,B,g
343597933014,2458678.3715204,1.009906770225704,0.1109842523524221,16.389362413185406,0.11945167659173717,17.03948720955723,1.58,bp150046,bp,G,g
343597933014,2458679.3582052,3.0993925383093686,0.14930713820834754,15.171874164399608,0.052361992103876556,16.71743918304742,1.59,bp150361,bp,G,g
343597933014,2458679.8194633,1.2844407283078862,0.09341093455648318,16.12828045191049,0.07904889831053256,17.226646318629616,1.53,bD053619,bD,G,g
343597933014,2458680.32362,1.2184145596170106,0.13763556668661614,16.185577922226493,0.12278569363148781,16.805813923136128,1.52,bp150776,bp,G,g
343597933014,2458680.8346625,1.5181092516267927,0.08103071838240114,15.94680805492619,0.05801747648436722,17.381016388476212,1.43,bD054002,bD,G,g
343597933014,2458681.3476183,1.934853628158104,0.0939056480341618,15.683445331824702,0.05275404561534662,17.22091132629601,1.53,bp151233,bp,G,g
343597933014,2458682.3888303,1.6008987767686353,0.1954284923875295,15.889155940329998,0.1326893851234236,16.425170907143436,1.75,bp151448,bp,B,g
343597933014,2458682.6280551,2.067454140353223,0.10720751649607776,15.611475909928059,0.05636396327270315,17.07707752262279,1.59,bl237546,bl,G,g
343597933014,2458682.8267794,1.4048899151128813,0.06223131005069195,16.030959884868267,0.0481480631246004,17.667618252569394,1.50,bD054575,bD,G,g
343597933014,2458683.8265526,1.9179051972051933,0.048860734434328604,15.692997782229272,0.027691407285276304,17.93024063483334,1.70,bD054931,bD,B,g
343597933014,2458685.7111397,1.7706642751811446,0.06797998792169617,15.779725059591971,0.04173083077065846,17.571687903732098,1.45,bt173426,bt,G,g
343597933014,2458687.672185,1.6979648744050575,0.07734205691785988,15.825243867774239,0.049510713936908056,17.431601316479014,1.51,bl239325,bl,G,g
343597933014,2458689.6523229,1.319069226012321,0.04211125624755132,16.099396651448473,0.03470106323022963,18.091645118124152,1.49,bt174250,bt,G,g
343597933014,2458691.285614,1.864703295431352,0.03293980862652506,15.723541276435222,0.019200984896183118,18.3583379322423,1.54,bp152914,bp,G,g
343597933014,2458691.6002477,1.1633284373887594,0.0577886378221607,16.23580976106636,0.05399484336874948,17.748034467649095,1.48,bH099800,bH,G,g
343597933014,2458692.3718334,2.310750753255053,0.07079717890837744,15.490682864083919,0.03330236081359789,17.527600730245112,1.60,bp153412,bp,G,g
343597933014,2458692.7843747,1.3688941960005605,0.04331730225693233,16.05914091697438,0.03439566354352376,18.0609871076376,1.54,bD057224,bD,G,g
343597933014,2458693.6806141,2.4692026817873263,0.06683815589864926,15.418673772331847,0.029422521687229784,17.590079464032463,1.55,bt175428,bt,G,g
343597933014,2458694.6276754,1.3122018464825262,0.049139136482257276,16.10506401091961,0.0407041835943111,17.924071810461648,1.46,bH101058,bH,G,g
343597933014,2458698.6789724,2.411512300893121,0.06571570243929549,15.444341918387032,0.029620463192580708,17.608467725292623,1.47,bt176599,bt,G,g
343597933014,2458699.7582839,1.2810761466636338,0.03795364798673834,16.131128260268337,0.03220258632589177,18.20450679825678,1.82,bD058583,bD,G,g
343597933014,2458700.7619071,1.3506184201448916,0.04652583596777295,16.07373395112019,0.037443263086187284,17.98340514844892,1.45,bD058879,bD,G,g
343597933014,2458701.6302573,1.075888232308567,0.07204492387727375,16.320647728837415,0.07278609200750373,17.508632144394742,1.53,bl244691,bl,G,g
343597933014,2458706.3190681,1.6909275284853604,0.09353128018888072,15.829753135891906,0.06012347263574283,17.225248414700786,1.58,bp156515,bp,G,g
343597933014,2458706.6713743,2.0840368667752807,0.17456588110259172,15.60280212878519,0.09104710476221135,16.54774219939908,1.78,bt178614,bt,B,g
343597933014,2458708.5826154,2.7791993308499574,0.11375072636292591,15.290266380938213,0.0444883864573083,17.0127551650555,1.55,bl247619,bl,G,g
343597933014,2458709.5612593,2.3822789313448087,0.56912827824616,15.26461519916467,99.999,15.26461519916467,1.47,bl247831,bl,B,g
343597933014,2458710.3099114,1.3262348670558493,0.11716983918577772,16.093514518682884,0.09603014067699292,16.980601026795746,1.53,bp157395,bp,G,g
343597933014,2458710.6494968,1.3119378066967242,0.1594231188279466,16.105282503525796,0.13208400416658378,16.646262358764275,1.53,bt179565,bt,G,g
343597933014,2458711.6491395,1.9598570855233974,0.19157919846643187,15.669504613829186,0.10625175720250613,16.446769731653696,2.43,bt179804,bt,B,g
343597933014,2458712.2916753,2.610116735924077,0.1493266762092644,15.358415793942337,0.06218557290611875,16.717297115311148,1.52,bp158001,bp,G,g
343597933014,2458713.3170087,1.0712190595550397,0.1348380958930165,16.32536989425064,0.13681902539213556,16.828109083861428,1.62,bp158444,bp,G,g
343597933014,2458715.2821016,1.4069783595502217,0.03874397785114574,16.029347078056063,0.02993153314517349,18.18213009203098,1.50,bp158999,bp,G,g
343597933014,2458716.2972582,1.4647466196650374,0.03897620110780652,15.985659361237065,0.02892338880866267,18.175641842748615,1.54,bp159434,bp,G,g
343597933014,2458716.5605674,1.2876127032059397,0.05262240152642585,16.125602490643313,0.0444219464333566,17.849713951237703,1.43,bl250869,bl,G,g
343597933014,2458717.2943498,2.4444844629824356,0.046067173664039916,15.429597419144159,0.02048407981743719,17.99416169139029,1.48,bp159853,bp,G,g
343597933014,2458717.6292236,1.316178949023862,0.055799049658325335,16.10177827125655,0.04608122700788062,17.78607360566006,1.47,bt180772,bt,G,g
343597933014,2458718.2909963,1.4156113238193924,0.043090932134014256,16.022705552265744,0.03308674416683373,18.066675889549167,1.51,bp160136,bp,G,g
343597933014,2458719.5465306,1.2145316300103584,0.05385255797428481,16.18904354826615,0.04819585398692684,17.824624769110557,1.42,bH110941,bH,G,g
343597933014,2458721.5396644,1.2677886783676302,0.05871105228356163,16.142448449512695,0.050336749544058534,17.7308409505743,1.49,bH111537,bH,G,g
343597933014,2458722.2743999,2.7370562408564587,0.054659942723643454,15.306856318889665,0.021706890905084406,17.80846768075725,1.48,bp161204,bp,G,g
343597933014,2458722.6135763,1.3890150596444426,0.04273817676559774,16.043298236366873,0.03344423060070895,18.075600633994753,1.51,bt182447,bt,G,g
343597933014,2458723.5452868,2.497459679307698,0.05729511322743181,15.406319408761433,0.02493625723062818,17.757346656386922,1.60,bl253772,bl,G,g
343597933014,2458725.52959,1.5939394453195055,0.04321159444341295,15.893886076594253,0.02946732043863756,18.063639882877688,1.46,bl254645,bl,G,g
343597933014,2458726.25597,1.3580254773521507,0.04977296812428369,16.067795828183794,0.039838024552005524,17.91015676166358,1.74,bp162249,bp,B,g
343597933014,2458727.2482078,3.009434301404257,0.0602710057221792,15.203853455447074,0.021768862909195278,17.70236951530316,1.54,bp162344,bp,G,g
343597933014,2458727.5943942,1.2565617168040175,0.059666693752792696,16.152106062047523,0.05161314485225935,17.713310677913714,2.20,bt184110,bt,G,g
343597933014,2458728.2615502,1.233215601045818,0.044243084008765185,16.172468096731578,0.038995864684485806,18.038027130726192,1.49,bp162780,bp,G,g
343597933014,2458728.6008887,1.891668277408451,0.08515462267769405,15.707953169921609,0.048930023081297826,17.32712003915362,1.95,bt184513,bt,B,g
343597933014,2458729.3142343,1.6049808988167547,0.04665075468815393,15.886390951906398,0.03159373553275579,17.980493926699463,1.50,bp163243,bp,G,g
343597933014,2458733.2319311,1.3614713186870389,0.06799678510056596,16.06504438041536,0.05428652664797258,17.571419662253437,2.10,bp164206,bp,G,g
343597933014,2458734.2432562,1.830041596193922,0.10334159910981382,15.743913219278314,0.0613799300261697,17.116952667585995,1.52,bp164631,bp,G,g
343597933014,2458734.4990957,1.1310796763872732,0.10880089200194484,16.266332625007195,0.10455659455422552,17.061059471613653,1.43,bH116152,bH,G,g
343597933014,2458737.2383688,1.9266899217388964,0.3362372533085545,15.68803605815732,0.18969075989432316,15.836026038192506,1.50,bp165685,bp,B,g
343597933014,2458738.4891546,1.949896959662594,0.09982451279994031,15.675036466994282,0.05564648156387806,17.15454761326983,1.44,bH116818,bH,G,g
343597933014,2458739.4851307,1.257766077671663,0.15589229496399873,16.151065928537104,0.13472151118407938,16.67057898506905,1.69,bl258982,bl,B,g
343597933014,2458740.4780214,2.101732431003007,0.15286638912620276,15.593622058008245,0.07905816942461218,16.691860593490752,1.63,bl259386,bl,B,g
343597933014,2458741.2253874,2.215802832720099,0.21469584131454303,15.536237839171124,0.10531850643977884,16.32308153099476,2.06,bp165924,bp,B,g
343597933014,2458743.2213851,1.4779550249162372,0.14495555278402508,15.97591257625546,0.10660702173249591,16.749553470333453,2.48,bp166584,bp,G,g
343597933014,2458744.5226234,1.252120258561111,0.07201819043500034,16.155950516706948,0.06251846916615773,17.509035099261098,2.00,bH119113,bH,G,g
343597933014,2458745.5210614,1.5710562043655414,0.05117484856648929,15.909586316892373,0.03540601236530654,17.879999195945857,1.54,bl261378,bl,G,g
343597933014,2458849.1472992,2.436668050969416,0.04523025834735245,15.43307469986573,0.020176455414614686,18.01406794052371,2.11,bD101454,bD,G,g
343597933014,2458851.1670789,2.029348495383034,0.06757284687421103,15.631674037688498,0.03619326437499836,17.57821007061504,1.76,bD102310,bD,G,g
343597933014,2458859.0021391,0.869039456127422,0.12447858649120495,16.55246688544878,0.15569236868302214,16.914903991267643,1.52,bt223768,bt,G,g
343597933014,2458871.1711446,1.5512222915815739,0.06198434530817512,15.923380529602209,0.04343303261182423,17.671935565307226,1.54,bD105578,bD,G,g
343597933014,2458873.1634821,1.3429323494591503,0.044858369089765086,16.079930283455926,0.03630793230674525,18.02303191158557,1.46,bD106469,bD,G,g
343597933014,2458874.1496129,2.291811773311788,0.04972816154647447,15.49961825698543,0.023584986400924626,17.91113460236123,1.50,bD106908,bD,G,g
343597933014,2458875.153788,1.2264272921831658,0.0338849949543547,16.178461106070166,0.030031553023554713,18.327622048173616,1.48,bD107361,bD,G,g
343597933014,2458875.1550689,1.1635626313083742,0.04314499214231295,16.235591209521992,0.04030443168902504,18.065314625866527,1.46,bD107362,bD,G,g
343597933014,2458876.1501542,1.5038876399689283,0.03659107813787824,15.957027147275378,0.02644673043542975,18.24420259657828,1.68,bD107808,bD,G,g
343597933014,2458877.150264,3.0178972103976824,0.05745609617593362,15.200804513237072,0.020693971364210955,17.75430032456854,1.56,bD108258,bD,G,g
343597933014,2458878.1435291,1.410902535778465,0.03635352251174256,16.026323087250653,0.028006681808482713,18.251274364837368,1.60,bD108682,bD,G,g
343597933014,2458879.1414794,1.8553540373487896,0.05760207175134471,15.72899863821834,0.03374609174067794,17.751545351929458,1.57,bD109129,bD,B,g
343597933014,2458881.9368745,1.3346321527744274,0.058008934252903696,16.086661664086336,0.047243871110294634,17.743903394865708,1.50,bt230918,bt,B,g
343597933014,2458882.6111969,1.1957990562001142,0.0454981295016703,16.20592010650292,0.041356855344846476,18.007656755173095,1.52,bp198753,bp,G,g
343597933014,2458883.6156162,1.5073029629209764,0.04810227251271127,15.95456424016713,0.03468783655599142,17.947226625475533,1.55,bp199077,bp,G,g
343597933014,2458884.0771225,2.1509744717094748,0.03784259882946212,15.568477482019638,0.019123081253749615,18.207688226939492,1.49,bD110682,bD,G,g
343597933014,2458884.6211541,2.6592116883346573,0.07555619550664434,15.338183344752249,0.03088370129539247,17.456965407192385,1.71,bp199379,bp,G,g
343597933014,2458886.9222917,0.7225702051752297,0.48348729792968276,15.44167793923905,99.999,15.44167793923905,1.85,bt231620,bt,B,g
343597933014,2458888.5807179,1.8175955580040215,0.0982698810903284,15.751322490616973,0.05876724757126908,17.171589535086557,1.49,bp199974,bp,G,g
343597933014,2458898.7700626,1.2973974046563996,0.06586273296059934,16.117383060226206,0.055179644166195925,17.606041242166523,1.37,bH164525,bH,G,g
343597933014,2458899.7792244,1.4058918784128769,0.05354536321591428,16.030185817041847,0.0413982630173045,17.830835939252168,1.52,bl309816,bl,G,g
343597933014,2458900.8645728,2.6317353411363222,0.06339801900720661,15.349460090838642,0.02618458214550953,17.64745139211956,1.47,bl310227,bl,G,g
343597933014,2458901.8499253,1.4473353554014756,0.05589950996176624,15.998642694405337,0.041980828208338095,17.78412060969722,1.50,bl310428,bl,G,g
343597933014,2458903.5095605,1.5141838011885942,0.03658330388267782,15.949619132857869,0.026261316962199077,18.24443330000576,1.58,bp203240,bp,G,g
343597933014,2458903.51079,1.5513193492474975,0.04657411715158378,15.923312598831842,0.03263289432102592,17.98227903329601,1.59,bp203241,bp,G,g
343597933014,2458904.7498432,1.587054343431891,0.04705531918262732,15.898586127309851,0.03222768412420666,17.971118802337354,1.50,bl311330,bl,G,g
343597933014,2458905.7553494,2.717463054453766,0.07108995547398446,15.314656501523412,0.02843523138463573,17.523120005904257,1.36,bH166686,bH,G,g
343597933014,2458909.4870017,2.620099562295181,0.05883176490974548,15.354271135839873,0.02440654220714183,17.728610918696145,1.49,bp204626,bp,G,g
343597933014,2458910.7407627,2.610048576339584,0.0727665965781857,15.358444146810173,0.030303699108291456,17.497810454744553,1.40,bH168421,bH,G,g
343597933014,2458911.743794,1.3262966576785913,0.051000660941134056,16.093463934314244,0.04179721082913698,17.88370110054894,1.40,bH168773,bH,G,g
343597933014,2458912.0276483,2.440276323630308,0.04520548592404899,15.431468106606307,0.020135587624942868,18.01466275660555,1.47,bD113324,bD,G,g
343597933014,2458912.8223408,1.7389861181348805,0.042881933923243465,15.799325334385115,0.026803432906438347,18.071954703239395,1.45,bH169189,bH,G,g
343597933014,2458919.8711746,1.0109937660149741,0.2497089524467974,16.159055329567146,99.999,16.159055329567146,1.51,bH171707,bH,B,g
343597933014,2458925.5593966,1.07240972172412,0.08439390284225125,16.324163766427723,0.08553867167664668,17.336862932603644,1.59,bp206997,bp,G,g
343597933014,2458925.7275649,2.653499781478193,0.08754605208806913,15.34051798178159,0.03586160169820327,17.297049195845414,1.41,bH173714,bH,G,g
343597933014,2458926.4885055,1.7459793253308074,0.043681448286589736,15.794967880312974,0.027193812896451886,18.051898038319596,1.49,bp207304,bp,G,g
343597933014,2458928.4776853,1.3609578246144172,0.037679605614267864,16.06545395516118,0.03009357991721042,18.21237474028841,1.45,bp208034,bp,G,g
343597933014,2458930.4268827,1.2698945522084546,0.05398934928635249,16.140646472048424,0.04621177026800856,17.821870378661902,1.51,bp208733,bp,G,g
343597933014,2458932.9138137,1.708378015483705,99.99,15.818605687263016,99.99,99.99,1.46,bD116667,bD,G,g
343597933014,2458933.9070428,1.7950586038524308,0.036343907002841895,15.764869043040584,0.022007218403587585,18.251561580115027,1.52,bt240619,bt,G,g
343597933014,2458943.9662647,1.5042456486823106,0.05843669684820408,15.956768712567687,0.042225914898732494,17.735926463116318,1.46,bD118887,bD,G,g
343597933014,2458955.9873881,1.277063823092968,0.04046443929450694,16.134534116546444,0.03444078940640351,18.134956794288293,1.50,bD120808,bD,G,g
343597933014,2458957.9698776,1.7249186096745384,0.05930675210636529,15.808144103038924,0.037372117515355026,17.719880259329944,1.49,bt241812,bt,G,g
343597933014,2458959.8671592,2.5935372856198695,0.05979793180143086,15.365334382413913,0.02506142954584214,17.710925202589834,1.46,bt242444,bt,G,g
343597933014,2458962.0439284,1.4202072610186973,0.03907117795214546,16.019186300500042,0.02990315065468146,18.17299934915928,1.48,bD123043,bD,G,g
343597933014,2458964.9045401,2.242241017860341,0.054466512771454575,15.523359889880872,0.026403375373899102,17.81231668549526,1.45,bt243871,bt,G,g
343597933014,2458966.8625529,1.8618655054677244,0.04174716255337412,15.72519485755243,0.024371980934301825,18.10107320406613,1.49,bt244542,bt,G,g
343597933014,2458967.9447915,2.298510978221833,0.05040828503252008,15.496449166325952,0.02383787359944237,17.89638580563607,1.57,bt244951,bt,G,g
343597933014,2458970.0070769,1.8070770437789825,0.03207366375716391,15.757623950101266,0.019292303068612956,18.387269181480935,1.58,bD125928,bD,G,g
343597933014,2458973.7732373,2.1513913957860273,0.10227837227109308,15.568267053813434,0.051674532114743196,17.128181092077448,1.50,bt245521,bt,B,g
343597933014,2458981.3186411,1.3018024935019168,0.04882557951931715,16.113702874621914,0.04076753758817113,17.93102209467364,1.54,bp212246,bp,G,g
343597933014,2458983.8191596,1.3697943822128893,0.036035385193313035,16.05842717039894,0.0285947273969516,18.26081768962335,1.51,bD128640,bD,G,g
343597933014,2458985.2908315,1.293257293898501,0.04322035911706136,16.12085328107095,0.03632583511095524,18.063419683677196,1.51,bp213378,bp,G,g
343597933014,2458985.9160862,1.2456252643117558,0.05210401733450383,16.161597101786228,0.04546696592722051,17.8604625873131,1.49,bt248809,bt,G,g
343597933014,2458987.9762167,2.21306893849468,0.03859775889922982,15.537578265569028,0.01895742379745721,18.186235389008495,1.49,bD130125,bD,G,g
343597933014,2458989.9223018,1.6521144024694032,0.05035587126962789,15.854965329226719,0.03313005600736043,17.89751532484648,1.52,bt249641,bt,G,g
343597933014,2458990.8421703,1.3294540272549291,0.04639579605907951,16.090882312405682,0.037933025192171524,17.98644403457316,1.45,bt249784,bt,G,g
343597933014,2458992.8346199,2.239630494544857,0.04828334448581115,15.524624691868018,0.0234332834403092,17.943147248608714,2.14,bt250218,bt,G,g
343597933014,2458994.8857189,1.7547922780940326,0.0432271794017252,15.789501335686072,0.02677585555489594,18.063248365207553,1.47,bt250893,bt,B,g
343597933014,2458996.851089,1.2895578960829603,0.04198928757869433,16.12396350971325,0.03539238534033644,18.094794346094453,1.50,bt251352,bt,G,g
343597933014,2459001.8079246,1.4936967188547792,0.09166050895263093,15.964409554786105,0.06670094854889784,17.247184950512576,1.50,bt252785,bt,B,g
343597933014,2459007.9176053,1.9368849109760262,0.08555081469112955,15.682306082633373,0.0480100884888199,17.322080237352036,1.53,bD135897,bD,G,g
343597933014,2459008.7907035,0.8546923081701265,0.10896177959717915,16.570541133456985,0.13857234448151928,17.059455142299147,1.48,bt254572,bt,B,g
343597933014,2459009.7599773,2.0263137202111583,0.06853705908090744,15.63329890964145,0.036764693742018024,17.562826949051743,1.54,bt254851,bt,B,g
343597933014,2459011.9113114,1.3376497514511727,0.03909372218730368,16.084209589309207,0.03176704234008043,18.172373055440364,1.62,bD137293,bD,G,g
343597933014,2459013.8095858,1.3117693796566252,0.04991635652818856,16.10542189967221,0.041361622028387876,17.90703341642343,1.54,bt255795,bt,G,g
343597933014,2459015.8763785,2.4852478201234747,0.04746614980210219,15.411641368435953,0.020759958291273414,17.961680597635862,1.57,bD138623,bD,G,g
343597933014,2459017.9022999,1.9308693141988886,0.03731088258645182,15.685683420540808,0.02100365201360768,18.223051805518462,1.44,bD139307,bD,G,g
343597933014,2459020.7777147,1.3813046651930514,0.04792768222130887,16.04934192580082,0.03771456657971353,17.951174543804928,1.55,bt257472,bt,G,g
343597933014,2459024.8418541,1.5663631715787885,0.032489529337512806,15.912834463726726,0.02254566912860286,18.373282061580927,1.46,bD141424,bD,G,g
343597933014,2459028.8346756,1.2129300196318742,0.05576275527226838,16.190476260190906,0.049971300513883654,17.78678005049369,1.44,bD142231,bD,G,g
343597933014,2459037.8339996,1.855399781934025,0.061658676022718205,15.728971869235655,0.03612175698050008,17.677655123886368,1.57,bD145004,bD,G,g
343597933014,2459039.8118399,1.5303986666247054,0.0375451515364154,15.938054175692354,0.026666219862957013,18.216255957621268,1.45,bD145659,bD,G,g
343597933014,2459040.7272615,2.0687987225307714,0.0542377794707966,15.610770023875995,0.028496782929328304,17.816885859115853,1.48,bt261270,bt,G,g
343597933014,2459041.7621301,1.477425785365521,0.13697102790603272,15.976301436158282,0.10077091759633855,16.81106882404681,1.49,bt261573,bt,G,g
343597933014,2459042.7424407,2.0244830581621174,0.04896255196144348,15.634280255440503,0.026288273918081983,17.927980497815657,1.47,bt261868,bt,G,g
343597933014,2459044.8052736,1.371238671643405,0.04314401410422246,16.057282990493643,0.034199493111134335,18.065339238303515,1.54,bD147391,bD,G,g
343597933014,2459045.7397579,3.0397560823528558,0.06755979549614115,15.19296878195953,0.024158043715485276,17.578419795719025,1.50,bt262705,bt,G,g
343597933014,2459046.7443448,1.2241221706894523,0.04871378526283666,16.180503712953385,0.04325529580124946,17.93351091803569,1.47,bt262959,bt,G,g
343597933014,2459048.6927666,1.5534549392613188,0.07344375287546924,15.921818971568317,0.051388787760363513,17.48775345990444,1.48,bt263243,bt,G,g
343597933014,2459050.4015268,1.3862866009843045,0.04166392699042062,16.045433058211238,0.03266775941666438,18.103240107644865,1.68,bp230295,bp,G,g
343597933014,2459053.3929861,1.777053891578359,0.0384684008023898,15.77581412584128,0.023529662961371496,18.189880280659136,1.56,bp231505,bp,G,g
343597933014,2459066.7685146,1.2546757613315032,0.05435888365536983,16.153736852078225,0.04709244007468442,17.81446428835189,1.75,bD153265,bD,G,g
343597933014,2459072.6518746,1.7014842959706067,0.04369128759549904,15.82299575957363,0.027911236152794946,18.051653502221466,1.61,bt269106,bt,G,g
343597933014,2459073.6699232,1.4927792992583166,0.036342767220166966,15.965076612345667,0.026462724843273572,18.251595630464116,1.52,bt269463,bt,G,g
343597933014,2459074.654253,1.481203379688782,0.04604459106122395,15.97352888649178,0.033789059106335825,17.99469406095327,1.42,bt269794,bt,G,g
343597933014,2459075.6647501,2.2921172655096287,0.05428351356877978,15.49947354098431,0.025742059529131844,17.81597073605528,1.48,bt270152,bt,G,g
343597933014,2459082.6257201,1.9072287132131953,0.0633753037621352,15.699058681315783,0.03611847874573761,17.64784047656886,1.53,bt271804,bt,G,g
343597933014,2459084.6200547,1.3429994701658368,0.07517545066324387,16.079876018950166,0.06084324542808726,17.46245051069891,1.61,bt272352,bt,G,g
343597933014,2459088.6167655,1.9761444976536664,0.13632823344930536,15.660518878637973,0.07498584370770403,16.816176093618807,1.57,bt273824,bt,B,g
343597933014,2459090.6186355,2.046610424021785,0.1443479958593929,15.62247766779924,0.076663342303816,16.754113715255183,2.25,bt274558,bt,B,g
343597933014,2459094.6058675,1.2328589162188721,0.12922013067205515,16.17278217129039,0.11392760511863581,16.874315171745657,1.56,bt275430,bt,B,g
343597933014,2459098.5929196,2.1797268022283705,0.06710415514675998,15.5540604613439,0.03346258760409706,17.585767079222446,2.00,bt276733,bt,G,g
343597933014,2459102.248578,1.1570405165208435,0.05959691258786144,16.241694204606098,0.05598702196503929,17.714581207090994,1.63,bp242217,bp,G,g
343597933014,2459107.2381822,1.1636991297003134,0.0780611482468908,16.235463848475916,0.07291324021463706,17.4215532732355,1.61,bp243336,bp,B,g
343597933014,2459204.0358452,1.8472671540410661,0.29140994551496036,15.733741351824946,0.17146948132770687,15.991379687190133,1.58,bt305244,bt,B,g
343597933014,2459205.0321146,2.87441457197695,0.24016749104577093,15.253692107587142,0.09081905694709172,16.201355058551453,1.53,bt305679,bt,B,g
343597933014,2459207.0292636,1.7075371690708336,0.08593785211627625,15.819140207215774,0.054704934401439344,17.317179374030875,1.66,bt306524,bt,G,g
343597933014,2459209.0249197,1.1121260451198254,0.12233201674280648,16.28468059302096,0.11956341099966529,16.933790272714884,1.50,bt307071,bt,B,g
343597933014,2459210.0228538,2.3760977852397858,0.06331800959630095,15.460404848516717,0.02896510568789354,17.648822475583007,1.54,bt307334,bt,G,g
343597933014,2459211.0154386,1.165630276360964,0.05255825749977115,16.233663573837994,0.04901085869095052,17.851038215628826,2.09,bt307766,bt,G,g
343597933014,2459212.0124247,1.708200875079361,0.11284352053841393,15.818718272253241,0.07180420193821413,17.021449043962242,1.42,bt308204,bt,B,g
343597933014,2459216.0028039,1.9136607483463552,0.14647174232107615,15.695403249730438,0.08319573660271984,16.738255992340388,1.48,bt309336,bt,B,g
343597933014,2459218.1230645,2.2315936573285544,0.07134326781549413,15.52852782632895,0.03474961939400046,17.519258116607567,1.65,bD199932,bD,G,g
343597933014,2459226.110998,2.0745024100079092,0.066349868528639,15.607780763038672,0.03476468475804907,17.598040444810422,1.50,bD202940,bD,B,g
343597933014,2459231.0019215,1.2646268619061933,0.052071545701263884,16.145159616249888,0.04475589432895057,17.86113943758298,1.49,bt314609,bt,G,g
343597933014,2459232.1261515,1.4441420254612054,0.03400492389418821,16.001040856232528,0.025594348164077844,18.323786093450742,1.95,bD205282,bD,G,g
343597933014,2459232.9613453,2.6422661599857515,0.06092680581542077,15.345124215513819,0.02506363285149226,17.690619586084228,1.54,bt315394,bt,G,g
343597933014,2459237.0213457,1.3900952537239135,0.050667655798910784,16.042454221018748,0.03961853604227735,17.890813582467448,1.49,bt316158,bt,G,g
343597933014,2459238.9461747,1.3494420439647596,0.0461180828412485,16.074680029407677,0.03714746486415954,17.99296249870885,1.52,bt316991,bt,G,g
343597933014,2459239.1184081,1.4424389893908953,0.03326674456080759,16.00232198995063,0.02506830806942398,18.347614852766704,1.64,bD206786,bD,G,g
343597933014,2459239.9569348,1.91267222149781,0.07443541400648086,15.695964246079255,0.0423010580659438,17.473191590845868,1.55,bt317245,bt,B,g
343597933014,2459241.986245,1.2972578285134309,0.09230954117902374,16.11749987179327,0.07734503935756966,17.239524130620453,1.52,bt317885,bt,B,g
343597933014,2459245.9291714,0.9953595445896661,0.1139254575943952,16.405115659046313,0.12440933509648712,17.011088657315806,1.60,bt318941,bt,G,g
343597933014,2459246.0712379,2.765146558283348,0.08685004199114726,15.295770235470735,0.03414004197094039,17.30571552954141,1.84,bD208400,bD,G,g
343597933014,2459246.8123677,4.505819578942022,0.1855163082468577,14.765631127757793,0.04475282634047151,16.48168537817766,1.47,bH201134,bH,B,g
343597933014,2459246.9339648,1.6069694409112736,0.12988772305385016,15.88504657718438,0.08785624920606291,16.868720352349683,1.48,bt319373,bt,G,g
343597933014,2459252.5844424,1.1787012253078757,0.05894522681512044,16.22155628478602,0.05435720039686238,17.726519003546475,1.47,bp276566,bp,G,g
343597933014,2459252.8409255,1.4766663050032915,0.09960224648088183,15.976859709440916,0.07331603018599489,17.156967776847594,1.40,bH203046,bH,B,g
343597933014,2459252.8692971,2.6301576525657304,0.06571332193557779,15.350111169701062,0.027157126407742694,17.60850705601252,1.51,bl352035,bl,G,g
343597933014,2459252.9275509,2.906750072718621,0.06506670878169936,15.241546392275975,0.02433118833371924,17.619243512161567,1.51,bt321677,bt,G,g
343597933014,2459253.5471162,2.941135328409377,0.0589013766202936,15.228778102642158,0.02176820455639009,17.727326998769392,1.49,bp276875,bp,G,g
343597933014,2459253.800914,1.359632433171467,0.04454823920702243,16.06651183264553,0.03561403652685683,18.030564253965974,1.41,bH203347,bH,G,g
343597933014,2459253.9281765,1.1795449557977773,0.03545202402882665,16.220779377958927,0.032669215817147663,18.278538023966227,1.52,bt322105,bt,G,g
343597933014,2459255.6222399,1.4565510631655156,0.059187936167910404,15.991751335914415,0.04416921236264195,17.72205761953395,1.48,bp277609,bp,G,g
343597933014,2459256.8834314,1.38587363336205,0.061083137939368294,16.04575654160634,0.04790820284993625,17.68783726302759,1.45,bH204387,bH,G,g
343597933014,2459259.0143487,1.221823866412298,0.04518131011834328,16.18254411193178,0.0401941073864074,18.015243561530806,1.75,bD211580,bD,G,g
343597933014,2459263.0087263,1.8470863119196677,0.027561815855203658,15.73384764746802,0.016219326244506064,18.551871044434844,1.52,bD212535,bD,G,g
343597933014,2459265.5135271,1.4940355996322172,0.03863370519735116,15.96416325753353,0.0281072002792605,18.185224707660627,1.49,bp279945,bp,G,g
343597933014,2459266.7497055,1.7414391344557807,0.047549883560978744,15.79779487251441,0.029679277915558126,17.95976696698028,1.49,bl356855,bl,G,g
343597933014,2459267.5004013,1.2978930730882365,0.04700303335832271,16.116968335806604,0.039363992850956084,17.972325895950135,1.61,bp280581,bp,G,g
343597933014,2459267.7619197,1.5895813030473211,0.050728551745238784,15.8968587575851,0.03468821006648866,17.889509452003363,1.44,bH208014,bH,G,g
343597933014,2459267.8067454,2.4982046872149004,0.060118638709257495,15.405995575131177,0.026157322799660872,17.70511776614233,1.52,bl357273,bl,G,g
343597933014,2459269.5611266,1.1151771248456077,0.04660816689754774,16.28170599141429,0.04542870351883267,17.981485555351604,1.50,bp281313,bp,G,g
343597933014,2459270.5074457,1.9525528947336093,0.11066078932759649,15.673558602874609,0.06160317960392129,17.042656202318035,1.54,bp281614,bp,G,g
343597933014,2459271.8916218,1.0114160641336785,0.10686316739455683,16.387741004357288,0.11484454405290294,17.080570505428938,1.50,bt324855,bt,B,g
343597933014,2459274.7354687,2.585336477120795,0.1834909200626187,15.368772937801003,0.07714533640282445,16.49360416564312,1.48,bH210391,bH,B,g
343597933014,2459274.8519092,1.4914818684687006,0.1288707343823018,15.96602067695063,0.09391792696881429,16.877254852956458,1.47,bl359837,bl,G,g
343597933014,2459274.9523751,0.5918449544241585,0.12583741523109834,16.90311613878681,99.999,16.90311613878681,1.49,bt325580,bt,B,g
343597933014,2459275.6499146,0.5606541326530479,0.29387713216061967,15.982226128761905,99.999,15.982226128761905,1.57,bp282671,bp,B,g
343597933014,2459279.5283688,1.1917749754973024,0.08996039838452101,16.209579967256097,0.08204824210334057,17.26751218640136,1.62,bp283848,bp,G,g
343597933014,2459281.7135283,1.4562050393443382,0.04404944547830084,15.992009298187195,0.03287986976283877,18.04278949740572,1.37,bH212733,bH,G,g
343597933014,2459281.8436476,1.3168244902048565,0.03430481529113147,16.101245884982024,0.028316486354191952,18.31425289824576,1.57,bt327922,bt,G,g
343597933014,2459282.7774924,2.7598894711022006,0.06915097713271726,15.297836398144181,0.027234462237004965,17.553144808306122,1.46,bl362581,bl,G,g
343597933014,2459283.777286,1.4556782617376711,0.054606850419519785,15.992402130911941,0.04077499386731012,17.809522790725417,1.46,bl362938,bl,G,g
343597933014,2459284.8024878,1.8183287002261228,0.06439117177219925,15.750884638226204,0.0384916127053996,17.630574790613963,1.40,bl363318,bl,G,g
343597933014,2459289.8673803,1.3389176142172887,0.04542540508683513,16.083180984814916,0.03687713104039001,18.00939358925795,1.47,bl364956,bl,G,g
343597933014,2459292.5211656,1.348974762730862,0.0487241169992553,16.07505606038796,0.03926018351233409,17.93328066799809,1.49,bp286709,bp,G,g
343597933014,2459294.8652702,1.4031870992803817,0.04619646258119519,16.03227666429883,0.035785353435518044,17.991118807848665,1.61,bl366636,bl,G,g
343597933014,2459295.4231331,1.5211046113070066,0.04249388561992843,15.944667914975039,0.030365436910305615,18.081824499996397,1.55,bp287396,bp,G,g
343597933014,2459295.6864564,1.2685665785224005,0.05008924441997994,16.14178245890597,0.042918386636591616,17.903279410073672,1.42,bH217218,bH,B,g
343597933014,2459295.730971,1.177573457678566,0.0595203547848743,16.222595601847,0.05494012911702839,17.71597683329597,1.47,bl366910,bl,G,g
343597933014,2459295.9868665,1.8639203542994491,0.037533851496701624,15.723997244977745,0.021888094400718948,18.216582783013976,1.49,bD217421,bD,G,g
343597933014,2459297.5663483,1.254636948178816,0.049790715028079684,16.153770439637828,0.04313625746506573,17.909769703741098,1.71,bp287976,bp,B,g
343597933014,2459298.9692299,2.747216708462722,0.05975552784719212,15.302833324315646,0.023642714644020606,17.711695393773056,1.62,bt331979,bt,G,g
343597933014,2459300.7914392,3.032917829557568,0.10637774747544795,15.195414011814787,0.03812433863505755,17.085513636454,1.57,bt332593,bt,B,g
343597933014,2459306.7348645,1.2097234122738207,0.09350535323736109,16.19335040776012,0.08401610854817894,17.22554942343483,1.65,bl370966,bl,G,g
343597933014,2459307.8928294,1.4267946213449334,0.0348468733648633,16.014161963559772,0.02654694354710413,18.297231068650003,1.49,bD220782,bD,G,g
343597933014,2459308.7997781,1.3027407295377356,0.06450637575325757,16.112920643889286,0.05382162715035251,17.62863400634189,1.48,bl371760,bl,G,g
343597933014,2459309.3836316,1.072027166870568,0.05694313449292182,16.324551144262365,0.05773614076034204,17.764037187312983,1.49,bp291172,bp,G,g
343597933014,2459309.6307812,1.5861492815253118,0.029485683646969386,15.899205475213298,0.020205951931075383,18.47861260728409,1.52,bH222051,bH,G,g
343597933014,2459310.7066138,2.0274071304109915,0.061220673038221166,15.632713198334162,0.032822322081240654,17.685395362027098,1.46,bH222489,bH,G,g
343597933014,2459312.8844272,1.4854133399660832,0.04279074493505739,15.970447322680862,0.031312280579288664,18.074265993715134,1.85,bD221919,bD,G,g
343597933014,2459313.7971662,1.9611534319291444,0.04653832150327073,15.668786691614162,0.025793561709760274,17.983113822585658,1.40,bH223736,bH,G,g
343597933014,2459314.8444374,1.2580834929097404,0.052172588600535294,16.150791962063288,0.045075971312686945,17.859034648300312,1.41,bl374219,bl,G,g
343597933014,2459315.8152651,1.7290913910361043,0.03365616020868744,15.805520751049805,0.02115722918128042,18.33497919563013,1.47,bl374612,bl,G,g
343597933014,2459316.3653214,2.5043373108538174,0.06440901319690348,15.403333562557169,0.0279554182456704,17.630273997864723,1.59,bp293740,bp,G,g
343597933014,2459316.612936,1.51056247808912,0.06640051477566297,15.952218890400331,0.04777986586396873,17.597211995726838,1.50,bH224790,bH,G,g
343597933014,2459316.7932062,1.269761964483179,0.05798019274982594,16.14075983800388,0.04963288427588588,17.74444147445844,1.50,bl375017,bl,G,g
343597933014,2459317.6793688,2.152919678215466,0.05633709891595587,15.567496053945657,0.028443224195581058,17.775654413463137,1.46,bl375349,bl,G,g
343597933014,2459319.4167088,2.0919017736203895,0.045776856083077064,15.598712401928182,0.023785749833798612,18.00102570550724,1.53,bp294974,bp,G,g
343597933014,2459322.0683752,1.9694167863705063,0.03993282143321046,15.66422153398596,0.022039641882135565,18.149315621106247,1.43,bD225087,bD,G,g
343597933014,2459322.7362415,1.7201577541488553,0.04268841166772896,15.811144928538543,0.026974530302822146,18.07686562129186,1.48,bl377487,bl,G,g
343597933014,2459322.8391174,1.3568461028733385,0.04231619038150449,16.068739143263958,0.03389909807230708,18.086374205530998,1.40,bH227313,bH,G,g
343597933014,2459323.0614793,1.2368500395727686,0.04639752184313895,16.169273004038075,0.04077461886758223,17.986403649203233,1.43,bD225457,bD,G,g
343597933014,2459323.3471061,1.791676405006532,0.0562075141880814,15.76691668626934,0.03409941881623263,17.778154664500153,1.54,bp296311,bp,G,g
343597933014,2459323.5992332,1.1926224367099887,0.06799844631148995,16.20880818369789,0.06197380865171097,17.57139313725215,1.43,bH227544,bH,G,g
343597933014,2459323.8369011,2.993462284148752,0.0714195505548594,15.209631145624709,0.02593316330269299,17.518097829345734,1.48,bD225677,bD,G,g
343597933014,2459324.7888431,1.309765920276313,0.054905198783682004,16.10708140721918,0.045565060879516776,17.803606940837422,1.67,bl378371,bl,G,g
343597933014,2459326.7494222,1.0736340474516637,0.08241591986442107,16.322924933434546,0.08343859977651755,17.362612835795712,1.49,bt339492,bt,G,g
343597933014,2459327.8920066,1.2281856175862387,0.06644919946920373,16.176905603881778,0.0588082043081927,17.59641622831309,1.47,bl379405,bl,G,g
343597933014,2459328.9004651,1.9418576192369446,0.07539566729169167,15.679522163716072,0.04220279152380954,17.45927463819266,1.48,bt340174,bt,B,g
343597933014,2459329.8363259,1.6241874960000773,0.07985898281596948,15.873475215533526,0.05344410199256148,17.39683117600453,2.26,bD227457,bD,G,g
343597933014,2459336.7738902,1.2607382697497824,0.11222677321823468,16.14850328214093,0.09675729371450661,17.02739942114968,1.36,bH231861,bH,B,g
343597933014,2459336.8695325,2.8940990162450517,0.10423783682197707,15.246282158233102,0.03914931586985952,17.10757713600345,1.44,bl382332,bl,G,g
343597933014,2459337.3038626,1.3434528435288287,0.03766447784380076,16.079509555062728,0.030473455043410837,18.21281073386774,1.56,bp299693,bp,G,g
343597933014,2459337.6107556,1.645232731228246,0.04565095771599397,15.85949726969946,0.030160235248901678,18.004015878759354,1.41,bH232142,bH,B,g
343597933014,2459337.8937928,1.386566871603123,0.041069973620651026,16.04521357314863,0.03219554468585223,18.118829551678967,1.45,bD229438,bD,G,g
343597933014,2459338.7581169,2.4960974813820638,0.06914447177545259,15.406911767112403,0.030109815461582746,17.553246953416,1.50,bH232657,bH,G,g
343597933014,2459339.8455357,1.125025424241507,0.0738978422852675,16.272159779534825,0.07139726790492358,17.481061216987005,1.68,bl383340,bl,G,g
343597933014,2459339.9083221,1.2082093602240227,0.04792999460603814,16.194710132364463,0.043119861457036446,17.95112216114965,1.48,bt342061,bt,G,g
343597933014,2459340.7785484,1.7796540275436854,0.052149487844267726,15.774226667820008,0.03185126156004548,17.85951549240736,1.50,bl383694,bl,G,g
343597933014,2459341.7320979,1.3504837947643342,0.043816217658664385,16.073842179271693,0.035266119983570425,18.048553398192645,1.50,bl383921,bl,G,g
343597933014,2459343.9877529,1.433082794927321,0.033736354752457946,16.009387417151842,0.02558815927990315,18.33239522437625,1.44,bD230747,bD,G,g
343597933014,2459344.282008,1.7596171935260663,0.02714524183517845,15.786520130050778,0.016768248091397167,18.56840632366724,1.56,bp301216,bp,G,g
343597933014,2459344.6521204,1.322307470583055,0.05587971368904555,16.096734493388023,0.04593396057910902,17.784505180810434,1.49,bt343143,bt,G,g
343597933014,2459344.7737881,1.1539731782786251,0.05926718620352592,16.244576335633642,0.05582526161062609,17.72060483903765,1.39,bH234149,bH,G,g
343597933014,2459346.9965386,1.7845468989506321,0.034749710425842885,15.771245707386846,0.021165834530954008,18.30026263667955,1.50,bD231902,bD,G,g
343597933014,2459349.6232096,1.22481364883062,0.05017038872636466,16.17989057898178,0.044523533254527604,17.90152194642208,1.53,bl386337,bl,G,g
343597933014,2459349.6837378,1.4353631376453921,0.04960300121914162,16.007661150575423,0.03756283288800753,17.913870725988865,1.38,bH235816,bH,G,g
343597933014,2459351.2617908,2.401613370155036,0.06371280276211444,15.448807890555154,0.028836051356629706,17.642073835538728,1.52,bp303043,bp,G,g
343597933014,2459351.5169369,1.3262335811488468,0.06266576492918575,16.09351557140477,0.05135970227849705,17.660064748317367,1.47,bH236399,bH,G,g
343597933014,2459351.57839,1.176342178381844,0.04439923141353387,16.223731449378718,0.041025506890802116,18.034201980961388,1.47,bl387037,bl,G,g
343597933014,2459351.6856532,2.0710149081346243,0.04257584880650518,15.6096075593831,0.02234561245649986,18.079732324036048,1.47,bt344252,bt,G,g
343597933014,2459351.7694856,2.127888249190568,0.03785084221908389,15.580193581592027,0.019334765262697524,18.20745174286706,1.61,bD233349,bD,G,g
343597933014,2459352.8089314,1.3024982640832656,0.06009237225765718,16.113122739377435,0.05014808674482843,17.7055922391161,1.46,bl387652,bl,G,g
343597933014,2459353.3737485,1.222313363337253,0.044390631567021124,16.182109222651277,0.03947489075481825,18.03441230147389,1.52,bp303834,bp,G,g
343597933014,2459355.7862128,1.7061673213071649,0.05252458255305614,15.820011573437451,0.03346209767628725,17.851734087763134,1.58,bD234771,bD,G,g
343597933014,2459356.8347537,2.2430687821529784,0.14273616184130225,15.52295914446448,0.06916774163853273,16.766305575316945,1.46,bt345899,bt,B,g
343597933014,2459358.2445603,1.2720658429614315,0.18775475181542792,16.138791644129476,0.16043293128457886,16.468663268408733,1.64,bp304415,bp,B,g
343597933014,2459358.4935903,0.7970452584783041,0.26440408865897724,16.09697019480622,99.999,16.09697019480622,1.43,bH238488,bH,B,g
343597933014,2459361.8109794,2.222852642629687,0.11998424856816417,15.53278893878484,0.05867130325510368,16.95483002150923,1.53,bD236924,bD,G,g
343597933014,2459362.8755615,1.2909445824452308,0.09030681217899977,16.122796624003502,0.07603701955161117,17.263339331445753,1.45,bD237335,bD,G,g
343597933014,2459364.6904196,1.2875081587913386,0.08331228663932153,16.12569064779172,0.07033495880027782,17.350867975087002,1.67,bH240731,bH,G,g
343597933014,2459364.9301902,2.3050831300570653,0.05458447565800292,15.493349141488615,0.025739180955572857,17.809967754439377,1.47,bD238105,bD,G,g
343597933014,2459365.2236894,1.373119246947732,0.039126768385161194,16.055794985594982,0.030972616664841097,18.17145566268776,1.58,bp305853,bp,G,g
343597933014,2459365.4744835,1.9772010977315497,0.0568645404394614,15.65993851501524,0.03126099978261448,17.76553677726483,1.47,bH240963,bH,G,g
343597933014,2459365.5835968,1.7725747783250523,0.043035305863694334,15.778554208513427,0.02638958138498505,18.06807837653627,1.49,bl391566,bl,G,g
343597933014,2459365.896776,1.2067258023633438,0.03960240882367446,16.196044124853188,0.035671812488941135,18.15833660451898,1.48,bD238451,bD,G,g
343597933014,2459366.7577786,2.389291475405126,0.10027643414275098,15.454392788260751,0.04561859663845588,17.149643406614775,1.41,bH241611,bH,G,g
343597933014,2459368.736378,1.8860981429805048,0.0505500112204972,15.711154903604104,0.02913192220383496,17.89333747062565,1.51,bl393003,bl,G,g
343597933014,2459369.8524685,2.7470197312190114,0.06677512408442197,15.302911175106178,0.02642196406113671,17.591103852144837,1.48,bt348137,bt,G,g
343597933014,2459370.8496507,1.1025868280955988,0.04907657951529406,16.29403362244734,0.048380868344794645,17.925454896098945,1.49,bt348427,bt,G,g
343597933014,2459371.6931967,2.6723735410244407,0.060573630668957185,15.33282271431985,0.02463761217894735,17.696931598357143,1.51,bl394222,bl,G,g
343597933014,2459371.7367968,2.81560200428959,0.07417646022926318,15.276137458071338,0.0286356477523761,17.476975350081574,1.43,bH243633,bH,G,g
343597933014,2459372.2123666,1.1346773365179919,0.05495503497646847,16.262884670864864,0.052643806082688295,17.80262188991089,2.43,bp307768,bp,G,g
343597933014,2459372.4582164,2.0099122451028473,0.06773627464454529,15.642122882088689,0.03663164183540457,17.57558734228148,1.41,bH243846,bH,G,g
343597933014,2459372.5442786,1.7000921341713948,0.050896052816544884,15.823884477251287,0.0325404696767719,17.885930355328423,1.47,bl394548,bl,G,g
343597933014,2459372.751853,1.2597382622770135,0.06857637891708618,16.149364821108968,0.059170658329015295,17.56220423881272,1.59,bt348767,bt,G,g
343597933014,2459373.8323288,1.4486163688983802,0.037645544825058566,15.997682151581767,0.028247002685146818,18.21335664432211,1.66,bt349109,bt,G,g
343597933014,2459375.8692552,1.3625067603445848,0.03415953114737833,16.064218957803988,0.02725118600571456,18.318860858441905,1.59,bD241631,bD,G,g
343597933014,2459377.2128077,1.3715258582075676,0.05171997881343561,16.057055622195726,0.040988923350627426,17.86849476568202,1.54,bp308996,bp,G,g
343597933014,2459379.1930695,2.8923222492095775,0.08592891699644307,15.246948926264658,0.03229273527899221,17.31729226593145,1.98,bp309559,bp,G,g
343597933014,2459379.5961931,1.5038826678034287,0.051469786324108,15.957030736951147,0.03720065475534909,17.873759698221726,1.51,bl397666,bl,G,g
343597933014,2459379.7146458,1.155628379855414,0.08342993452585055,16.243020125577036,0.07847220873243689,17.349335854546425,1.40,bH246982,bH,G,g
343597933014,2459379.7864821,3.069153029034755,0.055786366650833856,15.182519264669205,0.0197570321458766,17.786320419283804,1.46,bD242977,bD,G,g
343597933014,2459380.732738,1.2948948792765023,0.058233496932122354,16.119479338696948,0.04888217591022692,17.73970843555713,1.47,bl398138,bl,G,g
343597933014,2459382.848289,1.698828968991445,0.03568643434114018,15.82469147699619,0.022833141683324402,18.271382718950562,1.53,bD244054,bD,G,g
343597933014,2459383.7687456,1.3532315565609376,0.0625898744672263,16.071635330469892,0.05027408052756382,17.661380410153033,1.52,bt351918,bt,G,g
343597933014,2459385.8147084,1.4560958401150816,0.09448843252332258,15.992090719415081,0.07053438045123185,17.214194000189757,1.47,bD245082,bD,G,g
343597933014,2459389.8602123,1.9957177345636632,0.1813600803528357,15.649817830743098,0.09877675520368488,16.506286362603003,1.46,bD246416,bD,G,g
343597933014,2459390.7960135,1.6990471319735687,0.08841609990814794,15.824552056110015,0.05656373776415932,17.28631222649365,1.47,bD246716,bD,G,g
343597933014,2459393.4562367,2.132848794983642,0.07761883350814149,15.577665452519282,0.03955662374655359,17.42772283225724,2.26,bH251249,bH,G,g
343597933014,2459393.6415651,1.8349978527773274,0.07120957474898394,15.740976721285397,0.04218081866773209,17.521294630823373,1.69,bl402324,bl,G,g
343597933014,2459393.8733334,1.4704587295390585,0.050903811313328155,15.981433522437303,0.03762786984558513,17.885764860394996,1.47,bD247827,bD,G,g
343597933014,2459395.865891,1.2101753657907632,0.04387746316620018,16.192944851704333,0.0394099037991125,18.047036835651387,1.47,bD248327,bD,G,g
343597933014,2459396.7091938,1.891344630076457,0.08467336658553029,15.708138945458394,0.048661817927930874,17.333273542636285,1.54,bH252682,bH,G,g
343597933014,2459397.620087,1.2952397840398833,0.05357703434016711,16.119190183390614,0.044961487138579725,17.830193935562313,1.49,bl404044,bl,G,g
343597933014,2459400.507587,1.7028164282014173,0.05680472102455748,15.822146043650436,0.03626008121640651,17.766679533180863,1.58,bl405257,bl,G,g
343597933014,2459400.7856124,1.4099190780211603,0.0904361902835125,16.027080154433488,0.06972046010461146,17.26178496403733,1.45,bt354714,bt,G,g
343597933014,2459401.6667433,2.233495069660871,0.0709369654700263,15.527603126973402,0.03452230465936784,17.525459095555796,1.37,bH254703,bH,G,g
343597933014,2459403.477756,2.7399702012412583,0.06072222947798959,15.305701023175477,0.024088737649679733,17.694271339590347,1.55,bl406526,bl,G,g
343597933014,2459405.4002172,2.05131999378802,0.05311981114612299,15.619982089722544,0.02814720537686914,17.839499305592284,1.54,bp312868,bp,G,g
343597933014,2459405.7529337,1.3128050430829457,0.04530900285157801,16.10456503135366,0.03751426489600096,18.01217935032343,1.44,bt355698,bt,G,g
343597933014,2459406.8381353,1.3475955661331684,0.035529649564835224,16.076166688799272,0.028657844593848406,18.276163301472653,1.45,bD251944,bD,G,g
343597933014,2459407.5800376,1.464019972220836,0.05570917244984301,15.986198118717187,0.0413610807666719,17.787823843598012,1.54,bH256889,bH,G,g
343597933014,2459408.677757,1.4041783898394176,0.06401670735960525,16.031509909775213,0.049554513919521224,17.636907279327726,1.40,bH257354,bH,G,g
343597933014,2459410.5104278,1.486447862664329,0.050694243852140775,15.96969142008857,0.03706987668639241,17.890243987525615,1.45,bl409317,bl,G,g
343597933014,2459412.2842042,1.9179844100645655,0.06281199266981627,15.692952940339582,0.03559669448699477,17.65753418310721,1.61,bp314523,bp,G,g
343597933014,2459417.5934367,1.2694476440087064,0.13370237122502265,16.14102863749143,0.11448181030617431,16.837292837475502,2.11,bl412380,bl,G,g
343597933014,2459418.501475,2.1993123114438493,0.10864487376369206,15.544348358900868,0.05369508162914889,17.062617512335635,2.09,bH261353,bH,G,g
343597933014,2459420.2237779,2.123136439604987,0.08164634660534788,15.582620861709955,0.04179949402374146,17.372798720653783,1.61,bp316105,bp,G,g
343597933014,2459421.4647111,2.74673344925243,0.0842187437138664,15.30302433151709,0.0333276287720522,17.339118714475003,1.58,bH262548,bH,G,g
343597933014,2459424.7873039,1.7289762787697973,0.028234634326773724,15.805593035092294,0.017750283967020455,18.52568519278754,1.49,bD257399,bD,G,g
343597933014,2459427.7168803,2.9810850307064007,0.08035783115593367,15.214129712861578,0.029299891733399006,17.390070094689968,1.45,bt360120,bt,G,g
343597933014,2459428.4668828,1.8602079526011477,0.05706707514330556,15.726161880529157,0.03334542754580563,17.761676575841395,1.52,bl416926,bl,G,g
343597933014,2459428.5537891,1.739764647743586,0.06406463325799099,15.798839368097992,0.040025799479782326,17.636094750583094,1.40,bH265468,bH,G,g
343597933014,2459428.7552107,1.2821254885844229,0.03922670759859003,16.130239287225756,0.03325550114265107,18.168685966008056,1.57,bD258676,bD,G,g
343597933014,2459429.5651289,3.2263943954945358,0.09122885101836503,15.12827198579243,0.03073455456147978,17.25231009849968,1.40,bH265882,bH,G,g
343597933014,2459430.5864492,1.3460166391187423,0.05382135489602586,16.077439550881824,0.043462666814708464,17.825254045261314,1.43,bl417854,bl,G,g
343597933014,2459431.5630849,1.8949369085338474,0.054298156795705876,15.70607873524462,0.03114601619806498,17.815677893227,1.48,bl418254,bl,G,g
343597933014,2459432.6641547,2.5120619025475692,0.059675828562814566,15.399989779440608,0.025821430188784637,17.71314446734951,1.45,bt361024,bt,G,g
343597933014,2459434.2929849,1.268954974839185,0.04015591120916656,16.141450090539944,0.034396594395094696,18.143266898267292,1.50,bp319527,bp,B,g
343597933014,2459435.4696966,1.3105333476913588,0.06771434155442083,16.106445431196864,0.05616228331580214,17.575938961947845,1.51,bH267985,bH,G,g
343597933014,2459435.5644377,1.3540312804835473,0.052974473380216,16.070993878720206,0.04252556802510398,17.84247399124622,1.47,bl419663,bl,G,g
343597933014,2459435.7480243,2.193444108778217,0.049650485416168594,15.547249190757446,0.024604191515360297,17.91283186443252,1.99,bD261247,bD,G,g
343597933014,2459436.5875733,1.638382175088883,0.06618704630021112,15.86402758633331,0.04391065938370658,17.600708110305828,1.48,bl420094,bl,G,g
343597933014,2459438.7505623,1.3946704732333226,0.04462768675497384,16.03888660605744,0.03478123047660921,18.028629671261477,1.86,bD262379,bD,G,g
343597933014,2459444.5104691,2.9081996717376324,0.11089407956804054,15.241005069568441,0.0414473064487761,17.040369709990955,1.46,bl422769,bl,B,g
343597933014,2459447.5530392,2.0372877212844456,0.14102818788246113,15.627434703019249,0.0752429354805354,16.779375797564118,1.40,bH271684,bH,G,g
343597933014,2459449.29812,1.5105394442210844,0.18390657665153665,15.952235446415393,0.1323358047000113,16.491147460826586,1.65,bp321445,bp,G,g
343597933014,2459449.5531151,2.7650526569430562,0.2076656265199326,15.29580710650589,0.08163443344201449,16.359229069768997,1.42,bH272209,bH,G,g
343597933014,2459450.623587,1.141192643353998,0.1478043174199933,16.256668213945687,0.14077979532770832,16.728422811066924,2.28,bt363649,bt,G,g
343597933014,2459451.2424181,1.2272165062567373,0.04765410475839494,16.177762652347525,0.042207662373097865,17.957389823448,1.57,bp322155,bp,G,g
343597933014,2459451.6190522,1.3434888474814377,0.04508311239058831,16.079480458193977,0.03647472260384746,18.017605884743997,1.72,bt363973,bt,G,g
343597933014,2459453.4983495,1.2465493431191255,0.061791869907329926,16.160791936802845,0.053880800111905075,17.67531226703143,1.47,bl424907,bl,G,g
343597933014,2459454.5152139,2.2721365143803425,0.1026649842274773,15.50897956958245,0.04911341085979374,17.124084749523746,1.48,bl425318,bl,B,g
343597933014,2459455.5264698,1.3149923469129745,0.05796816025291533,16.102757559045045,0.04791576923473552,17.744666818195334,1.42,bH273702,bH,G,g
343597933014,2459456.4883064,1.6575903020179834,0.04587494371101318,15.851372629364189,0.030082264109771738,17.998701750499524,1.39,bH274074,bH,G,g
343597933014,2459457.2803976,1.1549392136048207,0.05746266922805064,16.243667804332397,0.054080268760654866,17.754176122039183,1.53,bp323176,bp,G,g
343597933014,2459459.481873,2.161358690387544,0.05717342776927968,15.563248505711304,0.028752761149911998,17.759655034848386,1.56,bl427167,bl,G,g
343597933014,2459460.493431,1.1776538448907017,0.06508001986218492,16.22252148644714,0.06006786487474115,17.619021419417347,2.21,bl426922,bl,G,g
343597933014,2459461.5204105,1.5859182116084682,0.062152476151456776,15.899363656573268,0.042598060102067986,17.66899452246173,1.38,bH275722,bH,G,g
343597933014,2459462.5129818,2.3815754028495872,0.05958032994063646,15.45790478172043,0.027192600376564305,17.714883351698422,1.45,bl428364,bl,G,g
343597933014,2459463.5933695,1.2658522213162433,0.07263614497474236,16.144108102180365,0.062370891455394296,17.49975864451479,2.10,bt366525,bt,G,g
343597933014,2459465.5065755,1.2902436059928932,0.05740821931007355,16.123386333452125,0.048363144828371604,17.755205421150105,1.54,bl429410,bl,G,g
343597933014,2459467.2470097,1.4293642952471364,0.11232127876478848,16.012208298638242,0.0854144369559453,17.026485513426177,1.62,bp325582,bp,B,g
343597933014,2459467.5009691,2.2492836102600013,0.08325767704377168,15.519955075505756,0.040233910314723294,17.35157988755704,1.48,bH277856,bH,G,g
343597933014,2459471.484342,1.3416091475120697,0.14102496989366756,16.081000595371847,0.11425683183380905,16.779400572234024,1.73,bH279049,bH,G,g
343597933014,2459472.5096455,3.3798825412043567,0.23582967714767367,15.077811602796064,0.07584186801472598,16.221144470332487,1.46,bH279440,bH,G,g
343597933014,2459473.4790701,0.9630976438927137,0.1505404859590501,16.44088982125687,0.16990069910003383,16.708507327330842,2.09,bl432218,bl,G,g
343597933014,2459475.4775384,1.2275206742332179,0.35080236101819184,15.789984342311783,99.999,15.789984342311783,1.87,bH280528,bH,G,g
343597933014,2459476.4776872,1.0350369772722594,0.2824931208101492,16.02512092026211,99.999,16.02512092026211,1.63,bl433380,bl,G,g
343597933014,2459574.0263871,1.9734640359199387,0.09592201719283253,15.661992581548956,0.052832511902108026,17.197844853476866,1.67,bt401579,bt,G,g
343597933014,2459576.0194708,1.2749490059905395,0.05892284176130411,16.136333585572604,0.050234610820448396,17.726931401305418,1.51,bt402431,bt,G,g
343597933014,2459581.0294546,1.1849438184619787,0.05622392765290401,16.215821223021056,0.05157456740812896,17.777837658992826,2.32,bt403768,bt,G,g
343597933014,2459587.1191015,1.766203145205767,0.045213005209739615,15.782463987757104,0.02782498208858432,18.014482174942998,1.49,bD300947,bD,G,g
343597933014,2459592.1145663,1.767815269821378,0.03916231616891931,15.781473420092986,0.024079289104974033,18.17046968823941,1.53,bD302607,bD,G,g
343597933014,2459595.0310286,2.3124404117907145,0.06007452228718412,15.48988924622905,0.028237870890628295,17.70591479649619,1.73,bt407921,bt,G,g
343597933014,2459595.1040898,2.592983583566835,0.14758339666725565,15.3655662042394,0.06186569653758541,16.730046857653246,1.48,bD303666,bD,G,g
343597933014,2459597.0210296,1.4796821520277457,0.16522075885075138,15.974644533871524,0.12136916101434796,16.60747908013225,1.60,bt408786,bt,G,g
343597933014,2459597.023487,1.1017786978251698,0.3028785694338507,15.949469248066181,99.999,15.949469248066181,1.53,bt408788,bt,G,g
343597933014,2459598.9762948,0.8329527652105281,0.14047564541195628,16.598514686562545,0.18331281832943666,16.78363802112464,1.51,bt409450,bt,B,g
343597933014,2459601.0835414,1.4436985848396906,0.06533016321168857,16.001374295370066,0.04918689241294215,17.61485625351368,2.01,bD306078,bD,G,g
343597933014,2459602.9549975,1.7151198157319703,0.09209592564348423,15.814329460761433,0.05836575735734544,17.242039568243563,2.24,bt410612,bt,G,g
343597933014,2459607.8377882,1.3659498426819137,0.08008856843168403,16.061478741133676,0.06373059174899838,17.393714284444513,1.44,bH317754,bH,G,g
343597933014,2459608.9353683,1.503217330343632,0.04508635004283016,15.957511187206022,0.03260134195583329,18.017527915192797,1.45,bt412888,bt,B,g
343597933014,2459610.8273724,1.3966353023811329,0.07463982294771296,16.037358083806012,0.05808978349333653,17.470214110055696,1.51,bH318700,bH,G,g
343597933014,2459613.1077194,2.591608620028984,0.05314492784698154,15.366142082792484,0.022289718236847837,17.838986057035285,1.45,bD310715,bD,G,g
343597933014,2459614.1764447,1.505253325041347,0.10652084283700472,15.956041634235962,0.07691962734555051,17.084054126196627,1.49,bD311101,bD,G,g
343597933014,2459615.0670502,2.0107386947717987,0.039166485352944765,15.641676533299378,0.02117245109903006,18.17035410791756,1.44,bD311430,bD,G,g
343597933014,2459616.8588986,2.237304808712346,0.06302148018591032,15.52575273208542,0.03061791519464614,17.653919113354537,1.43,bl476465,bl,G,g
343597933014,2459619.0324066,1.4458272048621925,0.034642666427849036,15.999774641716925,0.026043964366940228,18.303612331316916,1.58,bD312897,bD,G,g
343597933014,2459621.0283164,1.1600120912759984,0.05073749923850139,16.238909332087612,0.047542138662847525,17.889317966924207,1.47,bD313725,bD,G,g
343597933014,2459621.9715029,1.655843614736208,0.03136431052194284,15.852517328092777,0.020588684564338,18.41155124911149,1.55,bt415430,bt,G,g
343597933014,2459623.1659256,2.0328794634843423,0.04497665849203862,15.629786550866115,0.024048485486769525,18.020172644674442,1.46,bD314689,bD,G,g
343597933014,2459624.5400435,1.5560873416595151,0.14731564564863825,15.91998069762716,0.10290277255338984,16.732018427668347,1.68,bp353452,bp,G,g
343597933014,2459625.7894387,1.5666126557116185,0.18101435762218743,15.912661545727333,0.12559245951992004,16.508358052877057,1.44,bl479502,bl,G,g
343597933014,2459626.923418,1.4947700723821096,0.11716021036383893,15.963629637245342,0.08519574822658683,16.980690254452327,1.45,bt417303,bt,B,g
343597933014,2459629.5453787,1.301600953271484,0.16606120186434903,16.1138709772843,0.13867637844042358,16.60197016945342,1.53,bp354416,bp,G,g
343597933014,2459630.5437358,2.322655605496948,0.1066608545353926,15.485103574665475,0.04991515366166757,17.082627964441087,1.52,bp354747,bp,G,g
343597933014,2459631.7606888,2.5795221586679618,0.17723272341019847,15.371217465003838,0.07468215147094613,16.53128083386798,1.46,bH325023,bH,G,g
343597933014,2459634.9904473,1.9612958532671407,0.039416645480396084,15.668707846998558,0.0218448327408767,18.163441458294912,1.53,bD318789,bD,G,g
343597933014,2459636.9998978,1.5563716473246343,0.032105407871307445,15.919782345805796,0.022422139679041227,18.386195132388305,1.48,bD319560,bD,G,g
343597933014,2459637.7969984,1.5256867222932502,0.06427121375270023,15.941402205579163,0.04578922653503928,17.63259935749928,1.47,bl483793,bl,G,g
343597933014,2459637.8584914,1.2683352542012585,0.1072384755272221,16.141980461988283,0.09190279933445733,17.0767640325837,1.40,bH327070,bH,G,g
343597933014,2459638.8489158,1.5630045211617238,0.05243828761293324,15.915165036618863,0.036467033804448254,17.85351935834007,1.47,bl484207,bl,G,g
343597933014,2459642.9346325,2.4530357936709626,0.0705980500623069,15.42580590904269,0.03128246686627159,17.530658846733182,1.48,bt421665,bt,B,g
343597933014,2459644.9615741,1.8516428087346746,0.03129897037852245,15.73117259022531,0.01837320881552902,18.413815483732694,1.55,bD322447,bD,G,g
343597933014,2459646.7315164,2.387848771044237,0.05925252238630325,15.455048576587737,0.026971940777104172,17.720873503845034,1.98,bl486641,bl,G,g
343597933014,2459647.8999082,2.8340143328054723,0.06454905090968267,15.269060516463941,0.02475711256862111,17.62791595882911,1.45,bl487122,bl,G,g
343597933014,2459647.9011606,2.9607425108114738,0.0798778929525068,15.221564023765266,0.029325007619021525,17.396574110503874,1.49,bl487123,bl,G,g
343597933014,2459648.7868382,1.3705438049791827,0.03616496672752782,16.05783332000914,0.028681860660091853,18.256920436757294,1.48,bl487417,bl,G,g
343597933014,2459649.7942253,3.2669226887021967,0.06346350195890046,15.114718479594789,0.021115304498997633,17.646330528721087,1.50,bl487795,bl,G,g
343597933014,2459650.9105535,1.176568070137959,0.037377307321336956,16.223522976608557,0.0345305205785596,18.221120582960786,1.51,bt424455,bt,G,g
343597933014,2459652.005346,1.1891857272375357,0.05367553468204011,16.211941402019562,0.049061278776031406,17.828199663193917,1.47,bt424886,bt,G,g
343597933014,2459653.9524105,1.1418075515730655,0.08778514974928912,16.25608334484785,0.08356805917107307,17.29408797564662,1.47,bD325780,bD,G,g
343597933014,2459654.4921479,1.3216834905789465,0.09539433512426597,16.097246959356355,0.07845259128936326,17.203834147882134,1.52,bp360242,bp,G,g
343597933014,2459656.4363292,1.2340264073176999,0.25354293941338346,16.14251180906288,99.999,16.14251180906288,1.69,bp360886,bp,G,g
343597933014,2459657.6985631,1.462731531842756,0.1778822999523643,15.987154063528068,0.1321844247054652,16.527308771241522,1.62,bl490674,bl,G,g
343597933014,2459658.8581551,1.4288728300730351,0.10001704535505773,16.012581676713438,0.07608387355801398,17.152455559622016,1.52,bt427049,bt,G,g
343597933014,2459662.9772386,1.671968039149635,0.06342973951814168,15.84199569394103,0.04123605680675813,17.646908291645747,1.69,bD329170,bD,B,g
343597933014,2459663.6990323,1.419659167094683,0.049812740722541514,16.01960539445348,0.038138931265363184,17.90928951770495,1.49,bl492878,bl,G,g
343597933014,2459664.8298182,1.9585895629648726,0.05141192200207111,15.670207032569872,0.0285320237440155,17.874981011457013,1.49,bl493378,bl,G,g
343597933014,2459667.0254968,1.2953080871792437,0.036295044288066985,16.11913292971687,0.03045695111935618,18.253022284752223,1.44,bD330586,bD,G,g
343597933014,2459668.8539926,1.2759873472994276,0.04123287792716325,16.13544970243474,0.03512444356745357,18.114531490769927,1.55,bl494959,bl,G,g
343597933014,2459668.8552331,1.37590407750687,0.055794490391996875,16.05359522805232,0.04407733518646356,17.786162323349643,1.59,bl494960,bl,G,g
343597933014,2459671.9059144,1.3231332138646195,0.03594897570421676,16.096056693722343,0.029532153816477346,18.263424310134774,1.54,bD331814,bD,G,g
343597933014,2459673.5042779,2.3513116535903276,0.05977497014240116,15.471790131494306,0.02763257415657118,17.711342191797776,1.54,bp363462,bp,G,g
343597933014,2459674.8383429,1.6950938023417623,0.03279860504161129,15.827081282288123,0.021031672468316585,18.36300217865793,1.50,bt431693,bt,G,g
343597933014,2459676.8460977,1.356689771827956,0.028224738362821203,16.068864245185527,0.02261317515242504,18.526065799441227,1.49,bt432240,bt,G,g
343597933014,2459679.0455021,2.8627905042872586,0.050352476590589744,15.258091702246531,0.019118043298625733,17.89758852088266,1.45,bD333757,bD,G,g
343597933014,2459680.8315165,1.3742081767641554,0.05528720331300904,16.054934301442202,0.04373048219760814,17.796079056854296,1.50,bt433664,bt,G,g
343597933014,2459682.6100204,1.062855524816151,0.13159662755422463,16.333880036325375,0.1345806736843959,16.85452871220931,1.43,bH342469,bH,G,g
343597933014,2459689.5958489,2.489666560345324,0.13509307456791397,15.409712656850992,0.05897990549506259,16.82605789680775,1.45,bH345009,bH,G,g
343597933014,2459690.8537853,2.5404858337823195,0.08182994950570874,15.38777367841494,0.03501125497574221,17.37035990347013,1.48,bt435989,bt,G,g
343597933014,2459691.688203,1.3978982754746245,0.0927080740438648,16.036376699493818,0.07208653695894932,17.2348467140529,1.41,bH345875,bH,G,g
343597933014,2459693.5905196,1.1770809567803773,0.056433226300004656,16.223049788296237,0.05211235728199393,17.773803412214193,1.43,bH346556,bH,G,g
343597933014,2459694.586292,2.850963168957943,0.06148903096302879,15.262586605334123,0.023443271364713105,17.680646489365834,1.50,bl504744,bl,G,g
343597933014,2459696.036943,1.4290462549942302,0.03574742882533331,16.012449906911446,0.027190093225679602,18.269528586108304,1.50,bD338882,bD,G,g
343597933014,2459696.9935392,1.3648352439120681,0.03818926527235288,16.062365050577316,0.03041397936737631,18.197787353911107,1.59,bD339230,bD,G,g
343597933014,2459697.5842617,1.2272814730584307,0.057161494728906886,16.17770517679911,0.0506257617766419,17.759881669611058,1.45,bl505758,bl,G,g
343597933014,2459698.5650713,1.3601378865512206,0.039008953478093106,16.066108277215463,0.031174071988204176,18.174729863116298,1.51,bl506159,bl,G,g
343597933014,2459699.6963246,1.8189990034474999,0.04702853551825445,15.750484469452232,0.028102254752489963,17.971736974179564,1.46,bt438473,bt,G,g
343597933014,2459700.6404174,1.2836269570014363,0.05020861403024773,16.12896854981728,0.0425159195745992,17.900695028496415,1.49,bl507032,bl,G,g
343597933014,2459700.8241543,3.0256316365354383,0.07250345508975867,15.198025490822145,0.026046826853210116,17.501743853957358,1.47,bH349262,bH,G,g
343597933014,2459701.8728656,1.2716247275847603,0.04313725568837419,16.139168211110754,0.0368727662991135,18.065509329838005,1.47,bt439248,bt,G,g
343597933014,2459702.4521345,1.4841760533811679,0.03863440487980075,15.971352071951348,0.028294431952288465,18.185205044423963,1.48,bp366507,bp,G,g
343597933014,2459703.3100995,2.609024809003971,0.053640785031269456,15.358870100305635,0.022347507359734085,17.82890279866043,1.58,bp366778,bp,G,g
343597933014,2459703.6657754,1.220718899919727,0.05145513984996332,16.183526450684987,0.04581685418370643,17.874068704172945,1.38,bH350185,bH,G,g
343597933014,2459704.2998197,1.2588294804175117,0.05113210056846253,16.15014835962031,0.04415083301407745,17.8809065253547,1.56,bp367171,bp,G,g
343597933014,2459704.6490544,1.9906102150186082,0.05093778571863461,15.652600051368806,0.027814163703215326,17.88504045613741,1.51,bl508538,bl,G,g
343597933014,2459705.5478117,1.2342823208583478,0.05981348453543161,16.17152935114426,0.052674056822362446,17.710642852175468,1.43,bH350903,bH,G,g
343597933014,2459705.54911,1.1731284908014052,0.0841884538754202,16.22670166660995,0.07800440421705965,17.339509277052645,1.39,bH350904,bH,G,g
343597933014,2459708.2923489,2.5508688626337745,0.08102152366878028,15.383345290828732,0.034524265376030705,17.381139596070934,1.48,bp367581,bp,G,g
343597933014,2459708.7982629,1.475536229694988,0.06948517654137293,15.97769092865561,0.05118638518381388,17.547910198273605,1.49,bD341501,bD,G,g
343597933014,2459708.7995159,1.4982372276160365,0.10340963374975407,15.961114162158553,0.0750226824852039,17.116238111513898,1.49,bD341502,bD,G,g
343597933014,2459708.8007806,1.4246990536731592,0.1245588771657959,16.015757782705577,0.09503065473848837,16.91420389985129,1.47,bD341503,bD,G,g
343597933014,2459710.7831892,2.5733459253365822,0.08457393984839348,15.373820195459519,0.03572321722558945,17.33454920513188,1.57,bD342214,bD,G,g
343597933014,2459711.2790759,1.4789184898457424,0.162875939007058,15.97520502567017,0.11970846625669845,16.622998280171537,1.50,bp368387,bp,G,g
343597933014,2459711.6279039,1.442627875328135,0.05192643380111446,16.002179823192954,0.03912427926566894,17.864169368486202,1.38,bH352957,bH,G,g
343597933014,2459712.3679247,1.3545426876044604,0.10267843455041922,16.07058388199153,0.08239459346528395,17.12394251460147,1.58,bp368806,bp,G,g
343597933014,2459712.7337803,2.125700990405035,0.3829711644592835,15.581310185066492,0.19582857924327815,15.694725423176394,1.57,bl511544,bl,B,g
343597933014,2459712.9032311,1.4629355618344564,0.0803994993574251,15.987002629518583,0.05973657517869761,17.389507250360378,1.69,bD343068,bD,G,g
343597933014,2459713.275153,1.778337414426044,0.09324829351610603,15.775030208029728,0.056995281073298966,17.22853837949828,1.55,bp369125,bp,G,g
343597933014,2459713.2764049,2.247361307854558,0.35458606284373273,15.520883373596103,0.171498740402244,15.778336457765365,1.52,bp369126,bp,G,g
343597933014,2459713.2776451,2.4343575530016373,0.48995053507159925,15.427260020706788,99.999,15.427260020706788,1.51,bp369127,bp,G,g
343597933014,2459713.7569684,1.8531921157088613,0.19063173194924182,15.730264512642085,0.11181161550182574,16.452152627462116,1.47,bH353841,bH,G,g
343597933014,2459716.8086708,1.1096536168391957,0.11335607529287628,16.287097039666854,0.11103746560959399,17.01652860894339,1.47,bD344374,bD,G,g
343597933014,2459717.7587596,1.4756040323173512,0.03157048270531695,15.977641038948342,0.023255386485428468,18.4044375559314,1.60,bD344701,bD,G,g
343597933014,2459717.760023,1.685220351933291,0.06083448976145488,15.83342388393456,0.03923786305869587,17.692265936852777,1.57,bD344702,bD,G,g
343597933014,2459717.7612864,1.5879462656564305,0.05197540384606075,15.897976116544047,0.03557740296529916,17.863145930289388,1.63,bD344703,bD,G,g
343597933014,2459719.5863959,1.9391201837490695,0.06608559329931601,15.68105380520497,0.03704368982989592,17.60237362810432,1.44,bH355780,bH,G,g
343597933014,2459720.8219729,2.106572241624539,0.15070554383895637,15.591124729349096,0.07776157423002467,16.707317540138305,1.50,bl514527,bl,B,g
343597933014,2459721.7663689,1.2702105023828525,0.07064705316067585,16.140376374129136,0.06045476323065577,17.529905483409923,1.48,bH356529,bH,B,g
343597933014,2459723.2541396,2.3585715255081743,0.08251640527679162,15.46844299453738,0.03802799444326921,17.361289860888686,1.54,bp371462,bp,G,g
343597933014,2459723.8145231,3.5161598426942375,0.10202327320683406,15.03489409818476,0.031538629397567096,17.130892479282963,1.49,bH357354,bH,G,g
343597933014,2459724.8141705,1.1385339846134643,0.11188267124965395,16.259200625791863,0.10681420214759244,17.03073354443838,1.53,bH357763,bH,G,g
343597933014,2459725.7737153,2.1367778752641002,0.04274112031170617,15.575667176676657,0.021741960176138466,18.075525857652625,1.49,bl516563,bl,G,g
343597933014,2459726.8222649,1.0124082316122147,0.04769225992444894,16.386676453209052,0.05120406111159883,17.956520855920346,1.45,bt445524,bt,G,g
343597933014,2459727.8093624,1.5366868883474984,0.05047998287102873,15.933602158015157,0.03570639342016456,17.89484261426616,1.41,bH358980,bH,G,g
343597933014,2459730.4633354,1.1648407781346877,0.09690457092352743,16.23439920781122,0.09042528157396039,17.186779954159803,1.58,bp373301,bp,G,g
343597933014,2459730.8520493,1.617430982801845,0.040228493306473635,15.878001227257759,0.027034614536357943,18.14130619375614,1.44,bt446681,bt,G,g
343597933014,2459732.7550963,1.5851776261694916,0.03414974148789085,15.899870787533397,0.023416482552599073,18.319172060344677,1.48,bt447169,bt,G,g
343597933014,2459734.2090487,1.1635236003688039,0.055607173733494254,16.235627630436372,0.05194787636962746,17.789813555513096,1.57,bp374459,bp,G,g
343597933014,2459735.2233428,1.5180471982362207,0.0456149379083688,15.9468524357833,0.03266133905838656,18.00487289135952,1.54,bp374732,bp,G,g
343597933014,2459735.846868,1.526140576241702,0.03972831525202506,15.941079274024435,0.028295526659306725,18.154890240350635,1.53,bt447899,bt,G,g
343597933014,2459736.8502295,2.293127444526014,0.06424413286626003,15.498995142112067,0.030452114368589064,17.633056932412686,1.73,bt448195,bt,G,g
343597933014,2459737.6964278,1.6404756881163978,0.043489983678016444,15.862641125990828,0.02881586221093342,18.056667499760376,1.47,bl518379,bl,G,g
343597933014,2459737.7131448,1.3641385889837194,0.041593977243007674,16.062919386046016,0.03314241323752754,18.105064486767752,1.44,bH359933,bH,G,g
343597933014,2459738.6681773,1.562771341394623,0.04597546382166501,15.91532702629884,0.031977378210905655,17.996325313204494,1.65,bH360320,bH,G,g
343597933014,2459745.8059124,1.5048229844748175,0.07468002673257572,15.956352082403116,0.05394251878001149,17.469629449597733,1.49,bD352695,bD,G,g
343597933014,2459749.8486958,1.2175647586650997,0.04030117184736362,16.186335448935225,0.035978062983071595,18.13934642540427,1.49,bD353416,bD,G,g
343597933014,2459750.6521355,2.288747486992348,0.06211898940516214,15.501070921127953,0.029501131532213745,17.669579657167414,1.41,bH365191,bH,G,g
343597933014,2459758.3548028,1.4620616578945484,0.04665874990473795,15.98765140222091,0.03468802579652072,17.98030786427915,1.60,bp378958,bp,G,g
343597933014,2459761.7940859,2.1910684666524842,0.038974490069920334,15.54842575069358,0.019334665624429336,18.175689507131136,2.09,bD356448,bD,G,g
343597933014,2459763.7763884,1.6749305372009027,0.05112156139139678,15.840073620620052,0.03317565315199754,17.88113033672595,1.47,bt454105,bt,G,g
343597933014,2459763.7776402,1.7054348453533472,0.05400710023383854,15.820477791733456,0.03442135006173574,17.821513462363015,1.49,bt454106,bt,G,g
343597933014,2459765.5035346,2.5678889249062014,0.06034085344261227,15.37612503674152,0.025541558102692558,17.7011119904147,1.49,bl528607,bl,G,g
343597933014,2459766.5211833,1.1888412544674654,0.11187683364679843,16.21225595401036,0.10228889139482605,17.030790195410802,1.39,bH370140,bH,G,g
343597933014,2459767.6716792,1.4430946941027392,0.05018556502465608,16.00182854753365,0.037800379575665975,17.901193566171205,1.44,bH370666,bH,G,g
343597933014,2459771.822618,2.2681072467022347,0.11523951470354644,15.510906656838321,0.055226816214796415,16.998637059662126,1.55,bD359252,bD,G,g
343597933014,2459774.212284,3.9396682580099807,0.2100789554258778,14.911416488899397,0.05796089308180614,16.346684238163796,1.59,bp382674,bp,G,g
343597933014,2459774.2138952,4.008475048182144,0.33124383296493454,14.892617660881129,0.08982160053369559,15.852271107923272,1.58,bp382675,bp,G,g
343597933014,2459774.7647662,1.318473426507082,0.07965230695351823,16.099887169472133,0.06566578648767986,17.399644714687696,1.57,bD359846,bD,G,g
343597933014,2459776.734999,2.990793249607041,0.0887494477333783,15.21059964291213,0.03225458363837633,17.282226463380482,1.44,bt456814,bt,G,g
343597933014,2459778.7316407,1.7700016805228251,0.061618157185194894,15.780131425528218,0.03783965775117847,17.678368847127196,1.48,bt457416,bt,G,g
343597933014,2459781.7937158,1.9235626746334362,0.03834833761734118,15.68979976901279,0.021669673788490586,18.193274255870733,1.49,bD361478,bD,G,g
343597933014,2459782.6494549,1.2633292595100576,0.04528057628419305,16.146274235299376,0.03895897869039896,18.012860747779833,1.46,bH372493,bH,G,g
343597933014,2459784.7096357,1.5528599415213227,0.04441839729431957,15.922234905316673,0.0310915784053004,18.03373340076417,1.45,bt458877,bt,G,g
343597933014,2459787.708786,1.2214991925871577,0.03736310010811962,16.182832661681655,0.033247721800696024,18.22153335261177,1.45,bt459350,bt,G,g
343597933014,2459789.5093417,1.3030874059570547,0.06339663795093724,16.11263175366135,0.05288163231575021,17.64747504394888,2.27,bH375168,bH,G,g
343597933014,2459789.5118919,1.1740903754126983,0.12144179878308775,16.225811802421507,0.11242912638016397,16.941720133134663,2.25,bH375170,bH,G,g
343597933014,2459790.5111871,1.9623113242101482,0.046271475400008366,15.668145847011072,0.025630531371863306,17.989357242643457,1.61,bl534725,bl,G,g
343597933014,2459791.6012836,2.3917531648362367,0.061827199214140774,15.453274729017414,0.02809799873779039,17.674691678172273,1.51,bH375918,bH,G,g
343597933014,2459792.5849719,1.3992217023731315,0.04802210600004208,16.03534929086161,0.03730498263131849,17.949037606347204,1.46,bH376306,bH,G,g
343597933014,2459793.5772578,2.1110584078947587,0.05024062941754412,15.58881499889528,0.025868246751229063,17.900002932367446,1.49,bl535913,bl,G,g
343597933014,2459794.5700134,1.2379470541228812,0.05475955079309295,16.1683104455356,0.04808061109223283,17.806490919328624,1.44,bH377112,bH,G,g
343597933014,2459795.5670623,1.7043945128494615,0.06368640018091246,15.821140303889255,0.04061521408385634,17.642523857800377,1.49,bl536598,bl,G,g
343597933014,2459799.7640818,2.517535727511076,0.07218340428901282,15.397626515925328,0.031165485039945522,17.506547210806602,1.62,bD365611,bD,G,g
343597933014,2459802.2104103,3.066890593018046,0.17252098907618718,15.183319913737858,0.06114427904280429,16.560535763129835,1.45,bp389240,bp,G,g
343597933014,2459803.5233843,2.620000592695191,0.22215124588832647,15.354312148368152,0.09216362248315031,16.286018728360773,1.50,bl539309,bl,B,g
343597933014,2459804.6525594,2.5314356108494844,0.10137391371534532,15.391648409218812,0.04352827943750775,17.13782507767181,2.27,bt463137,bt,G,g
343597933014,2459805.5449316,1.5714383484423624,0.0827377571126787,15.909322254279239,0.05722931782645929,17.35838125220413,1.46,bl540176,bl,G,g
343597933014,2459806.5795917,2.7045783946751403,0.09805672504569568,15.319816686325296,0.039408507070323576,17.173947150596874,1.43,bH381202,bH,G,g
343597933014,2459806.5808786,2.9141179266043724,0.12663252153395718,15.238797815950846,0.04723351923715492,16.89627747462934,1.35,bH381203,bH,G,g
343597933014,2459807.5490932,1.259988337563855,0.042750486753668764,16.149149309002418,0.03687964324675158,18.075287951604576,1.52,bl540951,bl,G,g
343597933014,2459808.5346694,1.9250044932257504,0.04933806973104624,15.68898625341006,0.027858811162728835,17.919685225328948,1.50,bl541360,bl,G,g
343597933014,2459809.5756758,1.3760992628401412,0.0506799654676159,16.053441216768817,0.040031210301533574,17.89054983571384,1.40,bH382151,bH,G,g
343597933014,2459812.2557874,1.8807891784940514,0.050328530865378314,15.714215328977794,0.029086154620197428,17.89810497859317,1.52,bp390386,bp,G,g
343597933014,2459814.2714692,1.2834313671766722,0.062444869955108284,16.129133999080697,0.05288546032357758,17.663898697689316,1.54,bp391134,bp,G,g
343597933014,2459815.5182882,1.3857072739324579,0.04749871742602298,16.045886880544277,0.03725825912275341,17.960935904344286,1.41,bH384488,bH,G,g
343597933014,2459815.5208847,1.1146026092212102,0.09108218281109011,16.2822654838322,0.08882302248504925,17.254057036287648,1.44,bH384490,bH,G,g
343597933014,2459816.5681114,2.2280039303456256,0.08237887531971438,15.530275740716162,0.04018945144697646,17.363100965338994,1.51,bl543310,bl,G,g
343597933014,2459817.4917817,1.3570703196104636,0.04882378960857217,16.068559741844116,0.039105811809582454,17.931061897714184,1.47,bH385159,bH,G,g
343597933014,2459817.4930684,1.1943999528115876,0.06162842168438595,16.207191178385127,0.056084575955186414,17.67818799767038,1.47,bH385160,bH,G,g
343597933014,2459818.6407735,1.3825731181654657,0.04006707105876523,16.048345351045477,0.03150008026490347,18.145671620815136,1.49,bt464680,bt,G,g
343597933014,2459820.2329804,2.8037892887396896,0.06719594784601164,15.280702191570787,0.026050129387039662,17.58428290057763,1.55,bp392652,bp,G,g
343597933014,2459821.5107372,2.822812661388411,0.07703241708040098,15.273360480426243,0.029662219273767634,17.43595679862705,1.40,bH386715,bH,G,g
343597933014,2459821.5120261,2.637921196604922,0.07036942524316973,15.346911078288608,0.02899575081982751,17.53418060181242,1.44,bH386716,bH,G,g
343597933014,2459822.5308258,1.3447120669122965,0.05720721193879085,16.07849236708293,0.046241685218280204,17.759013655378116,1.40,bH387129,bH,G,g
343597933014,2459826.494845,2.7804700819929624,0.10964683995564685,15.289770056266809,0.042863740397613335,17.05265031209691,2.07,bH388640,bH,G,g
343597933014,2459826.4974302,2.8644410939729097,0.14573097715433211,15.257465883297261,0.055299875557090296,16.74376091909242,2.05,bH388642,bH,G,g
343597933014,2459828.4950117,1.7534957132469164,0.09917776953510302,15.790303851023408,0.061478293099505664,17.161604769014865,1.51,bH389410,bH,G,g
343597933014,2459830.4960696,1.4975813544949435,0.1503573350281523,15.961589561576215,0.10913055601929729,16.70982906253329,1.47,bH390152,bH,G,g
343597933014,2459833.4909073,1.525364900417205,0.13696483914786284,15.94163125031967,0.09759948266804978,16.811117881944057,1.43,bH391217,bH,G,g
343597933014,2459834.4892259,1.8004171402605933,0.05350840405825129,15.761632775183722,0.03230435184067982,17.83158561669348,2.16,bl549206,bl,G,g
343597933014,2459835.487672,1.3872343291789633,0.0464283532912935,16.044691053460475,0.03637857018247813,17.985682410201953,1.44,bH391919,bH,G,g
343597933014,2459836.4903393,1.99052978480688,0.07040219046455881,15.652643921211538,0.03844409697069513,17.53367518191534,1.55,bH392255,bH,G,g
343597933014,2459837.4830531,1.182029251527529,0.0949932400969314,16.218495062010927,0.08735276365712336,17.208408858563658,2.09,bH392631,bH,G,g
343597933014,2459838.4820299,1.2964057524361747,0.3964385756920952,15.657200843559597,99.999,15.657200843559597,1.57,bH393008,bH,B,g
343597933014,2459840.4798651,1.3374758382473635,0.09469164446828725,16.0843507594007,0.07695518495786985,17.211861464393646,1.57,bH393751,bH,G,g
343597933014,2459842.4767451,1.1511207028628185,0.17757472990317633,16.247263460386623,0.16767660444668783,16.52918770452007,2.43,bH394510,bH,G,g
343597933014,2459936.0326463,2.4806927016502893,0.12120253602682683,15.413633199956562,0.05310689506122205,16.943861343819194,1.51,bt492837,bt,G,g
343597933014,2459936.0351151,3.0760234634845545,0.21727207200679516,15.180091512580493,0.07677616847305489,16.31013084640975,1.57,bt492839,bt,G,g
343597933014,2459953.6078118,2.2542589735812752,0.433752636803081,15.51755610439052,0.2091464480878354,15.559535291682337,1.69,bp420342,bp,G,g
343597933014,2459968.0893182,1.2659182452433997,0.0426551019764655,16.14405147416526,0.0366249885827756,18.077713150015864,1.63,bD401545,bD,G,g
343597933014,2459969.0937065,1.671425611371817,0.029840215777854263,15.842347990764898,0.019405600182960375,18.465635713335327,1.63,bD401979,bD,G,g
343597933014,2459969.1132945,1.6246066826714791,0.03811190242010741,15.873195033950335,0.025499083152422365,18.19998904179898,1.61,bD401994,bD,G,g
343597933014,2459977.5673656,1.3721322483477723,0.03979657047792749,16.056575693782943,0.031525490254982,18.153026491979464,1.69,bp426205,bp,G,g
343597933014,2459978.9334806,1.9352663544447146,0.11158393733256775,15.683213756640601,0.06267193563635624,17.033636406970178,2.30,bt498311,bt,G,g
343597933014,2459980.5717706,1.2032226021417973,0.1194378478660084,16.199200668773383,0.10789669962096045,16.959785688203375,1.59,bp427206,bp,G,g
343597933014,2459983.8176611,2.311089625137849,0.14169765279670396,15.490523652409578,0.0666435373804759,16.774233970754413,1.49,bl596984,bl,G,g
343597933014,2459985.796752,2.542623306721068,0.16486447913566898,15.386860563300182,0.07047859599412495,16.60982287434895,1.45,bH434847,bH,G,g
343597933014,2459994.7575618,1.3646387688168828,0.04262096472318834,16.06252135917271,0.03394827746895082,18.078582422139412,1.47,bH437849,bH,G,g
343597933014,2459997.9003789,1.2669254407151003,0.03965748254412418,16.143187979388543,0.0340240695322693,18.15682775708519,1.68,bt504205,bt,G,g
343597933014,2459998.7650854,3.072773052580837,0.06624289198768012,15.181239408471344,0.023432626566545125,17.599792400623517,1.44,bl602591,bl,G,g
343597933014,2459998.7734215,3.386874725333209,0.08539474749039103,15.075567789441465,0.027405908170345706,17.32406271475751,1.41,bH439483,bH,G,g
343597933014,2459999.8921303,1.1747606322121866,0.057773675575040394,16.225192161506797,0.05345554807439981,17.748315615594585,1.50,bH439982,bH,G,g
343597933014,2460003.7355192,3.1652380977269576,0.07772950046832337,15.14904966132795,0.026692648343340238,17.426175919682255,1.50,bl604714,bl,G,g
343597933014,2460004.7599063,1.2398949517794824,0.06881360178494876,16.16660339283445,0.060325588984099975,17.558454886627445,2.35,bH441970,bH,G,g
343597933014,2460004.7768204,1.2703277175481134,0.04168711541503896,16.14027618689498,0.03566960032984736,18.10263599971622,1.55,bl605181,bl,G,g
343597933014,2460010.8723359,1.162484772048942,0.112065140160872,16.2365974408685,0.10478411234821855,17.02896426483931,1.52,bt508162,bt,G,g
343597933014,2460012.4788732,2.082946946595155,0.13295482260864272,15.60337010115074,0.06938060125216516,16.843380374152943,2.19,bp434582,bp,G,g
343597933014,2460013.9027625,1.5073173299681135,0.11367854387204882,15.954553891385714,0.08197586015026127,17.013444356435706,1.54,bl608887,bl,G,g
343597933014,2460018.4742881,1.3832622589135781,0.09480623128424256,16.04780430288181,0.0744979852749341,17.21054840408265,1.53,bp436664,bp,G,g
343597933014,2460018.9065311,1.5467760406729691,0.04878362827475434,15.926497031539082,0.03428142246389551,17.9319553670337,1.65,bt511060,bt,G,g
343597933014,2460019.9301816,2.8208193249860427,0.0662995747232158,15.274127446662005,0.02554745512964989,17.598863754832703,2.05,bt511399,bt,G,g
343597933014,2460020.4847245,1.3538734820280804,0.056773958643278305,16.071120417510436,0.04558093901050282,17.76726766877134,1.50,bp437040,bp,G,g
343597933014,2460021.6878376,1.2297922161214399,0.06526008656057007,16.175486272575636,0.057680375405195376,17.616021497697886,1.41,bH448312,bH,G,g
343597933014,2460023.601236,1.6359595044289355,0.0732132703637121,15.86563424928126,0.04864401685020066,17.491166094472803,2.02,bp437988,bp,G,g
343597933014,2460026.9629346,1.2598051349015806,0.11013140528121129,16.14930718683309,0.09502108373931961,17.047862659256534,1.63,bt512973,bt,B,g
343597933014,2460028.9187442,1.3360018676908203,0.04830402006838297,16.085547959105476,0.03929962293413302,17.942682421164687,1.48,bD408114,bD,G,g
343597933014,2460030.9050813,1.2868501362304752,0.03807981010779447,16.126245690137473,0.032164660653104755,18.20090367637739,1.50,bD409030,bD,G,g
343597933014,2460033.9639121,1.1488154581785774,0.05397666673671729,16.249439945538736,0.05107024763075085,17.822125457137115,1.49,bD410115,bD,G,g
343597933014,2460037.6477179,0.9981943447900576,0.1258881835718605,16.402027859612623,0.13708250588426849,16.902678193447677,1.55,bH455135,bH,G,g
343597933014,2460044.8807109,2.319341775181923,0.07284976289798285,15.486653746225514,0.03414094711543786,17.496570254885647,1.49,bD413258,bD,G,g
343597933014,2460046.898425,1.5524055899782698,0.07889331316404906,15.922552627533014,0.05523917320245611,17.410040124300203,1.60,bl623524,bl,G,g
343597933014,2460047.625577,1.3652066574865542,0.051885276889686416,16.06206962861545,0.041310258625105394,17.865030264638616,1.57,bl623786,bl,G,g
343597933014,2460049.6163807,0.9397860838248576,0.06378573434428952,16.46749309782288,0.07377457607934337,17.64083171198702,1.51,bl624736,bl,G,g
343597933014,2460057.6558625,1.1917692643554816,0.05142538280676696,16.209585170258702,0.04690266555496069,17.874696778354753,1.46,bH463421,bH,G,g
343597933014,2460058.8447292,1.2871453960293446,0.05082530860434581,16.125996603260024,0.04292048188753194,17.887440550704742,1.58,bl628757,bl,G,g
343597933014,2460058.8471987,1.5744992944872094,0.08355695357662624,15.907209446355079,0.0576835924568307,17.347684117571312,1.48,bl628759,bl,G,g
343597933014,2460059.6657402,1.5311419447114725,0.042932808280190804,15.93752698755585,0.030477968497899695,18.07066736877251,1.58,bl629086,bl,G,g
343597933014,2460064.5201989,1.559202544931582,0.062172796034429705,15.91780928486741,0.0433421086593631,17.66863961420489,1.58,bp448117,bp,G,g
343597933014,2460067.3584266,0.9286216494210991,0.2845020186391559,16.017427230917306,99.999,16.017427230917306,1.59,bp448845,bp,G,g
343597933014,2460072.8356493,2.8694166169228077,0.08593293928060461,15.255581599789513,0.03255204149595912,17.317241444421253,1.45,bD420529,bD,B,g
343597933014,2460076.9785086,1.0765838472527314,0.0992960638347402,16.3199459735274,0.10025276195961619,17.16031052869149,1.46,bD422257,bD,G,g
343597933014,2460077.9938472,1.547908370274163,0.03289294989419531,15.925702500572207,0.023097753777506537,18.359883552749007,1.46,bD422700,bD,G,g
343597933014,2460078.5804205,1.5938387806566023,0.05372873979344511,15.89395464803263,0.03664160066380801,17.82712397564353,1.44,bl637918,bl,G,g
343597933014,2460079.005335,3.222670732875858,0.09562032383986042,15.129525784812355,0.03225124228431303,17.20126508594523,1.48,bD423097,bD,G,g
343597933014,2460079.6005598,1.9109422257104698,0.046879994260635785,15.696946729650492,0.026665649445129575,17.975171736840217,1.49,bl638338,bl,G,g
343597933014,2460079.98292,1.314529518478448,0.04502972712704358,16.10313976510293,0.03723412436529163,18.018892323402955,1.62,bD423517,bD,G,g
343597933014,2460080.4830583,1.342465314094197,0.04319537118509306,16.080307938666273,0.03497408083892212,18.064047585636278,1.50,bp452560,bp,G,g
343597933014,2460080.6442784,1.3050019471540582,0.04522119732220177,16.111037723101017,0.03766544215310404,18.01428546898731,1.59,bl638857,bl,G,g
343597933014,2460080.9682527,2.161241271171944,0.05526521502712428,15.563307491643233,0.027794622793999482,17.796510951131037,1.48,bD423935,bD,G,g
343597933014,2460081.4823956,2.6786113953091606,0.058682191056278796,15.330291342101308,0.023812707729932568,17.731374808897225,1.46,bp453006,bp,G,g
343597933014,2460082.4831639,1.1749160202074207,0.051948147621493836,16.22504855845207,0.0480590756090647,17.863715446440022,1.51,bp453240,bp,G,g
343597933014,2460082.6017321,1.2802767782391777,0.04946074671902995,16.131805951545562,0.04199223334369757,17.916988939673253,1.52,bl639544,bl,G,g
343597933014,2460082.9575251,1.452102949432751,0.04012470344423842,15.995072103435387,0.03003492838341853,18.144111022396267,1.53,bD424708,bD,B,g
343597933014,2460084.4708848,1.3685383206740933,0.046990474555307214,16.05942321560724,0.037322011379520105,17.972616034014056,1.54,bp453588,bp,G,g
343597933014,2460085.5437568,1.4814471387764647,0.04595247183984204,15.973350223456311,0.033715910375042235,17.99686841748341,1.40,bH475536,bH,G,g
343597933014,2460086.9627698,1.1981245604191808,0.06499104708803567,16.203810695073383,0.0589608499990018,17.62050677629898,1.45,bD425540,bD,G,g
343597933014,2460088.3871928,2.3201465269477497,0.04569759873391765,15.486277089111685,0.02140869225056846,18.002907161815045,1.51,bp454308,bp,G,g
343597933014,2460088.6297362,1.5122324193788887,0.040877286466810756,15.95101926160375,0.029381616573428505,18.123935465029934,1.41,bH476507,bH,G,g
343597933014,2460089.3550583,1.2955669555559544,0.0794587499160837,16.118915966131084,0.06666440978611052,17.402286290842458,1.56,bp454609,bp,G,g
343597933014,2460089.6669803,2.1924239872142848,0.05230896240147281,15.547754259724842,0.02593365524153547,17.856200347780785,1.39,bH476976,bH,G,g
343597933014,2460089.8145424,1.5820828021249462,0.050408177228604814,15.901992598264151,0.0346325090659109,17.8963881276103,1.55,bD426411,bD,G,g
343597933014,2460091.3085358,1.2849599940868641,0.059153363907865054,16.127841605872277,0.050038238527537755,17.722691994100654,1.44,bp454819,bp,G,g
343597933014,2460091.7885421,1.1600683451963356,0.05801130132071795,16.238856681397557,0.054355213265004955,17.743859092055725,1.44,bD427036,bD,G,g
343597933014,2460092.2781469,1.7909354305825105,0.060047548998801964,15.767365801499988,0.036444125167298023,17.706402398415413,1.48,bp455246,bp,G,g
343597933014,2460092.8091888,2.022142149780081,0.07000942478960127,15.635536417864897,0.03763197402642452,17.539749337885393,1.48,bD427426,bD,G,g
343597933014,2460093.3154222,2.8402592232034927,0.07611693243494293,15.266670675272653,0.029129663746543986,17.448937417443535,1.51,bp455708,bp,G,g
343597933014,2460093.7891786,1.5648010720597465,0.20066457167418753,15.913917784825205,0.13938747151811728,16.39646385541766,1.55,bD427824,bD,B,g
343597933014,2460094.5346425,2.0525787826893596,0.09575458543739745,15.619316033953808,0.05070746711667521,17.199741660520015,1.51,bl643805,bl,G,g
343597933014,2460100.8409121,2.777732715786858,0.09525776051822198,15.290839487499914,0.037275380547985945,17.205389693540287,1.42,bD430095,bD,G,g
343597933014,2460101.4792775,1.9693991099913652,0.16671763206088608,15.664231278988169,0.09201528351370049,16.59768677831182,1.45,bp456733,bp,G,g
343597933014,2460102.4206568,1.127844786511028,0.08178777028918062,16.269442281408423,0.07882268143415096,17.370919690069588,1.52,bp457140,bp,G,g
343597933014,2460102.9215814,1.4862636595328726,0.06864682707070088,15.969825974691405,0.050203822116358675,17.56108944023172,1.55,bD431007,bD,G,g
343597933014,2460103.9217859,3.1025228737867945,0.07183072507057506,15.170778142082737,0.02516560820111377,17.511864985712535,1.45,bD431430,bD,G,g
343597933014,2460104.5750742,2.718828771920448,0.057819615606216554,15.314110979326445,0.023115618356221213,17.74745261122449,1.49,bl648455,bl,G,g
343597933014,2460107.6585353,2.7214396814890858,0.06584857625350853,15.313068839848242,0.026300248318134392,17.60627463821398,1.51,bl649013,bl,G,g
343597933014,2460109.7577115,1.1103000906279001,0.08511238488020875,16.28646468412241,0.0833229345896886,17.3276587120009,1.62,bH484264,bH,G,g
343597933014,2460109.7976876,1.359825315330749,0.03424288454676242,16.066357817276806,0.027371550052523026,18.31621475750007,1.46,bD433247,bD,G,g
343597933014,2460110.7594959,2.4710967896870044,0.06209220168020739,15.417841231051689,0.02731237556016228,17.670047962849427,1.48,bl650530,bl,G,g
343597933014,2460111.6548071,1.3817113755839365,0.03368028281359386,16.049022289437577,0.026495405411844825,18.334201287399615,1.46,bl650942,bl,G,g
343597933014,2460112.7172468,1.9457766591125458,0.06320152922763027,15.677333148691751,0.035305857975082976,17.65082164488628,1.37,bH485641,bH,G,g
343597933014,2460116.8414056,1.3691783620046538,0.04340827845737145,16.058915554560944,0.034460748632943794,18.058709205546744,1.46,bD436045,bD,G,g
343597933014,2460119.7336086,1.4265348307592711,0.05329641190951946,16.014359672271663,0.040609511426730194,17.835895681762697,1.46,bl653460,bl,G,g
343597933014,2460121.8808532,1.5099173465104,0.052825369435226886,15.952682686064051,0.03802782977068294,17.845534253987935,1.75,bD437970,bD,G,g
343597933014,2460123.7040115,1.0365437136312532,0.10247197392695888,16.36109656704082,0.1074557482628408,17.126127856089113,1.58,bl655053,bl,G,g
343597933014,2460127.2425941,1.1846754156503712,0.08890588211842541,16.21606718207395,0.08157240971911323,17.28031437304743,1.47,bp459840,bp,G,g
343597933014,2460127.5337943,4.048689149488704,0.3112167024436725,14.881779537884142,0.08355272827947693,15.919983369564596,1.53,bH490756,bH,G,g
343597933014,2460129.8464726,2.1460556918604476,0.2899055506087542,15.57096315211951,0.1468343669354551,15.996999285061623,1.69,bD441188,bD,B,g
343597933014,2460131.6799735,1.8238935266193557,0.18081717702768382,15.7475669174429,0.1077587079202993,16.509541399882607,1.49,bH492787,bH,B,g
343597933014,2460133.8619298,2.038575830090463,0.040415298893765286,15.626748445299729,0.021549197269088115,18.136276123948893,1.45,bD442804,bD,G,g
343597933014,2460134.6792836,1.422915290780112,0.16899269122846586,16.017118006368424,0.12909251102103309,16.582970805940327,1.46,bl660408,bl,B,g
343597933014,2460138.791838,2.29936637608644,0.05917787368251048,15.496045181456315,0.02797456569376271,17.72224222021803,1.69,bD444733,bD,G,g
343597933014,2460141.28284,2.1891862514361735,0.06732767851911746,15.549358842243182,0.03342897810174921,17.58215651117454,1.78,bp464019,bp,G,g
343597933014,2460141.5817404,1.2997068503928229,0.04733481524779639,16.11545210231029,0.03958653147312305,17.96468889553021,1.45,bl662880,bl,G,g
343597933014,2460141.5972272,1.162456119143727,0.07995964364041959,16.236624202406126,0.07476639737155093,17.39546348666341,1.67,bH496414,bH,G,g
343597933014,2460147.8047438,1.3353059663897002,0.03869374689395162,16.086113648499275,0.031497216065482225,18.183538645204617,1.48,bD446803,bD,G,g
343597933014,2460149.531368,1.42357738657736,0.05557877898603138,16.016612920655913,0.04243655234957727,17.790368107689186,1.50,bl665606,bl,G,g
343597933014,2460154.7529209,1.340067396344732,0.06139450296573204,16.082249019794528,0.04979835758974598,17.682316891998163,2.33,bD449669,bD,G,g
343597933014,2460156.58342,1.3834850651097106,0.12648724863793087,16.04762943418151,0.09937667076509801,16.897523746779452,1.42,bl668603,bl,G,g
343597933014,2460158.5868153,2.557281977506729,0.17367893007548424,15.380619077418409,0.07382113016659902,16.553272773830198,1.48,bH502771,bH,G,g
343597933014,2460158.7799308,1.8872678555268227,0.0862679320033806,15.71048176492533,0.04968531151178169,17.313017143074184,1.55,bD451314,bD,G,g
343597933014,2460159.2186758,2.020319072003951,0.08907243326250619,15.636515713185856,0.047922065174497944,17.278282320328305,1.64,bp467756,bp,G,g
343597933014,2460159.5466264,1.2985063959506846,0.12341037034499991,16.116455389430445,0.103304617763187,16.924261472442765,1.44,bl670023,bl,G,g
343597933014,2460161.3054277,1.6728649144241816,0.05802229236717644,15.841413440660475,0.037700419532359905,17.743653403742115,1.58,bp468645,bp,G,g
343597933014,2460161.7727922,2.278782172881138,0.06527872076105042,15.505808589099846,0.031137303120245343,17.61571152357355,1.56,bD452620,bD,G,g
343597933014,2460177.6418647,1.2453297984461895,0.05933054394758171,16.16185467206023,0.05178525540994723,17.71944478642906,1.51,bt517083,bt,G,g
343597933014,2460184.6216682,1.2670763873745732,0.13863468013181923,16.14305862805852,0.11892721797202288,16.797960899643694,1.46,bt518430,bt,G,g
343597933014,2460186.6154688,2.2070518086173405,0.16776772150803307,15.54053430236797,0.08262434906080073,16.59086959564888,1.69,bt518839,bt,B,g
343597933014,2460187.6140038,0.9895442818663074,0.13304080211366798,16.41147753840755,0.14613754044651636,16.84267847490312,1.53,bt519127,bt,G,g
343597933014,2460188.614223,1.8892144927946746,0.08837815173551056,15.709362450943964,0.05084822754353287,17.28677832429023,1.54,bt519497,bt,G,g
343597933014,2460189.6085451,1.2819014596002742,0.04486786342173955,16.130429017197038,0.038044591023375374,18.022802138425266,1.59,bt519862,bt,G,g
343597933014,2460190.6087006,1.687704166553768,0.0403779217615546,15.83182481586645,0.0260051768922358,18.137280705972906,2.15,bt520236,bt,G,g
343597933014,2460191.6028103,2.280154171853159,0.05843510959592969,15.505155090612854,0.02785619685629181,17.735955954185428,1.77,bt520598,bt,G,g
343597933014,2460200.2382686,1.2679777082082102,0.05570450699332711,16.142286576129433,0.0477519255856803,17.78791477417457,1.60,bp477995,bp,G,g
343597933014,2460303.1557165,1.8722960761617797,0.054239946495208746,15.719129304444895,0.031488857094979235,17.816842480314534,1.71,bD501477,bD,G,g
343597933014,2460305.02224,1.6835606370647567,0.10055394064585163,15.834493714638322,0.06492059695701582,17.146642873955788,1.72,bt554669,bt,G,g
343597933014,2460310.0095248,1.739739222166923,0.06540238152906025,15.798855235572288,0.040862184535759134,17.613656704465683,1.52,bt555982,bt,G,g
343597933014,2460312.1592409,1.4126678998011393,0.06346309193680352,16.024965430392093,0.048830741945894804,17.646337543418664,1.67,bD504900,bD,G,g
343597933014,2460333.6153065,1.6509123208844563,0.09835504958942601,15.855755600492913,0.06475671738879972,17.1706489572215,1.57,bp504455,bp,G,g
343597933014,2460334.0848516,2.432785428736953,0.13392394566565127,15.434806107481837,0.05983655789729593,16.835495021401197,1.53,bD508061,bD,G,g
343597933014,2460337.0719311,1.7152607690489545,0.1339282964689493,15.814240235606539,0.08487003137899052,16.835459749531726,1.60,bD509402,bD,G,g
343597933014,2460359.8262256,1.4267444640362048,0.035500663231161855,16.014200132026644,0.02704596260777693,18.27704944465352,1.47,bl720716,bl,G,g
343597933014,2460363.7732589,1.6911496472482468,0.1365490418079444,15.829610523899076,0.08776448126390264,16.81441896905512,1.58,bl721968,bl,G,g
343597933014,2460364.8648848,1.3672788373843576,0.08397836378132895,16.060422892577265,0.0667609471464646,17.34222208976164,1.57,bl722444,bl,G,g
343597933014,2460374.9200747,1.0960407508597445,0.043120847707459914,16.300498868424786,0.04276345254661174,18.065922386430696,1.52,bt574027,bt,G,g
343597933014,2460378.6439661,1.5020850704300313,0.07391606543474816,15.958329298314736,0.0534880154042103,17.48079350830436,1.49,bp516258,bp,G,g
343597933014,2460379.639212,1.649153630227461,0.05137400755388207,15.856912834516915,0.03386058856800715,17.87578199834553,1.50,bp516635,bp,G,g
343597933014,2460382.6166039,2.659308123300053,0.07766246973589716,15.338143971792459,0.03174349269051457,17.427112617987127,1.51,bp517587,bp,G,g
343597933014,2460382.9391396,1.443248427132993,0.035104730895396404,16.00171289010142,0.026438494907247263,18.28922649098172,1.46,bt576347,bt,G,g
343597933014,2460386.0498279,1.2939374292095471,0.04246394888722737,16.12028243300779,0.03567132779362089,18.08258966535353,1.50,bD525575,bD,G,g
343597933014,2460387.0177168,2.1264886156135185,0.04650432650892445,15.580907967247606,0.023770727299839117,17.983907213542885,1.46,bD526028,bD,G,g
343597933014,2460388.0331365,1.283174003872481,0.03660078045106206,16.12935174089736,0.031003945600488934,18.243914746181847,1.54,bD526508,bD,G,g
343597933014,2460388.5138645,1.4568932745840029,0.05375339445447634,15.991496276070897,0.04010424352092113,17.826625875028867,1.57,bp519362,bp,G,g
343597933014,2460389.0222394,1.523527605757422,0.0411538593460498,15.942939802568306,0.02936110618664172,18.116614189114596,1.48,bD526969,bD,G,g
343597933014,2460390.5037784,1.4648515479851838,0.10870215419742858,15.985581586423173,0.08065971981563735,17.06204523451104,1.54,bp519978,bp,G,g
343597933014,2460390.9812038,1.3330242653218125,0.06629840978873949,16.0879704846826,0.05406014787240693,17.598882832219765,1.55,bD527848,bD,G,g
343597933014,2460391.4881004,2.2370112703666694,0.1312508868596213,15.525895191940384,0.06377438028406804,16.85738499492456,1.51,bp520411,bp,B,g
343597933014,2460391.9812414,2.5074434938091876,0.09948528376285352,15.40198773525286,0.043126067753904346,17.158243503881074,1.53,bD528318,bD,G,g
343597933014,2460393.6815562,0.9743986749659731,0.15486657196455328,16.428223910495362,0.17275601324286685,16.67774639851673,1.96,bl733946,bl,G,g
343597933014,2460395.5342298,1.246766793333171,0.23929199174401103,16.160602555627094,0.20861960104883298,16.205320200048398,1.61,bp521207,bp,B,g
343597933014,2460395.722389,2.5420005896565647,0.16428117690620722,15.387126504883833,0.070246441863063,16.613671097773505,2.07,bl734886,bl,G,g
343597933014,2460403.8635887,2.09617282804053,0.047963392476455806,15.596497904592246,0.024871099157291982,17.9503658779555,1.55,bt580621,bt,G,g
343597933014,2460404.8638229,1.2694431161316908,0.03546693982731774,16.141032510111778,0.03036845137961509,18.278081316146405,1.54,bt581053,bt,G,g
343597933014,2460405.8614109,1.430473841914425,0.031358515220569545,16.011365820854387,0.023828008337039505,18.411751883201614,1.47,bt581481,bt,G,g
343597933014,2460407.8287142,1.4980230368427163,0.03757770526344928,15.961269392116694,0.027266157331054156,18.215314972047544,1.65,bt582049,bt,G,g
343597933014,2460409.8723197,1.3087362185655171,0.033966543999989246,16.107935318673793,0.028210540824028678,18.325012209242743,1.57,bt582774,bt,G,g
343597933014,2460410.6299958,2.4764856649326523,0.059179795586674404,15.41547607622122,0.025974656618847694,17.72220695962282,1.43,bl741507,bl,G,g
343597933014,2460411.8644448,2.2865641580715166,0.04776011512343653,15.502107143191093,0.02270356964582812,17.95497719902139,1.52,bt583271,bt,G,g
343597933014,2460412.5308295,2.0350237232503563,0.06762086110696035,15.628641931356198,0.03611797501231591,17.577438869147013,1.54,bp524960,bp,G,g
343597933014,2460413.5104065,1.2680502556133704,0.05945445918839086,16.142224457457644,0.05096360485336982,17.717179528887794,1.50,bp525344,bp,G,g
343597933014,2460416.9620585,1.8264615735427594,0.046180806350332886,15.746039273198033,0.02748293715498254,17.991486832083122,1.49,bD536325,bD,G,g
343597933014,2460417.4513356,2.8454575102005553,0.07596120302464432,15.264685360058174,0.029016959392575082,17.451161025952345,1.54,bp526110,bp,G,g
343597933014,2460417.7443449,1.2282390909882295,0.04372687724346897,16.176858333547507,0.03869703768900029,18.050769453202097,1.57,bl743521,bl,G,g
343597933014,2460417.9302475,1.2138390317293628,0.047479984554019326,16.18966287632942,0.04251690505415478,17.96136418894269,1.47,bD536758,bD,G,g
343597933014,2460418.4308297,1.697905238772254,0.09495949947266505,15.825282001485764,0.06079069956079076,17.20879456942843,1.51,bp526511,bp,G,g
343597933014,2460418.9075969,1.4976721298231401,0.05843760913812927,15.961523752080712,0.04241191319693769,17.735909513176935,1.50,bD537186,bD,G,g
343597933014,2460419.4151679,2.186836423288546,0.10357942838138293,15.550524875387751,0.05148365648119624,17.114456836519118,1.52,bp526934,bp,G,g
343597933014,2460419.9241439,3.1672017387353883,0.08991699392718229,15.148376304372528,0.030858742519935877,17.268036163217893,1.51,bD537646,bD,G,g
343597933014,2460420.4300209,1.0188837153622683,0.11166799058204195,16.379754069671115,0.11912865894563615,17.032818858282056,1.50,bp527241,bp,G,g
343597933014,2460420.9008627,1.326067705752621,0.08169950700125735,16.093651375677297,0.06696778118692444,17.372092021741487,1.50,bD538077,bD,G,g
343597933014,2460423.0457853,3.5744005603582103,0.1100413599632632,15.017057573482738,0.033463002216272415,17.04875073882539,1.48,bD539082,bD,G,g
343597933014,2460423.6151774,1.7859589085143854,0.15904252508212874,15.770386966319098,0.09679523366843835,16.64885745568457,2.00,bl745944,bl,G,g
343597933014,2460427.6866687,1.3495460234120016,0.09682700554431853,16.07459637268326,0.07798677727994556,17.187649358585023,1.53,bl747520,bl,B,g
343597933014,2460429.7749815,1.2704942289033165,0.04568363177988872,16.140133880656357,0.03908409843210537,18.00323905552434,1.71,bt588154,bt,G,g
343597933014,2460431.9464774,1.5891541499715631,0.07105427564240266,15.897150556364185,0.04860001045735018,17.523665070384713,1.52,bt589087,bt,G,g
343597933014,2460433.8385634,1.4999275926909794,0.04825669908547021,15.959889886065957,0.03497031059642698,17.943746582843605,1.43,bl749303,bl,G,g
343597933014,2460434.7925552,1.7799035434418848,0.0398162505370642,15.774074453147605,0.024315100305250987,18.152489710268192,1.41,bH563110,bH,G,g
343597933014,2460435.7731338,1.2805748975852627,0.06098754877547721,16.131553161450846,0.051766448031576005,17.689537665311303,1.59,bl750190,bl,G,g
343597933014,2460436.8132018,1.921218716797203,0.04506955130692584,15.69112359991053,0.025498732807780807,18.01793252533375,1.43,bl750678,bl,G,g
343597933014,2460437.8512376,1.3374622259363853,0.036257409822471255,16.08436180965944,0.02946642327809416,18.254148672715516,2.02,bt590933,bt,G,g
343597933014,2460438.9174364,1.368719011557667,0.04169573428196513,16.05927987312194,0.0331123115290887,18.10241154550452,1.52,bt591378,bt,G,g
343597933014,2460439.6719538,1.2940856439216013,0.043630011386208034,16.120158073931705,0.03664666681262125,18.05317729562843,1.50,bl751508,bl,G,g
343597933014,2460440.6229586,1.6575512259185197,0.042366702872753514,15.8513982248542,0.027782407730177205,18.08507894399851,1.48,bl751926,bl,G,g
343597933014,2460442.6412233,1.5761828598532903,0.047163065879383195,15.90604912109505,0.03252427326076839,17.96863553878893,1.48,bl752857,bl,G,g
343597933014,2460444.710025,1.209118174815575,0.06792026169633646,16.193893749033986,0.06105802802966053,17.57264223500969,1.51,bt593114,bt,G,g
343597933014,2460447.5241087,1.6468881276761878,0.10039396329190048,15.858405375394682,0.06626064716207979,17.148371612981357,1.45,bH567641,bH,B,g
343597933014,2460448.7507778,1.489544449646123,0.07853168409659239,15.967431953357579,0.057306464545067916,17.41502833416135,1.51,bH568086,bH,G,g
343597933014,2460455.773462,1.3606009534971446,0.05804021822629795,16.06573869484624,0.04636715383895936,17.74331801974422,1.45,bD548212,bD,G,g
343597933014,2460457.6635842,1.4667969002148633,0.061709005015056335,15.98414066354712,0.04572889773718688,17.676769251481176,1.51,bl757163,bl,G,g
343597933014,2460475.6792017,1.1765936712907907,0.055600190625391045,16.22349935213938,0.05136436756786819,17.789949910031396,1.50,bt601699,bt,,g
343597933014,2460476.6567556,1.8282580977222453,0.05376812643132194,15.74497185808719,0.03196682993447812,17.82632835243809,1.48,bt601990,bt,,g
343597933014,2460478.4808043,1.9957385726389,0.07813908568683861,15.649806494202759,0.04255757239673771,17.42046979845254,1.38,bH576374,bH,,g
343597933014,2460486.7698987,1.570973195729164,0.06558300281494259,15.90964368458081,0.045376886645001224,17.610662367430102,1.52,bt602928,bt,,g
343597933014,2460488.7406881,1.6116830387105372,0.12199052306579312,15.881866533687099,0.08227324570147487,16.936825377790072,1.50,bt603316,bt,,g
343597933014,2460489.8455668,1.5685670354444226,0.029919069867605435,15.911307912878414,0.02073276269493214,18.462770391606632,1.50,bD558684,bD,,g
343597933014,2460490.7494696,1.395869423117472,0.038888084917696394,16.03795363722319,0.03028195676414493,18.178099220413063,1.56,bt603747,bt,,g
343597933014,2460492.5211958,1.1428775230548913,0.044756057736288574,16.25506639343191,0.04256614367019572,18.025511047877018,1.52,bl763362,bl,,g
343597933014,2460494.7806513,1.5189686022926758,0.03196843801777666,15.946193630008352,0.022876247830789703,18.390837068685432,1.43,bD560266,bD,,g
343597933014,2460495.6809353,1.1573753618206322,0.0855630622330003,16.241380040094082,0.08035710071435254,17.321924813374856,1.57,bl764764,bl,,g
343597933014,2460497.818302,1.9345945766245731,0.0697057483502688,15.683590707399917,0.03916433897185201,17.544469126245158,1.48,bD561316,bD,,g
343597933014,2460499.6632895,1.9280708239328574,0.05161567898307283,15.68725816522426,0.02909851557226724,17.87068649974255,1.71,bl766180,bl,,g
343597933014,2460501.6676912,1.3943154979309864,0.04184695322979094,16.03916298574784,0.03262232887429687,18.098481002432457,1.62,bl766998,bl,,g
343597933014,2460502.5958693,1.390016605829662,0.04546086154015424,16.04251565082485,0.03554920115897208,18.00854645671653,1.48,bl767321,bl,,g
343597933014,2460503.5956351,1.2987974658038317,0.04667079646331856,16.11621204086915,0.03905853524218817,17.980027580373886,1.48,bl767767,bl,,g
343597933014,2460504.5736913,2.5639384261663873,0.06365572573244474,15.377796644168074,0.026986219920410844,17.64304692681101,1.51,bl768160,bl,,g
343597933014,2460504.7657763,1.4643899581814388,0.04936138614157916,15.985923766994333,0.03663892960267437,17.919172244353977,1.52,bt606878,bt,,g
343597933014,2460511.8162649,1.3653713209909215,0.1095002223912351,16.0619386811531,0.08717187700533921,17.054103108406224,1.49,bD565643,bD,,g
343597933014,2460512.5933798,2.1664998871568883,0.14725199306079048,15.560668945407299,0.07387792408637259,16.73248765721801,1.66,bl771426,bl,,g
343597933014,2460514.259162,1.4608099497381994,0.16707664251756343,15.988581326712065,0.12431805126141794,16.595351263111652,1.48,bp544058,bp,,g
343597933014,2460515.7170691,2.1671179567313725,0.13103188243164413,15.560359245501678,0.06572136912180325,16.85919816086269,1.47,bt609011,bt,,g
343597933014,2460517.6164071,2.8215227637928315,0.06975399332496854,15.273856726109333,0.02687185761351147,17.543717922819862,1.39,bH591006,bH,,g
343597933014,2460518.5253872,1.3057386191660705,0.03983670641019936,16.11042499925858,0.033161895651694744,18.151932049048767,1.49,bl773712,bl,,g
343597933014,2460519.6734502,1.4698282975937285,0.04245773953927997,15.981899111539219,0.03139803265869483,18.082748440196834,1.49,bt610079,bt,,g
343597933014,2460520.7032144,3.098848736130326,0.06303577770879508,15.172064678350061,0.022110517652769786,17.653672823080417,1.47,bt610359,bt,,g
343597933014,2460525.7784735,2.0950594977472976,0.13020626697971383,15.597074719687036,0.06755347579249382,16.866060891852396,1.43,bD569387,bD,,g
343597933014,2460526.6170756,1.618654530067001,0.28863397453759726,15.877180204684631,0.19382306427433968,16.00177198715261,1.38,bH593572,bH,,g
343597933014,2460528.6668459,1.1880727274346012,0.06886317490817995,16.212958055692916,0.06300226858648172,17.557673006948185,1.48,bt611900,bt,,g
343597933014,2460529.3321026,1.3918184291002134,0.054188154934869746,16.041109165531203,0.042318859397159334,17.8178797017672,1.50,bp547598,bp,,g
343597933014,2460529.7524644,1.3471667812879886,0.05007681715327261,16.076512208866998,0.040404294218602504,17.903548817360885,1.62,bD570541,bD,,g
343597933014,2460530.3294847,1.206265700370931,0.04995788467665858,16.196458174713314,0.04501665640073106,17.90613050859925,1.47,bp547994,bp,,g
343597933014,2460530.5918985,1.45311726833727,0.04855666604658287,15.994313962764453,0.036321215075528365,17.937018461541822,1.43,bH594417,bH,,g
343597933014,2460530.751969,1.9963703186937023,0.053943319068533585,15.649462861507203,0.029370323690328035,17.822796450031962,1.51,bD570909,bD,,g
343597933014,2460531.5759366,1.3717561929647946,0.058788569515768115,16.056873298409066,0.04658307311940698,17.729408379534142,1.49,bl777164,bl,,g
343597933014,2460531.7477222,1.3106665740360939,0.04573634328489714,16.106335062914894,0.03792987293551715,18.001987014147247,1.54,bD571249,bD,,g
343597933014,2460532.5686508,2.2102119377351856,0.05411771181788187,15.538980821581077,0.02661446117349376,17.81929204729506,1.48,bl777577,bl,,g
343597933014,2460538.2749488,1.650878294381987,0.08696476475587789,15.855777978535592,0.05725856262971661,17.304282295174364,1.48,bp548960,bp,,g
343597933014,2460539.2784886,1.5090421365565345,0.1216227162728672,15.953312205715193,0.08760431630231566,16.940103865083714,1.51,bp549330,bp,,g
343597933014,2460540.3136029,1.280121789942243,0.17667416623098978,16.131937397022522,0.15001473978211244,16.534707985320406,1.66,bp549644,bp,,g
343597933014,2460542.2935791,0.5866446829139089,0.3109416801452149,15.920943259182279,99.999,15.920943259182279,1.58,bp550208,bp,,g
343597933014,2460543.6218423,1.3724127414386125,0.0837217860531367,16.05635376883283,0.06630799803469734,17.345544399806982,1.56,bt616254,bt,,g
