# "asas_sn_id":34360573273,"ra_deg":46.74479,"dec_deg":43.5023,"name":"1SWASP J030657.35+433038.7"
asas_sn_id,jd,flux,flux_err,mag,mag_err,limit,fwhm,image_id,camera,quality,phot_filter
34360573273,2455937.7898934,6.657633190317945,0.09235365257740381,14.401481745657485,0.01507809188427891,17.29872120263256,3.28,ba002664,ba,G,V
34360573273,2455972.836552,8.763753214191368,0.08723320684473732,14.103056056012786,0.01081941729470011,17.360651798198305,2.18,ba007448,ba,B,V
34360573273,2457007.8352946,6.661932983419314,0.07086469358108051,14.400780755678625,0.011562235921722772,17.58628160973903,1.71,ba170884,ba,G,V
34360573273,2457008.8481841,8.996121144973007,0.07458281740359991,14.074643166598936,0.009011470441549384,17.530759431105487,1.99,ba171278,ba,G,V
34360573273,2457009.8524311,6.653150133807581,0.0534546585216443,14.402213095094524,0.008733139720114403,17.892392494834468,1.73,ba171675,ba,G,V
34360573273,2457010.8462788,8.181544412698738,0.06958135637687622,14.177693173883082,0.009244209319197784,17.606124167756843,1.77,ba172079,ba,G,V
34360573273,2457011.8384625,7.419454605399174,0.04674412805007503,14.283851449463324,0.006848055219593126,18.038038736169916,1.71,ba172478,ba,G,V
34360573273,2457021.8204945,6.457881329378059,0.09352086697013363,14.434556254219292,0.01574093903049072,17.285085083103226,1.61,ba174697,ba,G,V
34360573273,2457037.798784,6.338777848699856,0.07502984428929145,14.454767575558105,0.012865915247691529,17.524271280795954,1.70,ba178193,ba,G,V
34360573273,2457042.7843482,6.788928833082747,0.052100117849492596,14.380278264316305,0.008341605026689932,17.920259629510358,1.79,ba180150,ba,G,V
34360573273,2457045.7722378,8.124822526516812,0.058703567617205424,14.185246696265473,0.007853491625524853,17.790695154638666,2.00,ba181383,ba,G,V
34360573273,2457052.7761721,7.8035937376424425,0.1385799535927552,14.229044775677462,0.01930269429754534,16.858105364771532,1.66,ba183986,ba,G,V
34360573273,2457055.7668868,6.382874046451321,0.13133325849797906,14.447240718113822,0.022365088329605362,16.91641959457823,1.75,ba185077,ba,G,V
34360573273,2457065.7518167,8.445919067961036,0.07554372111519513,14.143164115686059,0.009722179395975026,17.516860460187345,1.75,ba186707,ba,G,V
34360573273,2457071.7371969,6.616220914749826,0.061001173067134616,14.408256409960838,0.010021676082677556,17.74901092698261,2.07,ba188207,ba,G,V
34360573273,2457219.1069397,6.3126340206381455,0.06945855382286491,14.45925487568802,0.011959893100328866,17.608042051814802,1.64,ba222119,ba,G,V
34360573273,2457223.0860774,7.243281675214309,0.04964970898867025,14.309942968813054,0.007450638730833054,17.972564625394266,1.63,ba222802,ba,G,V
34360573273,2457228.1035644,6.595615933112668,0.05266933780974562,14.411643008351,0.008679899013004951,17.908461748219036,1.69,ba223585,ba,G,V
34360573273,2457234.0504226,8.533097274562577,0.18673817178348912,14.132014663321552,0.023786940092993432,16.534273637094866,1.71,ba225302,ba,B,V
34360573273,2457241.1065362,7.585827324446306,0.07348689104315753,14.25977402284131,0.01052977507466837,17.546831707713938,1.71,ba226601,ba,G,V
34360573273,2457244.0421613,6.692676569779912,0.06679730153154467,14.395781810017294,0.010848538963040808,17.65045909802817,1.66,ba227486,ba,G,V
34360573273,2457247.047443,6.317953914363778,0.06733198798744126,14.458340270351409,0.011583962855161162,17.64180280050314,1.66,ba228513,ba,G,V
34360573273,2457260.9835709,7.280312945935503,0.1063779571910831,14.304406284609465,0.015882313740742067,17.14522727824455,1.69,ba230333,ba,B,V
34360573273,2457270.1116791,9.033742692464743,0.182330755106035,14.070112113470417,0.02193837151698335,16.560206567263254,1.67,ba232396,ba,G,V
34360573273,2457272.0862671,6.623475912428503,0.06587319699809359,14.407066501379633,0.010810230463815735,17.665584540184064,1.71,ba233162,ba,G,V
34360573273,2457274.9894816,8.63072127652414,0.06784696933011997,14.119663675563594,0.00854467470687557,17.63353026157266,1.66,ba233953,ba,G,V
34360573273,2457285.0622358,6.516195220633822,0.07527496825579093,14.42479618704414,0.01255650190010412,17.520729941080702,1.71,ba235767,ba,G,V
34360573273,2457289.1366199,6.99466598500028,0.0814161835056748,14.347863953171009,0.012651905298462869,17.4355795427368,1.65,ba236531,ba,G,V
34360573273,2457298.9851435,6.4219735246607605,0.0929485077010909,14.44061012750643,0.015732077724029153,17.291750339886015,1.65,ba238575,ba,G,V
34360573273,2457305.083997,7.351378532899953,0.061545729218097284,14.293859440107571,0.009099998246507356,17.73936158931306,1.62,ba239947,ba,G,V
34360573273,2457305.9469061,6.193607173404564,0.06179182563055323,14.479922262084873,0.010844250527819161,17.735028827247447,1.63,ba240248,ba,G,V
34360573273,2457309.9900275,6.959276003415925,0.053116614427518576,14.35337125235707,0.008296186332652269,17.89928042875145,1.65,ba241445,ba,G,V
34360573273,2457314.9497588,6.492278360472817,0.058231104874776535,14.42878857401842,0.009749224493680524,17.799468817493846,1.64,ba242747,ba,G,V
34360573273,2457316.857253,7.543927441217695,0.07679240027025863,14.265787647939804,0.011064528515704568,17.499060787738873,1.81,ba243279,ba,G,V
34360573273,2457318.0259367,8.697273482029425,0.0805445492989611,14.111323588284893,0.010066191816543417,17.447266004460488,1.67,ba244013,ba,G,V
34360573273,2457318.813255,8.522961516224225,0.10032404919395128,14.13330508583018,0.012794599547476571,17.208843762514658,1.65,ba244307,ba,G,V
34360573273,2457321.8312762,6.434879472545835,0.14452357554396977,14.438430362429369,0.02441239865529694,16.812509649760276,1.69,ba245541,ba,G,V
34360573273,2457324.9834528,9.093442335351964,0.14410215941686888,14.062960611685465,0.017224806206328127,16.81568017141637,1.74,ba246822,ba,G,V
34360573273,2457327.8479624,8.492389150874182,0.07520642292165473,14.137206687424515,0.00962580852326452,17.521719062134192,1.62,ba247229,ba,G,V
34360573273,2457329.8671197,8.908052676697663,0.08142641643270465,14.085324463222598,0.009935614167942412,17.43544308876989,1.71,ba248024,ba,B,V
34360573273,2457334.7778706,8.456701393619296,0.1546425023491006,14.141778914740062,0.01987650605627861,16.739034222132986,2.07,ba249374,ba,B,V
34360573273,2457342.7561725,6.6213770318566665,0.06523347872387804,14.407410609487886,0.010708641841947438,17.676180046470048,1.76,ba250250,ba,G,V
34360573273,2457344.9070743,6.356472948968382,0.06357608069015205,14.451740896722644,0.010871506272041826,17.704122015647997,1.68,ba251060,ba,G,V
34360573273,2457357.9633177,6.910662373580364,0.06802951995414407,14.360982215385258,0.010700150924408245,17.630612877674977,1.67,ba253283,ba,G,V
34360573273,2457358.8838487,6.176076506612924,0.06199936070303138,14.48299973647547,0.010911556776807965,17.731388365277162,1.71,ba253658,ba,G,V
34360573273,2457361.8410185,9.116957198357756,0.07924474509740068,14.060156614743127,0.009447844343581027,17.464930211748,1.71,ba254933,ba,G,V
34360573273,2457364.903735,6.879587730739002,0.05677799515099336,14.365875371293695,0.008970771874147687,17.826906260215058,2.03,ba256278,ba,G,V
34360573273,2457368.870513,8.287812667213618,0.058840776612673326,14.163681589571915,0.007717038071619829,17.788160403304833,1.80,ba257688,ba,G,V
34360573273,2457377.7574671,8.800730821795584,0.12366006030775639,14.098484559739742,0.015272948548464537,16.981782758767146,1.67,ba259668,ba,G,V
34360573273,2457382.8901117,7.612588161213569,0.1280931283720194,14.2559505664551,0.018289661587543225,16.943541812682906,1.99,ba260859,ba,G,V
34360573273,2457383.7180625,6.519544321116485,0.0626470014857443,14.424238299290131,0.01044468194069573,17.72010567140737,2.05,ba260936,ba,G,V
34360573273,2457388.833957,7.4183544118776465,0.044755156448767854,14.284012459749862,0.0065576415580191165,18.085248694645756,1.62,ba262783,ba,G,V
34360573273,2457391.8121972,8.082950888186362,0.05385245959689368,14.190856554407429,0.007241820837497461,17.884342534760716,1.74,ba263852,ba,G,V
34360573273,2457415.7956342,6.379254539385494,0.05855967753967669,14.447856576188542,0.009977940685656283,17.793359702168104,1.73,ba273324,ba,G,V
34360573273,2457417.75055,6.856900289982425,0.052264119705518836,14.369461819035438,0.008284913497993115,17.916847293954092,2.33,ba274119,ba,G,V
34360573273,2457420.7784433,6.740043482947828,0.052150357907185134,14.388124658600285,0.008410208596080578,17.91921316035244,1.67,ba275427,ba,G,V
34360573273,2457423.7719712,8.173597524491477,0.07519912582138565,14.178748282417626,0.01000026977052824,17.521824413645813,1.71,ba276693,ba,G,V
34360573273,2457428.7583028,7.17856764111273,0.04766642918581187,14.319686912162606,0.007217503360253007,18.016824846090458,1.68,ba278311,ba,G,V
34360573273,2457437.7549108,7.87706375367007,0.10520621088923088,14.21887050331194,0.014517411643422577,17.157252945385032,2.08,ba281515,ba,G,V
34360573273,2457439.7235465,8.988770027059505,0.10851098254792764,14.075530731080953,0.013121563885351151,17.123672153778198,2.05,ba282327,ba,G,V
34360573273,2457590.0763256,6.842260236721913,0.16800179233038462,14.371782434504505,0.026688643448157166,16.64907160610271,1.74,ba324873,ba,G,V
34360573273,2457599.1276516,6.997544337180268,0.1329026891688645,14.347417257310386,0.020644305743259806,16.903521972181984,2.12,ba326930,ba,G,V
34360573273,2457600.0886914,7.624872721339112,0.057708343242851345,14.254199908037616,0.008226558309757761,17.809259878015137,1.69,ba327077,ba,G,V
34360573273,2457603.109686,7.772409180546222,0.05753220979231883,14.233392264322053,0.008045769232060688,17.812578755059437,1.71,ba328064,ba,G,V
34360573273,2457607.0325377,7.417102330868879,0.04630930675885426,14.28419572740509,0.00678650512738146,18.0481856943264,1.71,ba329255,ba,G,V
34360573273,2457610.0874123,7.556251631781742,0.04536786282909172,14.264015374538792,0.006526105373732728,18.07048559072866,1.64,ba330262,ba,B,V
34360573273,2457616.017843,6.3224840457044085,0.11456693342832916,14.457562049243098,0.01969625776283014,17.064708172063867,1.70,ba331975,ba,B,V
34360573273,2457617.099187,6.960594317616116,0.06369134916596521,14.353165597932474,0.009945950617909306,17.70215527220357,1.62,ba332281,ba,G,V
34360573273,2457618.9960232,8.802886192163742,0.1772206983430928,14.098218686691808,0.021882731373111076,16.59107028474254,1.66,ba332940,ba,G,V
34360573273,2457622.0357475,6.41625645073929,0.10043520373224508,14.441577119773125,0.01701439157663087,17.207641481502733,2.05,ba333838,ba,G,V
34360573273,2457628.1087134,7.610304922469243,0.05508653543254064,14.25627625947203,0.007867840981197654,17.859742746000343,2.01,ba335061,ba,G,V
34360573273,2457638.0819934,6.654120094263791,0.06257737520875545,14.402054817526203,0.01022207070700591,17.721313036610773,1.71,ba336582,ba,G,V
34360573273,2457651.0849183,7.177428079895937,0.1270244397229833,14.319859280961992,0.019236701732183375,16.95263817365544,1.59,ba338775,ba,G,V
34360573273,2457654.1014239,6.759748131087033,0.08154455516200786,14.384955118552284,0.01311223204279466,17.433868973860946,1.68,ba339829,ba,G,V
34360573273,2457658.0536887,7.495355631347628,0.05806507310981472,14.272800795522972,0.008420442338721277,17.80256895068752,1.75,ba340670,ba,G,V
34360573273,2457659.0076287,6.643945800250429,0.06260096573654252,14.403716202213454,0.010241583844940148,17.72090381101763,1.87,ba340881,ba,G,V
34360573273,2457663.9283204,6.325521357543812,0.06016989162161813,14.457040588445535,0.010339393769093206,17.763908320580825,1.82,ba341877,ba,G,V
34360573273,2457668.9899263,8.648991565532727,0.07183004238693254,14.117367720553066,0.009027194955353788,17.571591086900202,1.70,ba342933,ba,G,V
34360573273,2457671.8548683,8.332518210326175,0.09269727399039294,14.157840725857628,0.012092131570313427,17.294688986803767,1.59,ba344046,ba,G,V
34360573273,2457674.9527853,6.392893978811946,0.08677996564688262,14.44553764937584,0.014754827771085026,17.366307708998416,2.09,ba345195,ba,G,V
34360573273,2457676.9555172,5.3803021184056155,0.4962443617466389,14.632764746637022,0.10025385814888486,15.473117430149433,2.03,ba346015,ba,B,V
34360573273,2457677.943381,7.766259237138989,0.23803965683457526,14.234251696595608,0.03331575080465674,16.27073310492524,2.01,ba346415,ba,G,V
34360573273,2457681.9907137,6.485770210450152,0.0901403039215806,14.429877510411178,0.015106700983831036,17.325058848610603,2.35,ba347761,ba,G,V
34360573273,2457687.0606102,8.928521031850696,0.08177066124681694,14.082832589574704,0.009954745384155255,17.430862619344293,2.07,ba348945,ba,G,V
34360573273,2457688.9915687,6.486433856080575,0.06395673022689445,14.429766419946517,0.010717473818693871,17.697640762586037,2.01,ba349704,ba,G,V
34360573273,2457696.0380024,8.951389327536578,0.07964276885664906,14.080055288166939,0.009670926361318301,17.45949051797998,1.61,ba352106,ba,G,V
34360573273,2457709.8653056,7.905059921564634,0.13828522802658433,14.215018488768546,0.019014407475095776,16.86041691826236,2.02,ba357670,ba,G,V
34360573273,2457710.891539,6.9913429398887885,0.07392162652416831,14.348379890272847,0.011492726753479376,17.540427608039288,2.22,ba358114,ba,G,V
34360573273,2457713.7834113,6.664964821441243,0.14427164833631975,14.400286750785307,0.023528557653708176,16.814403909339894,1.65,ba359043,ba,B,V
34360573273,2457715.74892,7.2179288115879165,0.046893700128322925,14.313749918467831,0.007061778318058277,18.03457013887644,1.78,ba359311,ba,G,V
34360573273,2457719.951688,6.681957083546241,0.05019625861793216,14.397522199637534,0.008165444642860344,17.96067802323172,2.02,ba360697,ba,G,V
34360573273,2457735.9056632,7.344607749114935,0.20326081258334283,14.294859888184897,0.030081343129329613,16.44222225007343,1.96,ba362367,ba,G,V
34360573273,2457737.7563127,9.564425355320795,0.1289496806443085,14.008134199270021,0.01465458625536088,16.93630571641385,1.63,ba363090,ba,B,V
34360573273,2457744.9075186,7.363645357856883,0.04164460194890128,14.292049244057981,0.006147209633784229,18.163459605354607,1.72,ba363667,ba,G,V
34360573273,2457746.8897798,7.90383926026816,0.059326456646233046,14.21518615587183,0.00815872854189458,17.779235367976693,1.74,ba364504,ba,B,V
34360573273,2457753.8737643,7.901349768081453,0.0748421074754437,14.215528186810666,0.010295724048283371,17.526991372980966,1.66,ba366289,ba,B,V
34360573273,2457756.8703863,6.444573603290468,0.05766759827985451,14.43679593422054,0.009726349003340714,17.810026732573245,1.68,ba367006,ba,G,V
34360573273,2457759.8027309,6.396648579693007,0.08400808497954282,14.444900174468593,0.014275152794420279,17.401553681705767,2.30,ba368142,ba,G,V
34360573273,2457763.8158728,6.824714024288651,0.12754518010468716,14.374570259841413,0.020313827779125427,16.948196265193037,1.65,ba369532,ba,G,V
34360573273,2457766.816654,6.407791082540989,0.1112928159791304,14.443010545226468,0.018878651097229318,17.09618856552925,1.70,ba370878,ba,G,V
34360573273,2457780.8012839,9.096646927053342,0.07849499255867723,14.062578058173223,0.009379350959722966,17.47525151211633,1.71,ba375874,ba,G,V
34360573273,2457782.7945098,6.282431247443878,0.06728595042229041,14.46446204317763,0.011641496699654523,17.64254541554839,1.61,ba376711,ba,G,V
34360573273,2457784.7968624,6.277528677562385,0.06112161979329829,14.465309641086987,0.010583232138954233,17.746869256117076,1.74,ba377471,ba,G,V
34360573273,2457788.7651394,6.689332943114721,0.09028586692370172,14.396324373762695,0.014670642455403613,17.323306962451017,1.68,ba378931,ba,G,V
34360573273,2457794.7559569,9.688442353515438,0.12828698607371344,13.994146505659415,0.01439265168528183,16.94189988841847,1.71,ba380581,ba,G,V
34360573273,2457798.7427851,6.227336836673016,0.06446170582890151,14.474025511149733,0.011251530692948267,17.689101908876214,2.10,ba381639,ba,G,V
34360573273,2457803.7311558,8.678970131163302,0.07179225593077848,14.113610920172736,0.008991281179102854,17.572162392678248,1.67,ba383548,ba,G,V
34360573273,2457808.7169567,8.645694356839707,0.15366513359964618,14.117781708862783,0.01931913299686716,16.74591804898466,1.80,ba385212,ba,B,V
34360573273,2457939.1066423,6.230449906146245,0.06887363513632261,14.473482883093055,0.012015608505808914,17.617223879767337,2.09,ba418954,ba,G,V
34360573273,2457943.116401,6.258302878975716,0.1445711038721402,14.468639960557715,0.025109443765778117,16.812152650958257,1.68,ba420311,ba,G,V
34360573273,2457946.1007083,6.477139314011469,0.13875753068579538,14.431323308996756,0.023285496205566986,16.856714987225573,2.06,ba421300,ba,G,V
34360573273,2457959.1218227,6.8602785111740445,0.07352407616944209,14.368927036018793,0.011649304611620333,17.546282452926867,1.67,ba423400,ba,G,V
34360573273,2457961.0827552,7.009509883223486,0.04797198043310835,14.345562273456602,0.007438959051517835,18.00988727400705,1.61,ba424065,ba,G,V
34360573273,2457967.0494969,9.013994034833056,0.07609529370004375,14.072488238684127,0.009175985189394349,17.508961899690902,1.62,ba425220,ba,G,V
34360573273,2457971.0331401,6.264475374510938,0.1293241466335194,14.4675696385759,0.022439185438194124,16.93315734035799,1.80,ba426248,ba,G,V
34360573273,2457973.0885363,6.4034168455219875,0.16816001496745756,14.443751969097026,0.028544545728340424,16.648049550328146,1.67,ba427005,ba,G,V
34360573273,2457975.0458617,6.6945797066389146,0.11189033921309055,14.395473112766464,0.01816692596947702,17.09037491747155,1.68,ba427688,ba,G,V
34360573273,2457979.1209819,7.034759727415509,0.09386574265367718,14.341658232833364,0.014503406668984444,17.281088592219533,1.64,ba429008,ba,G,V
34360573273,2457982.0616077,6.5732974276537695,0.06905502712994625,14.415323195462811,0.011418897885556204,17.614368143112827,1.59,ba430034,ba,G,V
34360573273,2457984.0487103,7.0810708944597796,0.045790479776799904,14.334534048292312,0.007028917146684432,18.0604184088299,1.69,ba430733,ba,G,V
34360573273,2457990.0344458,8.42080979140172,0.08289167616068667,14.146396760379922,0.010699641748557828,17.4160790895866,1.65,ba431968,ba,B,V
34360573273,2457992.9793794,7.40632569798079,0.044892540771062805,14.285774388229102,0.00658845451285649,18.081920929313704,2.01,ba432861,ba,G,V
34360573273,2457997.9604914,7.141010859829334,0.08120779514688162,14.325382170674638,0.012360902998692243,17.438362095611286,1.60,ba434110,ba,G,V
34360573273,2457999.0649833,8.662254844222437,0.07065378459786348,14.115704013117556,0.008865773789306372,17.5895178187694,1.77,ba434547,ba,G,V
34360573273,2457999.9594414,7.353563374301385,0.18345858555683708,14.293536805520692,0.027117670153891223,16.553511291608523,1.66,ba434753,ba,B,V
34360573273,2458003.9540107,8.661532738221403,0.16896410533543618,14.115794526421961,0.021203710911780565,16.642870260995977,2.15,ba435866,ba,G,V
34360573273,2458009.0182117,6.88563542323584,0.12398382534151113,14.364921344025397,0.019571908656440196,16.978943814301864,1.70,ba436726,ba,B,V
34360573273,2458009.9827068,6.168311349145767,0.0913273113314183,14.484365687352625,0.01609335376339792,17.310854713071805,1.68,ba437004,ba,G,V
34360573273,2458012.9922325,8.45773572616899,0.06392186825240162,14.141646127312326,0.008214999123668429,17.698232744501137,1.66,ba437873,ba,G,V
34360573273,2458016.0137581,6.658872024688428,0.06733638187714282,14.401279733596528,0.01099160926359771,17.641731950827968,1.65,ba438832,ba,B,V
34360573273,2458020.0563926,7.681705178633991,0.06668060199624921,14.246137316849666,0.009435263854555143,17.652357613654864,1.63,ba440053,ba,G,V
34360573273,2458021.0554289,6.335783451589441,0.0675374933806511,14.455280591407359,0.011586620573908,17.6384940487218,1.74,ba440434,ba,G,V
34360573273,2458022.8945275,7.0481806958389805,0.05035970232655782,14.339588830379949,0.00776637393944927,17.95714850779565,1.69,ba441073,ba,G,V
34360573273,2458023.9286833,6.67264721478821,0.06365161289776025,14.399035994128752,0.010368678806381499,17.702832861380596,1.73,ba441426,ba,G,V
34360573273,2458025.9758251,5.972658063776943,0.06582908492923777,14.519362274549367,0.01198015229063787,17.66631184834173,2.00,ba441905,ba,G,V
34360573273,2458029.8716679,7.153381336993933,0.12417104781471482,14.323502961248204,0.01886779466591439,16.977305528875632,1.66,ba443198,ba,G,V
34360573273,2458037.0681098,6.034153556700697,0.11218789907793594,14.508240509832056,0.020208860682300732,17.087491355812812,1.65,ba444925,ba,G,V
34360573273,2458037.9346992,8.899226693404241,0.08838656645597327,14.086400729864996,0.010795584622499197,17.346390735594866,1.70,ba445227,ba,G,V
34360573273,2458053.9917846,8.117816478056806,0.0764726148265575,14.186183332354585,0.010239503152708438,17.50359154301402,1.67,ba447156,ba,B,V
34360573273,2458054.8810131,7.052893302358892,0.07417132045470769,14.338863120025033,0.011430911689431514,17.53676636686714,1.62,ba447480,ba,B,V
34360573273,2458056.8423607,7.261486722887199,0.1384047874593172,14.307217535465295,0.020717518617042577,16.859478611814332,1.71,ba448263,ba,B,V
34360573273,2458065.9763559,7.271870966264501,0.11241859437615348,14.305665994361918,0.016803670594374702,17.08526101668263,2.19,ba451436,ba,B,V
34360573273,2458066.9459579,6.4392491115581585,0.07229371416163644,14.437693337716809,0.012203305498414018,17.564605049596658,1.81,ba451825,ba,G,V
34360573273,2458070.9337869,6.8523106035076875,0.047298596470856956,14.370188803104615,0.007502800278316034,18.025235759274576,1.69,ba452916,ba,G,V
34360573273,2458071.9296894,8.25522593703352,0.06560052202938461,14.167958994631364,0.008637548601722972,17.67008815523859,1.64,ba453337,ba,G,V
34360573273,2458075.9972756,5.974601925837944,0.07474843502710334,14.519008968195084,0.0135989476706615,17.528351132497086,1.72,ba454357,ba,G,V
34360573273,2458076.8840538,8.702712923928667,0.07569509067251089,14.11064476026075,0.00945420964580986,17.514687109820322,1.66,ba454644,ba,G,V
34360573273,2458078.8875022,8.587401703995738,0.067697336859772,14.12512695719559,0.008568838903839932,17.63592743281544,1.67,ba455176,ba,B,V
34360573273,2458082.7645118,6.502229322733282,0.07749171914693888,14.42712569884474,0.012954038580745598,17.489218154215585,1.66,ba456058,ba,G,V
34360573273,2458086.9478312,6.681617487910218,0.13350535929955473,14.397577381172253,0.021718471798235748,16.898609643891636,2.07,ba456392,ba,B,V
34360573273,2458096.9384045,8.411177405318181,0.13378210446662045,14.147639421906282,0.017288344298865485,16.89636133526906,1.63,ba458024,ba,B,V
34360573273,2458097.9087523,7.523588049204325,0.07376356457321165,14.268718884707933,0.010656855087654257,17.542751654844505,1.64,ba458434,ba,G,V
34360573273,2458099.8976999,8.173144511357414,0.0628438339280433,14.178808459884173,0.008357678619808556,17.716699712981402,2.12,ba458699,ba,B,V
34360573273,2458101.8567566,9.71229506053566,0.08786015241450444,13.991476734908982,0.00983291437015635,17.352876512882233,1.82,ba459353,ba,G,V
34360573273,2458111.7433272,7.742944058994612,0.060637031271223094,14.237516100526351,0.008512242384418523,17.75551156738109,2.02,ba460407,ba,B,V
34360573273,2458113.7722866,8.24427764522948,0.08676887042839476,14.169399881440746,0.01143993369154127,17.36644653425015,1.66,ba461008,ba,B,V
34360573273,2458115.9080618,7.822818222512918,0.10181672464922555,14.226373307675026,0.014147120606880524,17.192808588501116,1.70,ba461358,ba,G,V
34360573273,2458118.8324249,6.431677946182242,0.1899302834714111,14.438970679942758,0.0320983049870455,16.515870852608966,2.03,ba462381,ba,B,V
34360573273,2458119.8743585,8.482102096220876,0.17593655390510257,14.138522665486208,0.022545753695261756,16.59896619085489,2.01,ba462797,ba,G,V
34360573273,2458153.776555,6.257874607496631,0.0597416432918934,14.468714262771947,0.01037677692003375,17.77166348264067,1.61,ba472862,ba,G,V
34360573273,2458159.7634636,7.385692953141409,0.042943251082983025,14.28880328281509,0.006319982041695319,18.13011909303324,2.36,ba473765,ba,B,V
34360573273,2458162.7487116,6.577944917641021,0.05827257518700558,14.414555823344195,0.00962911006873624,17.798695866437065,1.59,ba474711,ba,G,V
34360573273,2458311.9447816,5.680295256352588,0.07116490550357651,14.51413834600115,0.013617805882458858,17.52197591890932,1.59,bq085157,bq,B,g
34360573273,2458313.1138163,8.32512921359576,0.08443928782904797,14.158803947324511,0.011024673880965409,17.395994989276993,1.53,ba502860,ba,G,V
34360573273,2458322.9296863,6.756305244418717,0.0839457003351682,14.32579246624113,0.013505210784643897,17.342644469802323,1.44,bq087455,bq,G,g
34360573273,2458326.0681706,6.488157232773766,0.12879562468376712,14.429477989664834,0.021577042478922222,16.937603619036164,1.59,ba506456,ba,G,V
34360573273,2458331.9702325,6.841738790632587,0.1988651623843018,14.312149398972249,0.03159398390015736,16.406243838515667,1.53,bq089546,bq,G,g
34360573273,2458332.9388219,5.087958644600388,0.10515944358265532,14.633706690610014,0.022465540899380257,17.0980199126648,1.61,bq089807,bq,G,g
34360573273,2458335.9566677,5.738567220902574,0.06223622965109001,14.503056939078826,0.01178832156244511,17.667532424757887,1.49,bq090527,bq,G,g
34360573273,2458336.9270911,6.098242176655975,0.04730805089286518,14.437053954015603,0.008432232266145274,17.96530297308524,1.53,bq090857,bq,G,g
34360573273,2458343.074816,8.415234160923749,0.0632617955600375,14.14711589179972,0.00817123088270216,17.709502607831162,1.57,ba511132,ba,B,V
34360573273,2458348.0109372,7.520591243614223,0.06360723676823314,14.26915144275015,0.009193200188049278,17.70359007036895,1.61,ba512279,ba,G,V
34360573273,2458351.0886513,6.489375266637851,0.06557350859866695,14.429274181511197,0.01098342288680215,17.670535339182226,1.65,ba513081,ba,B,V
34360573273,2458352.8480488,6.361010328620543,0.08865230821781248,14.39125037038725,0.01514872631962473,17.283415492191814,1.54,bq093849,bq,G,g
34360573273,2458355.9195305,5.002794341929761,0.08975766269054702,14.652033997294811,0.019501636519385208,17.269961774105546,1.46,bq094688,bq,B,g
34360573273,2458360.8862828,4.7787416821762285,0.12283863198546455,14.701781734533043,0.02794046237236845,16.92930318344395,1.48,bq095809,bq,B,g
34360573273,2458366.0568694,8.655638750519206,0.28132335949155585,14.116533598168168,0.035327983194604326,16.08934190616224,1.64,ba515386,ba,B,V
34360573273,2458367.0740233,6.383774379949276,0.0711099895717388,14.447087580869955,0.012107800546424886,17.582529856299193,2.02,ba515501,ba,G,V
34360573273,2458372.023683,6.104423797986324,0.07001452996310703,14.495669712588235,0.012466819552240636,17.599385949785063,1.65,ba516940,ba,B,V
34360573273,2458372.9303324,6.930526712693856,0.0593425176249817,14.29815001781478,0.009307046812293622,17.719225692812884,1.45,bq097854,bq,G,g
34360573273,2458374.7808869,4.796135151323935,0.06628336500681142,14.697837090590099,0.015021915272150096,17.59912924111763,1.42,bq098516,bq,G,g
34360573273,2458378.9185974,6.153878644091131,0.07199170367518133,14.486909085496125,0.012715858785415863,17.56915026564351,1.58,ba518402,ba,G,V
34360573273,2458383.0871811,6.3736677423198795,0.06589602000509474,14.44880785435002,0.011237816528402774,17.66520843162375,1.63,ba519488,ba,G,V
34360573273,2458385.0048104,8.22582168433221,0.3715778547093892,14.17183317743078,0.04910013710599832,15.787231836132491,1.57,ba520218,ba,B,V
34360573273,2458385.9020484,6.413964453887007,0.14801720891409004,14.441965032656105,0.025084060211978815,16.78657586698089,1.63,ba520505,ba,G,V
34360573273,2458386.8401135,7.057348587734842,0.11845000459769242,14.278461698970808,0.01824339600019898,16.968802906651863,1.61,bq100269,bq,G,g
34360573273,2458390.7926258,4.843094972098072,0.09665140889385274,14.68725815839306,0.021691889140661943,17.18962013856836,1.55,bq101186,bq,G,g
34360573273,2458392.9554414,8.317851225883697,0.08336432947238565,14.159753533883146,0.010893847357890476,17.40990574031841,1.67,ba522200,ba,G,V
34360573273,2458393.9178555,5.769913966474586,0.0662643908980022,14.497142278372063,0.01248311712516967,17.599440085716804,1.52,bq101993,bq,G,g
34360573273,2458396.9925506,6.449561564724539,0.08994535911788229,14.435955922770917,0.015158657485817165,17.327409493413843,1.64,ba523239,ba,B,V
34360573273,2458402.0331557,8.55017580403095,0.07678177047404335,14.129843793153988,0.009761021069074654,17.499211088464087,1.64,ba523969,ba,G,V
34360573273,2458402.7365605,7.152342561458786,0.06470502181707805,14.263944855229918,0.009833358071009525,17.625295641501065,1.52,bq103881,bq,G,g
34360573273,2458408.853648,7.597414739178491,0.05214702068768435,14.258116817076683,0.007460635778305928,17.91928264129406,1.56,ba525176,ba,G,V
34360573273,2458413.856839,9.349246306167784,0.139199090995478,14.032839900936164,0.01618348205008539,16.85326539559362,1.60,ba526451,ba,G,V
34360573273,2458415.0074966,6.529810575263394,0.13310647504402548,14.422529947237066,0.022156990538576882,16.901858437419037,1.63,ba526819,ba,G,V
34360573273,2458417.7863016,4.846797851407777,0.11563737038279502,14.68642835554646,0.025933162006712186,16.994895093525937,1.50,bq105692,bq,G,g
34360573273,2458427.9531681,7.350849083378697,0.06133909030554089,14.29393763812342,0.009070098363998521,17.743013066542087,1.67,ba529047,ba,G,V
34360573273,2458428.8026038,4.991644873133249,0.05601453713880492,14.654456421744523,0.012197455548756831,17.78188873232605,1.48,bq109671,bq,G,g
34360573273,2458430.754249,5.689203807055599,0.04086341041769603,14.512436892321322,0.007807199734861485,18.124304087506175,1.46,bq110515,bq,G,g
34360573273,2458435.0061296,6.459808332081243,0.06552296362669974,14.434232323753108,0.011025189754317525,17.671372562454845,1.58,ba531487,ba,G,V
34360573273,2458442.8211077,6.410001847941973,0.12193633401098379,14.442636017712582,0.02067698210301664,16.997023558891286,1.65,ba533525,ba,G,V
34360573273,2458443.7499016,7.660932566292675,0.10769224315495954,14.189361523349856,0.015279704530103484,17.072179553668846,1.43,bq114466,bq,G,g
34360573273,2458448.9471612,6.833344263869238,0.1232407441261355,14.373198151944703,0.019603480433464344,16.985470613882708,1.99,ba535547,ba,G,V
34360573273,2458449.7656905,5.087476119820392,0.06636479579402221,14.633809663040351,0.014179063626689754,17.597796205447487,1.53,bq116099,bq,G,g
34360573273,2458450.7768047,6.528113535619057,0.06310392205154441,14.363096374850901,0.01050705065820205,17.65249973027283,2.04,bq116532,bq,G,g
34360573273,2458451.823488,6.524004387593463,0.062124807218776924,14.423495793405184,0.010350539386001969,17.729193758496564,1.69,ba536747,ba,G,V
34360573273,2458454.8106999,6.950879699183082,0.06334770985948453,14.29496619198536,0.009906113952324252,17.648313314118344,1.52,bq118026,bq,G,g
34360573273,2458455.6999115,6.13544137857901,0.03818641349373811,14.430451094850355,0.006765115763922258,18.197868434153968,1.52,bq118398,bq,G,g
34360573273,2458457.8278262,5.96059454954246,0.04344751872655468,14.461841668943675,0.00792296195298784,18.05772816374604,1.45,bq119421,bq,G,g
34360573273,2458464.7864041,6.118455249605217,0.02528997724528452,14.433461152398175,0.0044928179711978605,18.64526951497439,2.31,bA003682,bA,G,g
34360573273,2458465.8953015,6.0753956815277075,0.0242479833338263,14.441129201911691,0.004338236553688414,18.69095154929345,2.01,bA004218,bA,G,g
34360573273,2458469.7808428,5.688911525203431,0.055108276195656176,14.512492673262136,0.010529307750225165,17.79959854551991,2.17,bA005468,bA,G,g
34360573273,2458472.6531598,5.080881694554305,0.1401247018271097,14.635217915463297,0.029976974010430785,16.78635385778213,1.54,bq120574,bq,G,g
34360573273,2458475.8054234,6.864147971567579,0.1570227972965778,14.308599029534264,0.024864987510497812,16.66273383676697,1.55,bq122007,bq,G,g
34360573273,2458476.7625357,5.307572748886362,0.10770810306332887,14.58782573331084,0.022057921880279507,17.072019668347824,1.64,bq122434,bq,G,g
34360573273,2458477.7120466,5.786367268873256,0.10511993285488089,14.494050633610431,0.019746551034884718,17.098427924414242,1.42,bq122854,bq,G,g
34360573273,2458478.5713355,7.071068239543168,0.061227704075162044,14.276353051193889,0.009411852636838724,17.685270675174532,1.53,bq123205,bq,G,g
34360573273,2458480.7506024,6.165805157045691,0.04862897340885031,14.425091130646294,0.008572697068091427,17.935402857919513,1.50,bq123928,bq,G,g
34360573273,2458485.8671095,5.168787399876196,0.040802970477854264,14.616593948933739,0.008580553123213232,18.12591115866963,2.30,bA009819,bA,G,g
34360573273,2458487.790025,5.804813237691655,0.03966647412237578,14.490594993682626,0.007427583106680315,18.156581614999048,1.54,bq125374,bq,G,g
34360573273,2458488.7987056,5.03425020199035,0.05480443082691963,14.645228631873792,0.011832950512465516,17.805601432115743,1.53,bq125826,bq,G,g
34360573273,2458492.8461892,5.2119090263057934,0.03981377029977318,14.607573556003873,0.00830326029559194,18.152557345147496,1.99,bA012072,bA,G,g
34360573273,2458494.8160531,5.081838126809546,0.044446378235069625,14.635013554200125,0.009506654774268384,18.03304966705217,2.12,bA012949,bA,G,g
34360573273,2458495.720362,4.755104452858897,0.06368457088121385,14.707165469045023,0.014557484559960605,17.64255504444983,1.51,bq127069,bq,G,g
34360573273,2458496.7143179,6.329278499932668,0.05915897034468165,14.396680107648363,0.010159645943247338,17.722589095083837,1.53,bq127489,bq,G,g
34360573273,2458507.7594028,7.317799804138081,0.09378438091983733,14.239114311902137,0.013930354369688976,17.22231432160187,1.62,bq130854,bq,G,g
34360573273,2458508.7533225,5.171678099344275,0.04045247605055047,14.61598690911497,0.008502091935926338,18.13527783784585,1.99,bA018357,bA,G,g
34360573273,2458527.7007922,4.946189309550309,0.09419030618415808,14.664388786153683,0.02069891813356094,17.217625089793344,1.60,bq135412,bq,G,g
34360573273,2458541.6671312,6.535326428435412,0.059058996002393,14.361897410460339,0.009822701524571709,17.724425462130235,1.51,bq139160,bq,G,g
34360573273,2458543.6604738,4.731624542471829,0.06885870417008177,14.712539932858437,0.015818334042429244,17.55774349745049,1.57,bq139649,bq,G,g
34360573273,2458544.6435771,6.494977125092747,0.08418096054741336,14.368621557648563,0.014087970182338212,17.33960591904127,1.51,bq140059,bq,B,g
34360573273,2458545.6464218,5.133816992681114,0.05983932028471352,14.623964664445879,0.012669469817999436,17.710173982116796,1.50,bq140478,bq,G,g
34360573273,2458546.6361663,7.277079660446828,0.07599107282169588,14.24517279961955,0.011350568641765254,17.450734171924335,1.58,bq140873,bq,G,g
34360573273,2458549.6298151,5.715933830469261,0.04595169560018006,14.507347640751696,0.008738291362180881,17.996886758142555,1.51,bq141304,bq,G,g
34360573273,2458566.5859184,4.838741200725755,0.09886963198653136,14.68823463587944,0.02220970017441503,17.16498331738176,2.10,bq145099,bq,G,g
34360573273,2458567.5900241,6.638945322442907,0.0706307081973949,14.344817892621215,0.011563961620633166,17.530156709339725,2.05,bq145502,bq,G,g
34360573273,2458668.1092412,5.877056377844262,0.051196468004225476,14.47716598011882,0.00946874271905721,17.87954061033004,1.98,bA050488,bA,G,g
34360573273,2458670.1124703,4.913087759153965,0.06213827202528613,14.671679318002624,0.013747281412110499,17.669242681465256,1.98,bA051135,bA,G,g
34360573273,2458675.1209526,7.297172125521184,0.15900114687093447,14.242179146028937,0.02368415196770759,16.649139969227186,2.03,bA052443,bA,G,g
34360573273,2458676.1091869,5.7247810604086915,0.040775520143290195,14.50566841705572,0.00774199346304616,18.126641837135654,1.97,bA052716,bA,G,g
34360573273,2458678.1127516,6.050214110984396,0.03846511791097478,14.445638761860291,0.006910484489613545,18.18997294128684,2.28,bA053126,bA,G,g
34360573273,2458683.0972227,5.3011512167504735,0.08896213656971276,14.58914014035999,0.01824093872794123,17.27962759982166,2.09,bA054784,bA,G,g
34360573273,2458691.09507,7.166710717182563,0.06231097888413949,14.261765935744519,0.009450545382232335,17.66622917662734,2.02,bA056695,bA,G,g
34360573273,2458695.0587487,5.305793230935493,0.04661441948661591,14.588189818953047,0.009549532946862923,17.981339911198223,1.96,bA057919,bA,G,g
34360573273,2458704.9271713,5.620016070379553,0.047986793189295315,14.525721728703358,0.009281033570234751,17.949836290618602,1.51,bq178362,bq,G,g
34360573273,2458705.8797312,6.132842613960018,0.04410893748115347,14.43091107325946,0.007817663077312405,18.041324120455116,1.49,bq178582,bq,G,g
34360573273,2458706.9218948,4.927458029041439,0.061423014179910584,14.668508287916382,0.01354940934133473,17.681812800094164,1.53,bq178850,bq,G,g
34360573273,2458707.8943854,6.664384393920281,0.05608983801347881,14.340665525481116,0.00914821409276163,17.780430147002,1.50,bq179053,bq,G,g
34360573273,2458724.8692371,5.38883722335749,0.13582862283583946,14.571327958831832,0.027397340337230295,16.82016236791714,1.44,bq183273,bq,B,g
34360573273,2458728.9973149,5.323122043646062,0.04727991137049594,14.584649563803927,0.009654335855919682,17.96594897704581,1.96,bA067833,bA,G,g
34360573273,2458730.077542,7.64745704619196,0.05901975739510682,14.191273006425565,0.008388659109110914,17.725147061518733,1.97,bA068004,bA,B,g
34360573273,2458731.0546669,5.411083233224061,0.036235779240715145,14.56685508653971,0.0072788968249758584,18.254796598589465,2.02,bA068292,bA,G,g
34360573273,2458732.9542977,6.518085145061494,0.03975622920565166,14.3647655490088,0.006629752703917934,18.154127647030812,1.66,bA068618,bA,G,g
34360573273,2458748.9005426,6.984134715682361,0.06302669234587893,14.28978410277169,0.009808985232654633,17.653829321798302,1.66,bA073057,bA,G,g
34360573273,2458750.8992585,7.22623852252244,0.050328574766300094,14.252784890804193,0.007570324782604827,17.898104031520038,1.66,bA073552,bA,G,g
34360573273,2458752.7554503,5.644896479518317,0.08856326259618962,14.520925667518247,0.01705335362919495,17.284506593419135,1.54,bq187493,bq,B,g
34360573273,2458753.7545988,6.719770744998738,0.07870386112348429,14.33167948052578,0.012730743113206926,17.412650514232897,1.52,bq187893,bq,G,g
34360573273,2458754.8152211,5.002687461129811,0.05657679359484362,14.652057193449956,0.012292695727011398,17.771044784371682,1.50,bq188344,bq,G,g
34360573273,2458755.90477,6.177570774857023,0.027451031242014024,14.423021298022157,0.004830066465351399,18.556243951288952,1.63,bA075264,bA,G,g
34360573273,2458756.9957501,4.946027035782245,0.04531841093278568,14.664424407393442,0.00995933543465855,18.011953928588554,2.02,bA075681,bA,G,g
34360573273,2458765.9957622,4.834909824274538,0.069802822796689,14.689094676071896,0.015692667750229736,17.542958147282658,1.45,bq191289,bq,G,g
34360573273,2458769.7854706,6.248244839953116,0.1255069274542555,14.410670524271566,0.021833423115485116,16.905971367175926,1.56,bq192489,bq,G,g
34360573273,2458777.8832051,5.6393064935901815,0.04806210894164486,14.522001374968248,0.009263802707307494,17.94813355265783,1.58,bq194866,bq,G,g
34360573273,2458778.9912338,5.320329417802132,0.041051127606703576,14.585219314145846,0.00838684738722154,18.119327884012836,2.01,bA081819,bA,G,g
34360573273,2458779.9985458,6.847226546173163,0.04451758186231464,14.311278879536214,0.007066901556564154,18.03131169647548,1.99,bA082179,bA,G,g
34360573273,2458780.9786404,5.915739499726849,0.027649165127281827,14.470043018436819,0.005080250805014114,18.54843555589271,2.04,bA082565,bA,G,g
34360573273,2458782.8047496,6.892145697341269,0.05631517850775233,14.304179498048823,0.008881435947518933,17.77607694874878,1.53,bq196565,bq,G,g
34360573273,2458783.8004461,5.60288127678588,0.04402639771960071,14.529037072263158,0.008541101937725315,18.043357730095227,1.57,bq197001,bq,G,g
34360573273,2458785.837074,5.478222236809038,0.10176431359779904,14.553466506183014,0.0201914744535563,17.13365184239084,1.55,bq197886,bq,B,g
34360573273,2458789.8787967,6.349204012573714,0.030448165092965884,14.3932674171686,0.0052125953989267506,18.443737797099658,2.02,bA084368,bA,G,g
34360573273,2458790.8009531,5.647284079282922,0.041086511082584064,14.52046653501819,0.0079080936162844,18.11839245115153,1.61,bA084738,bA,G,g
34360573273,2458791.7729693,5.80688365584497,0.03445115242299658,14.490207810311846,0.006448709329644045,18.30963122634271,1.96,bA085151,bA,G,g
34360573273,2458792.7887555,5.928437932476439,0.046348803685125776,14.467714928784094,0.00849787667749262,17.987544288954677,1.59,bA085598,bA,G,g
34360573273,2458794.8409648,6.116500142486923,0.0464404573428529,14.433808146814183,0.008252882662541322,17.985399391457836,2.01,bA086130,bA,B,g
34360573273,2458796.8107071,6.941864571600241,0.08342540505890002,14.296375280296536,0.013062742318321614,17.349394801491364,2.00,bA086854,bA,G,g
34360573273,2458797.9276147,5.149808917381279,0.11236707698802735,14.62058783495424,0.023717021178915422,17.026042902240512,2.02,bA087290,bA,G,g
34360573273,2458801.8678957,5.086546136770046,0.1999659315072567,14.634008152142286,0.04273121043889179,16.40025058501625,1.53,bq202974,bq,B,g
34360573273,2458802.7730742,4.760881059869192,0.12088886908055357,14.705847292985643,0.02760013178241129,16.94667482453919,1.47,bq203345,bq,G,g
34360573273,2458803.8106067,6.577736249492156,0.13003298729550639,14.354874483805506,0.021487666610680013,16.86750676176945,1.55,bq203820,bq,G,g
34360573273,2458804.776255,4.964058578393971,0.07825078350386502,14.66047337790529,0.01713420543241069,17.418918874659497,1.51,bq204237,bq,G,g
34360573273,2458805.8398365,7.34829974153845,0.07939010799550561,14.23459846446579,0.011743341818174413,17.40322462963764,1.55,bq204735,bq,G,g
34360573273,2458806.8136288,4.855020947919833,0.061878137125463424,14.684587852044794,0.01385346127711523,17.67379753505315,1.47,bq205161,bq,G,g
34360573273,2458808.6884023,6.358633011411782,0.042285469276443326,14.391656221294355,0.007228356554363378,18.087162724754286,1.50,bq205568,bq,G,g
34360573273,2458809.6723183,5.001493278349254,0.053687096352483726,14.652316398580265,0.011667623300861369,17.827965821602746,1.49,bq205987,bq,G,g
34360573273,2458810.6033204,6.747902251908544,0.05569897447707585,14.327143665025153,0.008972027350413301,17.788022613770302,1.61,bq206135,bq,G,g
34360573273,2458811.767324,4.902527421953935,0.057674727777163495,14.674015543424023,0.012787265853156891,17.750176728086785,1.42,bq206716,bq,G,g
34360573273,2458812.5969212,5.452988040213363,0.041222436133169865,14.558479259357602,0.008216962052088156,18.11480647689959,1.54,bq207038,bq,G,g
34360573273,2458812.7422469,8.150078875633136,0.05850940687003766,14.122161092737054,0.007803259618826105,17.73457637259059,1.98,bA091491,bA,G,g
34360573273,2458821.7272579,7.624273760080181,0.0670836145028349,14.194569417648562,0.009563792510635567,17.586099474954352,1.69,bA094223,bA,B,g
34360573273,2458822.7559751,5.650697288647726,0.06072618168518271,14.519810516040312,0.011681163554032961,17.69420067494519,2.01,bA094644,bA,G,g
34360573273,2458824.7943555,5.905442442245524,0.059004898389417075,14.471934519809938,0.010860449449160021,17.72542044440508,2.08,bA094826,bA,G,g
34360573273,2458824.8037494,6.045497198407548,0.12693225979622602,14.446485561670235,0.02282191903768251,16.89371058159969,1.49,bq211033,bq,G,g
34360573273,2458826.8443044,6.192130175228537,0.09145711517667768,14.420465427760362,0.016054234162974072,17.24959686556706,2.11,bA095758,bA,B,g
34360573273,2458830.8621391,6.46082330542355,0.17817103803815232,14.37434596265846,0.029975153726620043,16.525547835849526,1.56,bq212671,bq,B,g
34360573273,2458836.9079426,5.104554395663474,0.04219113402716181,14.63017103191104,0.008984119814523506,18.089587614820864,2.14,bA098641,bA,G,g
34360573273,2458837.7878389,7.641466570352242,0.07051560388736255,14.192123828497659,0.010030456172787883,17.531927537675,1.49,bq215512,bq,G,g
34360573273,2458848.8227413,7.244226928430714,0.04657415177852037,14.250085506504895,0.006988196051872896,17.98227822607288,2.29,bA101591,bA,G,g
34360573273,2458852.7680647,5.166990631351227,0.07869347118394875,14.616971437044047,0.01655439071297768,17.4127938550808,1.58,bq221053,bq,G,g
34360573273,2458853.7232859,7.5561084411522685,0.08428163285072958,14.204320167151357,0.012124028023604346,17.338308259123615,1.53,bq221475,bq,G,g
34360573273,2458854.672828,5.458964958655472,0.08685502701731727,14.557289855885074,0.01729405460143377,17.305653212149906,1.55,bq221889,bq,G,g
34360573273,2458859.7523221,4.80314076744286,0.2361951097051801,14.696252335141512,0.053451236873412966,16.219463357609595,1.57,bq224024,bq,G,g
34360573273,2458860.7306572,7.477017609916064,0.14460919898829452,14.215744613530195,0.021022273872317775,16.75215081018726,1.66,bq224252,bq,G,g
34360573273,2458861.7797989,5.042643587237606,0.0983859557738602,14.643419938730545,0.021207379507564628,17.170307839073754,1.60,bq224745,bq,G,g
34360573273,2458862.7233631,6.978048558348625,0.10879579273372254,14.290730654131735,0.016946900764715243,17.06111035897101,1.51,bq225155,bq,G,g
34360573273,2458866.7507009,4.804422136134388,0.06156900478465116,14.695962724050283,0.013929423641676509,17.67923527740775,1.66,bq226269,bq,G,g
34360573273,2458867.7436237,6.597770034670971,0.04845297377103941,14.351572686943799,0.00798243581715148,17.93933951954799,1.52,bq226720,bq,G,g
34360573273,2458871.7169508,5.819392715512877,0.08900831045212698,14.48787145707614,0.01662513053587482,17.27906421800389,1.60,bq227489,bq,B,g
34360573273,2458872.6908533,5.7461360868281535,0.034333557167879204,14.501625854141945,0.006494639756910034,18.31334360809555,1.52,bq227892,bq,G,g
34360573273,2458873.6875801,4.837456949855352,0.060837834436626465,14.688522839500838,0.013670009179379659,17.692206244807743,1.53,bq228340,bq,G,g
34360573273,2458874.6839715,6.647964620869192,0.05052709233740345,14.34334387339646,0.008261288330002465,17.893829844480816,1.55,bq228615,bq,G,g
34360573273,2458879.593646,6.0212449361364415,0.0728914324563675,14.45084988707915,0.013158378163934009,17.495949398863473,1.45,bq229936,bq,G,g
34360573273,2458880.5681117,4.879006920881043,0.06531771631846373,14.679237036881503,0.0145516329221849,17.61506313084993,1.62,bq230258,bq,G,g
34360573273,2458893.690783,4.970708005240256,0.055264152134466386,14.659019992063724,0.012084743364046847,17.79653183284004,1.55,bq233227,bq,G,g
34360573273,2458894.6913835,6.447638778159689,0.04759624743492221,14.376563875757359,0.00802387561395995,17.958708827463923,1.58,bq233644,bq,G,g
34360573273,2458896.684476,4.83135225481645,0.0625692033438118,14.689893864445725,0.014076805011842764,17.661739047939133,1.61,bq234287,bq,G,g
34360573273,2458907.5855405,5.17506385456178,0.08838853173815818,14.615276340093786,0.018564889964603665,17.286650812199472,2.25,bq236026,bq,B,g
34360573273,2458918.6467201,5.726365828871146,0.26359505214498713,14.505367898597006,0.05003458905517422,16.100297476439003,1.60,bq237696,bq,G,g
34360573273,2458923.6340329,5.057400102896226,0.10096564740273378,14.640247339641219,0.021699938047845382,17.142206525529932,1.49,bq238659,bq,G,g
34360573273,2458930.6115467,4.946224135878383,0.06274876794555455,14.66438114146607,0.013789343280013631,17.65862760397583,1.56,bq239500,bq,G,g
34360573273,2458933.5830721,6.56560083533881,0.14519899536764608,14.356879433106457,0.024038164811261836,16.747731582718586,2.14,bq240445,bq,B,g
34360573273,2459028.1152267,7.157240019267402,0.13423284042965875,14.263201668287643,0.02038568791095539,16.832993661044323,2.24,bA142528,bA,G,g
34360573273,2459029.1113332,5.784110795488032,0.0792122704211549,14.494474113931098,0.014885657792586122,17.405659457865138,1.97,bA142802,bA,G,g
34360573273,2459032.1074226,5.174118813948613,0.05571237660300781,14.615474629146053,0.011703815329283489,17.787761398494226,2.07,bA143730,bA,G,g
34360573273,2459038.0914021,6.277659853189339,0.0838020081215,14.405571171478474,0.014510046959014918,17.344504547395214,2.11,bA145566,bA,G,g
34360573273,2459041.0870264,5.584553497060309,0.07259301852065594,14.532594483270291,0.01412923252598297,17.500403473044187,2.02,bA146582,bA,G,g
34360573273,2459042.9337019,5.8924570524285045,0.06349998772858738,14.4743245577242,0.011713572993034601,17.64570650803143,1.53,bq262124,bq,G,g
34360573273,2459059.043548,5.571656678126744,0.037624858865564124,14.535104753202482,0.00734011230160527,18.213953412629905,2.06,bA151340,bA,G,g
34360573273,2459062.8972929,7.460332436226898,0.09332557768852591,14.218170171562301,0.013597362608269953,17.22763889418119,1.46,bq266521,bq,G,g
34360573273,2459066.8781602,4.680166841381623,0.1275662572898405,14.724412283934603,0.029626929982289,16.888301076944174,1.50,bq267656,bq,G,g
34360573273,2459070.02286,6.339252561599,0.07084504666719052,14.394970485270749,0.012147407720318384,17.526866884662674,2.01,bA154602,bA,G,g
34360573273,2459071.8976558,7.303870954179742,0.09304748685339681,14.241182893737278,0.013847256242781466,17.23087899234377,1.66,bq269086,bq,B,g
34360573273,2459074.0414394,7.895804461695451,0.06419599299896671,14.156574660874668,0.008837383650805743,17.633870808900397,1.99,bA155985,bA,G,g
34360573273,2459076.0569963,7.5186303356138335,0.05343329081335237,14.209718790704153,0.007724766524621961,17.833110806339157,1.96,bA156736,bA,G,g
34360573273,2459079.9704934,5.259099883989458,0.0386378467320903,14.597787074097461,0.007985712463697085,18.185108322934255,1.97,bA157796,bA,G,g
34360573273,2459083.0877549,7.497448355809962,0.05085401329444607,14.212781914984248,0.007372655173299293,17.886827530839263,1.95,bA158655,bA,G,g
34360573273,2459085.0089291,5.2935257864358904,0.03775008041475763,14.590703039766275,0.007751486959436268,18.210345908704774,1.96,bA159373,bA,G,g
34360573273,2459086.8251007,5.206914332946677,0.05800798026642843,14.60861454108253,0.012109312431846162,17.743921250497525,1.43,bq273365,bq,G,g
34360573273,2459087.9340376,7.416366238577634,0.07522189591055277,14.22458770176786,0.011024661904134666,17.46177992322787,1.44,bq273830,bq,G,g
34360573273,2459089.9610128,7.586401407628827,0.06906658685711292,14.199976076949897,0.009895650517926562,17.554470625174744,2.01,bA161126,bA,G,g
34360573273,2459091.9469258,5.063310728042505,0.09662368533526221,14.638979171712926,0.020742504375242277,17.189931616584843,2.11,bA161840,bA,G,g
34360573273,2459097.9361072,5.387138846340003,0.10459544886357626,14.571670199649843,0.021104097839196565,17.103858641424655,1.63,bA164202,bA,G,g
34360573273,2459105.0261293,5.304265809786287,0.04047309817765677,14.588502423519468,0.008293795898770133,18.134724485195182,1.97,bA166766,bA,G,g
34360573273,2459108.0679374,7.372494866595623,0.04738492436778344,14.231029425211101,0.00698614966923146,17.963540132008376,1.99,bA167865,bA,G,g
34360573273,2459111.893323,5.689823719794427,0.09163515375690043,14.512318593687557,0.01750553846688058,17.247485329187683,2.01,bA169264,bA,B,g
34360573273,2459114.1036043,5.214083678431174,0.047969343799645035,14.607120630580578,0.009999952878059463,17.950231167588385,1.97,bA169974,bA,B,g
34360573273,2459117.8737606,6.960214778525332,0.06568488404946875,14.29350901905712,0.010257817519874798,17.608977017421598,2.06,bA170893,bA,G,g
34360573273,2459120.9832129,5.230007730701731,0.06513970095875385,14.603809795238988,0.013538034057887354,17.61802621022149,2.00,bA172017,bA,G,g
34360573273,2459122.7426478,6.913115229928179,0.10294961397408596,14.300881132540749,0.0161868782159474,17.12107880518961,2.02,bq277661,bq,G,g
34360573273,2459124.8739948,6.5647938252537985,0.11933394977058655,14.35701289445178,0.019758551208272586,16.96073057308544,2.22,bq277927,bq,B,g
34360573273,2459126.9665288,6.540158715753809,0.08710185486278786,14.361094902641408,0.014476090461020294,17.302572102565502,2.21,bA173525,bA,G,g
34360573273,2459127.99496,4.7258930895972435,0.14981572478580774,14.713855890574974,0.03445765192476803,16.713747112257625,1.54,bq279155,bq,B,g
34360573273,2459129.9000794,5.413841931637789,0.0652373340963482,14.566301693557309,0.013097934267809065,17.616400097892114,2.01,bA174534,bA,G,g
34360573273,2459130.9042411,5.985773792594251,0.08228268696721164,14.457264871127194,0.014941711184589803,17.36436944824681,1.46,bq280187,bq,G,g
34360573273,2459131.9728248,5.234584210873332,0.07191418992078079,14.602860145112697,0.014932914361681026,17.510604129704056,1.44,bq280603,bq,G,g
34360573273,2459134.0853009,5.262452655826775,0.04112152191682833,14.5970951180616,0.008493626328750852,18.117467662387977,2.00,bA176188,bA,G,g
34360573273,2459137.8012563,5.096569224702328,0.03981107688209279,14.63187080368268,0.008490595878637573,18.152630798125927,1.98,bA177160,bA,G,g
34360573273,2459139.9705356,7.082368302185899,0.05978289663442267,14.274619353558268,0.009175096043111201,17.711198226710255,1.64,bq283384,bq,G,g
34360573273,2459143.0087252,6.039610635238714,0.024271173455533396,14.447543269279873,0.004368114415162288,18.689913676489653,1.96,bA178960,bA,G,g
34360573273,2459144.7655994,4.766876232110843,0.06496969409568196,14.704480932316262,0.01481457232662962,17.62086355661396,1.44,bq284959,bq,G,g
34360573273,2459147.6466541,7.9278878996905835,0.13253980711752433,14.15217187078709,0.018171927953479536,16.846774775853074,1.51,bq285943,bq,B,g
34360573273,2459156.9531694,5.335569033570614,0.12470876370548299,14.582113763930085,0.025405538411145907,16.912898176719406,1.50,bq288117,bq,G,g
34360573273,2459158.8585106,7.072741824743273,0.09283563921898548,14.276096108822106,0.014267211500055006,17.233353781218025,1.49,bq288869,bq,G,g
34360573273,2459159.9415928,5.09927191722963,0.07881067191638652,14.63129519424446,0.01679921667497569,17.41117803597391,1.44,bq289301,bq,G,g
34360573273,2459160.9336225,7.055780682426821,0.08123591070561523,14.278702939808749,0.012514547562512324,17.378270477573242,1.52,bq289365,bq,B,g
34360573273,2459162.7126792,5.11039832859514,0.05592573305348795,14.628928741236656,0.011895127613710173,17.78361139800517,1.63,bq289912,bq,B,g
34360573273,2459164.8486857,4.881993098377155,0.06377618228370373,14.678572719472196,0.014199515621588847,17.640994315659047,1.55,bq290696,bq,G,g
34360573273,2459166.7133339,5.214115697047532,0.05221555893309459,14.607113963318138,0.010885075363923916,17.8581407834406,1.51,bq291415,bq,G,g
34360573273,2459167.7952778,7.8183158652166975,0.07771932557626259,14.167282591683017,0.01080507992470882,17.426318053257486,1.53,bq291900,bq,G,g
34360573273,2459168.8340134,5.301652753477034,0.053832300693296066,14.589037424779477,0.011036816826681959,17.82503325854744,1.51,bq292345,bq,G,g
34360573273,2459172.9322193,5.703661029070494,0.03055477195802281,14.509681354006243,0.005822875602310678,18.439942994537876,2.07,bA186696,bA,G,g
34360573273,2459174.716371,6.8351647808001985,0.06110299498773415,14.313193149993504,0.009716854096374194,17.68748436673725,1.50,bq294840,bq,G,g
34360573273,2459175.702758,5.535146950862044,0.06012849565004664,14.54224273399636,0.011807646855518878,17.704939765434638,1.41,bq295260,bq,G,g
34360573273,2459177.784714,5.579725851703827,0.06252129761976842,14.533533469031973,0.012179439277406218,17.662570653555086,1.66,bq295797,bq,G,g
34360573273,2459179.7175786,7.124903257842134,0.08841255679083142,14.268118192640708,0.013487987377463805,17.286355736305016,1.58,bq296513,bq,G,g
34360573273,2459185.8320459,6.725511134851933,0.09416906318372278,14.330752382153664,0.015219315725044175,17.217869986501647,2.04,bA189745,bA,G,g
34360573273,2459187.8136614,4.9800133925742305,0.0628970111173992,14.656989345546961,0.013728139071653432,17.65606559107472,1.98,bA190625,bA,G,g
34360573273,2459189.8023251,5.102064781605079,0.038392474582663524,14.630700700771166,0.008179227904707554,18.192025347887387,1.66,bA191501,bA,G,g
34360573273,2459191.8985215,4.95862615157767,0.07322671468830128,14.661662205974295,0.016051674932310717,17.4909667364902,1.51,bq300456,bq,G,g
34360573273,2459192.9300672,7.145724609910955,0.04243009241767613,14.264949935150694,0.006454162200348469,18.08345566716334,1.98,bA192854,bA,G,g
34360573273,2459195.7466754,6.439264170009719,0.029137636012160194,14.377975016445797,0.004918472461338804,18.491504826978794,2.15,bA194039,bA,G,g
34360573273,2459196.815451,4.835840047506457,0.05543508907189837,14.688885803531939,0.012460199470608953,17.793178737241764,1.62,bq302209,bq,G,g
34360573273,2459198.8104211,5.09567063472527,0.05041910026484897,14.632062249662622,0.010754888567489095,17.89615288301663,1.56,bq303056,bq,G,g
34360573273,2459204.7074145,7.069461905183481,0.0588372063066442,14.276599725874528,0.009046443134381351,17.728510502731588,1.55,bq305566,bq,G,g
34360573273,2459206.647883,5.262500274912229,0.06072819565915074,14.597085293454219,0.012543259834084242,17.694164667277118,1.53,bq306380,bq,G,g
34360573273,2459208.8007489,7.3196252164145115,0.07858421878210528,14.238843510691595,0.011669672501733015,17.414302261101298,2.06,bA197148,bA,G,g
34360573273,2459216.8721353,5.079451668621928,0.06270869464661931,14.635523541446869,0.013419091087519496,17.659321210112587,2.21,bA199662,bA,G,g
34360573273,2459220.7852954,6.378843330046693,0.047632525827562285,14.388210783206347,0.008116594485288512,17.95788158240141,1.54,bq311365,bq,G,g
34360573273,2459221.7018795,4.918774264272523,0.054778322026639785,14.670423392083507,0.012104978024558415,17.806118799484693,1.53,bq311729,bq,G,g
34360573273,2459222.6916208,7.1510619133119775,0.06387095159813454,14.264139276923677,0.009708340975210892,17.639382144800933,1.50,bq312152,bq,G,g
34360573273,2459223.7596008,5.069760327001826,0.055259726930152575,14.637597050931596,0.011847684447003083,17.796618775219912,1.53,bq312638,bq,G,g
34360573273,2459226.834164,6.84424903643833,0.03837954518782405,14.311751113540588,0.006095175193244577,18.19239105175339,2.34,bA203516,bA,G,g
34360573273,2459229.7411884,7.125156345727107,0.041759893565950335,14.26807962625048,0.006370553354364268,18.100742153684838,1.99,bA204599,bA,G,g
34360573273,2459235.724309,4.838324889356878,0.06540930028620952,14.688328053516917,0.014694562096250424,17.61354185317669,2.07,bA205977,bA,G,g
34360573273,2459237.7300746,5.039375676756459,0.09117220833871108,14.644123783616108,0.019665179341998483,17.252984425833397,1.50,bq316498,bq,B,g
34360573273,2459240.6486497,4.770157352578501,0.1238769073706212,14.703733859048075,0.02822733138700061,16.920164725167815,1.49,bq317563,bq,B,g
34360573273,2459244.789323,4.988730819124083,0.09151393751843065,14.65509044477689,0.019939274100411502,17.248922506702588,2.03,bA208215,bA,G,g
34360573273,2459245.7373525,7.015223381842008,0.08622407213950574,14.284961860828965,0.013359776651664112,17.313569287429022,1.56,bq318916,bq,G,g
34360573273,2459251.7721083,5.0078165782302895,0.044814135204938835,14.650944588410317,0.009726996938917718,18.0241030611984,1.98,bA209458,bA,G,g
34360573273,2459252.6847035,6.723106867046594,0.050647111196807565,14.331140585704338,0.008188358286025649,17.891253913512625,1.63,bq321615,bq,G,g
34360573273,2459254.7204013,7.238328044927226,0.07268272089555677,14.250969968086896,0.010914531229423536,17.49906266928918,1.51,bq322489,bq,G,g
34360573273,2459256.7180532,6.574417900880696,0.05948409884793849,14.35542235623199,0.00983457853719347,17.716638394832277,1.53,bq323330,bq,B,g
34360573273,2459256.7204876,6.554319506858765,0.08217459884598462,14.358746601422697,0.013627687213519372,17.365796629813598,1.45,bq323332,bq,B,g
34360573273,2459261.7389354,6.754444364913973,0.04596680040128559,14.326091550203483,0.007397190765119968,17.99652992398432,2.27,bA212270,bA,G,g
34360573273,2459271.6245812,5.661459640968441,0.09174589089074865,14.517744583051357,0.017614502402318162,17.246174055928492,1.68,bq324767,bq,B,g
34360573273,2459276.663572,5.13076980906548,0.05469494615904648,14.624609295883095,0.011587155660092769,17.807772613553684,1.53,bq326182,bq,G,g
34360573273,2459278.6607589,5.4419922876235205,0.05994389479793476,14.560670817374152,0.01197289594423752,17.708278217942038,2.19,bq326976,bq,B,g
34360573273,2459279.6385958,6.067645253936462,0.04977666773507809,14.442515167918984,0.008916980370594924,17.91007606219441,1.54,bq327340,bq,G,g
34360573273,2459291.6005148,6.773512572847411,0.06207834524732373,14.323030769108536,0.009961812501218479,17.670290281680828,2.21,bq330141,bq,G,g
34360573273,2459293.6107438,7.117197512438148,0.08621244500857583,14.269293076560025,0.013166584065340286,17.313715706496584,1.63,bq330757,bq,B,g
34360573273,2459297.6049916,5.135232142508758,0.11662627824326117,14.62366541971688,0.024685874021801148,16.985649569642554,1.51,bq331827,bq,B,g
34360573273,2459300.5991789,7.407701928516125,0.17413472231958912,14.225856875126777,0.025551361800598926,16.550427167160407,1.64,bq332573,bq,B,g
34360573273,2459303.5930042,5.597835782483554,0.15967242444936489,14.53001523753177,0.031004300562053087,16.644565812384972,2.18,bq333491,bq,G,g
34360573273,2459304.5871822,4.585884525658241,0.14344062562022164,14.746507835209783,0.033998615235053625,16.760960184578312,1.63,bq333822,bq,B,g
34360573273,2459389.1137106,5.3564718833872,0.15366414192704292,14.577868548275157,0.03118213720920841,16.6862092735334,2.10,bA246720,bA,G,g
34360573273,2459395.1027918,7.845513570925777,0.0853915714854593,14.163512177357319,0.011830573574130044,17.324103096253662,1.96,bA248546,bA,G,g
34360573273,2459397.9552196,6.066486329810809,0.20123161672578543,14.442722564035787,0.036055470380829645,16.393400070447544,2.07,bq354461,bq,B,g
34360573273,2459403.1102375,5.2134244973075194,0.051991577094039926,14.607257901499064,0.010839820127260976,17.86280813302217,2.15,bA251186,bA,G,g
34360573273,2459416.0850762,6.151229078502004,0.032435756231254616,14.427660869965584,0.005731579221512057,18.375080541823102,1.96,bA255476,bA,G,g
34360573273,2459426.0161301,5.314833860899381,0.07103814841725711,14.586341389184907,0.014528277032792036,17.523911528454718,2.01,bA258161,bA,G,g
34360573273,2459430.0935486,5.756649356578306,0.03876162263658329,14.499641179937129,0.007318875253341514,18.181635738524005,1.61,bA259707,bA,G,g
34360573273,2459430.86714,5.342817953622907,0.06746534027885488,14.58063968059436,0.013725321027965288,17.579938823495233,1.46,bq360694,bq,G,g
34360573273,2459431.8793396,7.177975459465507,0.07725341482671784,14.260060699269165,0.011698438305718603,17.432846397425816,1.53,bq360986,bq,G,g
34360573273,2459432.8651907,5.424617312456928,0.052126465064299514,14.564142858123896,0.010444829172877652,17.85999492540135,1.47,bq361301,bq,G,g
34360573273,2459433.8579844,5.20014793767438,0.07240643195819693,14.610026374925162,0.015134693161829601,17.503197744296003,1.49,bq361627,bq,G,g
34360573273,2459436.8605012,6.618351674017616,0.05574915020745178,14.348191021800364,0.00915589037634491,17.787044982053224,1.50,bq362594,bq,G,g
34360573273,2459437.981885,4.988757054505332,0.04587543676281194,14.655084734982275,0.009995396575172349,17.99869008135579,1.65,bA262576,bA,G,g
34360573273,2459443.1194143,6.913343278231228,0.04421275344277431,14.300845317107761,0.006951389329962963,18.038771705552374,1.58,bA264386,bA,G,g
34360573273,2459448.0313598,6.4683747292717255,0.08593327222379236,14.373077692935974,0.014440370972222836,17.31723723779483,2.08,bA266126,bA,G,g
34360573273,2459451.9089722,4.866130306393666,0.09456274922607302,14.682106286303858,0.02112265609694232,17.213340386494206,1.67,bq364308,bq,G,g
34360573273,2459454.8253394,7.495877147384874,0.11376910205640364,14.21300947195661,0.016497344476323932,17.01257978556547,1.50,bq365189,bq,G,g
34360573273,2459457.0901144,6.150687475840914,0.10187462854322957,14.42775647094215,0.018003400811658934,17.132475515892217,1.97,bA268971,bA,G,g
34360573273,2459458.1102012,5.0685681061437515,0.04999781690261866,14.63785240611449,0.010722052464708259,17.90526300699438,1.99,bA269420,bA,G,g
34360573273,2459461.0574658,7.919890189979018,0.05578613944850649,14.15326772203854,0.0076563066711362255,17.786324841193846,2.42,bA270042,bA,G,g
34360573273,2459463.7898808,6.726248442020385,0.06128653113428422,14.330633361131465,0.009903855809876821,17.68422800984331,1.44,bq366749,bq,G,g
34360573273,2459465.1361841,5.181466506352793,0.06840560444940967,14.613933884367913,0.014349975588693026,17.56491139947587,1.98,bA271007,bA,G,g
34360573273,2459466.004442,7.28419701251792,0.04941727668972163,14.244111413641583,0.007374104666879764,17.917943590384414,1.96,bA271310,bA,G,g
34360573273,2459467.9447083,6.546144915493336,0.03782925583174256,14.360101584066111,0.006281369702270299,18.208071116348485,2.04,bA272075,bA,G,g
34360573273,2459473.0337906,6.321194377818082,0.030040429896085578,14.398067759373811,0.00516558093925728,18.458375252981874,1.97,bA273453,bA,G,g
34360573273,2459476.0139327,5.691816097831229,0.18873215826509385,14.5119384732436,0.0360418619931013,16.463025845566733,2.04,bA274056,bA,G,g
34360573273,2459479.9381027,6.215420875309621,0.06497693725075385,14.416389267056164,0.011363205666072107,17.620742519914124,2.11,bA275533,bA,G,g
34360573273,2459482.0123589,7.078249269706595,0.0907877096397868,14.27525099024993,0.01394162445070479,17.25757296141963,2.15,bA276386,bA,G,g
34360573273,2459486.0654122,8.093545062990135,0.06536994183990134,14.129718649504916,0.00877913004197664,17.614195365014123,2.03,bA277819,bA,G,g
34360573273,2459492.8418659,5.070318734070606,0.04697343628598776,14.637477469463143,0.0100699947276413,17.973009782335165,2.03,bA280188,bA,G,g
34360573273,2459494.8265672,5.414465124960985,0.03417458725826249,14.566176720456571,0.006860565104919585,18.3183824161839,2.07,bA280963,bA,G,g
34360573273,2459495.8920876,6.733996219199632,0.08079408117139689,14.329383451738185,0.013041238900132366,17.384191745667692,1.50,bq375608,bq,B,g
34360573273,2459504.8255892,7.8902565713882185,0.09455376135149117,14.157337808261714,0.013025663566968925,17.213443587011334,2.00,bA283206,bA,G,g
34360573273,2459507.7280285,6.658214369493544,0.13494731477332228,14.34167118804024,0.022030210465452955,16.827229993337024,1.44,bq379882,bq,G,g
34360573273,2459513.96563,5.9132751289173475,99.99,14.470495407199964,99.99,99.99,1.55,bq382480,bq,G,g
34360573273,2459515.8459123,5.1464722164319525,0.040743899844564446,14.621291540904938,0.008605282569239113,18.12748412244285,1.96,bA287828,bA,G,g
34360573273,2459517.7501338,4.966096278858623,0.06202135147256103,14.660027784612579,0.013574950763070822,17.671287547761118,1.49,bq383453,bq,G,g
34360573273,2459522.9488907,7.586720078228301,0.05133713983633847,14.199930471013422,0.007355120312488565,17.87656143891182,2.20,bA290875,bA,G,g
34360573273,2459527.9356937,7.008036109507095,0.07341936561032736,14.286074795018845,0.011387449639968805,17.48811404242803,1.69,bA293016,bA,B,g
34360573273,2459529.6019921,4.997954923416999,0.059284785078602145,14.65308478502281,0.012893270301252136,17.720282486979443,1.50,bq387667,bq,G,g
34360573273,2459530.9545228,5.188080432230079,0.03953897685354697,14.612548871156273,0.008283824685305008,18.16007704413006,2.01,bA294233,bA,G,g
34360573273,2459534.9113417,6.1437762797432045,0.1111637498353732,14.428977140141072,0.01966708378736514,17.037732640923743,2.17,bA294989,bA,G,g
34360573273,2459540.9885926,8.269827594866745,0.10290285190601212,14.106324483037652,0.013525182321119244,17.12157208343113,2.03,bA297271,bA,G,g
34360573273,2459543.9919239,6.048152422092209,0.045750129945040616,14.446008803599188,0.008222081495917768,18.001659781592632,2.10,bA298542,bA,G,g
34360573273,2459585.7490859,5.739642785775655,0.030030529428028505,14.50285346140661,0.0056870925650581656,18.45873313961568,1.62,bA300680,bA,G,g
34360573273,2459586.756593,5.917937862659622,0.02380920932092309,14.469639620206214,0.0043730731801227,18.710778178501357,1.62,bq405504,bq,G,g
34360573273,2459589.8049546,6.339868749663329,0.04053775825827153,14.394864954662674,0.006950109293327631,18.132991290200764,2.03,bA302367,bA,G,g
34360573273,2459593.7062816,6.3493801055515275,0.06257179066181993,14.393237305067967,0.010711725366275418,17.66169415226194,2.34,bA303385,bA,G,g
34360573273,2459596.7653237,6.447056309662355,0.10103412118898362,14.376661963712415,0.01703408372282371,17.141470440808902,2.02,bA304703,bA,G,g
34360573273,2459599.8329369,5.196540175140011,0.07095113587210959,14.610779899223758,0.014840797388603045,17.525242230033133,2.00,bA305891,bA,G,g
34360573273,2459604.798209,5.177902889959357,0.04316035132915198,14.61468086950626,0.009060313867366124,18.064928183388414,2.00,bA307935,bA,G,g
34360573273,2459606.7910227,5.241227270889526,0.042530367947038836,14.601483142147476,0.008820197717576353,18.08089276148305,2.00,bA308758,bA,G,g
34360573273,2459607.7350477,7.340167673842531,0.07281078450072226,14.235800670382776,0.010782063923149052,17.497151335471642,1.64,bq412615,bq,G,g
34360573273,2459608.6163918,5.80376688666923,0.040463548631490216,14.490790721528555,0.007578202043009347,18.134980692697443,1.54,bq412757,bq,G,g
34360573273,2459616.7684279,7.865473064378216,0.058986522457759955,14.160753501937176,0.008151548515313918,17.72575862855973,2.01,bA312307,bA,G,g
34360573273,2459620.7258291,5.064431844177381,0.07158890464846301,14.638738795069528,0.015364808765522443,17.515526317660747,2.48,bA313927,bA,G,g
34360573273,2459622.7600192,4.47907509713929,0.09769607603512856,14.772094762330486,0.023708329217906526,17.177947809886145,2.02,bA314810,bA,G,g
34360573273,2459624.6097023,5.660145607582996,0.08789053722045688,14.51799661332373,0.016878221737430903,17.292785313807922,1.49,bq416426,bq,G,g
34360573273,2459627.7419106,5.242124081382617,0.08671000756123635,14.601297381012355,0.01797935469583097,17.307467551205967,2.13,bA316768,bA,G,g
34360573273,2459628.6837968,6.6087410485588025,0.10292580459770354,14.349768784361814,0.01692846999764327,17.121329934753753,1.59,bq417852,bq,G,g
34360573273,2459629.6992536,4.908000919819205,0.10003013092784578,14.672804033664594,0.02215329723011671,17.152313518325354,1.50,bq418188,bq,G,g
34360573273,2459630.692418,7.549450367769358,0.09527358226446295,14.205277286564858,0.013717321996568868,17.205209374202745,1.62,bq418584,bq,G,g
34360573273,2459631.6964626,4.8631974492067425,0.10360952587012379,14.682760865820072,0.02315740848177982,17.11414139563525,1.52,bq418886,bq,B,g
34360573273,2459632.7357348,7.854231684265715,0.05704540034621132,14.162306352408006,0.007894581218650531,17.762089030520308,2.03,bA318168,bA,G,g
34360573273,2459634.6349529,4.796980830642186,0.06339982599711044,14.697645664851569,0.014365880702395823,17.647420446572177,1.65,bq419687,bq,G,g
34360573273,2459642.6603522,5.602727320397639,0.05462372762698738,14.529066906613204,0.010597270506043824,17.80918727670258,1.55,bq421572,bq,G,g
34360573273,2459644.6244321,6.645425661461856,0.06128678295998567,14.343758611868125,0.010024349353734682,17.684223548574014,1.52,bq422327,bq,G,g
34360573273,2459649.637037,5.71554519266612,0.06946123894834648,14.5074214646432,0.013209824109144402,17.54828429805256,1.52,bq424078,bq,G,g
34360573273,2459651.6341557,6.092626155045335,0.08686281124304071,14.43805429595267,0.015496781974556522,17.30555590935378,1.70,bq424734,bq,G,g
34360573273,2459653.603688,6.985894329609623,0.10050490848669123,14.289510592022195,0.015637864043172287,17.147172430269105,2.01,bq425460,bq,G,g
34360573273,2459657.6229022,5.281848341700358,0.215324719015401,14.593100804521972,0.04431187578363711,16.319905888535096,2.46,bq426667,bq,B,g
34360573273,2459661.5913765,5.2761248148176785,0.06156814363857969,14.594277970038885,0.012683910560906298,17.67925046336064,1.57,bq427665,bq,G,g
34360573273,2459665.5875427,5.835738296476092,0.12415878875561444,14.484826102947316,0.023125643802539734,16.917696943621277,2.09,bq428898,bq,G,g
34360573273,2459669.5895977,6.684426825635722,0.10137880091080557,14.337405188700727,0.016485235262578102,17.137772736029312,2.15,bq429909,bq,B,g
34360573273,2459754.11008,5.354464533326544,0.07952261305476385,14.578275506654368,0.016143093739368213,17.401414005887183,1.99,bA354954,bA,G,g
34360573273,2459760.0987336,5.943275249323779,0.04366798679966653,14.465001012060599,0.007986371327580082,18.052232685563133,2.01,bA356467,bA,G,g
34360573273,2459760.0999866,6.141140283246076,0.06194073803244444,14.429443076863036,0.010963255366332865,17.67269967211643,2.00,bA356468,bA,G,g
34360573273,2459764.9432993,5.99647138377947,0.06420398991794707,14.455326208552952,0.011638001934230938,17.63373556675663,1.48,bq454416,bq,G,g
34360573273,2459771.083176,7.042851284573747,0.046764758905709296,14.280694327245918,0.007217426242047257,17.977843862204097,2.16,bA359519,bA,G,g
34360573273,2459773.9148991,6.062814121687966,0.20764600306427827,14.443379988501135,0.03722729622146857,16.3593316717419,1.94,bq456448,bq,B,g
34360573273,2459776.9178686,4.757402990511739,0.11003683459506584,14.70664076919882,0.02514087102420794,17.04879538982866,1.61,bq457060,bq,G,g
34360573273,2459786.073557,5.233908286310903,0.04663389555369232,14.603000351693602,0.00968473540867397,17.98088637224796,1.96,bA363020,bA,G,g
34360573273,2459790.0244667,5.56590961869484,0.03882676910894762,14.536225247731291,0.007582410206460786,18.17981247866028,2.11,bA363942,bA,G,g
34360573273,2459790.0257222,5.394878560624221,0.04224322787877633,14.570111439514509,0.00851113728069448,18.088247871459437,2.12,bA363943,bA,G,g
34360573273,2459793.0249993,5.096540242160739,0.04550797775786034,14.631876977931043,0.009705641644084072,18.00742176856257,2.08,bA365017,bA,G,g
34360573273,2459794.8726727,5.252209215057333,0.06381125178762996,14.599210578959855,0.013205882220391518,17.640397450750967,1.52,bq461560,bq,G,g
34360573273,2459797.0857257,5.213512818512459,0.040682748385061585,14.60723950807692,0.00848187780845083,18.129114899773906,1.98,bA365846,bA,G,g
34360573273,2459797.0870018,5.195725504741095,0.04835115942106079,14.610950125269955,0.010115162553990484,17.941623380020705,1.98,bA365847,bA,G,g
34360573273,2459800.8758614,7.694444140435886,0.08470977851417766,14.184622494436915,0.011966536442468294,17.332806745898,1.50,bq462487,bq,G,g
34360573273,2459801.8555167,5.945168984094313,0.15763637814694242,14.46465511374462,0.028820692859793842,16.658499491544212,1.46,bq462801,bq,G,g
34360573273,2459802.8673732,5.269988655992723,0.1551561770439651,14.595541421369017,0.0320015904273859,16.675717935687693,1.48,bq463105,bq,G,g
34360573273,2459804.8583987,5.075985112827189,0.12667354076217158,14.636264773037267,0.02712549942577374,16.89592583628994,1.40,bq463428,bq,G,g
34360573273,2459804.8608963,5.826422493898038,0.22792690674500962,14.486560688238757,0.0425212277389389,16.25815161989182,1.55,bq463432,bq,G,g
34360573273,2459805.8463018,7.314422370859683,0.1724098189959926,14.239615534698071,0.025620885377929208,16.561235621665563,1.52,bq463742,bq,G,g
34360573273,2459805.847542,7.420770207898692,0.21515953106559896,14.223943163774402,0.031515469277994194,16.32073913874789,1.37,bq463743,bq,G,g
34360573273,2459806.9495856,5.074116740371446,0.10572492894370539,14.636664485211867,0.02264796158737062,17.092197106603212,1.51,bq464151,bq,G,g
34360573273,2459809.0679495,5.346431287059443,0.06525590681034545,14.579905648298357,0.013266855904645483,17.61609103869482,1.97,bA369399,bA,G,g
34360573273,2459812.051262,7.1722467947003326,0.05313507706449419,14.26092755958125,0.008052639598380741,17.839187324455835,2.06,bA370488,bA,G,g
34360573273,2459813.9642412,5.153568818381028,0.04142595724898466,14.619795422809867,0.008737287884944885,18.109459229809186,2.03,bA371187,bA,G,g
34360573273,2459817.0697747,5.931306077758125,0.025085033220403136,14.467189782671184,0.004597021313603475,18.65410391017864,2.04,bA371704,bA,G,g
34360573273,2459822.9698271,5.129681984506099,0.043517185028859345,14.624839517814202,0.00922109561912763,18.055988624839387,2.00,bA373626,bA,G,g
34360573273,2459824.9421705,5.419025548483898,0.037989914547879186,14.565262625938086,0.007620075788290453,18.203469819739265,2.07,bA374313,bA,G,g
34360573273,2459827.1153485,5.1321213255302665,0.04357187883964416,14.62432333545608,0.009228296617536606,18.054624893144165,2.05,bA374838,bA,G,g
34360573273,2459828.7759747,6.450223131884306,0.08098721700803115,14.3761287762871,0.013647525349819263,17.381599422917816,1.47,bq466238,bq,G,g
34360573273,2459830.7830215,6.9425763820256705,0.14339248022136683,14.296263955922285,0.022450079476041353,16.761324669723546,1.48,bq466829,bq,G,g
34360573273,2459834.9240322,7.578181557340123,0.13144203326261222,14.201153107660307,0.018853042013365913,16.855804940108715,2.00,bA376756,bA,G,g
34360573273,2459835.796221,6.194321434835315,0.1554239521867622,14.420081277401756,0.02727321793696414,16.673845740965977,1.41,bq468191,bq,G,g
34360573273,2459840.0204948,5.839086241882323,0.04215846557614563,14.484203397976154,0.00784787502808554,18.09042862229362,1.70,bA378445,bA,G,g
34360573273,2459841.8803501,7.502526012226174,0.05395249215475752,14.212046847645901,0.007816569128334406,17.82261183578728,1.97,bA379077,bA,G,g
34360573273,2459843.7317232,4.789368515870065,0.06573070440566302,14.699369984963123,0.014917711509460455,17.60821989534444,1.57,bq470020,bq,G,g
34360573273,2459844.8657589,6.139760961510816,0.02768015582848742,14.42968696442836,0.0049003741496030885,18.54721928469157,1.64,bA380219,bA,G,g
34360573273,2459846.0276789,7.673038603280819,0.05642329123947365,14.187647164396171,0.007992878383865948,17.773994572728057,1.99,bA380754,bA,G,g
34360573273,2459846.9379051,6.01713874392949,0.03387487740356964,14.451590558224739,0.0061192737086328015,18.32794628111238,2.07,bq471324,bq,G,g
34360573273,2459848.0722962,6.3555382775393,0.03640091986785298,14.392184775550774,0.006225470687116261,18.249859714923605,1.64,bA381583,bA,G,g
34360573273,2459850.8546898,6.531036290917654,0.04287285327098702,14.362610379768451,0.00713530370873447,18.072184642424766,1.62,bA382610,bA,G,g
34360573273,2459852.8694532,4.900613453480737,0.04586328684205845,14.674439502422253,0.010172481305572089,17.99897767220959,2.00,bA383414,bA,G,g
34360573273,2459853.8685554,6.042360171288116,0.034320231740138575,14.447049099754972,0.006173845758947749,18.313765082270645,1.97,bA383733,bA,G,g
34360573273,2459855.7292928,6.700698887019467,0.06095471791057814,14.334765366669465,0.009887793688509226,17.690122297047033,1.52,bq473752,bq,G,g
34360573273,2459864.7146466,4.730165919779487,0.18774111930280044,14.712874685458386,0.04314149598251225,16.468742104495444,1.50,bq474797,bq,G,g
34360573273,2459866.8368878,6.71732157516147,0.07829746772006062,14.332075273355064,0.012669624674315694,17.418271320377407,2.03,bA385913,bA,G,g
34360573273,2459867.9179269,4.868993510924443,0.359822972586784,14.681467632914613,0.08032705852805859,15.762418393815613,2.26,bq475672,bq,B,g
34360573273,2459868.8486822,4.81197194753903,0.04640051625799247,14.694257905135009,0.01048122148436078,17.986333579949914,1.62,bA386690,bA,G,g
34360573273,2459869.8827363,6.055302387630896,0.02125697998022255,14.444726033105443,0.003815732319029719,18.833886702635485,1.66,bA387129,bA,G,g
34360573273,2459871.0620511,8.34487093807111,0.06524901520077256,14.096516561630521,0.008498974176577136,17.61620570824006,2.01,bA387681,bA,G,g
34360573273,2459872.9077055,5.001015026490334,0.04095553069713731,14.652420223609507,0.008901569172804923,18.121859216832412,2.08,bA388319,bA,G,g
34360573273,2459873.8425861,6.9296709457495425,0.06396236328745712,14.298284090528368,0.010032844050667834,17.637829357131437,1.48,bq475969,bq,G,g
34360573273,2459874.7306917,5.825619975208441,0.03516676213821544,14.48671024546874,0.006561489011856514,18.287309651571004,1.45,bq476258,bq,G,g
34360573273,2459875.7603298,4.6888438810664965,0.06576259490837075,14.722401190317855,0.015244926731466147,17.607693257496926,1.52,bq476676,bq,G,g
34360573273,2459894.610502,5.913363873462616,0.536041439547386,14.470479112939902,0.09853169043989264,15.329644699378626,1.43,bq482476,bq,B,g
34360573273,2459896.6192931,4.846831717009558,0.06451193958980875,14.686420769304448,0.014467527977317051,17.628540362911988,1.44,bq483291,bq,G,g
34360573273,2459897.6094258,5.629190045738799,0.039917153771059255,14.523950844732623,0.007707718209578075,18.14974169383116,1.63,bq483609,bq,G,g
34360573273,2459898.8378951,7.170905139323609,0.04873274402724689,14.26113067864849,0.007386846278607453,17.933088445992254,2.22,bA393270,bA,G,g
34360573273,2459899.935044,5.3064094457237525,0.03402156800621297,14.588063728879828,0.006968924204283816,18.32325479704321,2.15,bA393540,bA,G,g
34360573273,2459900.8095122,4.849053876922213,0.07856721768378742,14.685923098516398,0.01761150769281515,17.41453717728726,1.55,bq484322,bq,G,g
34360573273,2459901.6484212,7.199739993058783,0.07106034789757855,14.25677359009946,0.010728096939443725,17.523572287993588,1.55,bq484533,bq,B,g
34360573273,2459906.9375943,5.173317007010619,0.03758826518762583,14.615642893214293,0.007897604173721177,18.215009906018203,2.11,bA394757,bA,G,g
34360573273,2459907.6430639,5.078693640425006,0.05476452424645741,14.635685582574283,0.011720859930556115,17.806392313458048,1.53,bq485604,bq,G,g
34360573273,2459907.6455328,5.130424187782049,0.07293342680447885,14.624682436209808,0.01545202911422099,17.495324062612422,1.54,bq485606,bq,G,g
34360573273,2459914.91384,7.077293507880096,0.047421433426887226,14.275397604934515,0.007283156516849428,17.962703917852444,2.00,bA396830,bA,G,g
34360573273,2459916.680917,5.121218268273605,0.09428390549380236,14.62663240721942,0.02001135288577962,17.21654670175637,1.55,bq487879,bq,G,g
34360573273,2459923.8145115,6.059251787171886,0.1749223799497067,14.4440181232379,0.031378960367185384,16.545527167407155,2.30,bA398195,bA,B,g
34360573273,2459926.8736995,5.952593452858254,0.08574177700584516,14.463300066419183,0.015656635118807747,17.31965941129444,1.69,bq489708,bq,G,g
34360573273,2459928.9336293,6.109242190915329,0.051003677688358305,14.43509726636284,0.009074575596050386,17.88363687991427,2.15,bA399288,bA,G,g
34360573273,2459928.936144,5.943559365897169,0.05194351880508489,14.464949109992444,0.009499416604000489,17.863812194788306,2.18,bA399290,bA,G,g
34360573273,2459931.7245722,5.848121217740332,0.0325931981857103,14.482524707427327,0.006057909542781787,18.369823167915197,1.60,bq491219,bq,G,g
34360573273,2459931.7270423,6.265523982672113,0.05666105336896313,14.407672130577973,0.009829680910699726,17.76942900119135,1.61,bq491221,bq,G,g
34360573273,2459960.8388676,6.509286518995313,0.038386353242756265,14.366232151570099,0.00640996472981127,18.19219847270737,1.97,bA400104,bA,G,g
34360573273,2459967.834178,6.17928959257387,0.030925343209377013,14.422719249996831,0.0054398653736588785,18.4268542911249,2.14,bA401784,bA,G,g
34360573273,2459967.8366893,6.056900841393983,0.038980736128317726,14.444439462759906,0.006995386991858966,18.175515520803742,2.14,bA401786,bA,G,g
34360573273,2459968.8345634,5.018199330402679,0.04342386767310663,14.648695851908972,0.009405735615255593,18.05831935508551,2.14,bA402216,bA,G,g
34360573273,2459980.7336269,3.3387928669471236,0.21304378823733885,15.091091929791713,0.06935720311764193,16.331468421678984,1.61,bq499199,bq,G,g
34360573273,2459980.7348671,4.690219881297755,0.35132723178197683,14.722082614110805,0.08141994096539279,15.788361077025556,2.02,bq499200,bq,G,g
34360573273,2460007.6441734,5.090810800778811,0.11659270223748644,14.633098230162568,0.024894108825422583,16.985962191584882,1.65,bq506716,bq,G,g
34360573273,2460012.6268264,4.471759128924941,0.1819142262499994,14.773869616635997,0.04421813629015873,16.502973952564638,2.17,bq508693,bq,G,g
34360573273,2460015.6195595,6.8258459759524825,0.08313985307349252,14.314674411601118,0.013239297492653367,17.353117479750992,2.49,bq509786,bq,B,g
34360573273,2460017.6006781,5.552164055484987,0.045445849219218626,14.53890989683021,0.008897010553209945,18.0089050533563,2.00,bq510563,bq,G,g
34360573273,2460024.606544,6.704419539765567,0.07614128536449181,14.334162664422923,0.012344434325693843,17.448590101444296,1.69,bq512054,bq,G,g
34360573273,2460025.5850803,5.629418938777791,0.10305861627138992,14.5239066976342,0.01989907596074535,17.119929843796296,2.40,bq512403,bq,G,g
34360573273,2460035.5872759,5.151144171714695,0.17706328980664757,14.620306359256228,0.03736259192137032,16.53231928874661,2.09,bq515983,bq,G,g
34360573273,2460122.1140481,5.998267629729814,0.12502982329306508,14.455001024441263,0.022656871988622772,16.910106567986844,2.05,bA439039,bA,G,g
34360573273,2460126.0987029,7.493916413928888,0.07985594387623902,14.213293510466478,0.0115827204630382,17.396872493205848,1.98,bA440630,bA,G,g
34360573273,2460131.0834454,6.361653938478571,0.11491677790680922,14.39114052067173,0.019634758886763085,17.00168201012184,2.04,bA442706,bA,G,g
34360573273,2460142.0899153,7.165150309768793,0.05438472514545534,14.26200235875013,0.008250187243001502,17.81394826645031,2.05,bA447120,bA,G,g
34360573273,2460149.0398736,6.955682012479347,0.04668536479376159,14.294216323581118,0.007295468890226273,17.979688719741223,1.67,bA448354,bA,G,g
34360573273,2460153.0623512,5.024748344771821,0.04317788608891434,14.64727983277915,0.009340265752430627,18.064487170823252,2.00,bA450028,bA,G,g
34360573273,2460156.0387341,7.000412104917281,0.07396054829212086,14.287256604523934,0.011483881107664103,17.480140306300605,1.99,bA451275,bA,G,g
34360573273,2460158.0929948,7.437409425485668,0.10984140753584537,14.221511397710058,0.01605301354917628,17.050725387880313,2.05,bA452075,bA,G,g
34360573273,2460161.0098505,6.280518463412148,0.09803392378989212,14.40507688057265,0.016966531256275907,17.174199647584352,2.01,bA453331,bA,G,g
34360573273,2460171.0128254,5.006468684305602,0.04530396069290853,14.65123686233795,0.00983596196060102,18.012300181913282,2.02,bA454923,bA,G,g
34360573273,2460178.0030762,5.085711197152626,0.03944364793836227,14.634186386755058,0.0084301936751322,18.162697927016847,2.06,bA455667,bA,G,g
34360573273,2460178.9843609,7.41951563703468,0.05296419965207251,14.224126736116062,0.007759237266534318,17.842684576452147,2.00,bA456070,bA,G,g
34360573273,2460182.9867176,5.144344680363482,0.04226794244235952,14.621740473772471,0.008930858749334553,18.08761284304532,1.97,bA457612,bA,G,g
34360573273,2460189.9671092,6.790073534423488,0.11442764738039296,14.320379428325667,0.01831760391943148,17.00631318897796,2.03,bA459777,bA,G,g
34360573273,2460196.9917825,8.271640852532482,0.06147482638067288,14.106086448607954,0.008078259761096261,17.68089733428464,1.98,bA462455,bA,G,g
34360573273,2460198.0640803,5.1021412035550355,0.03956617384142217,14.630684438050082,0.008429149445576316,18.15933047439849,1.97,bA462963,bA,G,g
34360573273,2460201.9159031,7.083886885292866,0.048470095278653966,14.274386577762034,0.007437285070408324,17.938955927879405,1.63,bA464505,bA,G,g
34360573273,2460204.9569803,5.14555883915299,0.043260479920790615,14.621484250541668,0.009138416691627684,18.062412278735646,2.04,bA465774,bA,G,g
34360573273,2460208.0799924,7.642964269003621,0.055077225212795525,14.191911049144352,0.007832896640264876,17.80021048042508,2.02,bA467179,bA,G,g
34360573273,2460212.1039615,4.951544181626974,0.04348136079242648,14.66321397596953,0.009544971619720188,18.056882793180577,2.17,bA468666,bA,G,g
34360573273,2460216.1039629,5.309474273763766,0.12826472820858897,14.58743682019379,0.02625837807037577,16.882372498376952,2.01,bA470431,bA,G,g
34360573273,2460222.8372738,6.393992941755588,0.038622129712973484,14.385635240972261,0.006565627481509955,18.185550066193997,1.97,bA472981,bA,G,g
34360573273,2460225.068936,5.541057747766423,0.039679784060157985,14.541083931503653,0.007783748523966333,18.156217361364412,2.02,bA474040,bA,G,g
34360573273,2460229.9171037,5.733747128904578,0.0263056458138411,14.503969283099547,0.004986807515764459,18.60251819053571,2.01,bA476123,bA,G,g
34360573273,2460231.0117276,6.987477364342896,0.04958830342431917,14.289264587239911,0.007713846785979732,17.91419248661381,2.23,bA476676,bA,G,g
34360573273,2460232.8379754,5.052386552743099,0.05512597200604778,14.6413241958692,0.01185964972467322,17.799249960892297,1.44,bq573484,bq,G,g
34360573273,2460233.846592,7.4169116909297355,0.06560550657379066,14.224507851936997,0.00961455875490438,17.61028987831382,1.52,bq573936,bq,G,g
34360573273,2460234.8628812,5.167129936663456,0.05620226931509283,14.616942165308727,0.011822699238724026,17.77825598216699,1.48,bq574430,bq,G,g
34360573273,2460235.7684693,4.767324651107485,0.06001977846889281,14.704378802154359,0.013684591340962147,17.706904641130752,1.51,bq574837,bq,G,g
34360573273,2460236.9414376,5.249326404972577,0.04091067491349901,14.599806676801606,0.008471205917744695,18.12304900089042,2.04,bA479387,bA,G,g
34360573273,2460237.9689027,6.946238670649466,0.05799183518290059,14.295691368638458,0.009074638296841143,17.744223480320223,1.49,bq575964,bq,G,g
34360573273,2460240.7902118,7.781934296446518,0.0814380898846522,14.172346723040183,0.0113750205984804,17.37557166440386,2.01,bA481019,bA,G,g
34360573273,2460242.827782,7.0063429030577655,0.0788273935070223,14.286337150639664,0.012229197264490245,17.41094769520725,2.00,bA482032,bA,G,g
34360573273,2460243.7154203,6.101237529088098,0.07955689348641237,14.436520789860188,0.014173335132763788,17.400946069983423,1.51,bq576849,bq,G,g
34360573273,2460249.797911,7.962850031947346,0.08923154792704294,14.147394280948209,0.012180414371116522,17.27634454421472,1.98,bA485411,bA,G,g
34360573273,2460250.7156665,5.862555962145713,0.05795503330813806,14.479848118822963,0.010745245218748067,17.744912712029446,1.68,bq578554,bq,G,g
34360573273,2460252.8046719,6.0177103912018275,0.027260332515004992,14.451487414739777,0.004923931908601575,18.563812739064673,2.05,bA486762,bA,G,g
34360573273,2460254.7738646,6.881371503303721,0.04597760446259632,14.305878110648532,0.0072624558927777815,17.99627476195255,2.14,bA487754,bA,G,g
34360573273,2460256.7769232,7.976253816430086,0.05869934836387857,14.14556820870944,0.007999198745973634,17.731057411284926,2.02,bA488388,bA,G,g
34360573273,2460258.9576135,6.838731419344121,0.04325787774498178,14.312626752731514,0.006875461170839693,18.062477589186837,2.09,bA489515,bA,G,g
34360573273,2460261.8441281,5.643969576982616,0.03163523435958465,14.521103962067677,0.006092542462335508,18.402212971092688,2.14,bA490876,bA,G,g
34360573273,2460264.8254155,5.042660223772394,0.042354881657615986,14.643416356708927,0.009129688061908321,18.085381929864827,2.18,bA491873,bA,G,g
34360573273,2460266.0080678,5.752999274435657,0.027865072748068816,14.500329824150784,0.005264753410771086,18.53999015839824,2.02,bA492311,bA,G,g
34360573273,2460267.7170322,4.852724571901087,0.05695972078466205,14.685101515824856,0.012758346175635843,17.763720982112886,1.49,bq582637,bq,G,g
34360573273,2460268.7507014,5.908280704422871,0.0418355259900453,14.4714128207612,0.00769655337824856,18.098777527298957,1.52,bq583118,bq,G,g
34360573273,2460285.7725384,4.966123210405913,0.0435766680496801,14.660021896592088,0.00953781078830492,18.05450556083355,1.97,bA498341,bA,G,g
34360573273,2460287.8311414,4.970567050845688,0.04635193538498796,14.659050780727863,0.010136175198234456,17.987470930317883,1.99,bA499285,bA,G,g
34360573273,2460289.7719079,5.201490552667002,0.05045030743102386,14.609746087215495,0.010542610840228929,17.89548106879626,1.59,bq591010,bq,G,g
34360573273,2460291.9234295,5.097293377620735,0.03963036993301401,14.63171654634701,0.00845085535918883,18.157570295663685,2.08,bA500813,bA,G,g
34360573273,2460294.6125748,5.3129708297377345,0.04643674651185262,14.586722043602709,0.00950028262660283,17.98548615082185,2.12,bq592308,bq,G,g
34360573273,2460295.7631528,6.793934731629637,0.05369131698005084,14.319762196411311,0.008590033531015472,17.82788046947253,1.63,bq592941,bq,G,g
34360573273,2460298.6669953,5.566280727433349,0.060944562881818,14.536152858348624,0.011900961042523313,17.690303195282677,1.51,bq593875,bq,G,g
34360573273,2460301.613236,5.02415368920952,0.09098658823534889,14.647408332205638,0.019684601943131562,17.255197160437458,1.48,bq594891,bq,G,g
34360573273,2460308.8740178,6.809925395388858,0.0715382843103232,14.317209736974725,0.011418481138983718,17.516294310611727,2.27,bA504266,bA,G,g
34360573273,2460309.7079305,6.126426122415342,0.03639488880449048,14.43204762030212,0.006457216810184108,18.250039619343383,2.44,bA504639,bA,G,g
34360573273,2460309.8823004,5.677476285307051,0.05793739755777025,14.514677300139455,0.011092152386613673,17.745243152467655,2.19,bA504760,bA,G,g
34360573273,2460310.8795501,5.796327523941569,0.04534845732290258,14.492183328566945,0.008503971046207995,18.011234317215756,2.07,bA505259,bA,G,g
34360573273,2460311.7622206,6.755172067757681,0.059591846855896045,14.325974582659896,0.009588763384971298,17.714673498488732,1.59,bq598395,bq,G,g
34360573273,2460312.7364687,5.077142067463944,0.05174126553698108,14.636017332515836,0.011077197618492107,17.868047994199515,2.08,bq598705,bq,G,g
34360573273,2460313.7685427,7.277368118515905,0.06920437889452768,14.245129762690365,0.01033644990156867,17.552306673365205,1.52,bq599191,bq,U,g
34360573273,2460316.6186082,6.819005364574154,0.052407543290496,14.315763042011667,0.008353816711139642,17.85415610707161,1.44,bq600131,bq,G,g
34360573273,2460370.614037,5.216547775654918,0.051294958009833413,14.606607649246818,0.010688177610742458,17.87745391484789,1.63,bq613906,bq,G,g
34360573273,2460371.6541688,5.764609796618225,0.0373183105966651,14.498140833626438,0.0070366221677532976,18.22283567402084,1.56,bq614401,bq,G,g
34360573273,2460373.6331721,6.260794086956603,0.04489409210205002,14.40849207132011,0.007794207175658977,18.022167628438034,1.51,bq615040,bq,G,g
34360573273,2460374.5923854,5.1412832770569,0.05059422161265334,14.622386788517518,0.010696496610019372,17.892388314651,1.60,bq615468,bq,G,g
34360573273,2460377.6382698,6.6337098445164004,0.06369350183677251,14.345674442898058,0.010436402682145076,17.642402794355256,1.53,bq616261,bq,G,g
34360573273,2460378.6352217,5.658192691213586,0.0503794253576394,14.518371288823296,0.009678045259750731,17.897007587688872,1.63,bq616703,bq,G,g
