# "asas_sn_id":352188218880,"ra_deg":297.05065,"dec_deg":-24.37248,"name":"SSS_J194812.1-242222"
asas_sn_id,jd,flux,flux_err,mag,mag_err,limit,fwhm,image_id,camera,quality,phot_filter
352188218880,2456788.7980101,3.5215710066210724,0.13970125225439264,15.092940280411,0.04311972893561897,16.849355646023284,2.33,be003489,be,B,V
352188218880,2456789.7060603,4.27648247874165,0.11980506163295564,14.882064661985645,0.03045093572267307,17.0161684764063,3.11,be003747,be,G,V
352188218880,2456803.7697373,3.4755602146650237,0.3313072513705693,15.10721936167762,0.10361396590316706,15.911779040043879,1.96,be007062,be,B,V
352188218880,2456809.7563136,4.975947173656921,0.08418303252973389,14.717592001792742,0.018389121313907367,17.399294977911012,1.87,be008651,be,G,V
352188218880,2456811.7530417,3.289965253448117,0.0766396132421898,15.166803126447096,0.025320610103664286,17.501223132598017,1.76,be009512,be,G,V
352188218880,2456816.7527127,3.5532301353266154,0.08014944203668081,15.083223062640204,0.024518242674285602,17.452605135318162,2.38,be010615,be,G,V
352188218880,2456817.6481638,4.889618826153184,0.1238353944695147,14.736593892776762,0.027528462734317836,16.980244413916566,1.46,be010891,be,G,V
352188218880,2456826.6309375,3.2637247743614135,0.09234285023202006,15.175497584165248,0.030754021933517072,17.298848205551558,1.47,be012088,be,G,V
352188218880,2456828.7316448,3.953110655149612,0.08492263187342208,14.967433976395295,0.023350524842460793,17.38979778090788,1.50,be012954,be,G,V
352188218880,2456830.734134,2.9491352812843976,0.09271994655504602,15.285544667637513,0.03417359360992704,17.294423462120044,1.81,be013661,be,B,V
352188218880,2456833.719831,3.4781714577972784,0.0775734039710494,15.106403937247999,0.02424231191099342,17.48807427121551,1.48,be014805,be,G,V
352188218880,2456836.7135271,3.8781934005554293,0.07243605727279262,14.98820774703129,0.02030193874561666,17.56246938507402,1.75,be015435,be,G,V
352188218880,2456838.7176706,3.952072013171744,0.07006891851735907,14.967719280670465,0.019271376558881902,17.598542857669845,1.64,be016238,be,G,V
352188218880,2456841.7118353,3.985240749352063,0.08528874340121279,14.958644998620208,0.023262121839428607,17.385127104191124,1.47,be017354,be,G,V
352188218880,2456844.5650646,3.331248172730461,0.10256636957655646,15.153263934142565,0.03346649019876686,17.1848439347579,1.54,be017911,be,G,V
352188218880,2456846.5734099,3.9211234506112502,0.28152551034900153,14.976255115474412,0.07804038647701389,16.088562007592834,1.63,be018521,be,B,V
352188218880,2456855.6825703,2.947411001733019,0.09151816700401874,15.286179653847935,0.033750389214174406,17.308588110793536,1.56,be021556,be,G,V
352188218880,2456856.6900369,4.280007284467608,0.08671218179958476,14.88117013408605,0.022021544650948386,17.367156109135678,1.46,be021964,be,G,V
352188218880,2456857.7974165,2.9797875878814644,0.09034472047904674,15.274318137530095,0.03295563198154547,17.32259944730647,1.99,be022429,be,G,V
352188218880,2456862.6522415,3.5830758836081644,0.08754783505317013,15.074141389765042,0.026558379829611064,17.356742866174454,2.40,be023551,be,G,V
352188218880,2456864.6581166,3.8851938300252042,0.10522617027075121,14.986249678585526,0.029439013093635853,17.15704698256613,1.54,be024247,be,G,V
352188218880,2456871.5016016,3.303479530883885,0.13783085145290977,15.16235235410561,0.04535101291925138,16.86399029611763,2.90,be025817,be,B,V
352188218880,2456874.613006,3.949657439764522,0.09399470347306012,14.968382829040348,0.025867599280982107,17.279597938327452,1.48,be026980,be,B,V
352188218880,2456880.6385731,3.3141067386627068,0.18849030242362091,15.158865175037642,0.061820810148863314,16.524133865575045,1.45,be029086,be,B,V
352188218880,2456883.6280199,3.3921064521612276,0.18078503782514824,15.13360772210249,0.05793022084306931,16.569450182571696,1.42,be030212,be,B,V
352188218880,2456887.6319855,3.0949793565135217,0.07601589408777167,15.233137012953922,0.02669677639711696,17.510095373734078,1.81,be031716,be,G,V
352188218880,2456894.6066857,3.541535079038993,0.056826295492051065,15.08680253486951,0.017440943295165868,17.825983030434713,2.74,be033921,be,G,V
352188218880,2456902.6318542,4.06346047219081,0.2120960325348728,14.937541305875344,0.05673468891269413,16.396025031960356,1.61,be035611,be,B,V
352188218880,2456907.7189789,4.292894709894318,0.1546456654777953,14.87790581240799,0.03915612331752614,16.739012014213632,1.57,be037002,be,G,V
352188218880,2456918.5747366,4.152684154252635,0.09479253394805243,14.913959152760556,0.024811750463010335,17.270421061746614,1.59,be040159,be,G,V
352188218880,2456921.5633839,3.9232400219491703,0.0699247560883688,14.975669207339141,0.019373061356442078,17.60077899332796,1.50,be041223,be,G,V
352188218880,2456922.5640982,3.1419723039223886,0.07555337329255883,15.216775523338494,0.026137477958420103,17.516721745164745,1.43,be041591,be,G,V
352188218880,2456924.5634631,4.000890223255083,0.08732149731171882,14.954389816177354,0.02372338796983465,17.359553458681475,1.54,be042156,be,G,V
352188218880,2456926.5586361,3.60916388399935,0.08764057763933289,15.066264897414328,0.026394339657554503,17.355593315340826,1.43,be042809,be,B,V
352188218880,2456928.5660329,4.362536978640688,0.08306119264172639,14.860433601417505,0.020695275590187915,17.41386098698784,1.41,be043415,be,G,V
352188218880,2456936.5443495,3.792110962962395,0.1213681497345804,15.012578812086366,0.03478851309307578,17.002094565818883,1.57,be045894,be,G,V
352188218880,2456938.5460881,4.616905608236538,0.12948743566688356,14.79890391558394,0.030485183069435685,16.931787317909137,1.73,be046624,be,G,V
352188218880,2456940.5389213,3.8386702649772517,0.08794622517426234,14.999329383048106,0.0249028221797709,17.35181338513612,1.63,be047345,be,G,V
352188218880,2456944.610295,3.2469676872984703,0.10138289353732607,15.181086487770123,0.033938987983852614,17.19744468836022,1.93,be048767,be,G,V
352188218880,2456950.5258897,3.641429359610628,0.08167245393074944,15.056601680873424,0.024379000024308938,17.432167382182946,1.41,be050529,be,G,V
352188218880,2456955.5185278,4.017658660006212,0.09593313725897513,14.949848813638788,0.025954208164208993,17.25743477557033,1.80,be051889,be,G,V
352188218880,2456965.558832,3.680182113276838,0.1312246784455709,15.045108129005559,0.038757734171619776,16.917317600573455,1.59,be054099,be,B,V
352188218880,2456966.5553951,2.948320140858505,0.1448252979570842,15.285844806397247,0.053392709952260316,16.81024531700185,1.56,be054440,be,G,V
352188218880,2456977.5428601,4.533937059453589,0.13575490242794055,14.818592687229607,0.03254559439558973,16.880467588835806,1.78,be058096,be,G,V
352188218880,2457083.8910514,5.177913128826085,0.1311958130333305,14.67439450479127,0.027540853052854673,16.91755645557357,1.41,be087810,be,G,V
352188218880,2457088.9019236,4.887974867472046,0.24047457678750217,14.736958993952365,0.05347519507333629,16.25968347095139,1.43,be089526,be,G,V
352188218880,2457094.8735314,3.2191845236713683,0.0953843412400866,15.190416726615112,0.03220648925848492,17.26366368205287,2.05,be091575,be,G,V
352188218880,2457100.8669122,3.167222449960427,0.08767392918287643,15.20808498669538,0.03008874514419185,17.35518021799477,1.48,be093355,be,G,V
352188218880,2457118.866368,4.976760858994584,0.15562720298559637,14.717414472696248,0.03398998023774594,16.732142613296826,1.49,be098017,be,B,V
352188218880,2457120.878283,3.5680655048265617,0.1099889127343709,15.078699357434767,0.03350643811160408,17.108984121257865,1.49,be098454,be,G,V
352188218880,2457126.8947301,3.396974362526092,0.08169672308426672,15.132050731524629,0.02614114105209924,17.43184480115135,1.43,be100200,be,G,V
352188218880,2457138.7714504,4.081559441618548,0.11399290651056772,14.93271609023989,0.03035735113893765,17.070161825843805,1.50,be103700,be,B,V
352188218880,2457139.8284714,2.6870380960689753,0.12041011700054778,15.386596845062975,0.04870811550777414,17.010698947698803,1.49,be104140,be,G,V
352188218880,2457143.8832676,3.2914819210109805,0.12552350890573538,15.166302719509508,0.041452026749933264,16.9655437159491,1.60,be105186,be,B,V
352188218880,2457147.8033993,4.391263039440189,0.16415383110484233,14.853307773521047,0.04063251863651024,16.6742288362591,1.57,be106441,be,G,V
352188218880,2457154.859176,3.3625002666955264,0.11054949352854833,15.14312558587604,0.03573605455320967,17.10346450057059,1.47,be108781,be,G,V
352188218880,2457155.7483911,4.680539235650027,0.10789304720600383,14.784041679109128,0.025055884676199437,17.12987274622724,1.37,be109125,be,G,V
352188218880,2457157.7258727,3.0613115250706513,0.11616078777975353,15.245012588253928,0.041244324471239234,17.049707522011246,1.47,be109891,be,G,V
352188218880,2457158.7106036,3.8804988423454754,0.10058095870319866,14.987562508989951,0.028173472913378256,17.20606696655026,1.45,be110301,be,G,V
352188218880,2457159.7172104,3.3297133747682643,0.0941612091409444,15.153764278044013,0.030738123331025408,17.277676326865993,1.46,be110728,be,G,V
352188218880,2457161.7291116,3.6817695563311603,0.10268550085275076,15.044639898704375,0.03031549724452857,17.183583579332762,1.54,be111584,be,B,V
352188218880,2457162.6973477,3.1238427776418414,0.14861781303196894,15.223058485006419,0.05171230200120736,16.78217922815972,1.56,be111980,be,G,V
352188218880,2457163.6980063,3.809052904433952,0.09156429799081799,15.007738892827756,0.026128912713113125,17.308040968459718,1.45,be112320,be,G,V
352188218880,2457164.7208762,3.664841292688956,0.09512969058928189,15.049643474265002,0.028214547190167093,17.2665661831773,1.45,be112759,be,G,V
352188218880,2457169.67528,3.1810920599417196,0.08270048062765359,15.203340810382528,0.02825816577305706,17.418586309839977,1.49,be114477,be,G,V
352188218880,2457174.6696207,3.6963321957341666,0.13932793548735836,15.040353916781061,0.040971265600318496,16.852260888839908,1.52,be115800,be,G,V
352188218880,2457182.6455515,2.940404751910328,0.08329577258626024,15.288763614692106,0.03079129945872709,17.410798991872095,1.48,be118354,be,G,V
352188218880,2457185.740944,4.805919532061624,0.10366769553537772,14.755340167224823,0.023446559394952528,17.17324778227107,1.47,be119348,be,G,V
352188218880,2457187.6580098,2.8913924330572387,0.11089539801426104,15.307013804236163,0.04168872918263995,17.100072583725176,1.40,be120001,be,G,V
352188218880,2457189.677899,3.4182674834306273,0.08780936311117649,15.12526629510236,0.027922027859464824,17.353504325702335,1.54,be120760,be,G,V
352188218880,2457190.6942379,4.763810442784612,0.10474569725331169,14.764895224258876,0.02389977941419685,17.162015913567355,1.54,be121209,be,G,V
352188218880,2457193.7228737,3.873565637951881,0.0721404828463951,14.989504105697154,0.020243252765108587,17.566908781711682,1.80,be122240,be,G,V
352188218880,2457197.6395025,3.418059027490939,0.15598471858971916,15.125332508487727,0.04960376804469556,16.729651259284967,1.63,be123338,be,B,V
352188218880,2457198.5913659,4.343261715888617,0.07854662121208225,14.865241404941907,0.01965729163285711,17.474537623626798,1.45,be123665,be,G,V
352188218880,2457201.587491,1.2723207079360126,0.5864379449021518,15.291801235806442,99.999,15.291801235806442,1.46,be124737,be,B,V
352188218880,2457203.5943401,4.793756740572962,0.2167516484610926,14.75809142461338,0.04914717843282395,16.372450370926465,1.58,be125151,be,G,V
352188218880,2457218.5337507,4.579471135404049,0.11436924234671889,14.807743089549765,0.027146015375891414,17.06658328347678,1.44,be128735,be,G,V
352188218880,2457222.8051697,3.7605541153186453,0.09181129332473426,15.021651797853027,0.026537281737845225,17.30511613057163,1.60,be130227,be,G,V
352188218880,2457224.5773173,2.904709461771787,0.12242048473095354,15.30202465603976,0.045810345586718135,16.992721156725533,1.57,bg002387,bg,B,V
352188218880,2457225.5877281,3.452906848182244,0.1028915486906138,15.114319249018479,0.03238970664383215,17.181407133344358,1.52,be131147,be,B,V
352188218880,2457225.6890451,2.8869703808785663,0.177135518724847,15.308675583962215,0.06669226971806434,16.59159226004741,1.75,bg002848,bg,B,V
352188218880,2457227.5302062,3.326747177413424,0.10131826928303903,15.154731911832728,0.03310397445174858,17.198136987249736,1.56,be131567,be,G,V
352188218880,2457227.5370331,3.491892421008601,0.20265872345272373,15.102129266018228,0.0630836218833565,16.44544313691912,2.61,bg003167,bg,B,V
352188218880,2457228.7462623,3.008063444382909,0.23456028249205516,15.264063924738897,0.08475779633963651,16.28672020367005,1.48,be132014,be,B,V
352188218880,2457228.7518255,2.938839681906494,0.10141671182644998,15.28934166625142,0.03750989106747919,17.19708257975395,1.40,bg003614,bg,B,V
352188218880,2457236.5944406,3.6468049211568303,0.1978316611187134,15.055000074057528,0.0589651541303883,16.471616899629332,1.44,be134839,be,B,V
352188218880,2457249.4717559,2.9969256170427627,0.0992884273745465,15.268091494524219,0.03601097172858041,17.22010981373417,1.77,be136125,be,B,V
352188218880,2457253.5739347,3.3998420795095927,0.07078535656359382,15.131134542492514,0.02263064082421331,17.58749783354103,2.16,be137556,be,G,V
352188218880,2457258.5658152,3.3814295094667384,0.09388784418530137,15.13703055853715,0.03018013661486456,17.2808329759772,1.47,be139269,be,G,V
352188218880,2457268.6509743,2.666654929139335,0.09992697353116108,15.394864352793698,0.04073128262320951,17.21314955813344,1.38,be142568,be,G,V
352188218880,2457270.6991973,2.889452800447966,0.09472297330506887,15.307742392994996,0.03563295914593372,17.27121808899784,1.42,be143678,be,G,V
352188218880,2457276.5341919,3.3778378253127155,0.10073041861519369,15.138184417881945,0.03241410367034453,17.20445479669091,1.97,bg005150,bg,G,V
352188218880,2457278.5528356,2.935912686729215,0.1193691385268423,15.29042356543582,0.044193774631861166,17.020126244615167,1.35,bg006195,bg,G,V
352188218880,2457281.5736757,4.2264359898754345,0.2507181528762691,14.89484566478117,0.06447979622549091,16.214391944814672,1.51,bg006820,bg,B,V
352188218880,2457283.5629482,2.755549655907655,0.12209082992373602,15.359260800614827,0.048160055307163434,16.99564877892278,1.40,bg007259,bg,G,V
352188218880,2457292.5107434,4.006762845957768,0.1595772481482618,14.952797309565696,0.043290191424961856,16.704928964799713,1.71,bg009684,bg,B,V
352188218880,2457296.5582297,4.781497098754981,0.24586321739426986,14.760871663022906,0.0558909944067628,16.235622492301665,1.53,bg011073,bg,G,V
352188218880,2457297.6510319,4.157429983882406,0.6334971483645184,14.912719044736724,0.16562728887497039,15.207994732969814,1.39,bg011235,bg,B,V
352188218880,2457299.4982508,4.794231455817882,0.20919839802032186,14.75798391185508,0.047429825856577304,16.410960507404894,1.63,bg011620,bg,B,V
352188218880,2457300.5146457,3.695543495906045,0.12685880015045525,15.040585608978564,0.03731250905754297,16.954054895030517,1.51,bg012000,bg,B,V
352188218880,2457301.5029936,2.9407089120417607,0.15970436424795437,15.288651310225331,0.0590305621745436,16.704064432965886,1.52,bg012202,bg,B,V
352188218880,2457303.51963,3.0449360638418135,0.08928579276717709,15.250835959641728,0.03187251643782738,17.33540049599896,1.49,bg012713,bg,G,V
352188218880,2457306.6181707,4.657344711429168,0.11829251549035161,14.78943544639808,0.02760775273293195,17.029963225768757,1.42,bg013487,bg,G,V
352188218880,2457312.5046501,3.381105961528991,0.08708977529127215,15.137134450845519,0.02799758431316231,17.362438468707676,1.38,bg014499,bg,G,V
352188218880,2457313.4989998,3.0620620527762545,0.08603212608475577,15.24474643591278,0.03053928330489698,17.37570475463776,1.61,bg014857,bg,G,V
352188218880,2457318.5008226,2.9160903082221385,0.18816109974359402,15.297778980783466,0.0701360084518777,16.52603178687504,1.62,bg015835,bg,B,V
352188218880,2457321.5097278,3.984941041761833,0.17690669706270884,14.958726653817099,0.04825413628368873,16.59299570848678,1.50,bg016591,bg,G,V
352188218880,2457325.504315,3.0098403884095073,0.11156433943759578,15.263422740508247,0.04028970666092141,17.093542897772988,1.46,bg017605,bg,G,V
352188218880,2457328.5258442,3.259718478869473,0.12829102728685754,15.176831168421465,0.04277877666246353,16.941865686801858,1.50,bg018324,bg,G,V
352188218880,2457329.5549359,3.784499207101139,0.08024759620363578,15.014760358058838,0.023048134845361355,17.451276313449846,1.42,bg018571,bg,G,V
352188218880,2457331.5436604,3.8134019449729393,0.0992659521347375,15.006499945172491,0.028294361731716938,17.22035561220747,1.39,bg018945,bg,G,V
352188218880,2457332.5363684,3.0091453652241964,0.10743405624559625,15.263673484361009,0.03880708105450366,17.134501460867998,1.43,bg019282,bg,G,V
352188218880,2457333.5371198,3.7245434374575197,0.10211275389498929,15.032098795527888,0.029800195826060177,17.189656421410337,1.44,bg019623,bg,G,V
352188218880,2457334.5375438,3.9500514178796697,0.09290054173958738,14.968274532314085,0.02556393298068681,17.292310777319656,1.47,bg019966,bg,G,V
352188218880,2457336.5274244,3.49260221037789,0.08280059810545208,15.101908593211013,0.025768938084959867,17.417272708932156,1.41,bg020426,bg,G,V
352188218880,2457337.5386323,3.2664265453053374,0.12864383188897252,15.17459916372916,0.042808325891853176,16.938883974069714,1.53,bg020764,bg,G,V
352188218880,2457338.5250212,4.530772357494795,0.13657844118433393,14.819350799040034,0.03276589854016883,16.873901014522584,1.57,bg021005,bg,G,V
352188218880,2457340.5181202,2.5161720941983505,0.13262031824989132,15.457930550854243,0.057290405600323294,16.905831229285194,2.15,bg021607,bg,G,V
352188218880,2457455.8855464,3.156543101259647,0.11109385545229436,15.211752094989139,0.03825520096995588,17.09813129621134,2.15,bg052608,bg,G,V
352188218880,2457456.8807602,2.67678767434925,0.11957972012812923,15.390746594886942,0.04855743991447091,17.018212562088696,1.71,bg052824,bg,G,V
352188218880,2457461.8825435,2.950937743007221,0.11892534405227016,15.284881286691894,0.043805288208470565,17.0241703523963,1.40,bg054124,bg,G,V
352188218880,2457468.8663525,3.136394938544912,0.14742079757672796,15.218704543695718,0.05109050374897934,16.79095950244636,1.47,bg056873,bg,G,V
352188218880,2457474.8488204,5.114161504365705,0.18682897307084292,14.68784530738188,0.03970836090252959,16.53374582704295,1.49,bg058297,bg,G,V
352188218880,2457477.8549171,3.444258567814819,0.12021225528795661,15.117042035977601,0.03793719092382583,17.01248453123596,1.58,bg059481,bg,G,V
352188218880,2457484.8572159,4.477663878307407,0.11030495745999912,14.832152680558153,0.02677661748398705,17.1058688149985,1.37,bg061159,bg,G,V
352188218880,2457522.8400317,3.247997757053038,0.10416482580604292,15.1807421028631,0.03485921026264119,17.16805366386007,1.38,bg062325,bg,G,V
352188218880,2457528.698838,2.100163127304292,0.19690350363344544,15.654148831329067,0.10190901108828389,16.476722783941927,1.43,bg063091,bg,B,V
352188218880,2457530.8498188,3.784052087050276,0.16065697414084695,15.014888640053316,0.04614818765388424,16.697607435980448,1.47,bg063859,bg,G,V
352188218880,2457536.8974826,3.3856839848314344,0.1313926647315603,15.135665356505827,0.042182942790439756,16.915928592404605,1.46,bg064746,bg,G,V
352188218880,2457546.658581,4.522783430071554,0.1259464892587019,14.821266923531981,0.030268607817847144,16.96189122841919,1.45,bg065664,bg,G,V
352188218880,2457547.6506865,3.5468214609888635,0.07600826629536885,15.08518308547899,0.02329344221707784,17.510204327078867,1.57,bg066209,bg,G,V
352188218880,2457548.6467056,2.593599212725116,0.11894455463493125,15.425024240325978,0.04984870397533447,17.023994982370333,1.47,bg066689,bg,G,V
352188218880,2457555.6248932,3.308758916559932,0.16435036813789586,15.160618592859416,0.0539905472120175,16.672929690626784,1.38,bg067927,bg,G,V
352188218880,2457557.6273096,3.54846088711233,0.12696583195821934,15.084681348059217,0.038891886785689764,16.95313923672996,1.41,bg068530,bg,G,V
352188218880,2457559.847745,2.903745103390712,0.21914906117860883,15.302385178380625,0.08203388823727786,16.360507357420605,1.45,bg069565,bg,G,V
352188218880,2457566.769543,3.8979014749779597,0.08877134762708533,14.982704260748061,0.024754498251492483,17.341674361421163,1.43,bg071488,bg,G,V
352188218880,2457567.674722,2.8292101318470366,0.10722703293096462,15.33061839279167,0.04119564023862683,17.13659567159314,1.66,bg071864,bg,G,V
352188218880,2457575.787559,4.757095768785325,0.12507365771650147,14.766426667949396,0.028578282750744855,16.96944176678602,1.85,bg073660,bg,G,V
352188218880,2457584.5720834,4.028643124242256,0.13173213382707366,14.946884411298551,0.03554226511758386,16.91312707697232,1.44,bg074856,bg,G,V
352188218880,2457586.628012,4.636504985035083,0.2837691081361939,14.794304576866962,0.06652525636277269,16.07994360558631,1.71,bg075694,bg,G,V
352188218880,2457591.7015218,3.404124754787305,0.156867330196292,15.129767735061039,0.0500886365474343,16.723525130834997,1.67,bg077254,bg,B,V
352188218880,2457593.6865414,4.144602642049539,0.11073912312000124,14.916074155743619,0.029042256274641236,17.101603693029293,1.47,bg077758,bg,G,V
352188218880,2457598.7154785,4.406731096250693,0.23460721208196997,14.849490029080371,0.05786780124534866,16.286502996998212,1.46,bg079280,bg,B,V
352188218880,2457600.5257425,2.7690123655425607,0.11001608444019796,15.353969166584157,0.04318604783660654,17.10871593366858,1.37,bg079682,bg,G,V
352188218880,2457603.5986456,5.401831237939642,0.1391063695548535,14.628428874536894,0.02799098471294951,16.853988852679723,1.34,bg080954,bg,G,V
352188218880,2457605.630999,3.315021466130622,0.09053707295101239,15.158565542052724,0.0296860406210705,17.3202902693881,1.43,bg081822,bg,G,V
352188218880,2457607.6079256,3.0559062416211793,0.08496657590219797,15.246931340761783,0.030221795599900986,17.389236101626263,1.46,bg082645,bg,G,V
352188218880,2457609.6503041,3.1482366586917756,0.09263429510723101,15.214612975460817,0.031982808829039124,17.295426890837593,1.42,bg083493,bg,G,V
352188218880,2457612.5757933,3.321145551084692,0.1139497330890036,15.156561631474245,0.03729388056812905,17.070573113065173,1.42,bg084570,bg,G,V
352188218880,2457618.5909581,5.59966688331726,0.2357408446442409,14.589375924073005,0.0457598735542196,16.28126930555856,1.50,bg086660,bg,G,V
352188218880,2457620.6689426,3.543407958019686,0.14259318596816484,15.086228514004924,0.04374110892110728,16.827109462200294,2.28,bg087513,bg,G,V
352188218880,2457622.7618028,3.6017155768345623,0.11566527026778219,15.068507869210755,0.03490645420890763,17.054348951250876,2.10,bg088409,bg,G,V
352188218880,2457623.6929747,3.896085993752374,0.08811471395869948,14.983210069549841,0.02458284112624074,17.34973530432949,1.44,bg088766,bg,G,V
352188218880,2457624.6477119,3.0058046637609417,0.09587217323999103,15.264879519617633,0.03466921360955076,17.25812496339313,1.45,bg089142,bg,G,V
352188218880,2457625.5497993,3.2293925339967458,0.08403131634213788,15.186979312268566,0.028283457760821955,17.40125347673696,1.52,bg089478,bg,G,V
352188218880,2457630.5944773,3.3990481407355593,0.08227667043248041,15.131388115663231,0.026310649279069235,17.424164622740886,1.39,bg090822,bg,G,V
352188218880,2457633.668532,3.840140635299071,0.07894849961270536,14.998913580566954,0.022346469748201325,17.46899669163866,1.42,bg091899,bg,G,V
352188218880,2457637.5578877,3.2520180404920715,0.09178954588516683,15.179399039099657,0.030679794602940947,17.305373340535496,1.50,bg093307,bg,G,V
352188218880,2457640.5485571,3.76568683557818,0.08800742315355377,15.020170904239604,0.02540313274444741,17.351058130953152,1.38,bg094308,bg,G,V
352188218880,2457647.5499969,3.14431872600226,0.15543820656884713,15.215964999132742,0.05373328440283604,16.73346195174579,1.39,bg096761,bg,G,V
352188218880,2457650.5894781,3.908177726488539,0.09604837325992702,14.979845641338352,0.026713320893703252,17.256131359288073,1.66,bg097873,bg,G,V
352188218880,2457652.6015248,5.271388456239066,0.14120380040771374,14.654968851560275,0.029116122445094615,16.837740429616094,1.51,bg098649,bg,G,V
352188218880,2457656.5761135,3.281012666217314,0.09528219693975166,15.169761637102873,0.03156574384356114,17.264826988175187,1.38,bg100152,bg,G,V
352188218880,2457658.6187728,3.183669171875176,0.09787233107647567,15.202461574294679,0.03341520830781774,17.23570656302505,1.40,bg100945,bg,G,V
352188218880,2457660.5867125,3.982703922700021,0.11139310573096578,14.959336349965566,0.030401321589822207,17.0952106121763,1.43,bg101677,bg,G,V
352188218880,2457663.5563792,3.463756343408955,0.08985409653643844,15.110913069158027,0.02819698805347749,17.328511689157004,1.40,bg102782,bg,G,V
352188218880,2457667.5153316,3.10270618512206,0.10270031362727118,15.23042977591891,0.035978519724846246,17.183426969046327,1.47,bg103922,bg,G,V
352188218880,2457673.5055345,3.629011542944036,0.1506403561077029,15.060310530564976,0.04511959126355906,16.76750305951596,1.34,bg105869,bg,G,V
352188218880,2457680.5256778,4.598295163590846,0.12082976695171734,14.803289291770348,0.028562042786706737,17.00692154905782,2.22,bg106778,bg,G,V
352188218880,2457683.5466378,3.1920599926372093,0.09117790050398338,15.199603791941145,0.031047791651749864,17.31263242428716,1.43,bg107719,bg,G,V
352188218880,2457686.5548539,3.135393285002017,0.09799890298621315,15.219051344795062,0.03397358386703191,17.234303358264604,2.01,bg108364,bg,G,V
352188218880,2457688.580626,2.640526989190151,0.13155212337702263,15.405554877439657,0.05415261386786313,16.914611737660998,1.40,bg109050,bg,G,V
352188218880,2457690.5317995,4.044780707010286,0.1034623872048358,14.942543952635772,0.027803513879525,17.175400156833575,1.44,bg109542,bg,G,V
352188218880,2457691.540464,2.7804986003574204,0.1155085037607711,15.349474702520569,0.04515475082884767,17.055821498032287,1.40,bg109896,bg,G,V
352188218880,2457694.5355612,3.85170449805256,0.08503892454904376,14.99564900264065,0.023998106211678444,17.388311995644052,1.50,bg110554,bg,G,V
352188218880,2457696.54013,2.810711984719136,0.12662784904575755,15.337740540814693,0.048969430913725596,16.95603331910987,1.81,bg111123,bg,G,V
352188218880,2457702.5281741,3.6403608403875904,0.11657114847394368,15.056920319554958,0.034806376520324,17.04587870563482,1.45,bg112598,bg,G,V
352188218880,2457704.5247797,4.259701755410953,0.17560502127558972,14.886333422319806,0.044809480589381404,16.60101406860847,1.46,bg113239,bg,G,V
352188218880,2457813.9037378,4.384849214780516,0.33610900516158193,14.854894745675015,0.08331777383453753,15.896156022652075,1.62,bg143412,bg,G,V
352188218880,2457816.8973261,3.1195236030004514,0.13510821203593287,15.224560714651465,0.047076660061722016,16.885652026793547,1.79,bg143752,bg,G,V
352188218880,2457818.8953217,3.4800048835023074,0.12918825179075052,15.105831771032278,0.04035109648314954,16.93429884045875,1.44,bg144446,bg,G,V
352188218880,2457819.8896887,2.611577674555174,0.14910895600074645,15.417524036217303,0.0620601691283528,16.778597070006025,1.57,bg144620,bg,G,V
352188218880,2457824.8745738,3.001628618175485,0.22068163230362745,15.266389011076761,0.07991373016901351,16.352940924628033,1.37,bg146309,bg,G,V
352188218880,2457825.912458,5.60201850358855,0.594185789588674,14.588920057081975,0.11528953692395011,15.277550740915867,1.45,bg146702,bg,G,V
352188218880,2457826.8827269,2.949895756687517,0.18622659520987378,15.285264731601494,0.06861944586541803,16.53725213589675,1.41,bg147044,bg,G,V
352188218880,2457828.8780858,4.204821756037138,0.19191954871696457,14.900412427969446,0.04961166423466653,16.504558359293902,1.44,bg147798,bg,G,V
352188218880,2457829.8840933,3.2583463206760137,0.16778032503331702,15.177288298535117,0.05597008438214096,16.650503815175377,1.36,bg148168,bg,G,V
352188218880,2457830.8735943,5.2445654720969666,0.17353283806511832,14.66050762595188,0.035965353292722387,16.613902219764146,1.46,bg148538,bg,G,V
352188218880,2457837.8851798,3.4321278523529517,0.09674652903059391,15.120872760379836,0.030639671716580864,17.24826791164338,1.54,bg151107,bg,G,V
352188218880,2457838.8764294,3.3550194302655356,0.09360152038228438,15.145543805301656,0.03032494599179409,17.28414913592693,1.46,bg152032,bg,G,V
352188218880,2457839.8890677,3.2819306165916,0.09707513935824211,15.169457916068243,0.03215072716368353,17.244586336979346,1.39,bg152188,bg,G,V
352188218880,2457843.8345132,3.7712720813843332,0.08049024813264267,15.018561739386495,0.023198909613559835,17.447998228121552,1.44,bg152750,bg,G,V
352188218880,2457845.8289248,4.994086271381792,0.13926178813134502,14.713641303540824,0.030310150969125364,16.85277647555782,1.62,bg153527,bg,G,V
352188218880,2457848.8883037,3.306883189303715,0.11362010723863518,15.161234268560824,0.03734638010898039,17.07371840656752,1.43,bg154712,bg,G,V
352188218880,2457851.8200474,2.7637448036374272,0.14565609140730232,15.356036556937413,0.05728525957889716,16.804034764311663,1.71,bg155636,bg,G,V
352188218880,2457853.8105488,3.4822877355453556,0.1405085732945368,15.105119771311013,0.04385815351896506,16.843099333591724,1.51,bg156438,bg,G,V
352188218880,2457855.8023277,4.028051126832017,0.18656743848557883,14.94704396880503,0.05034461768750061,16.535266771570882,1.45,bg157249,bg,G,V
352188218880,2457858.8185827,3.4978865635436622,0.12043646486909092,15.100267101513015,0.03742522765290641,17.010461395355836,1.41,bg158444,bg,G,V
352188218880,2457864.8144338,3.222730200542117,0.11489410887264925,15.189221532235024,0.03875127397494337,17.061611991009578,1.44,bg159461,bg,G,V
352188218880,2457866.8548177,3.3389795574463452,0.13724881226362354,15.150747004167247,0.044679366562217236,16.868584906674645,1.41,bg160324,bg,B,V
352188218880,2457867.8579516,3.5838709742592862,0.09297073513041101,15.073900489776067,0.028197205649058723,17.291490731203247,1.43,bg160748,bg,G,V
352188218880,2457870.7651146,3.6650606413434543,0.08818716849955095,15.049578492556417,0.026153896842251962,17.348842897265722,1.42,bg161700,bg,G,V
352188218880,2457871.8061977,2.693499619484939,0.13581423371885468,15.383989108195761,0.054807569311608385,16.879993174603324,1.43,bg162156,bg,G,V
352188218880,2457872.8055587,4.203846006599851,0.11265735637831964,14.900664407599393,0.029128956685153827,17.082957504055514,1.41,bg162577,bg,G,V
352188218880,2457873.8358124,3.2684332275188934,0.0969727326098522,15.173932362091506,0.03224944088001394,17.245732309089558,1.50,bg163025,bg,G,V
352188218880,2457877.7918622,4.225484288223483,0.11966044214093537,14.895090176539451,0.030781252303262258,17.017479885649095,1.43,bg164522,bg,G,V
352188218880,2457879.7378289,2.3722228949582926,0.2188617954748912,15.521892671809923,0.10028284292195537,16.361931499379153,1.49,bg165334,bg,G,V
352188218880,2457883.7583371,3.7228705553800676,0.13357441650472285,15.032586564482342,0.03899936379670473,16.898048179368196,1.69,bg166508,bg,G,V
352188218880,2457894.922468,4.352375001084429,0.12898513575825385,14.862965636616694,0.032212581518115714,16.936007230915585,1.35,bg169177,bg,G,V
352188218880,2457901.7643501,3.111137001148126,0.2240079097769715,15.227483564520394,0.07826298178555753,16.33669800953972,1.81,bg170413,bg,B,V
352188218880,2457902.7224288,5.31401885127544,0.15103996927634214,14.646223677717503,0.030894485744775612,16.76462667214598,1.47,bg170774,bg,G,V
352188218880,2457905.8432845,3.0497921132940204,0.10915517536968188,15.24910581199123,0.03890328433615955,17.117245564379203,1.53,bg172002,bg,G,V
352188218880,2457908.6581362,3.5501710896650605,0.09156142545968729,15.08415819687432,0.02803337811883535,17.30807503042534,1.45,bg173088,bg,G,V
352188218880,2457913.7029738,2.520425598966048,0.21435689635822186,15.456096699710017,0.09244336614098433,16.384512742848028,1.40,bg174821,bg,G,V
352188218880,2457924.7602025,3.0987237874922045,0.14854028854364884,15.231824239422307,0.052104300494687936,16.782745735653123,1.60,bg179297,bg,B,V
352188218880,2457928.7989995,2.5926381450936127,0.28636934756079463,15.425426638389428,0.12005957350679432,16.07004006854021,1.46,bg180752,bg,B,V
352188218880,2457932.7404273,4.126858751599251,0.11488920783681132,14.920732392761298,0.030260200615606442,17.061658306226256,2.29,bg181542,bg,G,V
352188218880,2457933.6862299,3.1583886211223544,0.10319112840071487,15.211117488669807,0.035513131364093724,17.178250489892555,1.58,bg181949,bg,G,V
352188218880,2457937.5878833,3.2728905900036858,0.12620167974501204,15.17245268589399,0.041912717544621454,16.959693555155965,1.84,bg183645,bg,G,V
352188218880,2457946.7016167,5.056065430121412,0.17714153389567852,14.700249690818502,0.03808201222865848,16.59155539122567,1.79,bg186911,bg,G,V
352188218880,2457948.6264994,2.870412341569028,0.16759871974168025,15.314920682886708,0.0634656278542785,16.651679651665155,1.34,bg187690,bg,B,V
352188218880,2457951.7747345,5.354088368119003,0.14223007975973076,14.638067567390758,0.028874740600635503,16.829877759721484,1.56,bg188726,bg,G,V
352188218880,2457953.8364691,4.091088894395591,0.11738863404869734,14.930184113784966,0.031188845965208618,17.038291270837746,1.61,bg189653,bg,G,V
352188218880,2457957.7051425,3.458691542304392,0.08809126558445458,15.112501824754643,0.02768427726615982,17.350024270107795,1.44,bg190917,bg,G,V
352188218880,2457960.6945155,3.143187636309521,0.09676298908547669,15.216355635729421,0.03346194189441448,17.248083204681826,1.48,bg192130,bg,G,V
352188218880,2457963.6916274,3.122567630733033,0.2102610949801474,15.223501771019984,0.07319126292327265,16.405459089261612,1.52,bg193424,bg,B,V
352188218880,2457964.7338149,3.575732906690301,0.08232531639338155,15.076368726440732,0.02502537015295414,17.42352287249811,1.41,bg193889,bg,G,V
352188218880,2457967.7270982,3.0415781492269502,0.1166914911833137,15.252033955641444,0.041701567788223516,17.044758419520196,1.68,bg195093,bg,G,V
352188218880,2457974.673197,4.505750004016109,0.16714677273435924,14.82536367511106,0.040322093890988654,16.65461140452015,1.40,bg197902,bg,G,V
352188218880,2457979.6711705,3.947577702361428,0.088288029136404,14.96895468645791,0.024309907567849162,17.347601838369552,1.43,bg198903,bg,G,V
352188218880,2457981.6679373,4.067423342279027,0.10664852062172467,14.936482962903437,0.028500181876485245,17.142469304932447,1.37,bg199745,bg,B,V
352188218880,2457983.6529021,3.4454709980867304,0.0892048836525795,15.116659907929481,0.0281418215712727,17.336384815883815,1.41,bg200490,bg,G,V
352188218880,2457987.5450954,3.9515165608430958,0.09243800984214244,14.967871888488695,0.025427224233387766,17.297729926926458,1.57,bg201427,bg,G,V
352188218880,2457996.6743243,3.683401726900742,1.9714778630783116,13.975376631374877,99.999,13.975376631374877,1.60,bg202361,bg,B,V
352188218880,2458001.563064,4.160487090235083,0.1907338549080899,14.91192095762699,0.049830561425219806,16.511286927779103,1.50,bg203723,bg,G,V
352188218880,2458002.6033918,2.5626551975801535,0.31747370253152957,15.438055963833888,0.1346572538409243,15.958087001248266,1.66,bg204013,bg,B,V
352188218880,2458003.4723375,2.67466050007443,0.12994357288082858,15.391609744513122,0.052807828880327104,16.92796938418861,1.62,bg204243,bg,G,V
352188218880,2458005.6693983,3.721889068225577,0.15017853306149376,15.032872842669464,0.04385878594018126,16.770836749077652,1.57,bg204959,bg,G,V
352188218880,2458008.5625904,3.767405028745897,0.08583074760651711,15.019675621666417,0.024763541526541165,17.37824915529918,1.46,bg205590,bg,G,V
352188218880,2458011.6504881,3.5021349212415154,0.08714140947319393,15.098949220892312,0.027046052042692316,17.361794943239687,1.81,bg206458,bg,G,V
352188218880,2458013.6389108,5.157589273336908,0.152775823901835,14.678664519602005,0.0321973444090729,16.752219807435367,1.86,bg207213,bg,G,V
352188218880,2458014.4946313,3.155484362794422,0.03935670064247364,15.152400541427461,0.013557038324090206,18.16509390284849,1.63,bk002576,bk,G,g
352188218880,2458015.5084773,2.6466670544557394,0.03800530144953797,15.343317343931806,0.015608351719831994,18.203030157420553,1.47,bk003110,bk,G,g
352188218880,2458015.677893,3.8153183425187427,0.08672881170523379,15.00595445335642,0.02470840937573109,17.366947903562874,1.47,bg207901,bg,G,V
352188218880,2458016.4878392,3.5383251827424025,0.050230065381762334,15.028071263834875,0.015430435116699203,17.900231252798232,1.59,bk003576,bk,G,g
352188218880,2458018.4885782,2.5955063230710933,0.052660424707766884,15.364510394213717,0.02205334333608241,17.848929717989535,1.44,bk004109,bk,G,g
352188218880,2458018.5990088,5.466884294292576,0.1477765207348949,14.61543169897322,0.029381754638635016,16.78834280050037,1.44,bg208926,bg,G,V
352188218880,2458019.4816532,3.0398087340886164,0.05852230492672853,15.1929499760425,0.020926053765808816,17.73433705476874,1.46,bk004508,bk,G,g
352188218880,2458020.4856991,2.749769163584402,0.05237436882626644,15.301825028787766,0.020703069378184745,17.854843605846224,1.50,bk004918,bk,G,g
352188218880,2458021.4824069,3.6585110296937664,0.05962374053290089,14.991804700571889,0.017714423462635593,17.71409256571959,1.48,bk005322,bk,G,g
352188218880,2458021.5601484,3.9790435966372812,0.10278881795077376,14.960334660649968,0.028078851945193817,17.18249171418873,1.46,bg209844,bg,G,V
352188218880,2458023.639205,5.3222676635366994,0.15359160220147405,14.6445396245658,0.0313677184710241,16.746437716698356,1.53,bg210642,bg,G,V
352188218880,2458029.5523634,3.4877589864111957,0.16708137808037912,15.103415238584788,0.05207074063122153,16.655036272049454,1.45,bg212039,bg,G,V
352188218880,2458030.5687906,2.862022444160174,0.15231352560740352,15.258383034277784,0.057846569423612035,16.695794434260335,1.57,bk007808,bk,B,g
352188218880,2458032.4847705,3.6231660155524303,0.11943612676968982,15.002345036998205,0.035831059456374846,16.959801333746913,1.46,bk008512,bk,B,g
352188218880,2458033.4840324,2.7796238011862986,0.06497957443374039,15.290100567850818,0.025409903376292734,17.62069845463397,1.48,bk008921,bk,G,g
352188218880,2458033.5861103,5.02038189181038,0.5920993214758997,14.707939518428507,0.12819467380467786,15.281369985185089,1.49,bg213503,bg,B,V
352188218880,2458034.5892223,3.4367830817030534,0.11862254476137281,15.119401100063019,0.037516929520548255,17.02693830232508,1.45,bg213858,bg,G,V
352188218880,2458035.488661,2.6811725135276325,0.05378923819681047,15.329253726020738,0.021806341428018714,17.825902127632176,1.43,bk009702,bk,G,g
352188218880,2458035.5468864,2.9873298050146295,0.10598530993935501,15.271573474729852,0.038563342973964285,17.149242208212954,1.49,bg214180,bg,G,V
352188218880,2458037.4985772,2.953493643000451,0.032912751600415485,15.224225521197,0.012112682241668244,18.359230131251486,1.58,bk012895,bk,G,g
352188218880,2458038.5277275,4.182188993017114,0.14249795438490917,14.906272267811985,0.037035409234679774,16.82783481888093,1.46,bg215239,bg,B,V
352188218880,2458039.6135307,2.962770434687309,0.10308862594954214,15.280536399012055,0.03782029582214548,17.17932951610941,1.63,bg215673,bg,G,V
352188218880,2458040.5832706,3.360397443226827,0.10561126160932338,15.143804790512242,0.034161093000094525,17.153080817074155,2.03,bg216017,bg,G,V
352188218880,2458042.5843192,2.907985023269149,0.17609184765961727,15.300800990803543,0.06582020908193617,16.598008267790515,1.92,bg216731,bg,G,V
352188218880,2458043.5509184,4.3502701026528685,0.1075032130600143,14.863490848078682,0.02686070422897095,17.133802782039027,1.54,bg216931,bg,G,V
352188218880,2458050.5743541,3.8510628862641534,0.1011727291575887,14.995829878192232,0.028555845756823767,17.199697730313616,1.47,bg219183,bg,G,V
352188218880,2458057.538979,3.025977271983346,99.99,15.197901467962929,99.99,99.99,1.63,bk017068,bk,G,g
352188218880,2458058.501673,3.1674976499436887,0.06899017485694434,15.148274868931708,0.02367462545647406,17.555672497252615,1.47,bk017426,bk,B,g
352188218880,2458068.5276631,3.3597243583719987,0.10659244610740241,15.144022284367198,0.034485375020678805,17.143040322150206,1.58,bg221378,bg,G,V
352188218880,2458069.524519,2.6048763583748427,0.1495973562658933,15.420313619161234,0.06242362387195724,16.775046597176683,1.81,bg221713,bg,G,V
352188218880,2458070.5212962,4.6684455066530965,0.12624585825208143,14.786850670054895,0.029393886846080425,16.959313545863992,1.55,bg222047,bg,G,V
352188218880,2458181.6454366,3.478567317481441,0.24365533187214017,15.046564591600713,0.0761355833776668,16.185700812890616,2.31,bo032148,bo,G,g
352188218880,2458181.8986648,4.420777447718398,0.13479755048897454,14.78631899214301,0.03314328268075797,16.828435610520845,1.51,bk054157,bk,G,g
352188218880,2458182.6423225,2.5573373943649376,0.13078200653064714,15.380595549532973,0.05558685969158855,16.861270620775784,2.10,bo032587,bo,G,g
352188218880,2458182.8915942,3.053371284289464,0.12857930830050218,15.188116579997677,0.045772395396867074,16.879712898640733,1.52,bk054537,bk,G,g
352188218880,2458183.8915298,3.0722084462460186,0.20068176999093804,15.241154707512132,0.07100180944829497,16.45608658667261,1.44,bg253476,bg,G,V
352188218880,2458185.8857012,2.7919671157515062,0.21992635064998456,15.3450056575437,0.085620772462767,16.356663224137257,1.60,bg253863,bg,G,V
352188218880,2458186.8810169,5.111420900619329,0.18213454087607264,14.688427293358565,0.03873136861322102,16.56137560539275,1.49,bg254227,bg,G,V
352188218880,2458192.9039493,2.7344461181069817,0.060200340329869914,15.307892197080704,0.023929947677216297,17.703643245300665,1.46,bk058384,bk,G,g
352188218880,2458193.9029933,3.0516508532927937,0.05065753844605983,15.188728513657612,0.018043526090077394,17.891030404678446,1.41,bk058786,bk,G,g
352188218880,2458194.8829418,3.118140648166969,0.04630440200329511,15.16532637037053,0.016141309011285167,17.98858491171237,1.54,bk059175,bk,G,g
352188218880,2458195.8864075,3.0164791803479645,0.12525938626503,15.261030574079948,0.04513590138358241,16.96783069504585,1.41,bg257640,bg,G,V
352188218880,2458196.640163,2.7560451459016027,0.0528379961599528,15.299349803947106,0.02083877494064036,17.84527476400916,1.57,bo035809,bo,G,g
352188218880,2458196.8970899,4.543985138918594,0.13656015868380678,14.816189148648782,0.03266625012035576,16.874046361776873,1.38,bg258039,bg,G,V
352188218880,2458197.8778598,3.070399546519578,0.13986733684021513,15.241794171395505,0.04951463536043294,16.84806562936099,1.45,bg258412,bg,G,V
352188218880,2458198.6457436,3.214271430015948,0.05190161580896895,15.132359252056496,0.017551349044619313,17.864688414990805,2.03,bo036740,bo,G,g
352188218880,2458198.8682128,2.856671202365458,0.041836486006960855,15.26041498038711,0.01591868230206507,18.09875261275232,1.46,bk060781,bk,G,g
352188218880,2458199.8830405,3.4423063939146914,0.10690330707032832,15.11765759567969,0.033756218511225865,17.139878542718154,1.39,bg259186,bg,G,V
352188218880,2458201.6050819,2.561679024390627,0.04281163770375652,15.378753841809758,0.018165581388363283,18.073736007629574,1.54,bo037699,bo,G,g
352188218880,2458201.8619622,4.613474619222463,0.07268009609103808,14.739995283015928,0.017123775671728937,17.4991018793892,1.44,bk061925,bk,G,g
352188218880,2458202.8572804,2.7202480594704674,0.04289786758356118,15.313544349377736,0.017141126808755167,18.071551350660435,1.44,bk062274,bk,G,g
352188218880,2458203.8565232,2.913597931006057,0.04202336033238634,15.238991572154031,0.015677374387381062,18.093913668595828,1.57,bk062683,bk,G,g
352188218880,2458206.8469603,4.9494704574367905,0.1538617962470587,14.723384563604942,0.03378969211260789,16.744529398009387,1.55,bg261507,bg,G,V
352188218880,2458208.8412554,2.8085905701004195,0.14698220631433195,15.278844538879639,0.056883786990446696,16.73447870598735,1.60,bk064734,bk,G,g
352188218880,2458209.8403592,3.2529745696813928,0.11382969253028073,15.119363951850586,0.038035319370931,17.012001704536303,1.65,bk065168,bk,G,g
352188218880,2458210.8395964,2.9421644597346246,0.09873767805970124,15.228398259631975,0.03647775798299569,17.166433336381367,2.03,bk065605,bk,G,g
352188218880,2458212.9003192,2.563694348221231,0.07390267636996671,15.37790000736653,0.03133329685344368,17.48099019503357,1.55,bk066498,bk,G,g
352188218880,2458213.8607781,3.4252009088814317,0.14746041123954196,15.123066278041104,0.04679522747980876,16.790667791839557,1.38,bg264352,bg,G,V
352188218880,2458220.5921671,3.1687234121652645,0.04022452124615125,15.147854790646576,0.013798082071310168,18.141413401913027,1.72,bo041621,bo,G,g
352188218880,2458223.8454237,3.6484070184155697,0.14612838866263336,15.054523198254678,0.043535494879367566,16.8005199051441,1.47,bg267725,bg,G,V
352188218880,2458226.8470663,3.9757863452080526,0.09533290424606024,14.961223810016634,0.02606345336727712,17.26424933447135,1.37,bg269000,bg,G,V
352188218880,2458227.8519664,2.5153358066998632,0.05150883248447251,15.398575689298113,0.022258603104617747,17.872936346102875,1.48,bk072445,bk,G,g
352188218880,2458228.5709999,3.111143371565356,0.0286652220155597,15.167765559115924,0.010014919370699333,18.509252336976623,1.44,bo043296,bo,G,g
352188218880,2458229.5670531,2.4387352123821815,0.04865011958585966,15.432153999771735,0.021683602425859295,17.934930831102115,1.44,bo043712,bo,G,g
352188218880,2458233.7736012,4.172705221506103,0.12214314701480225,14.908737141273036,0.03181731830688978,16.99518363020368,1.46,bg271827,bg,G,V
352188218880,2458235.511007,3.283141049844658,0.08846525217829866,15.109341769210534,0.029288380042961682,17.285708811831867,1.49,bo045145,bo,G,g
352188218880,2458236.8458085,3.2371593780129526,0.23714309523511784,15.1843711996562,0.07962667383693571,16.274830183530035,1.39,bg272826,bg,B,V
352188218880,2458238.84687,4.093942227409367,0.3801978724613312,14.929427130204406,0.10094391519654998,15.762332187977325,1.61,bg273681,bg,B,V
352188218880,2458239.7940242,2.9245582567480626,0.38140929675914503,15.234914930121224,0.14175656156197466,15.699162424787898,1.75,bk077328,bk,B,g
352188218880,2458240.8001679,3.264847429484743,0.13375350329216865,15.115408394916884,0.044530179694131505,16.836877696568234,1.48,bk077599,bk,G,g
352188218880,2458241.8090345,3.6310046882250258,0.18077921695175117,14.99999859813485,0.05411701876833858,16.50976935917431,1.49,bk078051,bk,G,g
352188218880,2458249.9119733,2.7669171076630446,0.06680843783244024,15.295075250833692,0.026245046159155693,17.590562319300965,1.44,bk081396,bk,G,g
352188218880,2458251.8474089,2.6624297962403514,0.07997204961382129,15.336870209810684,0.032649176705931475,17.395295044571284,1.40,bk082240,bk,B,g
352188218880,2458253.7820072,4.187735226379262,0.08217340725345293,14.84511758431962,0.021328693458227976,17.365812373906678,1.45,bk082819,bk,B,g
352188218880,2458256.8640768,2.642599810638757,0.047105005835824054,15.344987123448966,0.01937527320394103,17.96997295660529,1.45,bk084068,bk,G,g
352188218880,2458258.7347413,4.717159458396802,0.06933285005507049,14.715864228927188,0.015976096250885048,17.550292978832548,1.52,bk084872,bk,G,g
352188218880,2458259.7538759,2.579095797377524,0.057821351813349776,15.371396937837194,0.02436873245003138,17.74742000923255,1.44,bk085342,bk,B,g
352188218880,2458260.7455075,2.6174799076334354,0.08366064538612046,15.355357230729215,0.03474161686978014,17.346337585067158,1.47,bk085788,bk,B,g
352188218880,2458261.828621,2.61264473156717,0.05304888903689602,15.357364726752454,0.022070293451295877,17.840949878369887,1.46,bk086308,bk,G,g
352188218880,2458262.6922496,2.9242789913199916,0.06610998894612075,15.235018611784215,0.024573128573020128,17.6019729000796,1.46,bk086654,bk,G,g
352188218880,2458264.6818671,3.0126808726060155,0.04001616907581052,15.202682796921055,0.014437584925595982,18.147051838027572,1.54,bk087556,bk,G,g
352188218880,2458274.4765181,3.291594682588116,0.05593378277344512,15.106549742104713,0.018470557840168843,17.783455132848005,1.55,bo053488,bo,G,g
352188218880,2458276.7847283,2.9700269658072815,0.06637632629576462,15.218164641204572,0.02429209619538095,17.597607581409434,1.42,bk090957,bk,B,g
352188218880,2458277.822278,3.5724890560566127,0.0557060539644913,15.017638354657954,0.016948983665716854,17.787884622587747,1.47,bk091447,bk,B,g
352188218880,2458280.5095429,2.929910502626381,0.03719038163307026,15.232929735909872,0.013797120364528674,18.226564024089647,1.45,bo055223,bo,G,g
352188218880,2458281.5132968,4.042073512047029,0.05198574348839488,14.883555103177372,0.013979518866679854,17.862929962606245,1.40,bo055680,bo,G,g
352188218880,2458281.9400194,2.9012373894696135,0.05545429928589536,15.243607457877498,0.020776104873754208,17.792802556520503,1.49,bs078469,bs,G,g
352188218880,2458282.4901384,3.1970506721537495,0.044640648614885106,15.138191822921153,0.015177252137178748,18.02831437109088,1.56,bo056111,bo,G,g
352188218880,2458283.8266185,3.1484814945287933,0.033439255308035216,15.154812759676346,0.011544300546892199,18.34199911859264,1.51,bk092980,bk,G,g
352188218880,2458286.4570274,2.512495218195564,0.042566046655017176,15.399802512592217,0.018414937342468494,18.079982319663802,2.15,bo056791,bo,B,g
352188218880,2458288.867995,2.8333029884537404,0.05170069212979753,15.269333073046536,0.01983423753757421,17.868899718594186,1.71,bs080207,bs,G,g
352188218880,2458289.8134525,3.147266632341688,0.04323753157328389,15.155231778941452,0.01493274082485813,18.06298838105018,1.55,bs080489,bs,G,g
352188218880,2458290.3567935,3.7772413804757194,0.06576085046088524,14.957128775212727,0.018923647732189294,17.60772205859451,1.50,bo057221,bo,G,g
352188218880,2458291.6080949,4.136918199770648,0.09307230769741434,14.858373288341403,0.024454327342180525,17.230589405852367,1.42,bk096548,bk,B,g
352188218880,2458291.9118611,2.7038125158411663,0.06013350633233859,15.32012418716901,0.024174200873777002,17.704849291650923,1.50,bs081221,bs,G,g
352188218880,2458292.8459281,3.7176217315534053,0.0669452155022519,14.974402626858547,0.019573411133197455,17.588341751620312,1.61,bs081494,bs,G,g
352188218880,2458294.80005,3.246226053785406,0.15220349899956806,15.121618724735592,0.050963359645326826,16.696579020126865,1.57,bs082109,bs,G,g
352188218880,2458296.3480725,3.4087241838019726,0.2029866898004223,15.068585967771824,0.06472735674926776,16.38397170798607,1.42,bo058504,bo,G,g
352188218880,2458301.6629618,3.4441223149694653,0.0891322438696246,15.057369205678787,0.0281299166845037,17.27755351180251,2.27,bk100956,bk,G,g
352188218880,2458301.9071024,3.5807486939091366,0.14924374278005068,15.015131016819169,0.045303782368048474,16.71790028175545,1.67,bs083739,bs,G,g
352188218880,2458303.9069784,2.8018904327041456,0.1187212342651543,15.281437751548065,0.04605634051467371,16.966319603874023,1.52,bs083964,bs,B,g
352188218880,2458304.8999406,4.105958515089307,0.09905959759103393,14.866529229471013,0.026223712501412404,17.16289921289414,1.39,bs084272,bs,B,g
352188218880,2458305.7250188,3.8232834752912295,0.1865849891247289,15.003690155159589,0.0530459674513934,16.53516463977194,1.71,bg279394,bg,G,V
352188218880,2458306.3995431,2.520155460239013,0.04502278714457306,15.396497292707828,0.01941856876917628,18.019059669985214,1.50,bo060708,bo,G,g
352188218880,2458306.7930331,2.6394202236077153,0.05436724146201531,15.346294272286107,0.0223893213924569,17.814297366680112,1.50,bk102795,bk,G,g
352188218880,2458307.3958666,3.3109529131570263,0.04065451502277121,15.100183111131058,0.01334651727197392,18.12986864986501,1.45,bo061153,bo,G,g
352188218880,2458308.3928682,2.740980670967702,0.0390397114903665,15.30530068987426,0.015481491518977573,18.173874112687926,1.48,bo061601,bo,G,g
352188218880,2458309.6649145,2.3848114811308725,0.04826271277823948,15.456430487678926,0.0219973238246294,17.943611288111775,1.46,bk103665,bk,G,g
352188218880,2458310.390265,3.0117826202196385,0.037818552084782235,15.203006565218526,0.013648767861037475,18.2083783677018,1.42,bo062217,bo,G,g
352188218880,2458310.6196897,3.7701697349112973,0.05242808204683146,14.959163365284994,0.015115246715654418,17.85373068543526,1.48,bk104086,bk,G,g
352188218880,2458311.7577414,3.191588740422816,0.12886255640988142,15.199764093866602,0.04388660554026808,16.93703953681207,1.47,bg281482,bg,G,V
352188218880,2458312.7688242,5.208461730379009,0.18887315003603886,14.668007710784131,0.039416033531678975,16.52193083476423,2.03,bg281935,bg,G,V
352188218880,2458313.716758,2.858856482417109,0.03908206454752134,15.25958473761126,0.014859264606050287,18.17269686725464,1.59,bk105540,bk,G,g
352188218880,2458314.7734365,3.731055408970152,0.15801270879991614,15.030202157798527,0.04603334057564754,16.715626348130904,1.75,bg282805,bg,G,V
352188218880,2458316.7728819,2.660643463773062,0.043228506100202235,15.337598918889647,0.017660204108678867,18.063215043059657,1.61,bk106716,bk,G,g
352188218880,2458317.3249888,3.9827800605860784,0.06143315369294415,14.899599811764283,0.016765969007016122,17.68163358505572,1.52,bo062834,bo,G,g
352188218880,2458318.861603,3.276511356234763,0.056267984831625324,15.111536428434526,0.018666455393622453,17.776987207161994,1.42,bs085801,bs,G,g
352188218880,2458319.345938,4.401365721078407,0.06882372809265448,14.79109698044357,0.01699663350910592,17.558295126205962,1.60,bo063335,bo,G,g
352188218880,2458319.5705131,2.819416017337898,0.1964789366717111,15.334383497824911,0.07574762301355364,16.47906639592585,2.46,bg283883,bg,G,V
352188218880,2458319.7479141,2.892321588240912,0.04161059345736839,15.246949174382824,0.015637578516789357,18.104630836894785,1.51,bk107303,bk,G,g
352188218880,2458322.8478922,3.406845043714595,0.10716716238771486,15.06918467065643,0.03419176527811624,17.077486282810383,1.48,bs087166,bs,G,g
352188218880,2458323.3991461,2.5487751784290014,0.08473766315885298,15.38423679966812,0.03613741862639321,17.33244940360643,1.48,bo065101,bo,G,g
352188218880,2458323.7983307,2.5895408626180516,0.10759662884705583,15.367008700986155,0.04516354969745929,17.073143950217947,1.54,bk109154,bk,G,g
352188218880,2458329.659155,2.4780828284380676,0.08965482975843614,15.414776076491624,0.03932511891572518,17.27120638587295,1.64,bk111141,bk,G,g
352188218880,2458330.5635767,4.837962787294747,0.09736028230184951,14.688409313465359,0.02187416449011864,17.181686050226787,1.49,bk111504,bk,B,g
352188218880,2458331.7265874,2.690890967376661,0.07510290928018182,15.325325370093196,0.030337014034894236,17.463498709682195,1.42,bk112083,bk,B,g
352188218880,2458332.5893494,3.049102161594476,0.03331293657082301,15.189635682659821,0.011875533106113702,18.346108316693275,1.47,bk112420,bk,G,g
352188218880,2458333.3319659,2.789624786779889,0.04263708012339105,15.286201139178331,0.01661322071974065,18.078171972340943,1.44,bo067560,bo,G,g
352188218880,2458333.7875909,2.905618525929861,0.11241146964692415,15.241969132613448,0.04205176245973384,17.025614047099857,1.52,bs089812,bs,G,g
352188218880,2458334.3303221,3.762900453956986,0.04650637451593413,14.961258798824463,0.01343389433259638,17.983859399789544,1.49,bo067988,bo,G,g
352188218880,2458334.6496662,3.213386074942443,0.15567274893876193,15.192374136121963,0.052657696825015456,16.731824907557527,1.41,bg289855,bg,G,V
352188218880,2458336.5500683,3.0264895603496895,0.0376048684757678,15.197717671820513,0.013505699003354646,18.214530426297955,1.40,bk114141,bk,B,g
352188218880,2458336.7191294,2.926674108922229,0.052990703845403046,15.2341297083881,0.01968056195963643,17.84214139134363,2.28,bs090466,bs,G,g
352188218880,2458338.647391,3.570483292027065,0.12668501251815925,15.07796389164919,0.038566515874953085,16.95554329699061,1.47,bg291334,bg,G,V
352188218880,2458338.8074534,2.4959477272067283,0.06447273707261658,15.406976908161106,0.028077135298774814,17.62920034198307,1.46,bs091246,bs,G,g
352188218880,2458339.31592,3.5989720891104304,0.039403475440813344,15.009619425761322,0.011900582596673074,18.163804289225872,1.53,bo068544,bo,G,g
352188218880,2458340.3090355,3.011017631596085,0.03808515911162275,15.203282375743385,0.013748478801137765,18.200751175636306,1.41,bo068915,bo,G,g
352188218880,2458341.798146,5.369602142897595,0.2097057124324033,14.634926134190485,0.04245025715282282,16.408330741403894,1.39,bg292731,bg,G,V
352188218880,2458342.3073721,3.989328326533951,0.04720851802164374,14.897816170430849,0.012862718318762132,17.967589693456855,1.65,bo069212,bo,G,g
352188218880,2458342.7939166,3.4489863096852624,0.056991712802046554,15.05583694604768,0.01796107851785617,17.76311133831365,1.51,bk116752,bk,G,g
352188218880,2458343.615998,3.112054191766261,0.073665967164134,15.167447744852389,0.02572953377583409,17.48447337369595,2.14,bk117052,bk,B,g
352188218880,2458344.2994378,3.2189894172639706,0.033802729750884816,15.130766750024096,0.011414171590082171,18.330261178212798,1.65,bo069789,bo,G,g
352188218880,2458344.6124655,2.942782598576894,0.040187785735350215,15.228170174071838,0.01484390176169254,18.14240541615435,1.51,bk117492,bk,G,g
352188218880,2458345.2965042,3.02917606542297,0.03044069799843674,15.196754330647488,0.010923008270591233,18.44400409522065,1.98,bo069900,bo,G,g
352188218880,2458345.4711974,2.6483961734276353,0.06541579244141774,15.342608242999084,0.02684799311082948,17.613434094522518,2.04,bk117821,bk,G,g
352188218880,2458345.719989,3.808703007718262,0.12529461070616665,15.007838632314503,0.035757525322884814,16.967525415930382,1.46,bg294377,bg,G,V
352188218880,2458346.2601532,2.844197517738597,0.04535625575888378,15.265166239636748,0.017333633719638798,18.011047622522206,1.44,bo070293,bo,G,g
352188218880,2458346.4715457,2.9449655265181787,0.03372557080042636,15.227365083923118,0.012447761714290455,18.332742339497997,2.06,bk118264,bk,G,g
352188218880,2458348.7538639,2.571340586586735,0.06820488066162386,15.37466661010062,0.028831552006885593,17.568101978005906,1.43,bs092532,bs,G,g
352188218880,2458350.6894994,3.3892490634392773,0.06944906209344258,15.074806910499472,0.022272813109382658,17.548474648979223,1.67,bk119992,bk,B,g
352188218880,2458351.5448022,2.7035302761164512,0.07250188534745657,15.320237528564078,0.02914944131123395,17.50176736103709,1.60,bk120314,bk,G,g
352188218880,2458356.5269162,3.085719646253733,0.11601248414842219,15.176674458288375,0.040865840291544095,16.99137879559386,1.61,bk122334,bk,G,g
352188218880,2458358.5576505,3.3802373022092778,0.08233688003251631,15.07769764716322,0.026476427756270897,17.363654595495753,1.47,bk122942,bk,G,g
352188218880,2458359.5269372,3.3177801268105482,0.19751415055615468,15.157662400926739,0.06470871663492726,16.47336085531117,1.37,bg298618,bg,G,V
352188218880,2458359.7043142,3.612035543984258,0.14530104574498734,15.00568558401447,0.04372490728976005,16.746968761525707,1.57,bs095177,bs,B,g
352188218880,2458360.2653654,2.9146044487636247,0.037537624467284335,15.238616563631753,0.013999074811889885,18.21647364833367,1.46,bo073468,bo,G,g
352188218880,2458360.5776385,4.489990688692506,0.1886844956448119,14.829167803597578,0.045677565347448414,16.523015855407472,1.40,bg299070,bg,G,V
352188218880,2458360.7446155,2.4581056199126623,0.11413099038419434,15.423564272977178,0.0504678982569731,17.009131646641077,1.69,bs095472,bs,B,g
352188218880,2458361.7356725,5.2976024911417205,0.12918701471639712,14.589867203206124,0.026506456157251976,16.874593455011826,1.44,bs095793,bs,G,g
352188218880,2458362.2626037,3.7082253532905476,0.05212685741752521,14.97715032510818,0.015279445618769379,17.859986753151446,1.68,bo074278,bo,B,g
352188218880,2458362.581627,4.014001988747687,0.1678441999498977,14.950837446207375,0.04545073676671158,16.650090547936646,1.42,bg299636,bg,B,V
352188218880,2458362.7468125,2.9782049767567624,0.0821637601741948,15.215179159719948,0.029987336556400134,17.365939845779252,1.42,bs096128,bs,G,g
352188218880,2458364.5600977,3.0571658528254364,0.04023022833345791,15.186768122119727,0.01430361032512923,18.141259367717275,1.56,bk125227,bk,G,g
352188218880,2458365.2529218,2.9330742868274737,0.03794116158555141,15.231757965725253,0.014060466594039277,18.204864054254507,1.47,bo074749,bo,G,g
352188218880,2458365.7167043,2.8322655144943,0.0506540295927255,15.269730711183385,0.019439818596248593,17.891105612064486,1.50,bk125775,bk,G,g
352188218880,2458366.2471169,3.6663722707264883,0.080429633647296,14.989474223230344,0.023844691258450547,17.38910038514524,1.54,bo075109,bo,B,g
352188218880,2458366.7274637,5.879933274135438,0.21987447883582334,14.53635041026168,0.040645699124830854,16.35691933600939,1.47,bg301365,bg,G,V
352188218880,2458367.601706,3.0526925627126276,0.03430772537911194,15.188357950743356,0.012215775116811618,18.314160798817568,1.52,bk126524,bk,G,g
352188218880,2458368.5530531,3.6484390652537124,0.13685751787538114,15.054513661418621,0.040773100206164606,16.871684745867743,1.57,bg302030,bg,G,V
352188218880,2458369.7144929,3.581070656561986,0.05643193542848848,15.015033397347938,0.01712869310075153,17.773828247972535,1.54,bk127394,bk,G,g
352188218880,2458370.2402028,2.9270558647565927,0.03833144539506684,15.233988094021466,0.014234307947969416,18.19375262179401,1.44,bo075226,bo,G,g
352188218880,2458370.5356635,3.5260908184088984,0.052710253207608214,15.031831887664742,0.016248518951189044,17.847902855271947,1.46,bk127667,bk,G,g
352188218880,2458371.2739962,4.5543310202266385,0.06506288704970667,14.754004139679902,0.015528192634169964,17.619307285398765,1.43,bo075277,bo,G,g
352188218880,2458372.2706916,3.313434283570121,0.035932800995615924,15.099369718513474,0.01178758624554821,18.263912930973937,1.60,bo075633,bo,G,g
352188218880,2458372.5366064,3.4624829732486178,0.04590518532407219,15.051596506192919,0.014410739621003449,17.9979862488823,1.48,bk128479,bk,G,g
352188218880,2458372.7076549,2.946953371263269,0.049571844891795135,15.226632461791512,0.018284116954548065,17.91455290609898,1.61,bs097451,bs,G,g
352188218880,2458373.7029396,2.622529112051721,0.05336054940574843,15.353264827560336,0.022116283443193083,17.834589880260882,1.47,bs097840,bs,G,g
352188218880,2458376.3671319,3.6763469509548212,0.05717098838736577,14.986524395573982,0.016903295448156677,17.759701360245824,1.47,bo076768,bo,B,g
352188218880,2458376.5096403,3.0004347511062894,0.1260969926667065,15.266820937445424,0.045680696272509126,16.96059457105528,1.41,bg304825,bg,G,V
352188218880,2458377.3357336,2.8300170213588443,0.06148330633435404,15.270593003206496,0.023614586164616907,17.680747576110253,1.70,bo077139,bo,B,g
352188218880,2458377.6467319,3.4458702932046577,0.060317976715771514,15.056818307178972,0.019026548474157245,17.701523698216647,1.50,bk130585,bk,G,g
352188218880,2458378.5105077,3.8449234444787455,0.19463273365490025,14.997562161840097,0.05502250493281009,16.489316687579542,1.39,bg305619,bg,G,V
352188218880,2458383.4891701,4.342501655450972,0.2274524736567924,14.865431422814092,0.056932839465152284,16.320129732786043,1.59,bg307457,bg,G,V
352188218880,2458385.5014805,3.913896121085079,0.25167151597829357,14.978258167409159,0.06989352480636096,16.210271230784016,1.56,bg308255,bg,G,V
352188218880,2458385.6734133,2.4296099057386074,0.1680484232682057,15.436224248353303,0.075181340513931,16.589054506413422,1.47,bs099502,bs,G,g
352188218880,2458388.2921244,2.8174749496048017,0.09549569639931071,15.275415463811422,0.036841381682492125,17.202681111073023,2.20,bo077771,bo,B,g
352188218880,2458389.2652927,3.3717658332665623,0.034514581642450956,15.08042210838764,0.011126469472233315,18.307634077458488,2.03,bo078083,bo,G,g
352188218880,2458389.6363826,4.3502267271957535,0.10559167707946604,14.803785891502528,0.026383351774605848,17.09356639220035,2.08,bs100427,bs,G,g
352188218880,2458390.6506718,2.478131989663739,0.13616541167518606,15.41475453742419,0.059724777724902436,16.817473602894978,1.57,bk134939,bk,B,g
352188218880,2458392.2316512,2.956834584596123,0.04737337694356531,15.222998049051606,0.017414839941967172,17.96380475170784,2.09,bo079039,bo,G,g
352188218880,2458392.6624521,2.782967851791909,0.05445636667146629,15.288795148550985,0.021269272969019423,17.812518956830402,1.47,bs101501,bs,G,g
352188218880,2458393.6451351,2.871978079732884,0.04490422126522356,15.25461282016662,0.01699488464145635,18.021922688442714,1.46,bk136052,bk,G,g
352188218880,2458394.6450941,4.242229809330678,0.06849365774688769,14.831080143926084,0.01754964519413762,17.56351471311438,1.42,bk136443,bk,G,g
352188218880,2458395.6432718,2.4270051625726596,0.15405925510729257,15.437388871940204,0.06899685037984785,16.683421127265316,1.52,bk136833,bk,B,g
352188218880,2458396.3076723,4.045904821440153,0.05143877343491396,14.882526467476492,0.013819334048357395,17.874414100881918,1.51,bo080059,bo,G,g
352188218880,2458396.6341764,3.2375078929832766,0.04147942077834763,15.124538532551313,0.013926244637334526,18.10805890334325,1.44,bs102272,bs,G,g
352188218880,2458398.3011896,3.216987775408262,0.06230648709554864,15.131442095829934,0.02105212926603887,17.666307446514487,1.44,bo080446,bo,G,g
352188218880,2458399.2957578,2.968719317198704,0.04448113303227099,15.218642776283161,0.01628616668597528,18.032201008566307,1.45,bo080829,bo,G,g
352188218880,2458401.3048556,3.8342280332822134,0.05319116610813556,14.940870776950085,0.015079041830137242,17.838041832821723,1.46,bo081436,bo,G,g
352188218880,2458402.3041763,2.6298979939011833,0.04350277008572525,15.3502183627926,0.017980020429710145,18.056348331432496,1.47,bo081820,bo,G,g
352188218880,2458405.2704537,2.9564566824909697,0.07411934081039277,15.223136821853231,0.027250357280047106,17.47781174091253,1.62,bo082264,bo,B,g
352188218880,2458412.3596278,3.428462183916807,0.09722444484048458,15.062317213429054,0.030823949258527217,17.183201931518084,1.53,bo083895,bo,B,g
352188218880,2458413.2739318,3.235871472300477,0.09285575481691911,15.125087464143025,0.03119103127031979,17.233118549713026,1.58,bo084160,bo,G,g
352188218880,2458413.5240629,2.686929593445985,0.1275425438610649,15.326924905751326,0.051595397284372686,16.888502924376475,2.49,bG008003,bG,G,g
352188218880,2458414.5896311,3.644443910762379,0.12178479270353675,14.995987445593475,0.03632235202930203,16.938657958378013,1.43,bG008438,bG,G,g
352188218880,2458415.337055,3.9970269359968804,0.1160977567074816,14.895722934822242,0.0315717696761047,16.990581040971165,1.51,bo084852,bo,B,g
352188218880,2458416.5784492,3.1855906505485483,0.14399582136324182,15.14209070211735,0.049132865551010686,16.756765887891856,1.52,bs104905,bs,G,g
352188218880,2458417.5750415,3.1566015845187363,0.1010005695103934,15.152016196823277,0.034778930691510224,17.141831054843898,1.51,bG009379,bG,G,g
352188218880,2458418.5736043,3.133361564055575,0.04601807524327782,15.160039342854754,0.015963573300114584,17.9953194867745,1.46,bs105737,bs,G,g
352188218880,2458419.5660534,3.486150077274611,0.06597725263033404,15.044200423860444,0.020571232862423523,17.60415504379807,1.46,bk144487,bk,G,g
352188218880,2458423.560034,3.0881236664151355,0.0569753285473065,15.175828913066077,0.020054153146857576,17.763423515912912,1.43,bG010764,bG,G,g
352188218880,2458424.2952657,2.761224747531531,0.045840014736240824,15.297311229515698,0.018044928439352195,17.999528740010962,1.44,bo087225,bo,G,g
352188218880,2458424.5567778,3.421960169368792,0.056220123940781394,15.064378246852822,0.017857843851434005,17.777911114687583,1.55,bG011090,bG,G,g
352188218880,2458425.5534698,2.5915635685901277,0.05331881233445097,15.36616095694,0.02236303654702373,17.835439443868335,1.46,bG011404,bG,G,g
352188218880,2458426.5505296,3.489046578055737,0.054371037160446445,15.043298704209704,0.016938424900077034,17.814221567665026,1.61,bG011766,bG,G,g
352188218880,2458427.2902096,2.601020399117427,0.09300152376769358,15.362206226616276,0.038864982691128626,17.231415450850903,1.53,bo087942,bo,B,g
352188218880,2458427.5473966,3.1799376196542504,0.053090315339765534,15.144019120831889,0.018147168718995035,17.840102349138764,1.41,bG012088,bG,G,g
352188218880,2458428.5401616,2.788675923455405,0.051068590216228976,15.286570504448584,0.019905266411441767,17.882255938888868,1.63,bG012447,bG,G,g
352188218880,2458429.537953,3.0812389168275676,0.06791885657504368,15.178252186099586,0.023959467634959684,17.572664696743526,1.50,bG012809,bG,G,g
352188218880,2458430.2808211,5.05792088695041,0.06867868747482819,14.64013554208115,0.01475917653197171,17.560585644633438,1.71,bo088375,bo,G,g
352188218880,2458430.5338269,2.6668322461802094,0.05706839886311786,15.335076377817213,0.02326013134809089,17.761651391549872,1.59,bG013167,bG,G,g
352188218880,2458431.5339832,3.7127025514433853,0.04984437379161433,14.975840231065327,0.014592784208833311,17.908600250918912,1.58,bG013528,bG,G,g
352188218880,2458432.5308313,3.461025459784272,0.05808773662210901,15.052053637191126,0.018242814127811067,17.7424294749374,1.53,bG013886,bG,G,g
352188218880,2458433.5266728,2.7352428690057966,0.0685829545291326,15.307575886114881,0.02725413912976403,17.562100135360282,1.41,bk148649,bk,G,g
352188218880,2458438.5117217,2.58109823015961,0.09558505144990594,15.37055428972488,0.04025294110864615,17.20166566580527,1.56,bG015759,bG,G,g
352188218880,2458547.9041506,3.7337398350332505,0.1398444650820027,14.969705489123866,0.04071115290994807,16.78852740628421,1.50,bG051590,bG,G,g
352188218880,2458548.6347933,2.903485536644577,0.05589268359672038,15.242766454806517,0.020924132800456876,17.784253206284703,1.54,bo115614,bo,G,g
352188218880,2458548.8914753,2.9998136037633425,0.05472960942073262,15.207329946626372,0.019830800759577386,17.807084739442665,1.48,bG051955,bG,G,g
352188218880,2458549.6300786,3.2042832872373284,0.050706301884089255,15.135738360738834,0.01720058452562836,17.889985767181507,1.46,bo115942,bo,G,g
352188218880,2458549.8908659,2.707019886845433,0.05754330195594464,15.318837006576402,0.02310550714731023,17.752653663937114,1.45,bG052299,bG,G,g
352188218880,2458551.8852263,2.55993498304286,0.0653127951867673,15.379493284065386,0.027732020208139876,17.61514493487553,1.46,bG053018,bG,G,g
352188218880,2458552.880471,4.361898772302985,0.07807584591770822,14.800876665840102,0.01945598794025785,17.421348865645044,1.40,bG053392,bG,G,g
352188218880,2458553.8796254,2.915859774852498,0.06632221039076838,15.238149035506288,0.024723191335237354,17.598493131499616,1.41,bG053760,bG,G,g
352188218880,2458554.6181222,3.5667359869833484,0.06106137488377194,15.019388213135795,0.018608346650408725,17.68822416436423,1.45,bo116455,bo,G,g
352188218880,2458554.8789359,2.7962836671600466,0.06182467544683741,15.283612557214921,0.02403215917274774,17.674735998495628,1.46,bG054140,bG,G,g
352188218880,2458555.8701163,3.113232575685176,0.04848455694739594,15.167036707049009,0.016927937150987078,17.938632033005042,1.60,bG054514,bG,G,g
352188218880,2458556.8694141,2.6139755411049905,0.07072047738550805,15.356811823326266,0.029407346360321267,17.528777652343383,1.43,bG054895,bG,G,g
352188218880,2458558.8675798,2.8457630813010737,0.05279020946109916,15.2645687700923,0.020163541664713083,17.846257148444945,1.43,bG055797,bG,G,g
352188218880,2458562.8742964,4.397489058488123,0.1338568505208885,14.792053703404841,0.03308628508632653,16.836039105446016,1.51,bG057574,bG,G,g
352188218880,2458563.8732848,2.7395049017800908,0.1320069092020522,15.305885417652235,0.052376533722776286,16.851148954832894,1.58,bG057967,bG,G,g
352188218880,2458564.8686462,3.0080240190641137,0.11223364104055909,15.204362372847783,0.04055588895381225,17.027332980540343,1.47,bG058358,bG,G,g
352188218880,2458565.8678228,3.1259643213690618,0.1005832217496063,15.162605580205602,0.034974675849910285,17.14632675579734,1.52,bG058752,bG,G,g
352188218880,2458567.862221,4.3882069989708254,0.10266991518314954,14.794347857847775,0.025431282963839442,17.12403260332635,1.46,bG059165,bG,G,g
352188218880,2458569.8491162,2.816529690248355,0.10015410532731771,15.275779788082136,0.03865152153069491,17.150968722014753,1.49,bG059914,bG,B,g
352188218880,2458576.5774063,3.1276816816860875,0.04251692653625914,15.162009255975297,0.014775816494847726,18.081235954680125,1.44,bo123727,bo,G,g
352188218880,2458577.583858,2.5440469881636742,0.051748492862927736,15.38625280127236,0.02210979674087346,17.867896346933584,1.60,bo124102,bo,G,g
352188218880,2458578.8259499,2.7332141208395058,0.04741165669009857,15.308381482808656,0.018854874578919028,17.962927783954886,1.46,bk198962,bk,G,g
352188218880,2458579.8330946,3.4066916029178493,0.05973518937067107,15.069233572199634,0.019059416358134795,17.71206499939659,1.37,bG063545,bG,G,g
352188218880,2458580.8178454,3.466291493992399,0.055372577260083274,15.050402918699461,0.017363682218493583,17.794403767002965,1.49,bG063936,bG,G,g
352188218880,2458581.81667,2.9346430823827605,0.051262389389754484,15.231177399871225,0.01898697282869678,17.87814349842321,1.42,bG064338,bG,G,g
352188218880,2458582.8058745,3.6805136448074744,0.06888490186712436,14.985294541944217,0.020343598899426846,17.557330501314816,1.42,bk200630,bk,G,g
352188218880,2458583.6375125,3.6492697388418414,0.05118554756151308,14.994550707799778,0.015245917326580599,17.879772227572662,1.52,bo125760,bo,B,g
352188218880,2458584.8031464,3.271842673265503,0.0544306078606724,15.113084591213841,0.01808268615108378,17.81303265048591,1.39,bG065542,bG,G,g
352188218880,2458585.8063123,3.2005037117446684,0.04931796023100404,15.137019784282817,0.016749388015156772,17.920127846272976,1.46,bG065953,bG,G,g
352188218880,2458586.7904273,2.6931729876114834,0.05417178684835249,15.324404997616934,0.0218635703239027,17.818207709035885,1.43,bG066352,bG,G,g
352188218880,2458587.7940287,3.392197253666727,0.06410290144060155,15.073862876757866,0.02054039360710717,17.63544639368549,1.48,bk202741,bk,G,g
352188218880,2458588.7963248,2.5823086507980926,0.06269110640758233,15.370045246930246,0.02638821155004192,17.659625774998098,1.64,bG066861,bG,G,g
352188218880,2458588.9260328,3.27824110875639,0.24247110773181765,15.110963392307951,0.08039541422942836,16.190990620077834,1.52,bk203272,bk,G,g
352188218880,2458589.7915799,3.6651302762426514,0.10324826152855937,14.989842081900917,0.030620022418887945,17.117933741853772,1.41,bG067270,bG,G,g
352188218880,2458589.9043242,3.10340798239146,0.055589256099043166,15.17046844012633,0.019469919777972657,17.790163455678503,1.46,bk203683,bk,G,g
352188218880,2458591.533238,3.247315709578601,0.12167553994085481,15.121254338457778,0.04072779905099059,16.93963240613784,1.53,bo127767,bo,G,g
352188218880,2458592.5939143,2.338124124556477,0.11405828915785383,15.477896714949237,0.05302387497586515,17.009823478933967,1.40,bo128200,bo,G,g
352188218880,2458595.786732,2.9452950550614627,0.10843919068180163,15.227243601667668,0.04001931328446742,17.064674942355758,1.44,bk206107,bk,G,g
352188218880,2458601.761188,2.4641049089412705,0.06045074882986296,15.420917637491605,0.026665802842325215,17.699136398877705,1.49,bG071590,bG,G,g
352188218880,2458602.7609712,2.9989660792719657,0.05193278213396946,15.207636738367174,0.018822712475053762,17.86403663852542,1.45,bG072017,bG,G,g
352188218880,2458604.9608009,2.995998556237513,0.05522996085832045,15.208711622926469,0.02003758180235556,17.79720377284802,1.50,bs155769,bs,G,g
352188218880,2458605.9391225,2.8383384993128824,0.06420703204319518,15.26740515221531,0.024588417568151034,17.633684123423006,1.49,bs156109,bs,G,g
352188218880,2458607.7461828,3.009538016716925,0.06015220273004086,15.203816037939895,0.021725204563362757,17.704511772652108,1.39,bG073832,bG,B,g
352188218880,2458608.7389212,2.4779910749436027,0.06211495426776425,15.414816277704439,0.0272463671566738,17.669650186921782,1.44,bk211293,bk,B,g
352188218880,2458609.74187,4.350488973412655,0.07056055514182115,14.803720441665495,0.017629341450502094,17.531235638967203,1.43,bk211740,bk,G,g
352188218880,2458611.8611352,4.725917149326887,0.07301927057647968,14.713850363058258,0.016794363899723313,17.494046885778637,1.43,bk212297,bk,G,g
352188218880,2458612.9376387,2.7597092474839084,0.08475527840455958,15.297907300148974,0.033382249487928665,17.33222372447299,1.50,bs158193,bs,G,g
352188218880,2458613.4900862,4.457706069610724,0.057883424537221805,14.777287050388807,0.014114157555215915,17.746255068385214,1.55,bo132953,bo,G,g
352188218880,2458615.4767944,2.5409731806542846,0.04464816213367543,15.387565419273898,0.019099222055688234,18.02813164496144,1.51,bo133813,bo,G,g
352188218880,2458615.8621742,2.7310088584448335,0.04546031109664719,15.309257850175783,0.018093453440838982,18.008559602971182,1.54,bk214066,bk,G,g
352188218880,2458616.746247,2.424882965697226,0.055290738089088694,15.438338665532845,0.02478413565020238,17.796009642750217,1.55,bk214423,bk,G,g
352188218880,2458617.7045051,3.582497391615635,0.11425908486915588,15.014600915123324,0.03466706151890998,17.007913758040786,1.48,bk214839,bk,G,g
352188218880,2458618.7148875,2.8409492652426103,0.08135282916790064,15.26640692729372,0.031125859693389313,17.376708959481793,1.43,bG075733,bG,G,g
352188218880,2458619.7148226,5.090428119732739,0.15191031530108876,14.633179849044126,0.032437332195280125,16.69867244857195,1.46,bG076116,bG,B,g
352188218880,2458619.8096629,4.1766406820151,0.4553628721715733,14.847997836400017,0.11850663759419947,15.506746567199915,1.51,bk218486,bk,B,g
352188218880,2458619.9147695,3.11298514415118,0.12002586389154601,15.167123001935213,0.0419092573504274,16.954453510175956,1.45,bs161213,bs,G,g
352188218880,2458620.729833,3.270241390689353,0.09573379946403698,15.113616094778974,0.031819815495750296,17.19997737282109,1.42,bk215760,bk,B,g
352188218880,2458620.9269009,3.2376197569357252,0.1728213937123923,15.124501018312287,0.05802081624604443,16.558646853525183,1.54,bs159517,bs,G,g
352188218880,2458621.9035679,3.2046223721818934,0.1425822289047968,15.13562347160777,0.048361605703529605,16.76747711268646,1.51,bs159839,bs,G,g
352188218880,2458624.7029294,4.923513491251325,0.13214820067704452,14.669377791540432,0.029174155573502565,16.84998747599932,1.49,bk217195,bk,B,g
352188218880,2458630.8917848,3.9982741000939024,0.10167036699893992,14.895384213060975,0.02763974297672917,17.134654633366765,1.50,bs161975,bs,G,g
352188218880,2458631.8918914,3.4866738566274744,0.054712256077637585,15.044037308826084,0.017056325314055164,17.807429052890612,1.69,bs162194,bs,G,g
352188218880,2458635.669306,2.6913442215159944,0.05685374919438366,15.325142503899906,0.02296159405330415,17.765742838146476,1.45,bG080438,bG,G,g
352188218880,2458636.6516739,2.351922409254766,0.058566899596619454,15.471508146999378,0.027067080624805843,17.733510026347496,1.49,bk220587,bk,G,g
352188218880,2458637.6604856,3.644203343012014,0.06035264848796511,14.996059116812363,0.018001384309142998,17.700899778363308,1.43,bG081314,bG,G,g
352188218880,2458638.6911676,2.7795593696282572,0.06684810651157612,15.290125735460212,0.02614118846772015,17.589917835746366,1.42,bG081781,bG,B,g
352188218880,2458640.6589566,2.819864824738076,0.05905433072517293,15.274494896942521,0.0227633216158255,17.724511231628497,1.50,bG082640,bG,G,g
352188218880,2458641.6521891,2.4533380152273447,0.0715636200204823,15.425672151241587,0.03170641102763654,17.515909858731664,1.44,bG083077,bG,B,g
352188218880,2458642.4022993,2.5360458532958106,0.05538569874070657,15.389672868290605,0.023738469231166404,17.794146513691448,1.47,bo141460,bo,B,g
352188218880,2458643.644998,2.750241482485896,0.05823865563603369,15.3016385514277,0.023017210293725842,17.7396122582051,1.48,bG083955,bG,G,g
352188218880,2458644.6557347,4.301891194719808,0.08031895149087323,14.815917067712874,0.02029414603730808,17.39059553539289,1.48,bk224273,bk,G,g
352188218880,2458645.640198,2.8404345845077024,0.08057920699924451,15.266603642574395,0.03083545561728767,17.387083138768688,1.48,bk224723,bk,G,g
352188218880,2458646.7605481,3.327407843875651,0.0493397855853577,15.094800532126202,0.01611771211693372,17.91964746680365,1.53,bk225280,bk,G,g
352188218880,2458647.5508699,5.070804530598238,0.07015391144161827,14.637373448071266,0.015037900022933863,17.537510885962313,1.50,bo142612,bo,G,g
352188218880,2458647.9233185,2.6692352355665054,0.04737101406282813,15.334098499347107,0.019290256621409787,17.963858907212714,1.44,bk225871,bk,G,g
352188218880,2458648.774451,3.8956077168740846,0.07405957854517554,14.923627578623133,0.020664180725446454,17.478687520798424,1.45,bG086264,bG,G,g
352188218880,2458650.6197546,3.067285207973507,0.12876242169667554,15.183180221704706,0.045629651150241014,16.878167771254223,1.50,bG086668,bG,G,g
352188218880,2458656.8485784,3.294878435547766,0.12764141231275283,15.105467132426597,0.04210797705326409,16.88766160923671,1.50,bs167387,bs,G,g
352188218880,2458657.7512554,2.7661267138192733,0.07832506661335037,15.295385445094112,0.030778033972812216,17.417888679168165,1.49,bk229844,bk,G,g
352188218880,2458658.3673632,3.298916476456887,0.04884849130082579,15.10413732225873,0.016095038045211833,17.93051272405057,1.43,bo146206,bo,G,g
352188218880,2458659.3369974,3.336452358515891,0.05394260788132678,15.09185330252324,0.0175735371394021,17.822810764442018,1.46,bo146607,bo,B,g
352188218880,2458659.789974,2.975169166441976,0.048283520156192,15.21628646101698,0.017640034630050743,17.943143298357388,1.44,bk230320,bk,B,g
352188218880,2458660.8478026,4.766182208277719,0.07659158644583047,14.704639019420968,0.017467171996289495,17.442187948484523,1.47,bG090492,bG,G,g
352188218880,2458667.8811917,2.958110030422295,0.0485970071857668,15.222529812128938,0.017856953715150246,17.936116800566722,1.49,bk231786,bk,G,g
352188218880,2458668.3749056,3.5474127284870627,0.05211423151112039,15.025286322319769,0.015968230412420643,17.860249766592876,1.51,bo147534,bo,G,g
352188218880,2458668.5669008,2.466328878834674,0.059391170327132405,15.419938151750895,0.026174781666303253,17.718335903165954,1.51,bG091687,bG,G,g
352188218880,2458670.8346955,4.012780769892019,0.06335244113337023,14.891452038314522,0.017160506144437124,17.648232226364076,1.44,bs169589,bs,G,g
352188218880,2458671.6497915,3.703632601206509,0.06483314150343812,14.978495876489749,0.019027482898557792,17.623147946585284,1.43,bG093037,bG,G,g
352188218880,2458672.7944331,2.491556722263625,0.06975847638369674,15.408888675587908,0.030432552538059977,17.54364814526978,1.48,bs169910,bs,B,g
352188218880,2458673.3622922,3.4694054832906076,0.04780794561580473,15.049427970929814,0.01497811614362283,17.953890407028542,1.62,bo148326,bo,G,g
352188218880,2458673.8918799,3.010763028402045,0.0720162981644124,15.203374186429091,0.025999583568310256,17.50906362724362,1.41,bs170124,bs,G,g
352188218880,2458674.8914647,3.646206810619821,0.08541839557820541,14.995462377444955,0.02546374546825014,17.323762087009364,1.46,bs170454,bs,G,g
352188218880,2458675.3380822,4.308269045148655,0.0715053337331213,14.814308580950094,0.018040467766949182,17.516794516573487,1.48,bo149028,bo,G,g
352188218880,2458675.6165274,2.5422011451183604,0.11477209569245965,15.38704084725756,0.04907254414787006,17.003049832050856,1.43,bk234650,bk,G,g
352188218880,2458675.6293961,2.336372274070733,0.08888987000025989,15.478710512810887,0.04135446434869002,17.280509933810237,1.54,bG094289,bG,G,g
352188218880,2458676.6678388,3.151961836226878,0.07157142354287246,15.153613246190542,0.024681461779120055,17.515791473092744,1.42,bG094703,bG,G,g
352188218880,2458677.4028529,2.5513760141212494,0.08907079953399952,15.383129451430051,0.037946616223616524,17.278302234620423,1.45,bo149645,bo,G,g
352188218880,2458677.8336046,2.989895369518918,0.1391494986349379,15.210925645815346,0.05058687222968354,16.79393649674102,1.51,bs170957,bs,B,g
352188218880,2458678.6676052,4.052303042414673,0.09649893238370696,14.880810833173122,0.025884081915263684,17.191334340062745,1.50,bk235745,bk,G,g
352188218880,2458683.7496784,4.329412076711437,0.10353506735830821,14.808993311638963,0.0259938566021869,17.11492193549152,1.48,bG097522,bG,G,g
352188218880,2458684.7834892,2.590210048612322,0.10024316382771058,15.366728162605764,0.042066071336827784,17.150003698439416,1.45,bk238493,bk,G,g
352188218880,2458685.7874209,3.2316754974342463,0.13347568830518342,15.12649625869435,0.04489382365652894,16.83913518869669,1.46,bs173325,bs,G,g
352188218880,2458688.8387271,3.2030419111561397,0.09271780296115961,15.136159068890896,0.03146390943525913,17.234732781327647,1.47,bs173897,bs,B,g
352188218880,2458689.8565026,4.223918840304195,0.15728192122883508,14.835776709941957,0.04047393344779098,16.660943597665042,1.45,bs174250,bs,B,g
352188218880,2458690.5093151,3.2938529277825217,0.04466511119753756,15.10580511279234,0.014739284046616785,18.027719562595486,1.45,bo152465,bo,G,g
352188218880,2458690.735042,3.1869684787263286,0.04668792476831676,15.141621202210164,0.015923516235613697,17.979629185433893,1.54,bs174467,bs,G,g
352188218880,2458691.5142687,3.4302460991553283,0.04527446128817311,15.06175242445585,0.014346309140187778,18.01300738285964,1.59,bo152902,bo,G,g
352188218880,2458692.678602,2.7776997325263943,0.07112075317731907,15.290852379788811,0.027830641876749856,17.522649743399082,1.40,bk240870,bk,G,g
352188218880,2458693.2742062,4.587852261138989,0.06946772176183905,14.746042061722871,0.016458331463499305,17.54818297108248,1.48,bo153385,bo,G,g
352188218880,2458694.8381959,3.5182983497945925,0.0548729956186631,15.034233960732525,0.016952672719910404,17.804243936979727,1.46,bs175562,bs,G,g
352188218880,2458695.6020255,2.5704633404318007,0.04808320643464031,15.37503708627344,0.020332659096192963,17.947657059086556,1.42,bk242092,bk,G,g
352188218880,2458697.6481085,2.5418864708936955,0.07039944937082349,15.387175248245374,0.03010407486592288,17.533717455637618,1.40,bk242868,bk,G,g
352188218880,2458697.8291685,3.6634120405512602,0.06737984089368482,14.990351201082328,0.019992006545382995,17.581315658612315,1.49,bs176211,bs,G,g
352188218880,2458698.3955991,2.8698631143958955,0.03523435063507694,15.255412666231457,0.013344959562680014,18.28522493166467,1.46,bo154330,bo,G,g
352188218880,2458698.6428319,3.606411236393865,0.05529680026935337,15.007377503564232,0.016666212959168893,17.795890607121112,1.45,bG102683,bG,G,g
352188218880,2458698.817243,3.2185763528983897,0.06318635887744517,15.130906081862632,0.021338883200623725,17.651082286926602,1.54,bs176547,bs,G,g
352188218880,2458699.3682686,2.9474231924113203,0.03841414150872124,15.226459380948858,0.014166442656561496,18.1914127817339,1.46,bo154701,bo,G,g
352188218880,2458699.6519783,2.9756363887975072,0.03690637943858191,15.216115969736965,0.013481361491467978,18.234887005291935,1.54,bk243754,bk,G,g
352188218880,2458700.3458595,3.7560488137674657,0.04677631293623083,14.963237552932235,0.01353651694370505,17.977575645707,1.51,bo155102,bo,G,g
352188218880,2458700.8184066,2.8587061080718708,0.08278409432305119,15.25964184826579,0.03147672681939278,17.357773356777553,1.41,bs176988,bs,B,g
352188218880,2458702.2698585,2.579779788251151,0.06120890399514892,15.37110903259612,0.0257895723073067,17.685604103681,1.48,bo155350,bo,G,g
352188218880,2458702.8183912,4.196709553359565,0.09888206451145388,14.842793338482757,0.02561066081347315,17.16484679827541,1.42,bs177688,bs,B,g
352188218880,2458704.8087845,2.817803126345345,0.06316635581838742,15.2752890056795,0.02436617440351152,17.65142605549,1.53,bs178034,bs,G,g
352188218880,2458705.242867,2.5035839606027563,0.08431545727541698,15.40366022090672,0.036606416086347966,17.337872612186253,1.41,bo155850,bo,G,g
352188218880,2458706.274041,2.947059720530308,0.08033765169245316,15.226593280592628,0.02963073121321248,17.39034277907188,1.49,bo156286,bo,G,g
352188218880,2458706.5053965,4.193634653984726,0.11379697595983433,14.843589141287554,0.029495264938304153,17.01231380825868,1.50,bG105746,bG,G,g
352188218880,2458711.583284,4.287135622355958,0.1200822638283817,14.819647565996224,0.03044554950228748,16.953943444522817,1.55,bk248657,bk,B,g
352188218880,2458712.6087311,2.5669959907091124,0.09001335236138241,15.376502646371318,0.038114823999307955,17.266873270434054,1.52,bk249118,bk,B,g
352188218880,2458715.4624408,2.873496135532587,0.08315805395094429,15.254039078776724,0.03145617213797303,17.352879817689693,1.67,bo158949,bo,B,g
352188218880,2458715.7633633,3.2286613855126904,0.12184954403701787,15.12750937325329,0.04102169312529022,16.93808084047532,1.48,bs180203,bs,B,g
352188218880,2458716.5752666,4.213444216485303,0.06080006137092563,14.83847250105049,0.015684798429441246,17.69288056732939,1.71,bk250809,bk,G,g
352188218880,2458717.6127859,2.5786937066645677,0.05779430721097497,15.37156622138209,0.024361132530012264,17.747927956075134,1.45,bG110221,bG,G,g
352188218880,2458717.7797107,4.5894119657397985,0.10627710339772733,14.745673013229057,0.025170673609616213,17.086541338636064,1.51,bs180730,bs,G,g
352188218880,2458719.4691714,4.198943120545804,0.05960318584237824,14.842215643117962,0.015429137692005969,17.714466926991456,1.48,bo160505,bo,G,g
352188218880,2458719.5349171,3.5378885992705946,0.05883371933026665,15.028205237877192,0.018075666638397648,17.72857485059796,1.47,bG110987,bG,G,g
352188218880,2458720.75891,3.392587600101365,0.05751274257903646,15.073737946265275,0.018426598808390284,17.753230416298422,1.46,bs181660,bs,G,g
352188218880,2458721.7653831,2.7205593312475633,0.0666304294754168,15.313420118169386,0.026621135967423257,17.593459079990193,1.54,bs182030,bs,G,g
352188218880,2458722.4996336,3.0014266425392964,0.040807630977124254,15.206746289059259,0.014778345736873439,18.12578715338833,1.49,bo161192,bo,G,g
352188218880,2458722.5867321,2.531246281104002,0.05319445860454549,15.391729616043097,0.022842527861561823,17.83797462858117,1.44,bG112037,bG,G,g
352188218880,2458722.7462774,4.938059355976569,0.08541639012189202,14.66617485755421,0.018801698321838662,17.323787578264177,1.49,bs182391,bs,G,g
352188218880,2458723.703757,3.018295708268208,0.050280010874728914,15.200661156796347,0.01810696863918562,17.8991522040807,1.39,bG112521,bG,G,g
352188218880,2458724.5419671,3.175952554342041,0.040110215809011585,15.14538060762172,0.013727554148239247,18.144503114777102,1.48,bk254144,bk,G,g
352188218880,2458725.4511836,2.8784463814823438,0.03974798005645973,15.252170262264336,0.015009599076178172,18.154352953339785,1.59,bo161826,bo,G,g
352188218880,2458725.5882937,3.8685419831855863,0.06984454734398464,14.931197336328754,0.01962444418942203,17.54230934375806,1.42,bk254622,bk,G,g
352188218880,2458725.7583394,3.2581602544654316,0.05812779561203755,15.117634518484822,0.019392043853039328,17.74168097778598,1.47,bs183328,bs,G,g
352188218880,2458726.5608979,3.843839505836368,0.06176237596349177,14.938152507247239,0.017465093755784748,17.67583062466501,1.42,bG113626,bG,G,g
352188218880,2458727.5655545,2.470101545830657,0.05508255201474279,15.418278603619493,0.024238816921320298,17.800105478365708,1.49,bk255450,bk,G,g
352188218880,2458727.7527911,4.837805908571628,0.0745433012454288,14.688444520778559,0.0167483625784,17.471619056116516,1.48,bs184075,bs,G,g
352188218880,2458728.4721402,2.835414264722288,0.03911757781694576,15.268524322464485,0.014995729848644047,18.17171072348599,1.68,bo162756,bo,G,g
352188218880,2458728.554084,3.3868225755290835,0.057405958456906575,15.075584507321786,0.01842369345895615,17.755248180505877,1.52,bk255881,bk,G,g
352188218880,2458729.2953364,2.580052774138431,0.04669508230205579,15.370994148766888,0.01967228141614817,17.97946274843906,1.46,bo163036,bo,G,g
352188218880,2458729.7422143,2.5690522733835626,0.06689942657296913,15.37563326954643,0.028304900125027614,17.589084623347834,1.47,bs184844,bs,G,g
352188218880,2458730.7165757,3.344545828568058,0.059867655351357636,15.089222744181425,0.019456614368848244,17.709659986869134,1.43,bk256836,bk,G,g
352188218880,2458731.7416245,2.616376112991091,0.07533534882798099,15.355815183649145,0.03129758306517038,17.460143602590932,1.44,bs185618,bs,B,g
352188218880,2458733.4059926,2.9106179720191485,0.056237376963591844,15.240102605706696,0.021001582565530846,17.777577971384503,1.62,bo164154,bo,G,g
352188218880,2458738.5264001,3.912595527031336,0.11848602611168904,14.918903237042215,0.03291655320036914,16.968472776514368,1.50,bk258515,bk,G,g
352188218880,2458739.5418544,3.2981284223327973,0.5944243874797266,15.104396716854653,0.19590306437942598,15.21739906409233,1.50,bG117291,bG,B,g
352188218880,2458740.5457783,4.144858161520274,0.14776706704228115,14.856291438699213,0.038750753574872406,16.728696478181288,1.56,bk259370,bk,G,g
352188218880,2458743.4320979,3.3896621972463112,0.12229791126650726,15.074674572336304,0.03921703830965666,16.934093012048045,1.52,bo166563,bo,B,g
352188218880,2458743.5165457,3.570686830951713,0.058194275111036614,15.018186217714382,0.01771498029777168,17.740439954369748,1.48,bk260560,bk,G,g
352188218880,2458744.3958841,5.125877056614256,0.2063736687860877,14.625645158567993,0.04376211187367739,16.366004899286814,1.48,bo166945,bo,B,g
352188218880,2458744.518145,3.156447019921159,0.039438647259416496,15.15206936174885,0.013581122881721166,18.162835585744283,1.63,bG119141,bG,G,g
352188218880,2458747.6845849,3.9059284596033006,0.07820130027307474,14.92075491090114,0.02176215315242401,17.41960567582816,1.49,bk262242,bk,G,g
352188218880,2458752.684408,3.645617286251122,0.06081976093734358,14.995637935150015,0.01813367411076804,17.692528839588647,1.43,bs187203,bs,B,g
352188218880,2458753.2892177,2.7855890775059904,0.04940988544514379,15.287772995090059,0.019280086089031874,17.918105993951976,1.48,bo169105,bo,G,g
352188218880,2458753.6760548,2.7072147927876635,0.06238459549669829,15.318758836179065,0.025047640516683716,17.664947202808953,1.45,bs187597,bs,G,g
352188218880,2458757.5407031,2.584226788405158,0.05539587894778548,15.36923906198643,0.023300165515630654,17.79394696752756,1.47,bk266072,bk,G,g
352188218880,2458757.6690339,3.4345120402926352,0.06291627758407824,15.060403014253112,0.01991178293779876,17.655733061803918,1.69,bs188915,bs,G,g
352188218880,2458758.390107,3.435043045194504,0.04851260634981217,15.060235163135873,0.015350926659350108,17.938004091907825,1.45,bo170153,bo,B,g
352188218880,2458760.2590872,3.2366219797696867,0.049148684186332225,15.124835674584352,0.016505629370728102,17.92386087307493,1.42,bo170495,bo,G,g
352188218880,2458766.6222486,2.610595697519294,0.18754832460227608,15.358216577474199,0.07808825961117051,16.46985763922875,1.46,bG126843,bG,B,g
352188218880,2458770.3389414,2.6151414769271875,0.10491887593173298,15.356327650280914,0.04360844621742469,17.10050653882474,1.55,bo173837,bo,B,g
352188218880,2458771.3674741,3.6935528711512555,0.12643585618884742,14.981454822069695,0.03720815249175042,16.897964976879226,1.47,bo174206,bo,B,g
352188218880,2458772.3524483,3.0021811225643282,0.10568337537928871,15.206473397719481,0.03826325908338367,17.092623922475457,1.42,bo174571,bo,G,g
352188218880,2458772.6255105,3.2411899555165697,0.10423751487636729,15.123304411397804,0.03495680542015298,17.10758048937834,1.45,bs193038,bs,G,g
352188218880,2458773.6177086,3.079185046586468,0.10185523786518785,15.178976149702255,0.035955037906406445,17.132682193112593,1.47,bG129111,bG,G,g
352188218880,2458775.3123996,2.6452298524000506,0.057382083744260085,15.34390708419744,0.023578983164814084,17.7556998240704,1.45,bo175331,bo,G,g
352188218880,2458775.6160072,3.592688618309219,0.05213447355589707,15.01151667696767,0.015773119259549818,17.85982813025438,1.50,bs193999,bs,G,g
352188218880,2458777.6087458,3.0269003945029294,0.057017105905469975,15.197570297368069,0.020474778498556667,17.762627687794218,1.44,bs194411,bs,G,g
352188218880,2458778.6102712,2.771101236121613,0.06205331423507338,15.293434642105009,0.024340234750045247,17.670728156703586,1.51,bs194842,bs,G,g
352188218880,2458781.5881808,2.468198243550563,0.06309514876954221,15.41911552498294,0.027786132505506593,17.652650689703158,1.45,bk273734,bk,G,g
352188218880,2458782.585517,3.14425947761168,0.05826594185033417,15.156269675615565,0.020142277041842575,17.739103683746443,1.46,bk274105,bk,G,g
352188218880,2458783.5796833,2.9359499510551528,0.05805792211867615,15.230694002487745,0.021494384488004534,17.7429868902875,1.45,bk274474,bk,G,g
352188218880,2458784.569309,3.5104319941390836,0.04928617165936968,15.036664212081682,0.015260778675145486,17.920827898160358,1.46,bs197022,bs,G,g
352188218880,2458785.5726017,3.2203999897891835,0.047984474327110296,15.130291080799037,0.01619582582208701,17.949888757834962,1.45,bs197440,bs,B,g
352188218880,2458786.3231115,4.541293058064172,0.077389710623649,14.757116800697915,0.018523193637218615,17.430932554580615,1.42,bo177007,bo,G,g
352188218880,2458786.5647737,2.701950192147939,0.058413490738839266,15.320872274885001,0.023498924924909653,17.736357711263377,1.44,bs197874,bs,G,g
352188218880,2458787.3196849,3.0535718023558545,0.053291621631952696,15.188045280913542,0.018969809598783624,17.835993272038372,1.39,bo177363,bo,G,g
352188218880,2458793.5423911,3.302208689584117,0.09969883211063574,15.103054332558498,0.03281691315096083,17.155915434090254,1.36,bk277487,bk,G,g
352188218880,2458795.5359134,3.1511961265539363,0.10390645078272931,15.153877037364188,0.03584092826763014,17.111034335129172,1.48,bk278184,bk,G,g
352188218880,2458796.5328047,2.455867251980394,0.319611968468002,15.424553402276453,0.14145891365749988,15.891083026652948,1.56,bk278532,bk,B,g
352188218880,2458797.274823,2.69749204982276,0.09867528820489184,15.322665188823677,0.0397612842105847,17.16711960261517,1.50,bo179648,bo,B,g
352188218880,2458798.5276217,2.9441019889342774,0.13628273524399545,15.227683495632025,0.05031531123265545,16.816538507863925,1.43,bG136473,bG,G,g
352188218880,2458799.2689201,3.549188155358442,0.14560981032018933,15.024743063566762,0.04459372848908408,16.744664021108242,1.61,bo179968,bo,G,g
352188218880,2458799.5243611,2.9113334824767643,0.13221223274913252,15.239835734497376,0.049361898767469145,16.849461512719643,1.63,bG136808,bG,G,g
352188218880,2458800.516776,3.0474588840558536,0.13204005458418117,15.190220985078017,0.047095565164788626,16.85087637346274,1.48,bk279909,bk,G,g
352188218880,2458801.5178011,2.3275255937133412,0.08395055830026105,15.482829459214983,0.039204985369260044,17.34258163971156,1.53,bG137468,bG,G,g
352188218880,2458802.5146573,4.1189479040694845,0.09588826759104303,14.863099874558115,0.025304126258401175,17.198226930642107,1.70,bG137800,bG,G,g
352188218880,2458803.5113311,2.8078243330658146,0.10633774900060335,15.279140788821783,0.04116514997826085,17.085921954545583,2.30,bk280929,bk,G,g
352188218880,2458804.5083218,2.3545497811795837,0.14374636348547185,15.470295929863891,0.06635920315455848,16.75864844478879,1.53,bG138443,bG,G,g
352188218880,2458805.5090175,3.2864639012277386,0.1790800541289184,15.108243456485749,0.059228471268498416,16.52002256898789,2.17,bG138780,bG,G,g
352188218880,2458805.5537947,3.0887411121356534,0.06368878466072467,15.175611850462472,0.022412671485033613,17.6424832075581,1.45,bk281650,bk,G,g
352188218880,2458908.9000089,4.784187668700211,0.17760316551235442,14.700545103964735,0.04035103394838515,16.529013856029756,1.47,bG167494,bG,B,g
352188218880,2458909.64225,3.015173315451166,0.15258364061846122,15.201784919996673,0.055005721372975006,16.693870679262478,1.45,bo204565,bo,G,g
352188218880,2458910.8942804,3.2205999171580597,0.12488044080528717,15.130223678722988,0.04214730580094669,16.911404553847802,1.38,bG168190,bG,G,g
352188218880,2458911.8943907,2.803431608030593,0.09177262093904685,15.28084070828104,0.03558240855993854,17.245857774141896,1.56,bk313714,bk,G,g
352188218880,2458913.9024552,3.657810058424277,0.1521417077365016,14.992012747725354,0.04521049994705257,16.697019894573945,1.55,bk314458,bk,G,g
352188218880,2458914.8833646,2.703790031307747,0.07628681591640203,15.320133216039666,0.03066822908690857,17.44651689006411,1.44,bG169585,bG,G,g
352188218880,2458918.8917761,4.157218274962017,0.16277624193039666,14.853058552884102,0.04255987683303632,16.623663067545046,1.48,bG171029,bG,G,g
352188218880,2458918.893052,3.9405261108011125,0.21096554633143516,14.911180098324806,0.058192832631831774,16.342111774855663,1.45,bG171030,bG,G,g
352188218880,2458922.6155805,3.309830428462929,0.1210423596038599,15.100551261611283,0.03975061110281958,16.945297158319686,1.45,bo206320,bo,G,g
352188218880,2458929.6109337,3.7935269919066394,0.08295411084212542,14.952457675966077,0.02376878086732696,17.355545829880775,1.42,bo208358,bo,G,g
352188218880,2458930.6061035,3.4595970052909117,0.055158972523345146,15.052501841031212,0.01733017019756553,17.798600192102413,1.42,bo208710,bo,G,g
352188218880,2458932.6003498,3.229933452043163,0.05237268578548704,15.127081686197638,0.017624769432794077,17.854878496341527,1.49,bo209375,bo,G,g
352188218880,2458957.9810206,3.605206553848002,0.22439834321909136,15.007740242551652,0.06765527549846194,16.27509149617464,1.50,bs241668,bs,B,g
352188218880,2458958.970515,2.810526530022412,0.06782180194882119,15.278096399332453,0.026229729254248667,17.574217300666803,1.63,bs242008,bs,B,g
352188218880,2458959.7819344,4.2484798493852916,0.10463908713941288,14.829481715463238,0.02677149056302354,17.103405755800882,1.45,bs242351,bs,B,g
352188218880,2458962.960674,3.4841237936647445,0.050417781894703737,15.044831678694628,0.015729044111956296,17.896181273465984,1.53,bs243088,bs,G,g
352188218880,2458965.9512025,2.873670487503397,0.05231077835540942,15.253973202751354,0.01978638188961642,17.856162656100015,1.50,bs244099,bs,G,g
352188218880,2458967.9634379,3.4740532418742154,0.07145448461800503,15.047974447342042,0.022356571029736986,17.51756688363756,1.47,bs244813,bs,G,g
352188218880,2458977.5516364,2.9462287093871256,0.19308761458010262,15.226899479381782,0.07123609965044192,16.438254568267993,1.40,bo210687,bo,B,g
352188218880,2458977.5528546,3.179949922826202,0.25067006057592023,15.144014920128924,0.08568293959345816,16.154884446502102,1.51,bo210688,bo,B,g
352188218880,2458983.9131258,2.7750749452182397,0.07512278721511773,15.291878831243409,0.029424503880658825,17.463211379428248,1.76,bs248191,bs,B,g
352188218880,2458986.9591068,3.4741775377654234,0.14679112148469037,15.047935602187506,0.04592614081945008,16.73589114018303,1.68,bs248999,bs,B,g
352188218880,2458987.514606,3.062818163706686,0.04453924955675219,15.184762587369088,0.015806432243593915,18.030783373147244,1.44,bo214071,bo,B,g
352188218880,2458989.9494824,2.9863948776716174,0.06684455503317885,15.21219754226298,0.024329376392686577,17.58997551982016,1.55,bs249494,bs,G,g
352188218880,2458990.9010451,2.703361385196327,0.05495433501082491,15.320305357179178,0.022095814923210926,17.802635719087444,1.57,bs249677,bs,G,g
352188218880,2458992.4848581,3.3436087310858023,0.04730134679577655,15.089526995723897,0.015376950929906595,17.9654568453457,1.48,bo215549,bo,G,g
352188218880,2458993.8963713,2.4477982245335927,0.060823428780320626,15.428126583679383,0.02700893477439391,17.69246336432572,1.46,bs250436,bs,G,g
352188218880,2458994.4505538,3.4287738767582536,0.09233951661907831,15.062218510044787,0.029272574806898682,17.239171619525138,1.70,bo216227,bo,B,g
352188218880,2458996.8883465,4.665029685550593,0.07475189317109014,14.72792959305675,0.017417264898942093,17.46858512118024,1.57,bs251229,bs,G,g
352188218880,2459000.4571702,2.774176807418522,0.06517906487004187,15.29223028069209,0.025537957585073868,17.61737029816348,1.45,bo217109,bo,G,g
352188218880,2459002.867813,3.216469936981,0.08633720393691598,15.131616880822715,0.029176329555884326,17.312145662050852,1.45,bs252941,bs,G,g
352188218880,2459004.4222545,3.3236568241189945,0.3475793603440631,15.096025183693927,0.1136710775331143,15.800005662331548,1.62,bo218474,bo,G,g
352188218880,2459013.8320959,2.5961323301955566,0.10275856997191209,15.364248558347182,0.04302326830433298,17.123095481877122,1.64,bs255660,bs,B,g
352188218880,2459014.9297228,3.1551662823786417,0.07172253476403759,15.152509991765674,0.024708452721756268,17.513501537264023,1.56,bs256024,bs,B,g
352188218880,2459015.8354771,2.828736230530252,0.05492169332596053,15.271084489912196,0.02110394461714052,17.80328081448488,1.45,bs256274,bs,G,g
352188218880,2459016.9300917,4.119265224364927,0.07200233476625251,14.863016233572367,0.0189993610733546,17.50927416343137,1.55,bs256632,bs,G,g
352188218880,2459019.8144888,3.6316651312039543,0.04928500599337239,14.999801131673285,0.014750990730989762,17.920853577183497,1.48,bs257134,bs,G,g
352188218880,2459022.8074687,2.924532648142507,0.05204299329213104,15.2349244373047,0.019342738746868378,17.861734942983198,1.47,bs257804,bs,G,g
352188218880,2459025.3652967,2.814252935205116,0.04967238864962123,15.276657802979514,0.019185100997018728,17.91235299923314,1.49,bo224788,bo,G,g
352188218880,2459026.8859368,4.205265762959474,0.06081091237160068,14.840582003790686,0.01571810713544554,17.692686813033053,1.47,bs258831,bs,G,g
352188218880,2459034.3158516,3.2565569100022107,0.22785119987603564,15.11816894204416,0.07605098100102754,16.25851231158875,1.52,bo226626,bo,G,g
352188218880,2459038.3770059,2.226609219835098,0.12142028632198401,15.530955614678216,0.059273343033622826,16.94191247981508,1.52,bo227794,bo,G,g
352188218880,2459039.3053994,4.376489372797954,0.12450199018912037,14.797250926707143,0.03092164487972886,16.91469987701451,1.57,bo228161,bo,G,g
352188218880,2459041.7497801,3.1132346757891067,0.05809439624802255,15.167035974640477,0.02028311047970704,17.742305004904118,1.65,bs261410,bs,B,g
352188218880,2459042.7647257,3.087944691278003,0.050490881129253526,15.175891839761489,0.017772790000679585,17.894608237078515,1.57,bs261733,bs,G,g
352188218880,2459044.7635684,4.109000592411566,0.06295049564987341,14.865725112592473,0.016652334370480696,17.655142726597074,1.64,bs262357,bs,G,g
352188218880,2459046.2794771,2.639928357817966,0.049731820376701985,15.3460852693373,0.02047643692160475,17.911054720495777,1.50,bo228416,bo,G,g
352188218880,2459046.8726381,3.472692096131739,0.054575872124462244,15.048399925795497,0.01708230919791705,17.81013890024576,1.46,bs262908,bs,G,g
352188218880,2459047.3702919,2.825924779559781,0.0497620599787925,15.272164128232733,0.019140352220397117,17.910394735545935,1.48,bo228904,bo,G,g
352188218880,2459048.3843275,2.77065090947516,0.04377452025304082,15.293611097468673,0.017173220961300233,18.049587123616796,1.45,bo229330,bo,G,g
352188218880,2459049.265064,3.6810259086907258,0.04272679823629958,14.985143436746373,0.012616638173159842,18.075889736783086,1.51,bo229639,bo,G,g
352188218880,2459050.2731289,3.09172733521621,0.04984840561482566,15.174562657899166,0.017525170788562805,17.908512431189937,1.49,bo230018,bo,G,g
352188218880,2459051.4106738,4.232430068454902,0.06139072151012646,14.833591144570821,0.015766130577572163,17.68238376752454,1.50,bo230536,bo,G,g
352188218880,2459052.2626621,3.061225712077415,0.034765388464925384,15.185327241203142,0.012344227207310661,18.29977289516406,1.47,bo230801,bo,G,g
352188218880,2459053.3594855,2.929285589037401,0.043299381847543734,15.23316133468225,0.016066902340487244,18.061436370681,1.42,bo231301,bo,G,g
352188218880,2459053.8440923,3.478859897916652,0.058002546254988394,15.04647327474991,0.01812267460586471,17.744022963732327,1.45,bs263629,bs,B,g
352188218880,2459054.2703312,4.335338957265893,0.05926360335952009,14.807507976450996,0.014858575259826126,17.720670476387554,1.46,bo231650,bo,G,g
352188218880,2459054.7299247,4.247526600934191,0.0681503488170536,14.829725353781049,0.017439906342011098,17.568970403827855,1.44,bs263853,bs,G,g
352188218880,2459055.2597268,3.1605593346017473,0.03630478565089892,15.1506557524174,0.012485677171619445,18.252730919045643,1.45,bo232058,bo,G,g
352188218880,2459056.2577861,2.75803414009027,0.06772692930422312,15.298566527906504,0.0266915577419868,17.575737147897378,1.53,bo232413,bo,G,g
352188218880,2459058.3697272,2.8768264614970023,0.060519720475517076,15.252781460333072,0.022866274954402917,17.697898327779317,1.45,bo232959,bo,G,g
352188218880,2459059.4442056,2.6136057615438926,0.07197797178631345,15.356965425167992,0.029934478644733666,17.509641599371207,1.44,bo233427,bo,G,g
352188218880,2459059.8393955,3.0776739267674387,0.04326536049063431,15.17950910897168,0.015280230092498378,18.062289794831194,1.56,bs265236,bs,G,g
352188218880,2459067.2306837,3.4014102671379094,0.052779986468460244,15.070918076552076,0.016866401287566255,17.846467425089145,1.52,bo235611,bo,G,g
352188218880,2459068.8123261,3.6786581416719337,0.19068875149558526,14.985842045667038,0.05634401841053251,16.451827923235655,1.49,bs267932,bs,B,g
352188218880,2459069.8066486,2.7883452350928435,0.1452321122504984,15.286699261474222,0.05661457899468908,16.747483977018547,1.43,bs268263,bs,B,g
352188218880,2459070.8055918,3.2903724392830043,0.1177567548114609,15.10695297530174,0.03890029927707652,16.975176039706227,1.47,bs268602,bs,B,g
352188218880,2459074.6580024,3.2699371609272903,0.04957727137344249,15.113717105252885,0.016479930896932688,17.914434060307574,1.59,bs269644,bs,G,g
352188218880,2459080.6644114,2.60003813473158,0.06655556954139492,15.362616327757072,0.027823826660353927,17.594679600913,1.54,bs270989,bs,G,g
352188218880,2459082.7780705,2.4482796655186325,0.08423067615746792,15.427913058518495,0.037395679941842674,17.338964893986205,1.51,bs271773,bs,G,g
352188218880,2459087.6288143,3.3318557112978424,0.09292772959897243,15.093350158110407,0.03031595918019756,17.232277294841957,1.53,bs273308,bs,G,g
352188218880,2459096.7331807,3.15066310568041,0.17701723662254246,15.154060703815732,0.06106969655378591,16.53260171947,1.56,bs276065,bs,B,g
352188218880,2459102.4456437,3.134795109908955,0.04930290510736733,15.159542720724104,0.01709525259808602,17.92045933581873,1.43,bo242204,bo,G,g
352188218880,2459108.4428642,2.7562884225038866,0.05428644860445282,15.299253970045994,0.021408140334988075,17.815912033363865,1.44,bo243305,bo,G,g
352188218880,2459112.3985967,3.1418294834221205,0.055974447676645306,15.157109095107312,0.019365083711228553,17.78266606917622,1.53,bo244624,bo,G,g
352188218880,2459125.6463453,3.1121644153270007,0.15410329655646854,15.167409290640519,0.0538222153009075,16.683110788478544,1.48,bs277870,bs,G,g
352188218880,2459133.5785331,3.2066447297721004,0.04754552050600456,15.134938506563401,0.016116507423993977,17.959866595911848,1.42,bs280768,bs,G,g
352188218880,2459134.6255085,2.790046373566092,0.058578114673917096,15.286037067846905,0.022821077233427765,17.733302136740342,1.40,bs281143,bs,G,g
352188218880,2459136.6546129,3.2943275627369193,0.07828413046725673,15.105648672526117,0.0258296858887244,17.418456281298024,1.50,bs281845,bs,G,g
352188218880,2459138.5849688,3.1727490052757057,0.06195276967341067,15.146476330729062,0.021224486060618664,17.67248879442828,1.59,bs282541,bs,B,g
352188218880,2459140.6134409,4.304115771123986,0.07524962570664172,14.815355761358918,0.019003455243701103,17.461379751240752,1.47,bs283248,bs,G,g
352188218880,2459143.5845052,3.0669294045906295,0.06644519466468411,15.18330617380759,0.02354897297958664,17.596481666156265,1.75,bs284131,bs,G,g
352188218880,2459147.5693395,2.4131504854853523,0.1028070050855894,15.443604608249943,0.046307408232675526,17.12258384214893,1.44,bG173971,bG,G,g
352188218880,2459149.573228,2.7761795487636025,0.09954673421269636,15.29144674581903,0.038975494945386845,17.15757306923451,1.46,bk321335,bk,G,g
352188218880,2459153.5596276,4.009804012527711,0.17329914668659555,14.892257757039644,0.046977018605973433,16.555649550736664,1.56,bs286245,bs,B,g
352188218880,2459155.307207,3.568667939344823,0.16012390573432425,15.018800274261517,0.04877106152280987,16.64150017431315,2.18,bo254148,bo,G,g
352188218880,2459156.2781076,2.697244359269562,0.06607345324452618,15.322764888449749,0.026626794369277118,17.602573098324406,1.51,bo254441,bo,B,g
352188218880,2459156.5506931,3.2351678607062038,0.05464584032804304,15.125323573536182,0.018359990914819383,17.80874783943019,1.67,bs287156,bs,B,g
352188218880,2459157.553996,2.5587234962916385,0.0641313726397709,15.380007229294302,0.027243277298195496,17.634964272778884,1.70,bs287948,bs,G,g
352188218880,2459158.5499337,3.7088411314504635,0.06253422245223411,14.976970045574422,0.018327013349250354,17.662346225899427,1.58,bs288342,bs,G,g
352188218880,2459159.5457428,2.8869020083382093,0.08857366396526944,15.24898551568075,0.03334914777962939,17.284379085922858,2.17,bs288707,bs,G,g
352188218880,2459163.5525737,3.794938945090305,0.06765201965518453,14.952053639439761,0.019377071683369815,17.576938695508332,1.53,bs289901,bs,B,g
352188218880,2459164.5234092,3.114805376857906,0.05966864794164372,15.166488332994312,0.020822240293212547,17.713275118731385,1.45,bk324369,bk,B,g
352188218880,2459166.5179288,3.0812085696508267,0.07898429456819797,15.178262879587383,0.027863253056444815,17.408788752217763,1.51,bG177680,bG,B,g
352188218880,2459167.5272173,2.3667434592855665,0.06374353349663872,15.464687658336961,0.029275014654010376,17.64155027629173,1.46,bk325371,bk,G,g
352188218880,2459167.5433428,2.702279081971224,0.07216263337970343,15.320740123723073,0.02902647824247702,17.506859678384693,1.40,bG178019,bG,G,g
352188218880,2459168.5356859,4.057657681026894,0.0838014509993947,14.879377108387576,0.022448550581512326,17.344511765475836,1.44,bG178342,bG,G,g
352188218880,2459169.3034734,3.111969578292736,0.06238955792094346,15.167477265276801,0.021791580915066236,17.664860840633427,1.51,bo256908,bo,B,g
352188218880,2459269.8997574,4.717117984082976,0.25810990059413746,14.715873775003052,0.05947577328422008,16.123128952553113,1.51,bG208492,bG,B,g
352188218880,2459271.8944999,3.3299660772085895,0.1712895827410869,15.093966098994029,0.05591177950451422,16.56831323286133,1.48,bG209106,bG,G,g
352188218880,2459275.6423474,3.298601727803269,0.15911184935698153,15.104240916973685,0.052430598361361144,16.648384302509164,1.63,bo282512,bo,G,g
352188218880,2459276.8819541,2.9024497330973253,0.10396758964119912,15.243153854724689,0.0389354717573018,17.110395672658985,1.57,bk360282,bk,G,g
352188218880,2459277.8774341,3.1024701016089486,0.11513899653224244,15.170796610005045,0.04033917462163983,16.99958451109031,1.45,bG211152,bG,G,g
352188218880,2459290.9022548,2.5450359608986064,0.08360835702548267,15.385830814235364,0.03570819836614584,17.3470163882795,1.44,bG215415,bG,G,g
352188218880,2459291.6467927,3.0760771289960567,0.06981116886554253,15.180072570566166,0.0246683363604081,17.542828337526135,1.45,bo286268,bo,G,g
352188218880,2459293.8509563,2.8767862718059996,0.08262599357689875,15.252796628334327,0.03121916405948496,17.359848874160438,1.50,bG216273,bG,G,g
352188218880,2459296.6081062,3.3072405597410275,0.05665092731851602,15.101401158608168,0.018618873891729313,17.769623053392085,1.50,bo287723,bo,G,g
352188218880,2459297.8433199,3.034412008966969,0.05963564838843784,15.194879251135161,0.021362081600125836,17.713875747739266,1.60,bG217746,bG,G,g
352188218880,2459299.821368,3.9122044305981447,0.13052864222298718,14.919011770821921,0.03626573239076297,16.863376060330857,1.42,bG218438,bG,G,g
352188218880,2459300.826514,2.581619548229887,0.13598665759151127,15.370335019980024,0.05725537073808868,16.818899862918105,1.55,bk368662,bk,B,g
352188218880,2459303.8181206,3.080628725863058,0.1535360994392903,15.178467220391967,0.054173053444202285,16.687114353374042,1.62,bk369568,bk,B,g
352188218880,2459304.8160512,3.5030017825882154,0.10302461367801284,15.038964726484412,0.03196780438239769,17.12028812473967,1.50,bk369956,bk,B,g
352188218880,2459305.8529994,2.497134710502309,0.11625292975438836,15.406460693666828,0.05060274867686061,16.98913084495374,1.54,bk370383,bk,B,g
352188218880,2459307.5551551,3.492114411905073,0.18146487549500476,15.042344462214825,0.05648280858537818,16.505659173754687,1.48,bo290290,bo,B,g
352188218880,2459311.552812,3.113776513982946,0.054745853189711376,15.166847025776333,0.019110672167866338,17.806762540334468,1.50,bo291741,bo,G,g
352188218880,2459313.5358782,2.9298614398643013,0.06806522955352524,15.232947917237619,0.025251687387066978,17.570327327599273,1.44,bo292549,bo,G,g
352188218880,2459313.9229669,4.212325374797606,0.21401469165250891,14.838760846683897,0.055224761655754274,16.326531642034094,1.43,bk373598,bk,B,g
352188218880,2459314.7941809,3.334474517836282,0.07817215444691349,15.092497115095561,0.025482195962201405,17.420010407936996,1.44,bG223787,bG,G,g
352188218880,2459315.7851385,2.410154940571899,0.06814706864978284,15.444953215354982,0.030733667557783294,17.569022663018533,1.54,bk374308,bk,G,g
352188218880,2459317.5492418,2.776144241154649,0.04449726013834394,15.29146055436147,0.017422216897051084,18.031807434744415,1.44,bo294136,bo,G,g
352188218880,2459318.7721032,2.658516055076741,0.06739237864758937,15.33846740375418,0.02755393759861859,17.581113648236197,1.44,bG225387,bG,G,g
352188218880,2459320.7656194,2.434977548175797,0.07724405834677725,15.433828219440828,0.03448119390198408,17.43297790338283,1.45,bG226152,bG,G,g
352188218880,2459321.7719511,3.641276537926366,0.06412116093385067,14.996931465228291,0.019140791239718458,17.635137169462393,1.53,bG226527,bG,G,g
352188218880,2459321.7899163,3.507004396345586,0.06664102360221899,15.03772484650959,0.02065463484884246,17.59328646347277,1.53,bk376823,bk,G,g
352188218880,2459322.7646038,3.2728825351581903,0.09896803458298548,15.112739575746152,0.03286825893630198,17.163903247319517,1.52,bk377220,bk,G,g
352188218880,2459322.7986424,3.0505252855403753,0.05094284765070561,15.189129049350376,0.01815184445523735,17.88493256668407,1.51,bG226948,bG,G,g
352188218880,2459324.9251506,2.7698487695473806,0.12815373603798214,15.293925477909937,0.05029066593931127,16.883312432448808,1.56,bk378183,bk,B,g
352188218880,2459326.8164233,3.528091171729327,0.05828268630609489,15.031216123545372,0.017956096625993307,17.738791709898944,1.48,bk378694,bk,G,g
352188218880,2459327.7592211,2.9265041606180313,0.10352879333525355,15.23419275756185,0.03845246441739951,17.114987730980495,1.45,bG228341,bG,G,g
352188218880,2459328.7540466,2.838290844211092,0.13409368250797044,15.26742338164909,0.0513527368145978,16.834119817382856,1.41,bG228727,bG,G,g
352188218880,2459329.7937776,2.872429595999509,0.12385703982718274,15.254442140233579,0.0468687613409072,16.92033887095204,1.36,bG229157,bG,G,g
352188218880,2459332.9172912,3.0522101469955416,0.1393811011600931,15.188529542736147,0.04963655502628993,16.79213088324782,1.50,bk381184,bk,G,g
352188218880,2459338.7228486,2.4077898304171064,0.08087328695030434,15.446019182713108,0.03650889524269039,17.38312787496001,1.55,bG231974,bG,G,g
352188218880,2459339.8509378,2.8778139834041347,0.051737141043612316,15.252408826001403,0.01954122927951398,17.868134545817906,1.55,bk383064,bk,G,g
352188218880,2459340.820594,2.936685078052039,0.05101271802572803,15.230422181066585,0.018881359449847625,17.88344445159836,1.50,bG232623,bG,G,g
352188218880,2459345.6966575,2.737666741611296,0.07368205727074918,15.306614172290676,0.02925454419571142,17.484236253294412,1.58,bG233817,bG,G,g
352188218880,2459346.6982547,4.899014983297912,0.07566406245738878,14.674793702987365,0.016787771915318994,17.455416473535475,1.48,bG234221,bG,G,g
352188218880,2459347.4565917,2.97952949042807,0.05525095272273865,15.214696401558017,0.020155995631932128,17.796791183437964,1.67,bo302304,bo,G,g
352188218880,2459349.6836512,3.3256706726340326,0.07720570636815122,15.09536752070121,0.02523378118671975,17.433517109546738,1.45,bk386105,bk,G,g
352188218880,2459350.6924322,2.651501536038291,0.07539375945081998,15.34133591466901,0.030906917239031353,17.459302112425462,1.41,bG235461,bG,G,g
352188218880,2459352.904386,4.0846731374247245,0.06629194911373999,14.872172349115036,0.0176406933930111,17.59898864064834,1.59,bs344597,bs,G,g
352188218880,2459355.8916694,3.126664106697955,0.051066452567300906,15.162362552084211,0.017752790759072035,17.882301387008756,1.54,bs345551,bs,G,g
352188218880,2459359.9051829,2.1010582710545336,0.19067831665177318,15.59397037888455,0.09864506981753501,16.451887338369612,1.63,bs346293,bs,B,g
352188218880,2459361.6964576,4.443201032809478,0.18246794574474987,14.780825713890444,0.04463780102927027,16.4996741546508,1.49,bG239213,bG,B,g
352188218880,2459362.6317242,2.9285555894632065,0.13209758748268843,15.23343194187255,0.04902906222334403,16.850403396181857,1.44,bo305563,bo,G,g
352188218880,2459366.6398168,4.21015958705011,0.06965744574903691,14.839319226836965,0.017983787402618516,17.54522174798837,1.43,bG240862,bG,G,g
352188218880,2459369.6789211,3.2178284123597836,0.06401029230876618,15.131158417181819,0.021622161211640827,17.6370160853292,1.47,bo306754,bo,G,g
352188218880,2459369.9112009,2.978854416914229,0.057127623570417396,15.214942425234701,0.02084534331679331,17.76052521546552,1.56,bs348007,bs,B,g
352188218880,2459370.8571661,3.3804525944734256,0.04879003467808136,15.077628497236379,0.015688031382519587,17.93181279446168,1.46,bk393636,bk,G,g
352188218880,2459371.7140248,3.7164707447721765,0.08580303916637881,14.974738826074132,0.02509482232252865,17.31888393407531,1.40,bG242954,bG,G,g
352188218880,2459371.7910022,3.445321255550714,0.0625106138103279,15.05699131356131,0.019721330557951482,17.662756202965788,1.46,bk394025,bk,G,g
352188218880,2459373.6676462,2.9483193816181528,0.0560286627136855,15.22612930375724,0.020656079772313474,17.78161496920321,1.51,bk394802,bk,G,g
352188218880,2459374.6572856,3.412017727791669,0.05987412040360197,15.067537424878441,0.019073923656959025,17.70954274555966,1.41,bG244173,bG,G,g
352188218880,2459374.6805056,3.0664832824521224,0.03903122640048567,15.183464118815726,0.013835146707064042,18.17411011777687,1.49,bk395253,bk,G,g
352188218880,2459375.4406962,3.184084131112414,0.05928643567667188,15.142604286493807,0.02023871708657149,17.72025225849613,1.44,bo308206,bo,G,g
352188218880,2459376.4207426,2.5728296830027855,0.06095620474349811,15.374038028287922,0.025752479740159796,17.690095813639367,1.46,bo308615,bo,G,g
352188218880,2459377.8686986,5.024371691636587,0.08688723483962504,14.64736122218325,0.018796906829567594,17.305250671066545,1.48,bs350180,bs,G,g
352188218880,2459381.8178605,2.8352703410002196,0.05757286685967767,15.268579435103142,0.022071688263161793,17.75209597186989,1.51,bs351220,bs,G,g
352188218880,2459383.733541,3.197205390478469,0.060984022600319314,15.138139280988183,0.020732787854265314,17.689600442169734,1.45,bG247401,bG,G,g
352188218880,2459383.7559256,3.5818332912653994,0.06325940937138265,15.014802200582588,0.01919693687175989,17.649827779544253,1.54,bk398585,bk,G,g
352188218880,2459385.3454059,3.5696432527294157,0.11331390328246149,15.018503584181545,0.0345040883518017,17.016932611973267,1.45,bo310498,bo,G,g
352188218880,2459388.5743541,2.7148450040791867,0.22220420602212448,15.315703022547996,0.08896504608208149,16.28575992323214,1.54,bG249273,bG,G,g
352188218880,2459393.8060324,2.91041033408566,0.07848823651431644,15.24018006281912,0.029313152018422096,17.41562918294673,1.49,bk402175,bk,G,g
352188218880,2459400.6921886,4.536776350336534,0.0962630793637934,14.758197196383438,0.023063464856363288,17.19399123587107,1.44,bG253663,bG,G,g
352188218880,2459401.7341057,2.802775900783089,0.047048106505980715,15.281094685716038,0.018245927613358158,17.97128523759997,1.56,bG254074,bG,G,g
352188218880,2459402.8087506,3.6455080974054743,0.07549740832622968,14.995670454213027,0.022510552208895567,17.457810502863783,1.55,bk406073,bk,G,g
352188218880,2459402.8466342,3.655531561476792,0.06412712139054584,14.992689277508028,0.019067922583508302,17.635036248287964,1.41,bG254548,bG,G,g
352188218880,2459403.7012771,3.3614529707685676,0.060964635279518245,15.083748023457522,0.019713471670962778,17.68994566148826,1.44,bG254854,bG,G,g
352188218880,2459403.7651349,3.0522106131795783,0.04978222848392519,15.18852937690456,0.017728500675430397,17.909954777074056,1.56,bk406474,bk,G,g
352188218880,2459405.3009316,3.94932961265569,0.063381952102846,14.908757168174011,0.017444334344232898,17.647726584166115,1.42,bo313079,bo,G,g
352188218880,2459408.7635097,2.9171291713257133,0.06900818629742111,15.237676471699418,0.025713259079056264,17.555389078334112,1.43,bs356116,bs,G,g
352188218880,2459409.6385322,2.6479193942993553,0.05811477066696354,15.34280372091426,0.023855797544979414,17.741924290626425,1.48,bk408706,bk,G,g
352188218880,2459410.8916355,2.8721761172423665,0.10698098690647853,15.254537955709067,0.04048626430740314,17.079374111512234,1.55,bs356418,bs,B,g
352188218880,2459411.8740645,4.413419368407108,0.07869536314087887,14.788127630804663,0.019381443514958793,17.412767752007532,1.49,bk409746,bk,G,g
352188218880,2459412.8496546,2.9989868267215885,0.06155693637350208,15.207629227052042,0.02231077270939622,17.67944811819235,1.43,bk410156,bk,G,g
352188218880,2459425.3551101,3.119000102331403,0.043073081546363294,15.165027149767408,0.015010761578117563,18.067125753215873,1.39,bo317581,bo,G,g
352188218880,2459426.452533,4.098955418402993,0.060538650513250296,14.868382635253397,0.016053573234104855,17.69755877211994,2.01,bo318061,bo,G,g
352188218880,2459426.8288523,3.992850410796736,0.07748308671986769,14.89685802234263,0.021092887979701026,17.429623327623432,1.44,bG264165,bG,G,g
352188218880,2459430.4707804,2.6028633933912553,0.05335144713417923,15.36143718342788,0.022279580078599828,17.83477510153183,1.44,bo318541,bo,G,g
352188218880,2459431.5584342,3.2642794906139487,0.052890965574999546,15.115597281364707,0.017611904905242285,17.844186872564304,1.45,bo318853,bo,G,g
352188218880,2459431.7730305,2.4708387550755404,0.06348839799530763,15.417954610725491,0.02792943413001443,17.645904689825592,1.43,bG266151,bG,G,g
352188218880,2459433.2736041,2.8674760157882777,0.050218525595474885,15.256316137151815,0.01903602806355791,17.90048071700078,1.41,bo319403,bo,G,g
352188218880,2459437.4892392,2.8943155536212872,0.04754999602565631,15.24620092615605,0.01785734047695328,17.959764399007057,1.45,bo320547,bo,G,g
352188218880,2459440.2308993,4.20649844637138,0.06541858463373704,14.840263790159018,0.016904120640273235,17.613387752202403,1.49,bo320802,bo,G,g
352188218880,2459440.7544041,2.8840677018221754,0.05983907342408736,15.250051994834799,0.022552338515508537,17.710178461212994,1.43,bG269497,bG,G,g
352188218880,2459444.5752986,2.3716587342453828,0.1261692716197839,15.46243512945637,0.05782472437959562,16.90025662177359,1.57,bk422535,bk,G,g
352188218880,2459449.6271745,2.369823876257926,0.18511524065687296,15.463275445454832,0.08490597977391516,16.48403517151964,1.44,bk423912,bk,B,g
352188218880,2459450.4411368,2.419515681732369,0.16325058518967123,15.44074451910949,0.07333959006316149,16.62050374462663,1.57,bo322233,bo,G,g
352188218880,2459450.7555615,2.758667182687105,0.15217311650895576,15.298317351005547,0.05995850549164949,16.696795773770063,1.56,bs363587,bs,B,g
352188218880,2459451.7686733,3.0191054443697984,0.16772775958748753,15.20036991896575,0.06038635798570729,16.591128246549403,1.61,bs363913,bs,B,g
352188218880,2459452.7625136,3.030157881162923,0.14969569648093226,15.196402479135758,0.05369776755783574,16.7146173233676,1.47,bk424411,bk,B,g
352188218880,2459453.6922677,2.750889878341176,0.07688392452637097,15.301382608854372,0.03037907254623785,17.4380517521633,1.40,bs364451,bs,G,g
352188218880,2459454.5977597,2.499375996208895,0.07333677436380079,15.40548663583211,0.03189351474086172,17.48933610122615,1.53,bk425099,bk,B,g
352188218880,2459455.6172115,3.0290034137018647,0.05035717267089611,15.196816215319316,0.018070648914878223,17.89748726535352,1.41,bG273078,bG,G,g
352188218880,2459458.4257059,3.166876496265817,0.06977677612639907,15.148487805213456,0.02394925156252592,17.543363361418443,1.43,bo323678,bo,G,g
352188218880,2459463.6573112,2.508058250085795,0.077264337217854,15.401721575181927,0.03348525706447406,17.432692902628464,1.47,bk428592,bk,G,g
352188218880,2459465.620904,3.025977271983346,99.99,15.197901467962929,99.99,99.99,1.64,bk429216,bk,G,g
352188218880,2459466.5802336,2.7525611312882767,0.05260259037368356,15.300723189924476,0.02077219212940314,17.850122783505704,1.40,bG276837,bG,G,g
352188218880,2459467.6079832,4.810806603076324,0.08451710416922728,14.694520876307775,0.019095845074400212,17.335279090706543,1.46,bG277244,bG,G,g
352188218880,2459469.6673918,3.666125638372745,0.07167040428749272,14.989547261826235,0.021249302680894585,17.51429097569278,2.00,bs368077,bs,G,g
352188218880,2459471.6814087,3.13623861928738,0.07077760152211424,15.159042876363692,0.024530077237871678,17.52790100798005,1.50,bG278496,bG,G,g
352188218880,2459471.7002798,3.1092134993396012,0.09211539680713991,15.168439260723973,0.03220281634997896,17.241810043292247,1.58,bk431325,bk,G,g
352188218880,2459475.597331,3.1299466077177773,0.1326121046229921,15.161223299319719,0.04605305139266145,16.846182692464872,1.44,bG279924,bG,G,g
352188218880,2459476.5835215,2.5750484797293627,0.1397072978475526,15.373102097789932,0.058971999838196634,16.789592879404033,1.52,bG280288,bG,G,g
352188218880,2459480.6689892,2.8220068650780643,0.16647979427665796,15.27367045746967,0.0641232664477577,16.59923678510444,1.47,bs371381,bs,B,g
352188218880,2459483.4210012,2.70079096882875,0.1237458496531512,15.321338190504077,0.0498025800112083,16.921314006629398,1.44,bo329686,bo,G,g
352188218880,2459485.6643643,2.6905133254096283,0.07055538499388249,15.325477753944849,0.02850409070218586,17.531315196482787,1.45,bs372478,bs,G,g
352188218880,2459486.6596701,3.4446727007301936,0.06941357273944089,15.057195714161935,0.021903252396187067,17.549029615798172,1.49,bs372803,bs,G,g
352188218880,2459487.655398,3.4525348270359073,0.05921777869130989,15.054720451865025,0.01864344719925235,17.72151032992347,1.50,bs373187,bs,G,g
352188218880,2459490.6068323,3.021300970337738,0.05870461289447566,15.199580646862785,0.02111982965890631,17.73096003992858,1.54,bs373625,bs,G,g
352188218880,2459492.6053027,3.6266942354111302,0.05459850178568132,15.00128826729265,0.016363716856434753,17.80968879749804,1.54,bs374314,bs,G,g
352188218880,2459493.6297353,2.2947740049124414,0.0685844212428624,15.498215818353122,0.032486111399225776,17.562076916075238,1.43,bs374427,bs,G,g
352188218880,2459494.525761,2.8282994538034307,0.06563166279051606,15.271252148146335,0.025223200395842155,17.609857093120546,1.44,bk439461,bk,G,g
352188218880,2459495.6395186,2.616980440084074,0.06761649194169277,15.355564430695232,0.028084347046469765,17.57750902374277,1.50,bs375124,bs,G,g
352188218880,2459499.2457495,3.511115451984656,0.0643114339580754,15.036452847012828,0.01990926630555893,17.63192012845337,1.62,bo333273,bo,G,g
352188218880,2459503.5102437,2.851886176573802,0.10774858062053277,15.262235151969731,0.041066864230298906,17.071611716743796,1.73,bG288644,bG,G,g
352188218880,2459504.604558,3.3414815406487164,0.11270219436174633,15.090217956550463,0.036661098882512025,17.022809681355312,1.47,bG289048,bG,G,g
352188218880,2459507.3372289,2.2710322404350096,0.14377399887879863,15.50950737310054,0.06881279928808512,16.758439730895184,1.57,bo334772,bo,B,g
352188218880,2459508.5848273,2.4189251583722395,0.1608050867033859,15.441009543573454,0.07225859680532294,16.636891155071073,1.46,bs379905,bs,G,g
352188218880,2459509.5914037,3.3815517602856713,0.12086377215134919,15.07727552374944,0.038850112225046335,16.946900250368042,1.45,bG290702,bG,G,g
352188218880,2459509.6307535,3.4811637187357407,0.26788111439518164,15.04575450081991,0.08364304234686647,16.082785369070322,1.46,bs380364,bs,G,g
352188218880,2459510.5266322,3.3332118351305815,0.06910967248627074,15.092908334301903,0.02253658421360563,17.55379352435844,2.08,bk444762,bk,G,g
352188218880,2459511.5836338,4.758814342443517,0.07492190597922303,14.706318717726559,0.017112845441124496,17.466118568697457,1.55,bs381102,bs,G,g
352188218880,2459513.5708453,2.3856951570300238,0.06898332121549104,15.456028249929046,0.031429778723174755,17.55578036212345,1.46,bs381887,bs,G,g
352188218880,2459515.5786431,2.8165606373610164,0.059472503849102215,15.2757678584312,0.022951405719958354,17.716850053702572,1.53,bs382380,bs,G,g
352188218880,2459516.5719975,4.777180653101407,0.10783226549143697,14.702136460270408,0.024535179374832558,17.070768787510207,1.58,bk446827,bk,B,g
352188218880,2459517.5661081,3.111421223577482,0.05869190681605599,15.167668597811716,0.020503668999745997,17.731195063069787,1.47,bG293228,bG,G,g
352188218880,2459518.5608335,2.5238686650051996,0.08051477239866647,15.394898743026658,0.03467536095222766,17.387951687459072,1.45,bG293528,bG,G,g
352188218880,2459520.5592131,2.6934224131772098,0.057742627652528106,15.324304447882957,0.023302592791315066,17.74889925363396,1.44,bs384254,bs,G,g
352188218880,2459523.5673066,2.653271349978621,0.14751442339187046,15.340611453440118,0.06043172499400519,16.730554396364276,1.40,bG294863,bG,B,g
352188218880,2459524.5428702,3.6750470818702476,0.08169059251507521,14.986908354027298,0.02416135639106073,17.37221049624432,1.60,bG295141,bG,G,g
352188218880,2459525.5475077,2.9409270483659635,0.06444399273592596,15.22885499308278,0.02381827805968319,17.629684511378155,1.42,bG295460,bG,G,g
352188218880,2459531.5183422,3.3356246490758807,0.10389229176479439,15.092122686137856,0.03385464972009172,17.111182295200834,1.42,bG297351,bG,G,g
352188218880,2459532.5249355,3.304807202447482,0.12031578794769576,15.102200301121051,0.039572060446091455,16.951834062446704,1.78,bG297684,bG,G,g
352188218880,2459534.5119602,3.8653636541471967,0.12856066232697472,14.93208972557261,0.036151799121275086,16.879870358474907,1.64,bG298330,bG,G,g
352188218880,2459535.5244769,2.9647851550480486,0.1184243843896112,15.220082553712599,0.043417026939054346,16.969037771955072,1.48,bG298643,bG,G,g
352188218880,2459535.5435074,2.731941226517915,0.17560974091388964,15.308887242439235,0.06986978757612727,16.5412691060389,1.50,bk452816,bk,G,g
352188218880,2459537.5181159,2.7928699647980926,0.16400777739061587,15.284938833410418,0.06383015518001647,16.615479503552503,2.15,bG299241,bG,G,g
352188218880,2459538.5107773,2.636654057056351,0.21767827917242172,15.347432742780882,0.08973753100229262,16.308102872626623,2.14,bk453784,bk,G,g
352188218880,2459539.5114581,4.38776293737003,0.21864464094616934,14.794457733738653,0.05416364143004454,16.303293518674128,1.73,bG299875,bG,G,g
352188218880,2459634.8999533,2.813643287419162,0.4670086245078063,15.276893030016321,0.1804130866151116,15.479328358947871,1.53,bG324951,bG,G,g
352188218880,2459639.8879967,2.4864992439228586,0.09817614977916572,15.411094793504574,0.042917047548884174,17.1726256210316,1.44,bG325882,bG,G,g
352188218880,2459647.6452558,2.6102105844545145,0.13081250769573619,15.358376756257144,0.05447357742388635,16.861017433361113,1.51,bo359466,bo,G,g
352188218880,2459648.6470317,3.986488967725018,0.15319592783520788,14.898589205888822,0.04177041858449776,16.68952255822362,1.45,bo359814,bo,G,g
352188218880,2459649.8829187,3.1431267987341704,0.07280112884889653,15.156660868529418,0.02517609592592557,17.49729532768412,1.63,bk487597,bk,G,g
352188218880,2459653.891049,2.7537751677711295,0.05586749711339638,15.300244423894544,0.02205174229594013,17.784742573375997,1.69,bk489065,bk,G,g
352188218880,2459654.8909501,3.5591303419614295,0.05591539041373729,15.0217058898688,0.01707653062301365,17.783812207476927,1.61,bG330845,bG,G,g
352188218880,2459657.8598958,2.9739180167891393,0.13794601077729307,15.216743142337608,0.05041877927225538,16.80336774705657,1.48,bG331919,bG,G,g
352188218880,2459659.5962532,3.3152049569559012,0.16318090188573062,15.098789664545318,0.05350213571435832,16.6209672886786,1.42,bo361906,bo,G,g
352188218880,2459666.9176272,3.117087347716772,0.19843255308380692,15.165693191421788,0.06919522414339098,16.40860831103796,1.49,bk493960,bk,G,g
352188218880,2459667.5891392,3.064243122875515,0.07525291474284099,15.184257572088374,0.02669391532576926,17.461332296551014,1.54,bo362831,bo,G,g
352188218880,2459668.8227935,3.097209705258842,0.055611175267981754,15.172639093590403,0.01951657633529819,17.78973542792159,1.46,bG335267,bG,G,g
352188218880,2459670.8229538,3.336557182375891,0.050544393180138356,15.091819191659399,0.016465942227723768,17.893458144165592,1.43,bG336028,bG,G,g
352188218880,2459671.8302203,2.5387176222342775,0.08301604261491474,15.388529628197052,0.03554346814272363,17.35473554478237,1.49,bG336413,bG,G,g
352188218880,2459672.8189295,3.473448469395392,0.07019237756555671,15.048163471657501,0.02196550869935255,17.536915728587534,1.45,bk496242,bk,G,g
352188218880,2459674.8116821,4.039350946925556,0.06568719950100342,14.884286654316416,0.01767589170402204,17.60893874491356,1.51,bG337551,bG,G,g
352188218880,2459676.8004356,2.5912932631383105,0.05382417066708356,15.366274207382824,0.022577349374548115,17.825197244301563,1.42,bG338323,bG,G,g
352188218880,2459677.9200562,2.9121532054866344,0.09953935467289318,15.23953007467423,0.03715290477422727,17.1576535593741,1.47,bk498334,bk,G,g
352188218880,2459679.7920672,3.5152754358238405,0.05478990230425368,15.035167223805903,0.016941557702177954,17.805889296327365,1.38,bG339494,bG,G,g
352188218880,2459680.7990915,3.3067015965737614,0.0526936343782946,15.101578109603867,0.017321094108089696,17.848245227175475,1.41,bG339879,bG,G,g
352188218880,2459681.5659582,4.341077093453752,0.07859279122318763,14.806071875858567,0.01967874450111647,17.41418382889986,1.51,bo364700,bo,G,g
352188218880,2459681.5671869,4.238750676396031,0.11338987304809292,14.831970942061172,0.029076931251259392,17.016204938800495,1.56,bo364749,bo,G,g
352188218880,2459681.8053275,2.4528617171422678,0.054439685516119565,15.42588295964934,0.024124299710671922,17.81285159211102,1.41,bG340279,bG,G,g
352188218880,2459682.8471456,3.118679275769839,0.04392235840181178,15.165138836499775,0.015308305116827979,18.045926482894345,1.46,bG340704,bG,G,g
352188218880,2459682.861549,3.2161229334946912,0.04791805828883616,15.131734019978328,0.016194917620742197,17.95139258274745,1.59,bk500326,bk,G,g
352188218880,2459684.7684022,2.758769213360467,0.138916312004232,15.298277195256345,0.0547331000279719,16.79575749894327,1.46,bG341441,bG,G,g
352188218880,2459686.8621895,2.6632917248423076,0.08630826701903346,15.336518773073513,0.0352245804848492,17.3125096201613,1.45,bG342290,bG,G,g
352188218880,2459687.5544856,3.0909275103339064,0.39273584305145715,15.174843572444365,0.13810960771428157,15.66738926398867,1.94,bo366027,bo,B,g
352188218880,2459689.9782532,2.4071689757243786,0.2985878401691221,15.446299178637751,0.13482726117561497,15.964960318098449,1.69,bs435557,bs,B,g
352188218880,2459690.5646441,2.684296034264113,0.20513139830873986,15.327989597863871,0.08306420318736488,16.37256026027051,1.57,bo366912,bo,G,g
352188218880,2459695.758748,3.0688079628666767,0.05759152182542817,15.182641341310816,0.020398630674352897,17.751744224734818,1.49,bG345485,bG,G,g
352188218880,2459696.7461402,2.4964998526052744,0.05494061269739288,15.406736760406869,0.023920713320873963,17.802906865539477,1.55,bk505229,bk,G,g
352188218880,2459697.5691984,2.6134314104828,0.05196639290684274,15.357037855974664,0.021613427256893587,17.863334179930593,1.44,bo367867,bo,G,g
352188218880,2459697.9599853,2.528561888225963,0.0702325144969326,15.392881652923307,0.030190951633831193,17.536295067676363,1.45,bs437824,bs,G,g
352188218880,2459699.9458052,3.4110123395499112,0.056154329326378996,15.067857396038187,0.01789419339750865,17.779182499793727,1.43,bs438490,bs,G,g
352188218880,2459700.7640559,3.183666659680049,0.04992406094756638,15.142746648801664,0.01704490119079007,17.906865849674748,1.44,bG347274,bG,G,g
352188218880,2459702.4942973,2.647786548583162,0.049910595887769804,15.342858193502167,0.020489056315029352,17.90715872398258,1.51,bo370129,bo,G,g
352188218880,2459703.725236,2.962835694902185,0.05638812637329982,15.220796701796624,0.020686750134530148,17.774671450483602,1.71,bG348287,bG,G,g
352188218880,2459703.7265227,2.9611706990571416,0.10221100582482838,15.221407013871636,0.03751857986781652,17.128896456298538,1.75,bG348288,bG,G,g
352188218880,2459708.9434734,3.6453719839629906,0.05399224051498811,14.995710993432112,0.016099102700425496,17.821812237054388,1.45,bs441289,bs,G,g
352188218880,2459710.4861292,3.1255146185315197,0.07412671334133346,15.162761786011503,0.025778959414787604,17.477703749859202,1.53,bo371822,bo,G,g
352188218880,2459712.4550281,2.870820432442148,0.13368461311432195,15.255050550861942,0.05061597041692121,16.837437052600947,1.43,bo372459,bo,G,g
352188218880,2459712.45628,3.1225174100472177,0.14958981058023105,15.163803450970757,0.05207260644014938,16.7153855808211,1.41,bo372460,bo,G,g
352188218880,2459713.6801738,2.7866183769056057,0.12068874023737847,15.287371880219318,0.04707620332539782,16.94847372619214,1.49,bo373001,bo,G,g
352188218880,2459714.7040074,2.80616312752225,0.13970078106909864,15.279783337836186,0.05411256159195015,16.78964352577285,1.46,bG352234,bG,G,g
352188218880,2459715.7131654,3.0770387273583926,0.05381092199019113,15.179733216590295,0.019008578630483157,17.825464528286457,1.66,bk512522,bk,G,g
352188218880,2459715.7144061,3.095241222108057,0.08466561417281887,15.17332937067853,0.029732041830819757,17.33337295359439,1.67,bk512523,bk,G,g
352188218880,2459715.7156695,2.943062732802488,0.10271020302561808,15.228066823795361,0.03793379046376519,17.123606642234087,1.68,bk512524,bk,G,g
352188218880,2459716.7746016,3.3536461063308773,0.11481285846463755,15.086272542928382,0.037212210630114956,17.002664287465088,1.49,bG353050,bG,G,g
352188218880,2459716.8468126,3.1420095463102338,0.11726988065814295,15.157046871744846,0.04056870601638592,16.979674403481322,1.41,bk513054,bk,G,g
352188218880,2459722.6500543,4.710049266606299,0.09553708540828161,14.717501997717232,0.02204746748377486,17.202210641598658,1.40,bo374938,bo,G,g
352188218880,2459725.4164857,2.591900157925588,0.07161399987772377,15.366019951910374,0.030032524199241132,17.5151457834901,1.52,bo375799,bo,G,g
352188218880,2459725.6916576,3.1071555328321785,0.04357139141562181,15.169158139804464,0.015242303631092958,18.05463703897956,1.49,bG356135,bG,G,g
352188218880,2459725.7074422,3.0757245121790175,0.03699703643433971,15.180197037792976,0.013074698295666204,18.232223268285523,1.44,bk516260,bk,G,g
352188218880,2459727.8914432,2.5670945543560615,0.07122571408853212,15.376460958707634,0.0301583182094657,17.52104858132979,1.56,bs445709,bs,G,g
352188218880,2459731.4976154,3.080489348282897,0.04581086975304038,15.17851634371118,0.016164452466737186,18.00021926830626,1.45,bo377411,bo,G,g
352188218880,2459731.9098421,3.1466300682047095,0.07021705961978132,15.155451401463207,0.024255438115295264,17.536534013502102,1.43,bs446824,bs,G,g
352188218880,2459731.9110592,3.1239286913637008,0.09506346469478129,15.163312842640321,0.03307689231664347,17.20760651494833,1.42,bs446825,bs,G,g
352188218880,2459737.3801825,3.303798323144215,0.048814857621883284,15.10253180125071,0.01606018971502366,17.931260544082825,1.52,bo379212,bo,G,g
352188218880,2459738.4299992,4.225347544679124,0.07278322355552136,14.835409531062782,0.018723240793883354,17.497562395195857,1.39,bo379670,bo,G,g
352188218880,2459739.8680478,2.880237492916218,0.09809375197528239,15.251494873708326,0.037019045725787805,17.17353724612872,1.56,bs448721,bs,B,g
352188218880,2459740.4638411,3.9379523146408455,0.10088382549892393,14.911889490068585,0.027846028418464678,17.143086755801505,1.50,bo380135,bo,G,g
352188218880,2459741.9174802,2.858621521075963,0.0519886157435947,15.25967397487104,0.019768047124132822,17.862869976442663,1.57,bs449353,bs,G,g
352188218880,2459749.759983,3.1485662128823426,0.08855068237189336,15.15478354541978,0.030569705447123938,17.284660830907413,1.47,bk523236,bk,G,g
352188218880,2459749.7612233,3.2471315884888603,0.10216178172471337,15.121315900873814,0.03419800272702981,17.129419465152267,1.48,bk523237,bk,G,g
352188218880,2459750.8644108,2.7511680755721604,0.0947615309384962,15.301272814007234,0.03743924806998989,17.2110604403495,1.50,bs450851,bs,G,g
352188218880,2459750.8668682,2.6028530625549884,0.175811158252667,15.361441492753237,0.07341908300795967,16.540024523707903,1.45,bs450853,bs,G,g
352188218880,2459753.8471787,4.146642040554229,0.0694461690489067,14.855824256154495,0.018203878130608583,17.54851987851186,1.44,bs451449,bs,G,g
352188218880,2459755.459056,3.7240551394059533,0.09205549263254992,14.97252536567488,0.026868645692184844,17.242516345288834,1.44,bo381438,bo,G,g
352188218880,2459756.7949459,3.729511706066242,0.0844347094599205,14.970935685684632,0.024608277260352734,17.33633807816747,1.51,bk524875,bk,G,g
352188218880,2459756.819775,3.2734465696668416,0.14372135420330592,15.112552480756431,0.04772305273348705,16.75883735979733,1.46,bG364446,bG,B,g
352188218880,2459758.7310533,2.772611878976784,0.048831217438765985,15.292842923288806,0.01914346925438267,17.93089673128957,1.46,bG365082,bG,G,g
352188218880,2459758.8140338,3.726145281174339,0.06275771657092057,14.971916162560213,0.018307098668659334,17.658472777767503,1.45,bs452737,bs,G,g
352188218880,2459759.7687117,2.688959694054374,0.037142335653503146,15.326104891157748,0.015014023475497545,18.2279675855005,1.50,bk526006,bk,G,g
352188218880,2459761.5655541,2.5911317811404184,0.05546856165307775,15.366341869471551,0.02326856367520065,17.792523350442156,1.44,bG366184,bG,G,g
352188218880,2459762.6592777,2.9934391610752225,0.04735481929380359,15.209639532453298,0.01719514808802368,17.964230152238613,1.48,bG366657,bG,G,g
352188218880,2459762.7087613,2.6882813962812073,0.04592735437716519,15.326378805769895,0.01856987048883402,17.997462039400254,1.54,bk527228,bk,G,g
352188218880,2459763.8642262,3.4637022564060063,0.052668204235635126,15.051214240966793,0.01652799341407988,17.848769333957907,1.42,bk527782,bk,G,g
352188218880,2459767.2915202,2.9553501389503642,0.08652318416431967,15.22354326760983,0.03182260472948402,17.3098093773023,1.44,bo384855,bo,G,g
352188218880,2459768.4108433,4.229605818939481,0.07245110555343583,14.834315885071767,0.018619040416457306,17.502528069219117,1.42,bo385188,bo,G,g
352188218880,2459769.7618196,2.4651024817075546,0.08945206088781787,15.420478174998678,0.03944278247518079,17.273664734597435,1.44,bG369299,bG,G,g
352188218880,2459769.813036,2.3556245462104033,0.05412755371814577,15.469800444455192,0.02497609290681445,17.81909461219401,1.41,bk529969,bk,G,g
352188218880,2459777.3191203,2.742906511704834,0.10260224758557016,15.3045381085048,0.04065912625250628,17.12474842530875,1.47,bo387145,bo,G,g
352188218880,2459778.4151457,3.016924448615786,0.11233721940909151,15.201154536072554,0.040473560193652086,17.02633143659564,1.54,bo387433,bo,G,g
352188218880,2459780.8295415,3.895331256146861,0.06957533421153751,14.923704633114742,0.019414359986476875,17.546502358480417,1.50,bs457760,bs,G,g
352188218880,2459781.8550017,2.678191349744697,0.10756853435368692,15.330461614817937,0.04365719423326698,17.07342748318699,1.51,bs458061,bs,G,g
352188218880,2459782.7482087,2.599550469588083,0.05107122043035422,15.362819988370992,0.021354536782179315,17.882200021050668,1.56,bk531283,bk,G,g
352188218880,2459783.6917806,3.3302553860236355,0.04147590403927372,15.093871773885839,0.013537251401113701,18.10815095893934,1.42,bG371003,bG,G,g
352188218880,2459783.7358432,3.035575424922727,0.04434458407083025,15.194463051644275,0.015878582513173787,18.035539146951894,1.54,bk531697,bk,G,g
352188218880,2459785.5134737,2.8998615005166353,0.050274209232987484,15.244122481843238,0.01884430673373115,17.89927749076655,1.44,bk532376,bk,G,g
352188218880,2459793.8294293,2.9193394041124354,0.05300529022457641,15.236854149145572,0.019735439399447007,17.841842569483358,1.46,bG374965,bG,G,g
352188218880,2459794.785028,2.60221484009293,0.05714397290022299,15.361707749121138,0.023869287448903848,17.76021453354695,1.52,bs461209,bs,G,g
352188218880,2459795.7555601,4.4624367730958,0.06630486782860083,14.776135432837423,0.016150482835715352,17.5987770772517,1.58,bG375573,bG,G,g
352188218880,2459796.6694104,3.341335091967302,0.05341479924864124,15.090265542664017,0.01737615737501887,17.833486610183254,1.47,bk536828,bk,G,g
352188218880,2459799.7086304,3.528279145383909,0.22570494005180589,15.031158277997818,0.06953289308160894,16.268787949749544,1.46,bs461983,bs,B,g
352188218880,2459804.6923721,2.744789682368644,0.12408667797573521,15.303792940923584,0.049139219938438186,16.918327716764498,1.51,bk539605,bk,G,g
352188218880,2459812.4417501,4.1211005496719,0.059357379850922855,14.8625325950493,0.01565574301443436,17.71895380619436,1.60,bo394120,bo,G,g
352188218880,2459813.7532085,3.1640719508971866,0.05305344957598169,15.149449745330077,0.018225499897693453,17.840856543152846,1.49,bG381918,bG,G,g
352188218880,2459814.7548072,2.705290968461731,0.05114131853782716,15.319530665679988,0.02054802620608234,17.88071080914245,1.55,bk542381,bk,G,g
352188218880,2459815.756125,4.216488398243914,0.07334189313752602,14.83768834804621,0.018906597512690866,17.48926032145457,1.45,bk542805,bk,G,g
352188218880,2459817.6605379,2.836592044091891,0.08107708648170178,15.268073421089714,0.03106800926782772,17.380395276795973,1.45,bG383351,bG,G,g
352188218880,2459818.7081489,3.3526288493504537,0.05564201312701858,15.08660192779523,0.018039709066759592,17.789133525515478,1.50,bG383745,bG,G,g
352188218880,2459820.2671377,5.024223767070881,0.08142533773575726,14.647393188253977,0.017615816092182435,17.375741689927388,1.52,bo396269,bo,G,g
352188218880,2459821.7319232,2.616678494894255,0.06193065337026044,15.35568970933065,0.02572571590576335,17.672876456808133,1.48,bk545221,bk,G,g
352188218880,2459822.7325357,3.0382683836282074,0.05351927450097088,15.193500286368051,0.019146802425698967,17.831365067515513,1.48,bk545638,bk,G,g
352188218880,2459825.3188076,3.9844914851692086,0.08117658162734664,14.899133364587346,0.022144711600151967,17.379063713736432,1.58,bo397037,bo,G,g
352188218880,2459825.3202103,4.077139975313874,0.09925358453590942,14.874176567797727,0.026460786647136757,17.160775110863007,1.66,bo397038,bo,G,g
352188218880,2459826.6093263,3.1776163470724454,0.06183625705996493,15.144811969719484,0.021152120190088462,17.67453262663899,1.43,bG386779,bG,G,g
352188218880,2459827.6392652,2.7046429726509396,0.08813167735978106,15.31979076220735,0.035418834369894556,17.289810521744375,1.49,bk547552,bk,G,g
352188218880,2459831.4458,4.757970003770662,0.265153388706879,14.706511372941861,0.060574195484159835,16.093897656817667,1.61,bo398630,bo,G,g
352188218880,2459832.5750654,3.421849087069987,0.24011560805200316,15.064413492158184,0.07627315509900615,16.201589633722094,1.51,bG388961,bG,G,g
352188218880,2459837.6193192,2.7965941739292433,0.0470232245217157,15.283492000874851,0.018276588374375794,17.971859594771228,1.49,bG390796,bG,G,g
352188218880,2459840.6441224,3.455422344302014,0.04892262735173844,15.053812779121111,0.015389368812838079,17.92886618034544,1.58,bG391940,bG,G,g
352188218880,2459842.5897569,2.731737978000275,0.05672796471880268,15.308968021074294,0.022572015219859298,17.76814760578485,1.46,bG392660,bG,G,g
352188218880,2459843.6560291,3.6363162196159022,0.061821404359108906,14.998411514522118,0.018479465094018488,17.674793445337162,1.50,bk552446,bk,G,g
352188218880,2459844.6681519,2.754808189215737,0.061382172841758786,15.299837208927222,0.02421938244196327,17.68253496700246,1.47,bk552849,bk,G,g
352188218880,2459845.6937613,3.1924323660809204,0.0493227173750333,15.139761359283057,0.01679335477559478,17.920023122671452,1.44,bG393768,bG,G,g
352188218880,2459846.6665473,2.5497451610454434,0.06447137105076912,15.383823681670254,0.027484149514127816,17.62922334635912,1.45,bG394112,bG,G,g
352188218880,2459847.6834005,3.5383417084026023,0.052259637293633,15.028066192942642,0.016053834892526597,17.857224633455708,1.52,bs471225,bs,G,g
352188218880,2459849.3167156,3.671499753782166,0.05678161371060849,14.987956863734201,0.01681033623222729,17.767121284343162,1.42,bo402960,bo,G,g
352188218880,2459850.5534539,3.0526873209894037,0.038732774421767875,15.188359815042968,0.013791403224731809,18.18244409509954,1.48,bG395465,bG,G,g
352188218880,2459851.6673321,2.5698695914907157,0.05607623052805725,15.375287908441296,0.023718100205879243,17.78069358031731,1.44,bk555346,bk,G,g
352188218880,2459853.5001921,3.4786548974762117,0.05705717212677992,15.046537256331492,0.017828346640591033,17.761865003171472,2.42,bk555967,bk,G,g
352188218880,2459858.3188261,2.4705156589610917,0.11061674903667199,15.418096594934749,0.04866821885660628,17.04308838480985,1.49,bo405556,bo,G,g
352188218880,2459859.5494475,2.3633782896841007,0.1048014785315168,15.46623251797559,0.04819992257479947,17.101722087228698,1.48,bG398255,bG,G,g
352188218880,2459860.5694189,3.4945522535327496,0.11760536529222275,15.041586775280324,0.03658034263664682,16.976572773425772,1.53,bG398605,bG,B,g
352188218880,2459862.5508111,3.2092347583806253,0.13647016372407564,15.13406190406811,0.04622196431573662,16.815046330003106,1.40,bG399284,bG,G,g
352188218880,2459863.5351046,3.871136933054439,0.10487332312428566,14.930469287747357,0.029446838098918363,17.100978037129,1.60,bk559351,bk,G,g
352188218880,2459864.5732475,2.532921751871019,0.10127522507739392,15.391011188326523,0.043460389689162895,17.138882568824556,1.56,bk559737,bk,G,g
352188218880,2459866.3139251,3.458962754498076,0.058937986689936286,15.052700908199672,0.018520878528539224,17.726652370559734,1.47,bo407307,bo,G,g
352188218880,2459869.6060499,2.5897666812582787,0.05876038812356124,15.366914024440506,0.02466244837924751,17.729928972128416,1.41,bG401710,bG,G,g
352188218880,2459870.5655225,3.3880456729194983,0.05501098441196439,15.075192481651488,0.017648684240537123,17.80151706983405,1.44,bk561809,bk,G,g
352188218880,2459871.5206411,3.397358122853067,0.062390832427173165,15.072212299277588,0.019961428778223062,17.664838661226025,1.45,bk562097,bk,G,g
352188218880,2459872.4946383,2.6060825555473563,0.08883667210695874,15.360095199317813,0.037052394948393574,17.28115990853899,1.60,bk562401,bk,G,g
352188218880,2459873.5921933,3.0431358186557205,0.0399624836489915,15.19176228264839,0.014273921643876156,18.148509432481433,1.41,bG403044,bG,G,g
352188218880,2459874.5649051,2.4779213592399567,0.05432247426275358,15.41484682419391,0.023828911057539398,17.81519175436801,1.49,bk563145,bk,G,g
352188218880,2459875.5249704,3.56816937850577,0.05682852859977344,15.01895196766015,0.01731143710678603,17.766224582771134,1.40,bG403654,bG,G,g
352188218880,2459876.534664,3.140215966800194,0.05646757018895549,15.157666828560789,0.01954572371217824,17.773142860544834,1.49,bk563807,bk,G,g
352188218880,2459881.2671695,2.55298388062525,0.08197845014545546,15.382445440517989,0.03490308407503374,17.36839135282786,2.43,bo410510,bo,G,g
352188218880,2459881.5639662,2.6810176132864,0.0636316522904028,15.329316454419432,0.025797980253217175,17.643457610231717,1.53,bk565511,bk,G,g
352188218880,2459886.5547052,2.6192976460217317,0.08944604119312907,15.354603490690423,0.037118331307740164,17.27373780189543,1.51,bG407204,bG,G,g
352188218880,2459887.5514255,4.597211738393868,0.10649499001824606,14.743829354913006,0.025179484983503874,17.084317668498464,1.50,bG407526,bG,G,g
352188218880,2459888.5479894,2.9575822240084126,0.07664681846055652,15.22272355396321,0.028168873385824116,17.44140528044927,1.48,bG407847,bG,B,g
352188218880,2459889.5407542,2.3480903151815324,0.10763764381423473,15.473278629098576,0.04982663493481121,17.072730155195515,1.47,bG408164,bG,G,g
352188218880,2459889.542041,2.5233741877936935,0.14451552889619146,15.395111481675594,0.06225081376600727,16.752854319808186,1.49,bG408165,bG,G,g
352188218880,2459891.5327854,3.4009415947812207,0.27299850356221117,15.071067687909137,0.08725157301357817,16.062239945273035,1.55,bk568739,bk,G,g
352188218880,2459892.534959,4.154969631238284,0.12153042289071773,14.853645987621999,0.031792840255107126,16.94092808862955,2.14,bG409120,bG,B,g
352188218880,2459893.5315303,3.050118475648465,0.08410435490205531,15.189273849881616,0.029971877419619156,17.34059440134796,1.48,bG409423,bG,G,g
352188218880,2459896.5381497,3.2650251705785607,0.30558509372559367,15.115349288115725,0.10173205204186504,15.939810197011994,2.47,bs482947,bs,B,g
352188218880,2459897.5192082,3.510679221433826,0.060025916796703084,15.036587750217862,0.018584882759211288,17.706793606666228,1.51,bG410155,bG,G,g
352188218880,2459898.5153382,3.0562568776551813,0.07368170066925386,15.187090987821104,0.02620486702568064,17.484241507980634,2.06,bG410482,bG,G,g
352188218880,2459899.5162794,2.521474700486035,0.06990864929062351,15.395929084852035,0.03013619857370356,17.541313333493992,2.19,bG410809,bG,B,g
352188218880,2459900.544909,3.721146169244108,0.056934215593563264,14.973373797907417,0.01663063317990979,17.764207257514876,1.67,bG411058,bG,G,g
352188218880,2460000.8992392,3.224963181640411,0.3231070119744437,15.128753720281672,0.10890148324317356,15.879274653810917,1.62,bG438468,bG,G,g
352188218880,2460001.8944876,4.021156199801257,0.12629513294163772,14.889188263825996,0.034138767954751036,16.899174075459996,1.49,bG438879,bG,G,g
352188218880,2460003.8890026,3.327083007850813,0.06409752863641902,15.094906531590597,0.02094063376667048,17.63553739880961,1.62,bG439711,bG,G,g
352188218880,2460005.8833154,2.8325279761068725,0.06752166256377481,15.269630102370087,0.025910816098359612,17.57903279334221,1.49,bk605450,bk,G,g
352188218880,2460007.9044467,1.7077344744345004,0.29205353811011786,15.819014757998655,0.18588926012687104,15.988984431669628,1.39,bk606279,bk,G,g
352188218880,2460009.8761133,2.668563750737211,0.14859125894942268,15.334371666394357,0.06052403205427786,16.72265745567499,1.55,bG441812,bG,G,g
352188218880,2460010.8830412,2.9174801706461575,0.15730333618288192,15.237545839930203,0.058606015175567655,16.66079577769942,1.48,bG442219,bG,G,g
352188218880,2460010.8843319,2.943463096505682,0.31667668816118244,15.227919134179821,0.11694177239326622,15.901100375459468,1.53,bG442220,bG,G,g
352188218880,2460013.6445762,3.1554431767255102,0.1193824830026416,15.152414712785276,0.04112372215676892,16.960289092896662,2.14,bo438661,bo,G,g
352188218880,2460016.6474997,2.611835767227484,0.1315221588773483,15.357700959945086,0.0547350144058627,16.855143288932318,1.53,bo439614,bo,G,g
352188218880,2460016.6487399,2.6561087134963284,0.1677483138242271,15.339451005872354,0.0686474626567419,16.59099520290912,1.58,bo439615,bo,G,g
352188218880,2460016.8979606,3.6402133062595468,0.11905893702151159,14.99724854020817,0.03555063321271024,16.96323560949752,1.41,bk609825,bk,G,g
352188218880,2460016.8992009,3.4162046720393953,0.14958807122114612,15.066205916541245,0.04759542978176901,16.71539820531807,1.44,bk609826,bk,G,g
352188218880,2460017.8969543,2.4325467242981382,0.08216562574941111,15.434912644936432,0.03671479847807147,17.36591519379697,1.53,bG444892,bG,B,g
352188218880,2460023.874982,2.9885015550023986,0.047299954958572074,15.211431906918392,0.017203603067941442,17.965488793490515,1.53,bG447286,bG,G,g
352188218880,2460025.8395939,3.5799371650184413,0.06444651255144689,15.015377112324252,0.019567538169563675,17.62964205898906,1.48,bG448109,bG,G,g
352188218880,2460027.8497696,2.4618479693655404,0.06026749853803063,15.421912548016056,0.026609340381688336,17.70243269638926,1.51,bk614539,bk,G,g
352188218880,2460029.8268323,2.9847344154386604,0.054955044324215566,15.212801389180681,0.020013085091153796,17.80262170522924,1.51,bG449816,bG,G,g
352188218880,2460030.8312798,3.9124185733353753,0.06228730526815886,14.918952342393808,0.017304792780661857,17.66664175537916,1.54,bG450250,bG,G,g
352188218880,2460030.9186218,3.3445119242744914,0.2566786263813907,15.089233750550449,0.08341979734361868,16.129166345208493,1.42,bk615915,bk,G,g
352188218880,2460031.6243197,2.653243380283941,0.058292645240416115,15.340622898884707,0.023880798642269687,17.738606202803467,2.04,bo443076,bo,G,g
352188218880,2460032.8303172,2.5209770899436457,0.058930176366740125,15.396143374965634,0.025408616280006433,17.72679625929877,1.71,bG451122,bG,G,g
352188218880,2460039.5662191,3.4606597488570654,0.14293819384341458,15.052168368093369,0.04489537061683801,16.764769886226077,1.53,bo445825,bo,G,g
352188218880,2460042.8011045,2.3938368799350154,0.1418734850446593,15.45232923847395,0.06441972346726386,16.772887518760115,1.44,bG454338,bG,G,g
352188218880,2460044.7945008,3.2848647649907976,0.13749266719778294,15.108771885432542,0.04549610470869921,16.806941769307556,1.48,bG455238,bG,G,g
352188218880,2460053.5212157,2.7018868170267574,0.07252095311828896,15.320897741479733,0.029174842727648302,17.501481853327057,1.44,bo450289,bo,B,g
352188218880,2460061.510626,3.0797173143146157,0.11236262735373596,15.178788485631403,0.03965730556964038,17.02608589726035,1.49,bo450919,bo,G,g
352188218880,2460063.5036381,2.8005099292678515,0.05398437891183703,15.281972830262571,0.020952852949033547,17.821970338451315,1.50,bo451286,bo,G,g
352188218880,2460064.5241207,3.1464171547112723,0.0469742545054567,15.155524869174542,0.016227655068587133,17.972990870310966,1.52,bo451716,bo,G,g
352188218880,2460065.745124,3.0777752649361267,0.07593651460728773,15.179473359665574,0.026817971646881468,17.451513962246796,1.46,bG464064,bG,G,g
352188218880,2460069.4688859,2.5415366384651574,0.14913908845627338,15.38732468523918,0.06378334366317567,16.718661900595905,1.59,bo453392,bo,G,g
352188218880,2460080.6753259,2.6174007407256497,0.07094107769417084,15.355390069826713,0.029460474225090714,17.525396157125897,1.42,bo456286,bo,G,g
352188218880,2460081.9512151,3.822085496679637,0.10309616153247096,14.944314628252346,0.029319345483333915,17.11953437151903,1.54,bs531485,bs,G,g
352188218880,2460083.7323118,4.375789784981723,0.10628417113348794,14.797424496998588,0.026401239238613258,17.086469136428764,1.43,bG471931,bG,B,g
352188218880,2460084.6082,3.0659880086019182,0.048847081246484826,15.18363949240529,0.017317306323386066,17.9305440652262,1.43,bo457293,bo,G,g
352188218880,2460088.4290586,2.625098840886551,0.06890227226377488,15.35220147174303,0.028529887344913116,17.55705675060103,1.43,bo457938,bo,G,g
352188218880,2460091.419767,2.6020532636312415,0.08767469221176111,15.36177516663724,0.03662437653488027,17.295454986605762,1.45,bo458502,bo,G,g
352188218880,2460092.4151845,3.1500563417978555,0.061427916578100074,15.154269818194672,0.021196279461879488,17.68172614692557,1.47,bo458950,bo,G,g
352188218880,2460093.413946,2.7486482130068923,0.07329973436583721,15.302267722224531,0.028986475582313025,17.489884609479887,1.50,bo459382,bo,G,g
352188218880,2460094.9164054,4.139422775417412,0.07422160274203415,14.857716160137427,0.01948959058579122,17.476314790758632,1.46,bs534994,bs,G,g
352188218880,2460096.9361786,3.3912902000588594,0.06996047367724538,15.074153235059347,0.0224233222878186,17.540508758270732,1.49,bs535649,bs,G,g
352188218880,2460097.687744,3.4104355674348237,0.13492040909402034,15.06804099998189,0.04300114037655384,16.827446488068666,1.41,bG477024,bG,B,g
352188218880,2460098.9522019,3.1009295235378067,0.18142041519828214,15.171335882508368,0.06359257828324179,16.505925220107653,1.45,bs536408,bs,G,g
352188218880,2460113.8201107,3.0901213731429653,0.09966505529466532,15.175126777562353,0.03505738731933476,17.15628333133392,1.53,bs540726,bs,G,g
352188218880,2460118.8215846,2.928150152000813,0.07873812248453156,15.233582264648465,0.02922832208094781,17.412177974445882,1.53,bs541355,bs,G,g
352188218880,2460119.740795,3.0086947007994147,0.053826470691910364,15.204120319503158,0.01944598544519214,17.825150849404235,1.47,bG484571,bG,G,g
352188218880,2460120.8793247,2.6405862069553256,0.053654305274830144,15.345814746220421,0.022085965943563504,17.828629171638603,1.45,bG485152,bG,G,g
352188218880,2460123.6085411,3.316684730810212,0.07547620001501934,15.098305143797603,0.024735347041071176,17.458115544675096,1.59,bk654729,bk,G,g
352188218880,2460124.9168174,3.096706470774355,0.06279892823488445,15.172815518290047,0.022042678325293913,17.65776003178261,1.56,bs543045,bs,G,g
352188218880,2460125.5666983,4.233201336538656,0.10525821902015856,14.833393310848951,0.02702708861094643,17.097000567851357,1.48,bG486931,bG,G,g
352188218880,2460127.5656029,2.5051548178260186,0.1217398380801629,15.402979196524669,0.05282145040103016,16.939058811980097,2.01,bo463706,bo,G,g
352188218880,2460131.5524065,3.436342274669228,0.19857061355848976,15.059824584939443,0.0628102808687522,16.407853167127552,1.43,bo465352,bo,G,g
352188218880,2460132.4022099,1.2398092070583093,0.6352079095621015,15.145350868303161,99.999,15.145350868303161,1.52,bo465690,bo,B,g
352188218880,2460134.7720521,3.1946892037705505,0.08991667927600779,15.138994087057823,0.030593123373888594,17.268039962597243,1.46,bs545690,bs,G,g
352188218880,2460135.7780729,2.9133112432798822,0.08708817538727501,15.239098410010845,0.03249260113278796,17.302742632438374,1.47,bs545964,bs,G,g
352188218880,2460138.2752514,3.2067716011347454,0.03341775219544473,15.134895550103167,0.011327168943945786,18.342697525821176,1.52,bo466725,bo,G,g
352188218880,2460138.6582474,2.7600974803474,0.12575983669144683,15.297754570715771,0.04952559670008862,16.903785699612598,1.44,bG492290,bG,B,g
352188218880,2460139.2718522,3.0934540388601954,0.039607552469527116,15.1739564526494,0.01391702832046601,18.158195595927552,1.43,bo467176,bo,G,g
352188218880,2460141.2903863,2.781899014542106,0.048931678107205986,15.289212220635996,0.019118812854183268,17.92866533618486,1.53,bo467643,bo,G,g
352188218880,2460141.8187569,3.5725256002442047,0.046448765097997995,15.017627248355321,0.014132239709226061,17.985205180970798,1.41,bG493694,bG,G,g
352188218880,2460142.7149215,3.9896607889763853,0.062298475311229416,14.89772569117202,0.016972804861267073,17.666447066705274,1.49,bG494089,bG,G,g
352188218880,2460144.5458183,2.977822562019183,0.11959740284251605,15.21531858201902,0.04365511184608232,16.958336239723636,1.78,bG494555,bG,B,g
352188218880,2460144.7461416,3.0545267893229338,0.04966685931980844,15.187705776264718,0.01767400333193089,17.912473865732427,1.47,bs548339,bs,G,g
352188218880,2460145.8126536,2.759289450993055,0.09136613632656551,15.29807247078029,0.035991518653661105,17.25067746159383,1.45,bG494813,bG,G,g
352188218880,2460147.2513755,4.286716571673589,0.06898598534918077,14.819753697636365,0.017492354679893643,17.55573843183513,1.47,bo468933,bo,G,g
352188218880,2460148.7471114,2.308689270630839,0.07027776436087826,15.491651910746542,0.03308755113867253,17.535595767701388,1.50,bs549572,bs,G,g
352188218880,2460149.7454046,3.284999355821028,0.06455468379262441,15.108727400452473,0.02136016691536402,17.627821216024575,1.65,bs549863,bs,G,g
352188218880,2460150.492708,4.247746466082504,0.07839475370661986,14.829669154162776,0.02006044604873276,17.416923111379745,1.56,bG496503,bG,G,g
352188218880,2460151.4292083,3.2564028121851183,0.06049760302002454,15.118220319478157,0.02019352885525711,17.698295191992788,1.48,bo470360,bo,G,g
352188218880,2460151.8562847,3.446021783150543,0.054208507112475456,15.056770576275147,0.01709864128768717,17.817471993708402,1.40,bG497016,bG,G,g
352188218880,2460155.6077865,3.914169406546377,0.13142577768645802,14.918466576938345,0.036496659020943685,16.85593922256436,1.56,bk667881,bk,G,g
352188218880,2460159.4893952,2.8399130993074437,0.1716534528709983,15.266802994936352,0.06569913710481931,16.566009251843486,1.50,bo471582,bo,G,g
352188218880,2460159.8025967,3.2689231740509523,0.13942234241988388,15.114053837409624,0.04635961639368795,16.791809673949714,1.42,bk669978,bk,G,g
352188218880,2460160.8187061,1.9543205099764442,0.17607643120462635,15.672576147700163,0.09793041839627767,16.53838754353995,1.57,bs552951,bs,G,g
352188218880,2460161.8089347,4.07536504341675,0.20994155277574159,14.874649332389154,0.055994331193044124,16.347394598892816,1.50,bs553228,bs,G,g
352188218880,2460162.8354135,2.0932769723226867,0.21454617261462886,15.59799888254744,0.1114054014929903,16.32383868303267,1.54,bs553582,bs,G,g
352188218880,2460163.8206203,3.9373735777154835,0.14050066856423862,14.912049065848084,0.03878679911628204,16.783444634414725,1.49,bs553882,bs,G,g
352188218880,2460164.5020376,2.778522002558411,0.06660101770059362,15.29053102171747,0.026054287307232377,17.593938447736583,1.47,bo473655,bo,G,g
352188218880,2460166.7501347,4.645766876943705,0.0969193456733496,14.73242208914101,0.022675936535937607,17.1866144278294,1.46,bs554423,bs,G,g
352188218880,2460168.7337637,2.5079780021160945,0.08664318837225858,15.401756315013017,0.03755111830567762,17.308304547787984,1.47,bs554866,bs,B,g
352188218880,2460170.2977789,2.570284361231644,0.048658296537499715,15.375112687804137,0.020577276800924853,17.934748359476025,1.41,bo475617,bo,G,g
352188218880,2460172.7963554,2.734553779792685,0.06232797910896282,15.307849449890274,0.02477471969282081,17.665932997005957,1.45,bs555801,bs,G,g
352188218880,2460192.7374352,2.4411700511676866,0.11106897137490299,15.431070539049127,0.04945462227879622,17.03865873687975,1.48,bs561213,bs,G,g
352188218880,2460194.7310943,2.9511918454533275,0.05599137050536837,15.225072016768838,0.020622239596414144,17.78233786672533,1.59,bs561866,bs,G,g
352188218880,2460195.333274,3.3352972615152345,0.16920027397773152,15.092229255074693,0.055141514191928614,16.581637956603693,1.63,bo480619,bo,B,g
352188218880,2460195.7301625,3.417748769398672,0.06433828016362572,15.065715283279097,0.02046168924044013,17.631466992619394,1.48,bs562237,bs,G,g
352188218880,2460196.7263375,3.5050156159231523,0.07440256133120556,15.038340729225862,0.023073320673850786,17.473670895129175,1.47,bs562591,bs,G,g
352188218880,2460198.7179074,3.109124598195045,0.06691758868050478,15.168470305414623,0.023394530240942207,17.588789903609992,1.50,bs563314,bs,G,g
352188218880,2460205.688434,3.0459949470247345,0.05173076017973452,15.190742675899289,0.018460006707105268,17.86826846048819,1.45,bs564492,bs,G,g
352188218880,2460206.698439,3.2954959484633504,0.05588370271314764,15.10526366716279,0.018432174116709308,17.784427677311875,1.52,bs564806,bs,G,g
352188218880,2460210.2352414,2.795708587064937,0.07301923396640142,15.283835871287511,0.0283894869942437,17.494047430140377,1.50,bo483531,bo,G,g
352188218880,2460218.4940835,2.578288616684888,0.058164331424732936,15.371736794337531,0.02452095508841808,17.740998760392085,1.60,bG501418,bG,G,g
352188218880,2460219.6624691,2.8503519420436225,0.1247144913419193,15.262819404672461,0.047558769048809214,16.91284831206467,1.42,bG501964,bG,G,g
352188218880,2460220.5997281,2.4852558932228743,0.05129294271693454,15.411637841527291,0.02243358470948559,17.877496572441004,1.51,bG502342,bG,G,g
352188218880,2460221.6426828,3.1229870699332443,0.05224758585264882,15.163640156958309,0.018184786845395325,17.857475040756945,1.44,bG502619,bG,G,g
352188218880,2460222.5997824,2.9308657004360703,0.05102573931269122,15.232575826182584,0.018923678459316102,17.883167346610026,1.45,bk672726,bk,G,g
352188218880,2460223.6341873,4.317563425687366,0.07934996911386066,14.811968806930329,0.019976537209613364,17.403773706326312,1.43,bk673185,bk,G,g
352188218880,2460224.5664624,3.6084037321105775,0.0560308519608878,15.006777813952814,0.016878127969861104,17.78157254630042,1.52,bk673526,bk,G,g
352188218880,2460225.6350181,2.6211733563691624,0.06956559298761518,15.3538262602774,0.028847681822647353,17.546654382758554,1.47,bk674010,bk,G,g
352188218880,2460228.4896709,2.5148078055556526,0.07197833956038008,15.398803623132498,0.03111065801381273,17.509636051776724,1.60,bk675169,bk,G,g
352188218880,2460229.5851178,3.354128670438497,0.05680791314743599,15.086116325004824,0.01840947016320729,17.766618522301126,1.43,bk675651,bk,G,g
352188218880,2460230.5950144,2.451489152137148,0.06126255991512855,15.426490682709158,0.02716297519821041,17.684652760783827,1.43,bG506068,bG,G,g
352188218880,2460231.583477,3.339728317939579,0.06424594520473262,15.090787774728396,0.020909649674336866,17.633026304032278,1.45,bk676480,bk,G,g
352188218880,2460232.5919987,2.6801547215024635,0.052992378119855195,15.329665957401314,0.02149144992926098,17.84210708737066,1.43,bk676899,bk,G,g
352188218880,2460235.5126777,2.746011683611911,0.049974891139487346,15.303309670477052,0.019781610606921903,17.9057609695279,1.54,bG507151,bG,G,g
352188218880,2460236.557251,3.556845726103344,0.06942058814248175,15.02240305079587,0.02121462858809533,17.54891988953152,1.46,bk678197,bk,G,g
352188218880,2460237.5318646,3.3383722315590565,0.06597187676302939,15.091228724093993,0.021480097701824068,17.60424351385914,1.47,bk678592,bk,G,g
352188218880,2460242.2944282,2.9866871362530523,0.12994112533729327,15.21209129368895,0.04728997286427722,16.868274052458613,1.40,bo490693,bo,G,g
352188218880,2460243.5405246,4.247722107524485,0.10363348032683808,14.829675380298063,0.026518939907165577,17.11389040312638,1.40,bG509806,bG,G,g
352188218880,2460244.5474485,2.8823770936941013,0.15011140492444405,15.250688627828053,0.05660764197960424,16.71160638736984,1.51,bk681310,bk,B,g
352188218880,2460246.3167722,2.8827569440842944,0.20285097608792343,15.250545554893783,0.0764858764289458,16.384697856931915,1.47,bo491932,bo,G,g
352188218880,2460248.5149763,3.331554866974412,0.06295970768539073,15.093448197266282,0.020541299065434337,17.65498385400004,1.62,bk682559,bk,G,g
352188218880,2460249.518875,2.9401104455323672,0.3028147507366567,15.229156509700541,0.11195037543306284,15.949698044613982,1.51,bk682883,bk,G,g
352188218880,2460251.5818731,3.382392338264612,0.051353021671969167,15.07700566760159,0.0165026691865073,17.87622560373878,1.68,bG512019,bG,G,g
352188218880,2460252.5748184,2.8230808834315053,0.04946593326079864,15.273257319294702,0.01904561752987485,17.91687509341495,1.48,bG512273,bG,G,g
352188218880,2460254.2798562,3.0777906840877405,0.05105107860130582,15.179467920318066,0.018029264665200485,17.88262830583311,1.44,bo493740,bo,G,g
352188218880,2460255.5710374,2.771323730873383,0.055135952476319985,15.293347470656071,0.021625183106106373,17.799053407857414,1.62,bG512981,bG,G,g
352188218880,2460256.5570024,3.445489072628756,0.06633802739593532,15.056938430063212,0.02092781314854291,17.5982342280704,1.42,bG513242,bG,G,g
352188218880,2460257.5520393,2.7313590730170354,0.054873143881220846,15.309118628268447,0.021837012276873437,17.80424100340908,1.47,bG513497,bG,G,g
352188218880,2460258.2639871,3.0983324053169956,0.06699073678982789,15.17224559901259,0.023501680492659403,17.587603725555383,1.66,bo494692,bo,G,g
352188218880,2460259.3097838,3.281338910483693,0.061649918558872314,15.109937901123862,0.020421779910681226,17.677809343397307,1.43,bo494980,bo,G,g
352188218880,2460261.2711084,2.671494048708189,0.05650112937281679,15.333180094678605,0.022988735867522016,17.772497789438706,1.53,bo495603,bo,G,g
352188218880,2460262.5252594,2.65189840636759,0.08865206357387208,15.341173416463858,0.03633658756906968,17.283418488381706,1.59,bk687291,bk,G,g
352188218880,2460264.5196306,3.0905418493766903,0.05446411746174668,15.174979050286343,0.019155258385435314,17.81236443468144,2.06,bG515033,bG,G,g
352188218880,2460268.5104269,3.9275846730457182,0.16165130965180416,14.914751730847442,0.04473689554793078,16.631192542719276,1.57,bk689313,bk,G,g
352188218880,2460370.9027875,3.7010435389925407,0.2435414786634446,14.979255136893151,0.07152550240446008,16.186208265116434,1.55,bG539550,bG,G,g
352188218880,2460371.9020764,2.815783794479766,0.19499544033772415,15.276067359449696,0.07527267043727062,16.42757947097586,1.49,bG539963,bG,G,g
352188218880,2460372.8973171,3.7303743498032613,0.12242754174758928,14.970684581704155,0.035672938548392624,16.932942788252518,1.46,bG540375,bG,G,g
352188218880,2460373.8967548,2.5754121292774776,0.11926108073995008,15.372948780441888,0.05033431660365497,16.9613937599679,1.51,bG540727,bG,G,g
352188218880,2460378.6242949,3.394484852522038,0.09824891673798139,15.073130934711848,0.031460532434784326,17.171821184747458,1.55,bo524567,bo,G,g
352188218880,2460379.6234934,2.988379070478752,0.08990361825407944,15.211476407014743,0.032700444583679066,17.26819768477431,1.50,bo524947,bo,G,g
352188218880,2460380.6186649,3.99476121728343,0.1063715895263632,14.89633855997539,0.0289432300642151,17.085576488901527,1.50,bo525365,bo,G,g
352188218880,2460383.8837029,2.727311565564793,0.05791212467176584,15.310728736837458,0.02308059056931023,17.745716865043086,1.48,bk729780,bk,G,g
352188218880,2460388.8737237,2.667486296114456,0.09068421616374184,15.33481012986398,0.03695231736393927,17.258811352708893,1.48,bG543911,bG,G,g
352188218880,2460389.8729904,3.051210843844449,0.06174250855608649,15.188885074370615,0.021995013054887273,17.676179934958036,1.40,bG544320,bG,G,g
352188218880,2460390.6106933,4.525834961498795,0.1269233360998033,14.760818839826932,0.030482805738210418,16.893786914605126,1.42,bo528386,bo,G,g
352188218880,2460390.8829771,2.7447131667355618,0.0704072997439181,15.303823208069938,0.027882576060111422,17.533596389930864,1.46,bk732764,bk,G,g
352188218880,2460395.8599398,2.5236138957211396,0.18495856093294,15.395008347064898,0.07966429191027037,16.484954517111028,2.02,bG546692,bG,G,g
352188218880,2460396.8518813,4.711439274199929,0.1505202508065741,14.717181627624182,0.034725899825122655,16.708653278197247,1.52,bG547135,bG,G,g
352188218880,2460399.8530412,3.0953998920179413,0.11921638968198693,15.173273714515418,0.04186309904487074,16.961800697362378,1.46,bG548244,bG,G,g
352188218880,2460400.8408651,2.770296910301063,0.10590731399298664,15.293749828145371,0.041553901755620966,17.090325727294584,1.43,bG548686,bG,G,g
352188218880,2460405.9129178,2.610121415068651,0.059534638972675614,15.358413847549654,0.024792549391436002,17.71571630058858,1.55,bk739218,bk,G,g
352188218880,2460406.9058796,4.284757309181246,0.06746655936205467,14.820250051539832,0.01711490556087024,17.5799192046687,1.61,bk739648,bk,G,g
352188218880,2460407.8411857,3.0584381736147637,0.03151975783112454,15.18631635815365,0.01120199408761835,18.40618343116634,1.46,bk740069,bk,G,g
352188218880,2460408.8319206,2.528176001660711,0.05170483451240039,15.393047360944866,0.02222982381043834,17.868812730308075,1.44,bk740511,bk,G,g
352188218880,2460409.83095,3.3466357282342973,0.05585533892294946,15.088544514249547,0.01814130065129065,17.7849788829448,1.45,bk740962,bk,G,g
352188218880,2460410.8268944,2.665492247511289,0.0523072087169541,15.335622062950037,0.021330267121184847,17.85623674824839,1.47,bk741405,bk,G,g
352188218880,2460411.8224211,4.870972728023069,0.07175864339270698,14.6810263772392,0.016012925914802207,17.512955062154443,1.44,bk741858,bk,G,g
352188218880,2460412.5383642,2.8653093527345637,0.09400381493595358,15.257136828833682,0.03566039374264332,17.219776914357453,1.51,bo533289,bo,G,g
352188218880,2460413.5519989,4.13035071214056,0.1117343765762793,14.860098298298187,0.029404381803476654,17.032173585982836,1.64,bo533700,bo,G,g
352188218880,2460414.5482538,3.245767057721084,0.08877689468574994,15.121772251899639,0.029729990767167373,17.281890736865403,1.47,bo534088,bo,G,g
352188218880,2460416.9800916,2.012715363145296,0.25625852841634855,15.64060971828935,0.13839109285584295,16.13094479181899,1.52,bs625008,bs,G,g
352188218880,2460417.5429942,2.582865168052172,0.11756642243553264,15.369811283483958,0.04947590419526637,16.97693235456618,1.65,bo534506,bo,G,g
352188218880,2460418.5357758,4.373245417873564,0.12527094827411536,14.798055997844417,0.031135703853821913,16.908014699063358,1.63,bo534918,bo,G,g
352188218880,2460418.9737507,3.5045642519979374,0.1409911708254711,15.038480555624885,0.043729052063751925,16.779660818843386,1.63,bs625583,bs,G,g
352188218880,2460419.5582107,2.769137075124788,0.16827601898874808,15.294204486532546,0.06605260459483571,16.58758503871786,1.52,bo535299,bo,B,g
352188218880,2460420.5162813,3.098580251621926,0.1364561641875792,15.172158750699076,0.04786770248004934,16.815157713934102,1.40,bo535633,bo,G,g
352188218880,2460421.5282432,3.3506271781318846,0.15220852746619765,15.087250355057357,0.04937703981913473,16.696543150399,1.57,bo536031,bo,G,g
352188218880,2460423.5227943,4.177646000768253,0.6117884111775258,14.847736530793847,0.15917753762083808,15.186137496220178,1.54,bo536227,bo,B,g
352188218880,2460425.5011706,3.0457667769824903,0.22391581640177177,15.190824009505901,0.07990984693830573,16.27742868328502,1.45,bo537092,bo,G,g
352188218880,2460427.7401066,2.7627429118231683,0.14928989992926955,15.296714438919029,0.05873569692766549,16.717564544128294,1.71,bG557946,bG,B,g
352188218880,2460427.9632422,4.021080580561954,0.5858207116790449,14.889208681664499,0.15835585245605996,15.233228806218769,1.42,bs627729,bs,G,g
352188218880,2460434.7170682,4.058625627979924,0.09647719791253889,14.879118138852839,0.02583793852460976,17.191578908158313,1.48,bG559974,bG,G,g
352188218880,2460436.7308388,3.06059994543261,0.09046724343019193,15.185549206852729,0.03212898190008603,17.261412217923443,1.43,bG560767,bG,G,g
352188218880,2460440.4751175,3.335840047841112,0.10650491083362372,15.092052576724535,0.03470376449937203,17.084216528653787,1.49,bo540302,bo,G,g
352188218880,2460442.4592631,2.8209766922319677,0.07032806086127784,15.274066877539738,0.027098254524729873,17.534819004239427,1.48,bo540756,bo,G,g
352188218880,2460444.9237873,2.4923624967698115,0.12575825028772847,15.408537603059075,0.05484505182930179,16.90379939577237,1.54,bs633545,bs,G,g
352188218880,2460446.4628359,3.178372053436684,0.08961329735064989,15.144553788705933,0.030646430421672862,17.27170946737816,1.45,bo542353,bo,G,g
352188218880,2460447.4436666,2.870088114230892,0.07473007213389124,15.255327546878588,0.02830168832559895,17.468902107784373,1.62,bo542494,bo,G,g
352188218880,2460448.6815257,2.573484796873621,0.1251075594216058,15.37376160489622,0.052841375941828916,16.909431731375253,1.65,bG564935,bG,G,g
352188218880,2460449.6845128,3.7868815694237417,0.10770494074270928,14.954361314160662,0.030914773968394614,17.072051546138763,1.46,bG565405,bG,G,g
352188218880,2460450.5633827,3.151999797660698,0.06507527954446407,15.153600169936126,0.022440991131201377,17.619100505472197,1.42,bo543311,bo,G,g
352188218880,2460453.8903062,2.903520600623259,0.277818621856571,15.242753342979103,0.10400365777420555,16.04323722987392,1.56,bs636453,bs,G,g
352188218880,2460454.6763807,3.7346807012082732,0.1771771069928277,14.969431928611172,0.05156633922852348,16.53162159619021,1.54,bG566358,bG,G,g
352188218880,2460454.8905765,1.3893480531009184,0.3034959291130147,15.947258436139787,99.999,15.947258436139787,1.64,bs636769,bs,G,g
352188218880,2460455.8759584,4.721032192105134,0.2636199955366032,14.714973217684737,0.060695089918795915,16.100194740587717,1.56,bs637061,bs,G,g
352188218880,2460474.4515228,2.4650171015037152,0.05584470006252278,15.420515780730922,0.02462488430627761,17.785185704644817,1.40,bo545934,bo,,g
352188218880,2460474.86196,3.0299427640625836,0.06773234592571188,15.19647956050383,0.02429818675450157,17.57565031704654,1.45,bs641796,bs,,g
352188218880,2460475.4102029,4.515262525445552,0.0652961784099737,14.763358107176787,0.015718711053320032,17.615421201287734,1.43,bo546930,bo,,g
352188218880,2460476.4133591,3.05736531224027,0.07033981918680425,15.18669728747933,0.02500725866711201,17.534637492443604,1.42,bo547347,bo,,g
352188218880,2460477.3619117,2.3399056914856526,0.1489310021000864,15.477069737830329,0.06918292673541523,16.72017783214683,1.40,bo546225,bo,,g
352188218880,2460478.6368254,3.6872180458367723,0.10452199859910406,14.983318570710864,0.030812082884759725,17.104621347890646,1.44,bG573401,bG,,g
352188218880,2460482.4131748,3.289760172854181,0.26309397764242454,15.107155025889421,0.08692783054170619,16.102363344008214,1.63,bo547850,bo,,g
352188218880,2460487.8286202,3.302978290922548,0.09214031751369732,15.102801324114495,0.030321882318110584,17.241516350218767,1.49,bk761487,bk,,g
352188218880,2460488.8216773,3.3624696901892435,0.10099718260510365,15.083419676702455,0.03264848650686774,17.141867464018326,1.51,bk761925,bk,,g
352188218880,2460489.8239888,3.0810238092065703,0.12845386321100863,15.178327986221234,0.04531732729314679,16.880772686257913,1.51,bs643819,bs,,g
352188218880,2460492.5553477,3.319342858034148,0.047545517795979514,15.097435338758489,0.015569319849776168,17.959866657797225,1.49,bk763141,bk,,g
352188218880,2460493.6074668,3.152059397468126,0.05944390659486984,15.153579640411666,0.020498643522658698,17.717372253704397,1.47,bG578347,bG,,g
352188218880,2460494.3211156,2.8617520569568806,0.0410856282753349,15.258485613153345,0.015605227397342542,18.118415780124096,1.52,bo551169,bo,,g
352188218880,2460495.7075743,2.7551464928314524,0.06869419013822124,15.299703883516964,0.027101135337305373,17.560340591850384,1.49,bk764537,bk,,g
352188218880,2460496.7345833,2.92894992316063,0.05169958196082087,15.23328575596738,0.01918612446704473,17.86892303285833,1.46,bk764968,bk,,g
352188218880,2460498.6288851,4.038148065042155,0.05811086042538415,14.884610024809826,0.015641818404344282,17.74199734664365,1.47,bk765461,bk,,g
352188218880,2460500.6309077,2.9060000374053954,0.04088375243689796,15.241826583401865,0.015292106253422925,18.12376373683442,2.07,bG581072,bG,,g
352188218880,2460501.8459864,2.491681083973675,0.07434167005111746,15.408834484310523,0.032430379481058196,17.474559828708976,1.41,bG581643,bG,,g
352188218880,2460502.8811435,3.3119089951615717,0.08007154149154018,15.099869635516246,0.026279189542069224,17.39394513800036,1.49,bG582059,bG,,g
352188218880,2460504.5316924,3.2803403940550053,0.07055922372844266,15.110268342584263,0.02338013717706734,17.53125612601331,1.50,bG582651,bG,,g
352188218880,2460514.4052128,3.8706133796652673,0.14929002538604633,14.930616138484634,0.041924044281063465,16.717563631722918,1.50,bo552791,bo,,g
352188218880,2460516.5248806,4.758458213914084,0.08665757108542274,14.706399972442307,0.0197948595563885,17.30812433123856,1.45,bG587421,bG,,g
352188218880,2460517.6470566,2.6609163612342597,0.08303769238633957,15.337487562571646,0.03392002943212894,17.35445243232129,1.46,bk773138,bk,,g
352188218880,2460518.6730744,3.359692814121605,0.04648209793934882,15.084316696092369,0.015038285431015437,17.984426307881034,1.51,bk773581,bk,,g
352188218880,2460522.7851212,3.2531277243824777,0.10510086917120462,15.119312835038581,0.03511699658450315,17.098624842430162,1.46,bk775255,bk,,g
352188218880,2460524.3275227,3.6002619606007453,0.05443499605429995,15.009230367652686,0.016434491328567717,17.812945122000762,1.48,bo555012,bo,,g
352188218880,2460528.4938295,3.030189306521087,0.06450586024790614,15.196391219170593,0.023138839984671616,17.62864268308204,1.61,bo556030,bo,,g
352188218880,2460528.6333414,3.247918208174572,0.03713715427025935,15.121052912443218,0.012428413970306772,18.22811905706805,1.52,bk776143,bk,,g
352188218880,2460528.8129222,2.7398668628315126,0.07204527394646626,15.305741972660474,0.028581710096549834,17.508626868771525,1.44,bs652277,bs,,g
352188218880,2460529.5217317,3.3429626294993,0.05645198781420073,15.089736818022583,0.01835523250493945,17.773442513657795,1.45,bo556445,bo,,g
352188218880,2460529.8083236,3.8167438920287626,0.08134650918052624,14.94583307413224,0.023166374578904737,17.376793309414364,1.42,bs652611,bs,,g
352188218880,2460530.5194131,2.8661275732639777,0.050853318393838984,15.256826829205396,0.019285724262898592,17.88684236710987,1.46,bo556844,bo,,g
352188218880,2460530.5983552,3.8044232798529167,0.05607804107320888,14.949343545968361,0.016021979676571575,17.780658525488036,1.46,bk776519,bk,,g
352188218880,2460530.8035741,3.2293914811019024,0.05575222892323541,15.127263884021815,0.018765222235901317,17.78698502453131,1.51,bs652947,bs,,g
352188218880,2460531.5989123,3.652819291950336,0.09945141674512009,14.993495152709201,0.02959340645881975,17.158613175717004,1.45,bk776934,bk,,g
352188218880,2460532.7953817,3.524853845111558,0.0664256422442986,15.03221283710375,0.020483625200030255,17.596801206114772,1.47,bs653575,bs,,g
352188218880,2460533.7981639,2.7706523653840898,0.08036407980368906,15.293610526941144,0.03152768703412357,17.389985670816934,1.47,bs653909,bs,,g
352188218880,2460534.7896928,3.435165935896987,0.06655336605773668,15.060196320973926,0.021058841590212457,17.594715547440167,1.43,bs654233,bs,,g
352188218880,2460535.5130534,2.8774209944022235,0.10762558271751693,15.252557102271531,0.04065596562628905,17.072851821767184,1.49,bk778530,bk,,g
352188218880,2460535.8009935,2.8970141205430235,0.07109154659863992,15.245189092195703,0.026673470338980824,17.52309570539231,1.45,bs654502,bs,,g
352188218880,2460537.2829201,4.403122792355783,0.11502949106393164,14.790663629676493,0.028396222726593135,17.000617615680568,1.44,bo557281,bo,,g
352188218880,2460537.7304036,4.398153329772307,0.14864088107390547,14.791889707791432,0.03673500284463623,16.722294934060713,1.44,bs654798,bs,,g
352188218880,2460543.6070788,2.9275065122439914,0.12930718125913976,15.233820947696222,0.048010579443456304,16.873583999654716,1.48,bG595805,bG,,g
352188218880,2460544.2735277,2.4649166302107828,0.07566698256714668,15.420560035005412,0.03336693792140467,17.455374572432028,1.63,bo559163,bo,,g
352188218880,2460544.5725042,2.650466705563204,0.07993585227493763,15.341759739511279,0.032781696811602236,17.395786587034777,1.48,bk781243,bk,,g
