# "asas_sn_id":386547669406,"ra_deg":262.45308,"dec_deg":-28.95861,"name":"V0524 Oph"
asas_sn_id,jd,flux,flux_err,mag,mag_err,limit,fwhm,image_id,camera,quality,phot_filter
386547669406,2457457.84431,6.383381698350513,0.03605695381448272,14.447154369217529,0.00613974582043653,18.31988380966344,1.44,be192599,be,G,V
386547669406,2457461.7928081,6.743594325483709,0.04159653240317441,14.387552813161761,0.006704677060199699,18.164713573175916,1.53,be193491,be,G,V
386547669406,2457464.832623,6.368930963614908,0.04273725574939363,14.449615051137659,0.007293773338637391,18.13533981431265,1.47,be194405,be,B,V
386547669406,2457465.8357784,6.727387642585004,0.04343863500885531,14.390165271691284,0.007018460972791251,18.117665969250517,1.62,be194694,be,G,V
386547669406,2457466.8895487,3.999731134473131,0.05349256521849486,14.954704407909079,0.014537000281759653,17.891622831565847,1.52,be195671,be,B,V
386547669406,2457469.7664684,5.8524347820676565,0.043200136646179256,14.541439947675197,0.008023441869265294,18.12364359234639,1.57,be196616,be,B,V
386547669406,2457479.8869148,5.1978268298803805,0.030108613088371098,14.670226888247521,0.0062962377216553515,18.51562951668015,1.83,be199643,be,G,V
386547669406,2457481.8317686,6.841341011963342,0.04458847300933369,14.371928307741245,0.007084244367753808,18.089299894624837,1.49,be200311,be,G,V
386547669406,2457482.8310039,6.536465064707559,0.038652201459018744,14.421424043621155,0.0064275203859495925,18.244420807531615,1.47,be200399,be,B,V
386547669406,2457484.8152529,4.0673874900804705,0.04734572517318887,14.9364925331395,0.012652530617988404,18.02415446159616,1.52,be200570,be,G,V
386547669406,2457523.6312457,6.660428967884877,0.04112943009831075,14.401025902016961,0.006712165612205247,18.17697466408548,1.61,be201895,be,G,V
386547669406,2457547.7084995,6.199441234142955,0.035903733050643746,14.478900035555283,0.006295050686059633,18.32450737814975,1.50,be205702,be,G,V
386547669406,2457550.5437244,6.020579543404039,0.02989600782289893,14.510685657938875,0.00539743066972104,18.523323397467976,2.09,be206486,be,G,V
386547669406,2457554.5627566,5.771810832002298,0.03299223539539208,14.556501182300766,0.0062131498196266125,18.416327038051396,1.41,be207028,be,G,V
386547669406,2457555.8473212,5.907803289531713,0.02743638868901902,14.531216338769093,0.005047927318660404,18.616539026568052,1.46,be207544,be,G,V
386547669406,2457561.7111901,4.559438948386192,0.04877293564682475,14.812502892489096,0.011627321055465243,17.991909152183837,1.49,be209794,be,G,V
386547669406,2457566.6900749,5.760097320237989,0.018340954488464373,14.558706851651113,0.0034610214008212697,19.053801560668195,1.45,be210882,be,G,V
386547669406,2457567.5309756,5.882489748954791,0.023875528837344014,14.535878456939448,0.004411679898691345,18.767473893969765,1.45,be211209,be,G,V
386547669406,2457568.6906666,6.37017577589251,0.03281876741044553,14.44940286392707,0.005599935469163,18.422050728612945,1.66,be211769,be,G,V
386547669406,2457575.5456468,6.161130797520309,0.03213176954967708,14.485630332688332,0.005668738031190153,18.445019784863636,1.72,be212933,be,G,V
386547669406,2457576.7304474,5.804748721479585,0.0207566524804773,14.550322843140506,0.0038867451229442243,18.919463108221642,1.45,be213502,be,G,V
386547669406,2457591.717193,6.414472956302758,0.05731908464828051,14.441878958340798,0.009712934063795139,17.816608277787218,1.37,be216720,be,B,V
386547669406,2457593.7397429,5.044876962567311,0.03403836418677157,14.702654957336241,0.007333820471077418,18.38243469212332,1.61,be217263,be,B,V
386547669406,2457597.6616875,6.793536860924828,0.04156541521611812,14.379541564078608,0.006650409068628207,18.16552608560789,1.54,be218278,be,G,V
386547669406,2457598.680215,5.413692510590205,0.028807946312730662,14.626047442326369,0.005784034660498212,18.563575646174396,1.51,be218718,be,B,V
386547669406,2457600.5218061,6.72981411716671,0.04061638247980033,14.389773732442803,0.00656009825193457,18.19060329338452,1.49,be219143,be,G,V
386547669406,2457601.4590333,6.622530269089442,0.057726342293674356,14.407221524591565,0.009474630040593523,17.808921293105456,1.67,be219483,be,B,V
386547669406,2457602.514247,4.298209484213729,0.0453592724922047,14.876562459212764,0.011470719898093411,18.07069119271894,1.54,be219933,be,G,V
386547669406,2457603.5107905,6.306034474110043,0.03265523247891144,14.460390552920025,0.005628706607549836,18.427474443841604,1.56,be220355,be,G,V
386547669406,2457604.5034425,6.913877597522644,0.042493946212395294,14.360477188077185,0.006680632006928382,18.141538734069883,1.48,be220772,be,G,V
386547669406,2457605.5117819,5.7468997462064815,0.017561890420248253,14.561197352020784,0.0033216189892571937,19.100928236207718,1.43,be221200,be,G,V
386547669406,2457606.4647334,5.553424419060323,0.021573631692515166,14.598379240549097,0.0042225477284419735,18.877548243338595,1.57,be221584,be,G,V
386547669406,2457607.46904,4.508915559488833,0.04110682667555832,14.82460114913559,0.009909552031633876,18.1775715140885,1.69,be222007,be,G,V
386547669406,2457609.5133921,6.049508167363854,0.02752834785833523,14.505481236019142,0.004946206602174045,18.61290602479579,1.59,be222859,be,G,V
386547669406,2457616.5986029,5.72577114174331,0.029125737553500532,14.565196441157184,0.005529108586516218,18.551664064054446,1.57,be225305,be,G,V
386547669406,2457619.6200373,6.697748455123383,0.05028268891960133,14.394959322337195,0.008160219365947172,17.95881015870577,1.63,be226565,be,G,V
386547669406,2457621.6363917,5.146669036349256,0.03540496530791923,14.680965801410846,0.0074773912353005125,18.33969596074436,1.42,be227382,be,G,V
386547669406,2457622.5451334,3.958124142933918,0.04877293729202115,14.966057876186634,0.01339373409208937,17.99190911556006,1.70,be227726,be,G,V
386547669406,2457625.6379151,4.7172722031499,0.038219227997666326,14.77555406130832,0.008806496072064402,18.25665161778865,1.43,be229026,be,G,V
386547669406,2457626.6302676,6.342631399351781,0.0355511298127181,14.45410772151403,0.0060925079784831335,18.335222875834408,1.50,be229429,be,B,V
386547669406,2457630.574887,4.023820323363864,0.04766774340932524,14.948184954960048,0.01287651048296279,18.016794911387912,1.48,be230289,be,B,V
386547669406,2457633.548498,6.513633823288917,0.036982747054839414,14.425223054021226,0.006171461152661003,18.29235847583158,1.53,be231290,be,B,V
386547669406,2457637.5069662,6.7209618801816395,0.039997420469525195,14.391202824054663,0.006468636157614636,18.207276434855476,2.02,be232750,be,B,V
386547669406,2457644.5998228,6.8707586693179294,0.06792534171852443,14.367269668233916,0.010745813777743786,17.632276813821235,1.69,be235397,be,B,V
386547669406,2457645.5878787,6.210076447479782,0.039369168304192625,14.477039038329057,0.006890828898097385,18.224465793246647,1.62,be235778,be,B,V
386547669406,2457649.5773421,6.580095381397664,0.04428258008139843,14.414200932140744,0.007314975912809255,18.096774101954793,1.51,be237040,be,B,V
386547669406,2457651.5434735,4.23599413032302,0.04477867882244548,14.892393030396082,0.011490213509150315,18.084678204322543,1.47,be237705,be,B,V
386547669406,2457653.5013978,5.902684352679925,0.022505500114807796,14.53215750488962,0.004144300908396815,18.83163472310922,1.58,be238437,be,B,V
386547669406,2457656.5686638,5.932855136618456,0.024244920474885277,14.526622043927574,0.004441904247175605,18.75080448383651,1.42,be239630,be,B,V
386547669406,2457657.5501962,6.805882428143889,0.04141286570255918,14.377570298586281,0.006613982086020217,18.16951818365219,1.44,be239996,be,B,V
386547669406,2457658.5387424,6.907148588946539,0.04558225921957588,14.361534407521228,0.00717313856742703,18.065366777268128,1.49,be240367,be,B,V
386547669406,2457660.5198675,3.8166580983015477,0.05158660724768215,15.00557326209223,0.01469149128322917,17.93101397843553,1.55,be241109,be,G,V
386547669406,2457662.5204552,6.921418967357833,0.044404813911278596,14.359293557638033,0.006973440316950171,18.093781257704755,1.70,be241864,be,G,V
386547669406,2457664.5138838,4.508056088349519,0.04162207472080205,14.824808127480908,0.010035674951562743,18.164047082331358,2.06,be242606,be,G,V
386547669406,2457671.512262,6.746007033371193,0.04599469781569509,14.38716443039741,0.007410937538143451,18.055586968935323,1.45,be244871,be,G,V
386547669406,2457675.499663,7.1764311903394225,0.055967817738499355,14.320010091843585,0.008476996836569902,17.84251045991934,1.41,be245743,be,G,V
386547669406,2457786.8852273,5.931816824754194,0.05830593942032811,14.526812075778334,0.010684082631239796,17.798074401029425,1.63,be275637,be,G,V
386547669406,2457788.8801742,5.733696261337455,0.027243295492311886,14.56369469760497,0.005164605231831243,18.624207291268988,1.75,be276054,be,G,V
386547669406,2457789.8756335,6.759944485122202,0.04316762245965303,14.384923581047548,0.006941081966539878,18.124461069412206,1.64,be276386,be,G,V
386547669406,2457790.8708404,6.558945065973603,0.03896796425991715,14.41769642073821,0.0064578194305896265,18.235587098067285,1.63,be276718,be,G,V
386547669406,2457794.8742783,6.503182881574758,0.04979074917822067,14.426966486150341,0.008322137102261354,17.969484741298228,1.80,be277827,be,G,V
386547669406,2457798.8636911,6.862730034287226,0.051337771885313084,14.36853911708392,0.008131155630995545,17.9362638539385,1.58,be279105,be,G,V
386547669406,2457800.8622384,3.88167983701453,0.05410729651696465,14.98723212528386,0.015151244124250405,17.879216806539812,1.53,be279798,be,G,V
386547669406,2457802.8607979,6.77988194215525,0.04593420009051784,14.381726075570908,0.007364210584378818,18.05701599901202,1.69,be280496,be,G,V
386547669406,2457813.8310129,3.658699806590313,0.055409774240198766,15.051464460938252,0.016461589816685666,17.85339044195683,1.46,be283206,be,G,V
386547669406,2457820.8849157,4.4690473393199275,0.04385373239002535,14.834244016917037,0.01066605403897876,18.10733998850899,1.54,be284749,be,G,V
386547669406,2457823.7998254,6.120052118659385,0.06587897391451208,14.492893602931767,0.011700485380432807,17.665489327979696,1.48,be285758,be,G,V
386547669406,2457824.7982521,6.93530690952962,0.061775913343706815,14.357117192628237,0.009682013034357223,17.7353084559947,1.46,be286113,be,G,V
386547669406,2457826.7994656,3.9362654111071516,0.06254861314087899,14.972070469566688,0.017272113508243703,17.721812181822397,1.50,be286843,be,G,V
386547669406,2457829.7830466,6.461804998139397,0.05092070769438243,14.433896784747255,0.008565500713178112,17.94512031659066,1.49,be287963,be,G,V
386547669406,2457834.8997901,6.389956620991281,0.04101150884086941,14.446036629750123,0.0069762174682853504,18.180092024761485,1.46,be289874,be,G,V
386547669406,2457836.8941168,5.648520487705314,0.015194239206087817,14.579944633715588,0.002923858988184511,19.258158995399423,1.47,be290632,be,G,V
386547669406,2457837.863575,4.666913509383425,0.039207118075715267,14.787207023766271,0.00913160970421009,18.2289440921736,1.63,be290994,be,G,V
386547669406,2457838.7553743,6.280300607309516,0.033297923572533854,14.464830325042135,0.005763003628426962,18.406313513297565,1.57,be291294,be,G,V
386547669406,2457839.7509932,4.537616338344266,0.041590032575209976,14.817711972242247,0.00996262217344334,18.164883242366173,1.47,be291653,be,G,V
386547669406,2457840.7559152,5.430237551046915,0.027330138411597916,14.622734332914929,0.005470602695970864,18.620751815795366,1.48,be291962,be,G,V
386547669406,2457843.7749075,4.010062470137483,0.04845571696568472,14.951903558861378,0.013134273583920176,17.998993833905693,1.49,be292259,be,G,V
386547669406,2457845.852673,5.855385275129453,0.024754467042406487,14.540892713913276,0.0045952619903948545,18.72822244239029,1.59,be293098,be,G,V
386547669406,2457847.8431545,5.762949476161054,0.019911623103004518,14.558169374182654,0.0037555541098791088,18.964589735829996,1.76,be293847,be,G,V
386547669406,2457850.8941687,5.2632937759065275,0.02683408513668177,14.656637376350862,0.005541678858538659,18.640639410350975,1.99,be294838,be,G,V
386547669406,2457851.7484401,5.6814060877415455,0.02873103037450509,14.573641823788945,0.005496769700943444,18.566478390484605,1.75,be295134,be,G,V
386547669406,2457853.8223632,6.772212883073648,0.04608736427612815,14.382954900501304,0.007397133261258072,18.05340171454945,1.58,be296003,be,G,V
386547669406,2457855.7153833,6.73529843976516,0.06038509772640664,14.388889294543334,0.009745073121342039,17.760031959943827,1.42,be296738,be,G,V
386547669406,2457857.8050426,6.994732297591167,0.0903865252864804,14.347853659950484,0.014045744562849469,17.3220971656608,1.54,be297579,be,B,V
386547669406,2457864.9314002,6.381833134700383,0.0810150214851777,14.447417793163082,0.013798512763258568,17.440942514897557,1.39,be299108,be,G,V
386547669406,2457865.9317988,4.402435105374413,0.11637186905660428,14.850548997226209,0.028732090079790162,17.04773636965364,1.52,be299536,be,G,V
386547669406,2457868.9146161,6.715592616834904,0.04152257471824939,14.39207054708887,0.006720662786521594,18.166645705512636,2.09,be300544,be,G,V
386547669406,2457870.7048024,5.202413538755523,0.03064906179482981,14.669269226494952,0.0064036042799944385,18.49631343174189,1.67,be301230,be,G,V
386547669406,2457871.7421925,6.773018424135594,0.04249642386927516,14.382825762050054,0.00681996743293878,18.14147543085622,1.65,be301683,be,G,V
386547669406,2457872.6997614,6.626692483842727,0.03955533236690821,14.406539361194879,0.0064881427032566375,18.21934379852876,1.48,be302072,be,G,V
386547669406,2457873.7446259,3.9583603238348024,0.04853255383845955,14.965993092340693,0.013326926200660517,17.997273531205305,1.48,be302532,be,G,V
386547669406,2457876.7548586,5.705086986793622,0.025440910999317796,14.56912572803173,0.004847106484740018,18.69852474702089,1.47,be303647,be,G,V
386547669406,2457878.6435359,5.496100068507055,0.028079242692019155,14.609644826009076,0.005553195100007823,18.591392917360903,1.41,be304414,be,G,V
386547669406,2457879.8474009,4.420589964955545,0.04476130979295498,14.846080820835049,0.011006132210121708,18.08509942806151,1.63,be304997,be,G,V
386547669406,2457883.7801232,6.7656076484456,0.049200761952037965,14.384014383145347,0.007904550759840319,17.982426822276672,1.54,be306106,be,G,V
386547669406,2457889.7675007,3.809435004332791,0.055476945211808064,15.007629984157342,0.015829388698206888,17.852075046117438,1.44,be307261,be,B,V
386547669406,2457893.8349183,5.973119938620933,0.02856950069090684,14.519278316143254,0.005198925422211001,18.572599767963247,1.55,be308254,be,G,V
386547669406,2457894.8270264,6.802032174259685,0.043366528422855925,14.378184699877483,0.006929918837018576,18.119469750176275,1.42,be308691,be,G,V
386547669406,2457901.7497526,5.833641476254454,0.03052691400666369,14.544932067642215,0.005687944383139768,18.500649135437445,2.09,be309993,be,G,V
386547669406,2457903.7979305,6.820869053554603,0.04088276797491106,14.375182124357405,0.006514974987522901,18.183505663413246,1.45,be310709,be,G,V
386547669406,2457905.8054313,3.7929137082661164,0.050658123860220054,15.012348998821285,0.014517382240711795,17.950733639882788,1.55,be311567,be,G,V
386547669406,2457906.8168384,6.178175227967445,0.031186120077834376,14.482630850066291,0.0054867263157075885,18.47745302680662,1.55,be312017,be,G,V
386547669406,2457910.7449998,4.308721428802287,0.051051106110053104,14.873910362986496,0.01287860764387905,17.94234350302176,1.54,be313590,be,G,V
386547669406,2457911.7557016,5.7698423336583975,0.03335694484998783,14.55687153998021,0.006283975653628907,18.404390726378995,1.47,be314008,be,G,V
386547669406,2457916.7256286,6.246054881881075,0.04346980072442933,14.47076691475857,0.00756474035045446,18.116887270453077,1.51,be315793,be,G,V
386547669406,2457918.6954579,6.525816968776138,0.0642322057977934,14.423194182375727,0.010698678086078045,17.692974302740986,1.56,be316645,be,B,V
386547669406,2457923.783222,5.748390729710776,0.02333312777977917,14.56091570367379,0.004412034011835432,18.792423995208406,1.51,be318092,be,G,V
386547669406,2457933.6599824,4.445603669458296,0.042007179234496414,14.839954548892722,0.010270816029437952,18.154047594141808,1.44,be321166,be,B,V
386547669406,2457935.7168673,5.674389519446118,0.016287777313451254,14.574983542760389,0.0031200018459815932,19.18270183612302,1.50,be322102,be,G,V
386547669406,2457944.6513284,6.299021164353249,0.045540077704758,14.461598735624214,0.007858377225626592,18.06637197539246,1.42,be325259,be,G,V
386547669406,2457946.624528,4.116946326282612,0.0476439113607546,14.923343391960874,0.012578949558833354,18.01733787370597,1.42,be326126,be,G,V
386547669406,2457949.5996254,6.510564229377102,0.041853603056171654,14.425734835136993,0.006987573610734369,18.158024265926784,2.09,be327386,be,B,V
386547669406,2457951.5580181,3.953361371932662,0.04834149003441432,14.967365118303428,0.013291245833619894,18.001556312230235,1.58,be327835,be,B,V
386547669406,2457953.7182931,4.9248260843478535,0.035988865386935846,14.72880415852006,0.007943089009101857,18.32193600627225,1.59,be328839,be,G,V
386547669406,2457954.6469094,4.198810162927641,0.04554864786177641,14.901965805238596,0.011791292754049231,18.066167670639597,1.52,be329223,be,G,V
386547669406,2457958.6405414,3.7480443890959716,0.052541146137035526,15.025269590236123,0.015237263896726262,17.911107537951466,1.48,be330500,be,G,V
386547669406,2457960.5646347,5.084389016885685,0.031682700802549195,14.694184474761228,0.006773226468169502,18.46030090348807,1.49,be331307,be,G,V
386547669406,2457961.7139903,3.9152718339173145,0.06034802680709307,14.977876604194966,0.01675380001557332,17.76069870721245,1.60,be331858,be,B,V
386547669406,2457962.6612777,4.098169313162573,0.05206743170775789,14.928306661952123,0.013809833157254215,17.92094100348509,1.47,be332253,be,B,V
386547669406,2457964.5663524,4.755410240344894,0.07112886961105723,14.766811432861886,0.0162581112459529,17.582241626451548,1.48,be333041,be,B,V
386547669406,2457966.5773819,6.582864886635413,0.04138774098169478,14.413744051304057,0.006833905260828814,18.17017708751791,1.54,be333906,be,G,V
386547669406,2457971.6908851,6.380142736209776,0.048800159028918016,14.447705417410459,0.008313865897912585,17.9913033004904,1.48,be336088,be,G,V
386547669406,2457973.5385686,5.131753391508755,0.044024050353329375,14.684116959499962,0.009324732697424983,18.103131402337432,1.54,be336695,be,G,V
386547669406,2457975.627569,3.8528442961156504,0.0551713837243436,14.995327758641734,0.015564837492396634,17.858071702664645,1.69,be337601,be,G,V
386547669406,2457980.6444978,6.181698238688979,0.03174175272517606,14.48201190191864,0.005581298828229141,18.458279133482435,1.49,be338612,be,G,V
386547669406,2457981.6717827,6.448178749457788,0.03887237493116298,14.436188734498984,0.006552638053104407,18.238253706364873,1.53,be339057,be,G,V
386547669406,2457982.5225226,5.985864739972451,0.028025832008618225,14.516964156896417,0.0050891328491784555,18.59346010755775,1.47,be339350,be,G,V
386547669406,2457986.6844232,5.032102480728248,0.032069402895491185,14.705407711757834,0.006927133689950054,18.4471292091355,1.72,be340625,be,G,V
386547669406,2457987.548952,6.764041150202996,0.04140142987561648,14.384265801920453,0.006653057427256495,18.169818042301845,1.72,be340739,be,G,V
386547669406,2458000.6097445,4.6303372973329955,0.056036308152711475,14.795749833540713,0.013154339887043655,17.841182606484193,2.47,be342708,be,G,V
386547669406,2458001.5468236,4.744122814081774,0.050727137778032005,14.769391596128784,0.011622421129850811,17.949255497605236,1.71,be343026,be,G,V
386547669406,2458002.5462804,5.065890368848827,0.06603263425409156,14.698141937090291,0.01416821076339431,17.66295983612232,1.75,be343308,be,B,V
386547669406,2458003.6109763,6.580266770425738,0.04903229672363809,14.41417265278631,0.008099363834174523,17.986150802360335,1.45,be343682,be,G,V
386547669406,2458005.5530468,4.933116412868735,0.03702331671554562,14.726977994094977,0.008157669957959392,18.291168088135986,1.49,be344211,be,G,V
386547669406,2458010.6071943,6.339919865789703,0.03720723301883795,14.454571983024522,0.00637904665071912,18.28578795829872,1.38,be345385,be,G,V
386547669406,2458012.5520316,6.754466351221156,0.04151810705509255,14.385803798277685,0.0066812646458202255,18.166762532675925,1.59,be346107,be,G,V
386547669406,2458013.527183,6.368650451432627,0.03263886146396388,14.449662872183477,0.005570571599264797,18.428018891369284,1.64,be346471,be,G,V
386547669406,2458015.5864696,6.851080127176226,0.04961444993425717,14.37038378735808,0.00787156899751046,17.973335941727317,1.54,be347178,be,G,V
386547669406,2458018.5224551,5.071049595383705,0.03518311521653458,14.697036759484252,0.007541341456120751,18.346520667339135,1.51,be348212,be,G,V
386547669406,2458019.5537251,5.91091317312662,0.029167216029351118,14.53064495467672,0.0053635529326017,18.550118947954413,1.51,be348607,be,G,V
386547669406,2458027.5018802,4.818395392412549,0.10493205493321776,14.752525317344723,0.023671071417001772,17.160085948835516,1.61,be350952,be,G,V
386547669406,2458028.5344033,6.341932455445099,0.050406387080344,14.454227373827509,0.008639251767376578,17.956142468336928,1.82,be351043,be,G,V
386547669406,2458033.5190774,6.958578937763283,0.04959851561687667,14.353480008975097,0.007747476963403266,17.97368469585095,1.56,be352817,be,G,V
386547669406,2458035.523697,4.324772889066132,0.045658343710286015,14.869873139821335,0.011475431367314812,18.063556010949636,1.46,be353533,be,G,V
386547669406,2458039.5067048,5.594907030411734,0.03123244084584684,14.590299218694152,0.006067715706926866,18.4758415784377,2.49,be354962,be,G,V
386547669406,2458040.5068045,4.390018431285193,0.044526788032301985,14.853615545489905,0.01102471057954935,18.09080297328424,2.20,be355330,be,G,V
386547669406,2458042.4982127,6.920505818741045,0.04290180014137191,14.359436809177154,0.006738292355990844,18.131167605227812,1.43,be356054,be,G,V
386547669406,2458162.8682885,5.237944239844712,0.03277394161921608,14.661879227358412,0.00680111279442726,18.423534704278573,1.45,be386409,be,G,V
386547669406,2458163.8714772,4.669372316751563,0.04340664999858021,14.786635144050601,0.010104386222006824,18.118465719869846,1.44,be386705,be,G,V
386547669406,2458166.8848611,5.06061153626414,0.06135150390479365,14.69927390155915,0.01317754125365027,17.742793361123383,1.40,be387676,be,B,V
386547669406,2458170.8979952,4.7307547224918265,0.05004801647372789,14.772455325575958,0.011499226042641223,17.96388921868829,1.47,be388563,be,G,V
386547669406,2458171.8433689,4.450113587965664,0.04456441424260209,14.838853663583135,0.010885021189003924,18.089885887418152,1.44,be388882,be,G,V
386547669406,2458173.8796022,6.870070966106532,0.04501798599769349,14.367378346428055,0.007122574674579425,18.07889123929764,1.53,be389525,be,G,V
386547669406,2458174.8370156,6.755549373266654,0.04385302473255886,14.385629723536123,0.007055877856458196,18.107357508922632,1.49,be389854,be,G,V
386547669406,2458175.8403567,5.24694967866549,0.029998614756535442,14.660014156820218,0.006214504035618888,18.519603391668007,1.40,be390221,be,G,V
386547669406,2458179.8214702,6.070282993045493,0.0688937484897675,14.501759059261625,0.012336246813171753,17.616906855583313,1.43,be391612,be,G,V
386547669406,2458180.9005367,6.336736475625644,0.04976238151570604,14.455117288022079,0.008535867845195033,17.97010350233277,1.47,be392040,be,G,V
386547669406,2458182.8150004,6.765546266671359,0.05292575679412874,14.384024233659948,0.008503082271235583,17.90318870171619,1.45,be392718,be,G,V
386547669406,2458183.8597251,5.223720213513966,0.042664295901359305,14.664831635161189,0.008877626055740622,18.13719493676055,1.50,be393125,be,G,V
386547669406,2458192.9098376,5.918742380541015,0.05096079842021323,14.529207811363982,0.009358773981783053,17.944265834625952,1.50,be396182,be,G,V
386547669406,2458193.9074476,6.79084300935533,0.06304135396658714,14.379972178099347,0.010090530842613596,17.713292563393928,1.45,be396571,be,G,V
386547669406,2458197.8885767,6.580514697221694,0.04187575535835751,14.414131745929952,0.006916955205454742,18.157449758788104,1.46,be398118,be,G,V
386547669406,2458198.8838537,6.796539894764575,0.04462255760603974,14.3790617282873,0.0071363930408069815,18.088470246492456,1.45,be398503,be,G,V
386547669406,2458199.8034977,6.740868393727673,0.04452039301027271,14.387991783983392,0.0071788571896661355,18.090958919983013,1.38,be398823,be,G,V
386547669406,2458200.7688782,6.970094966930467,0.04735961920823618,14.351684666110957,0.007385530212961249,18.023835889142035,1.40,be399176,be,G,V
386547669406,2458203.7702526,6.193942134450706,0.03311047214026508,14.479863545170648,0.005810458485000774,18.412442959582197,1.45,be400227,be,G,V
386547669406,2458204.8825486,3.830701389408141,0.05125227255399388,15.001585656500529,0.014542765473850298,17.938073576148785,1.49,be400549,be,G,V
386547669406,2458205.7566709,6.192641118696691,0.043043523474868686,14.480091624195094,0.007555167118983086,18.12758685674185,1.44,be400829,be,G,V
386547669406,2458209.7465608,6.470585623054521,0.05388398175269295,14.432422433389501,0.009051660668036013,17.88370719269166,1.52,be402355,be,G,V
386547669406,2458210.742057,5.230731249871714,0.051935918104284835,14.663375387136258,0.010792388711873943,17.923686860365148,1.55,be402775,be,G,V
386547669406,2458211.7517573,4.954805902766525,0.04741609534089712,14.722214788749579,0.010401867414708514,18.02254192497655,1.56,be403192,be,G,V
386547669406,2458217.8796752,4.783382521106049,0.04078892632992686,14.76044362390152,0.009268710853339674,18.18600070939408,1.46,be405915,be,G,V
386547669406,2458220.8097407,6.82672103529876,0.04525498556606456,14.374251013619572,0.007205538566450497,18.073190316892365,1.45,be406617,be,G,V
386547669406,2458223.8947028,6.724349497359992,0.042930674321436754,14.390655710106468,0.006939522767914531,18.130437118449752,1.49,be407489,be,G,V
386547669406,2458224.9045434,4.774818500600025,0.044055888987992606,14.762389234710238,0.010029037931074453,18.102346470827985,1.39,be407920,be,G,V
386547669406,2458225.8893883,4.339596713845167,0.045236266697694046,14.866157975372627,0.011330512567980417,18.073639504032194,1.50,be408334,be,G,V
386547669406,2458226.8807644,6.054735848470006,0.03364810274641528,14.504543402480863,0.006040564880069287,18.394954939958374,1.44,be408752,be,G,V
386547669406,2458227.9062659,6.688828395066775,0.04105804583927511,14.396406269334005,0.006672066923974168,18.17886070555567,1.61,be409194,be,G,V
386547669406,2458228.9095354,4.866801236398556,0.036333213953512355,14.741672380236563,0.008114698329397577,18.31159685301555,1.61,be409620,be,G,V
386547669406,2458229.9203508,5.312246751262925,0.0457312886508286,14.646585805530197,0.009357231464207747,18.06182279509848,1.50,be410051,be,G,V
386547669406,2458231.890642,18.29850951723762,0.10361651251856135,13.24402633167217,0.006154962727200136,17.11406818420661,1.61,bq066270,bq,G,g
386547669406,2458232.8872935,16.342152792285653,0.0796450666991005,13.366792455648909,0.0052973880353022525,17.399743410682213,1.50,bq066634,bq,G,g
386547669406,2458233.6795114,4.94464330383136,0.03656084180914736,14.724443984585465,0.008036989324170822,18.304815926784315,1.48,be411489,be,G,V
386547669406,2458236.6740554,5.496184184271756,0.07256762738306789,14.609628209347964,0.014351385107668488,17.56049908381262,1.46,be412430,be,B,V
386547669406,2458238.6909541,6.533071637731644,0.06860101597828405,14.421987853447414,0.011413669687145266,17.621530024581524,1.48,be413298,be,G,V
386547669406,2458244.9169974,6.034219685079818,0.03553393660556771,14.508228611297938,0.006400801785852736,18.335748085664928,1.42,be415491,be,G,V
386547669406,2458252.8336121,16.47871162960084,0.08699042519163287,13.357757487682225,0.005737997734061668,17.303961977461057,1.50,bq071878,bq,G,g
386547669406,2458262.8055919,17.812643323620335,0.1432084795822048,13.273244692843642,0.008738814785776847,16.76271877659061,1.65,bq074128,bq,G,g
386547669406,2458264.7899388,10.809333622728065,0.3339470188884998,13.81556831915023,0.03358078330869252,15.843446684155102,1.55,bq074779,bq,G,g
386547669406,2458282.4567126,10.50044541090013,0.0919175514597403,13.847046318561347,0.00951487085659657,17.24414449417609,1.51,bm056133,bm,G,g
386547669406,2458282.7758948,15.080476026943387,0.0502398981584845,13.454027995799994,0.003621144641409764,17.900018735517676,2.42,bi092525,bi,G,g
386547669406,2458282.8605509,17.341643362852526,0.09118334066503801,13.302339995890682,0.005715278808127959,17.25285186315771,2.31,bq078957,bq,G,g
386547669406,2458283.5026323,16.084013256942512,0.06342455460079634,13.384079566307229,0.004286227085269154,17.646997046268094,1.56,bm056535,bm,G,g
386547669406,2458283.8570318,13.81771291714479,0.07750249880932383,13.548975208909116,0.0060966563017348435,17.429351348672995,2.22,bq079283,bq,G,g
386547669406,2458284.849616,10.940625829498174,0.11880329796268708,13.802460208850885,0.011803165699761711,16.965569369527977,1.47,bq079616,bq,B,g
386547669406,2458285.8349423,14.483546481793432,0.04793686618962204,13.497878328664168,0.0035975504619703983,17.95096651347262,1.46,bi093965,bi,G,g
386547669406,2458286.6439536,16.079751969290825,0.07801314888536673,13.384367258639072,0.0052735204575481386,17.42222109166829,1.39,bi094285,bi,G,g
386547669406,2458287.6926383,11.901448336265888,0.07317830578724878,13.711066083050149,0.00668335772906668,17.49168473507044,1.42,bi094796,bi,G,g
386547669406,2458288.8085725,13.698627303607173,0.07557335061495046,13.558372997153462,0.005996582321716835,17.456718917703828,1.44,bq080382,bq,G,g
386547669406,2458289.5368445,12.83104776203396,0.05677744128712653,13.629410318310928,0.004809787262838451,17.767201069283924,1.58,bi095611,bi,G,g
386547669406,2458290.5702563,13.481562438013116,0.051390522968110315,13.575715053711772,0.004143382071077253,17.875433018337986,1.39,bi096108,bi,B,g
386547669406,2458291.7574486,16.340951289329418,0.08910023530292775,13.366872283761747,0.005926710149013776,17.27794348404842,1.46,bi096729,bi,G,g
386547669406,2458292.5927889,11.283438330483037,0.14056052187210574,13.768961973248441,0.013540480434513127,16.782982209102947,1.37,bi097067,bi,B,g
386547669406,2458299.6495996,14.129123098991103,0.12843589075113784,13.52477760001876,0.009880601088916285,16.880924606294435,1.47,bi100118,bi,B,g
386547669406,2458300.6511247,10.402092477484356,0.1085657904466656,13.857263846146592,0.01134447652904405,17.06340811462576,2.03,bi100579,bi,G,g
386547669406,2458301.5622014,12.499835120716464,0.06607094288922995,13.657804911089146,0.005745375165139439,17.602614349920568,1.55,bi100947,bi,G,g
386547669406,2458303.5734724,15.427139095857877,0.07325494214355721,13.429352134097979,0.005161354715077481,17.49054828722929,1.52,bi101840,bi,G,g
386547669406,2458305.6292304,13.107449608634116,0.05564506674962775,13.606270130404079,0.004614457427803144,17.78907394216354,1.52,bi102457,bi,G,g
386547669406,2458306.6252081,6.660258715556325,0.03922102702446461,14.401053655706779,0.006400885150898754,18.228558989367297,1.49,be419328,be,G,V
386547669406,2458308.6165822,5.363367412609632,0.024206059298770767,14.636187532189787,0.004905674363934915,18.75254616151205,1.45,be419790,be,G,V
386547669406,2458309.7901503,5.522774112113028,0.01827748301830093,14.604388203423692,0.003597255466984381,19.057565420998245,1.96,be420362,be,G,V
386547669406,2458310.5897842,14.0745426020288,0.038850670476808666,13.528979897424518,0.003000380960345944,18.179144316028058,1.46,bi104133,bi,G,g
386547669406,2458311.7159664,4.05278847920709,0.04759964543085992,14.940396559800273,0.012766209067902268,18.018347099480465,1.60,be421193,be,G,V
386547669406,2458312.7163066,5.766358387510469,0.020580914295759194,14.557527327214617,0.003879495084034775,18.92869473330782,2.08,be421638,be,G,V
386547669406,2458313.7352404,6.882941688505205,0.04198660345302297,14.365346178826648,0.006630538876299751,18.154579535212182,2.22,be422095,be,G,V
386547669406,2458314.731532,5.994388597095329,0.024550845847096263,14.51541917089591,0.004451780456916705,18.737190245156942,1.58,be422528,be,G,V
386547669406,2458316.5995053,15.820771159449063,0.07604402988548528,13.401996500526803,0.0052245591185349,17.44997780181302,1.46,bi106647,bi,B,g
386547669406,2458316.7669525,17.87052564392777,0.09809770679874652,13.269722304686297,0.005966693106689992,17.173493473631734,1.68,bq085732,bq,G,g
386547669406,2458319.7621341,11.562084785896715,0.12267830666026892,13.742475247845691,0.011533039929178349,16.93072117957739,1.43,bq086288,bq,G,g
386547669406,2458320.760994,6.3662181670533595,0.032800207938625585,14.450077610540355,0.005600247901933055,18.42266490129474,1.53,be424234,be,G,V
386547669406,2458328.5544912,16.038842087609712,0.0980482870288489,13.387133093508119,0.006644758047321131,17.174040584826788,2.24,bi110704,bi,G,g
386547669406,2458329.5178889,16.132396779728648,0.08147573937825296,13.380818384702089,0.00548961121462073,17.37506983568612,1.43,bi111108,bi,B,g
386547669406,2458330.5401596,14.542314110646823,0.051867799000258515,13.493481819606528,0.003876827440435319,17.86539606348075,1.45,bi111566,bi,B,g
386547669406,2458332.5447068,6.0938096419723005,0.026984255284711288,14.4975591954273,0.0048131979811068485,18.634580301561524,1.49,be428715,be,G,V
386547669406,2458334.5341509,16.311330930822386,0.06496466141462376,13.368842124903864,0.004329123276738002,17.62094766314626,1.48,bi113316,bi,G,g
386547669406,2458335.5383113,9.676042338263798,0.09731525785799836,13.935821222325373,0.010931892451026258,17.182188267091007,1.42,bi113767,bi,G,g
386547669406,2458335.7086555,17.05227872947664,0.09086061649838081,13.320609565205695,0.005791691611364142,17.25670141339181,1.55,bq090329,bq,G,g
386547669406,2458336.716909,3.9779166076278134,0.048411771551424294,14.960642218497869,0.0132284047171481,17.99997895556621,1.44,be430539,be,G,V
386547669406,2458337.7035978,13.827876665292399,0.0781276308544933,13.548176879048636,0.006141314385488344,17.420628974078603,1.52,bq091031,bq,G,g
386547669406,2458338.7138176,6.772768223940593,0.04061980789455637,14.382865870670873,0.006519042678399788,18.1905117308235,1.40,be431158,be,G,V
386547669406,2458339.5285447,11.914109566672531,0.0724264735595408,13.709911647987118,0.006607663572469256,17.50289726158123,1.47,bi115290,bi,G,g
386547669406,2458339.7082887,17.59727972770288,0.09802239875343668,13.286451778109981,0.00605469068232343,17.174327296100785,2.10,bq091684,bq,G,g
386547669406,2458340.6281985,6.883263500770154,0.04214624522352232,14.365295416365614,0.0066554383843359394,18.150459169367615,1.47,be431947,be,G,V
386547669406,2458341.7032286,4.674390466245646,0.038312122887308155,14.785468935696004,0.008908886010859445,18.254015851052834,1.47,be432432,be,G,V
386547669406,2458342.492439,17.046750557996283,0.08249006570091247,13.320961606662614,0.0052598361539488245,17.36163648767518,1.48,bi116592,bi,G,g
386547669406,2458343.5153106,14.239779502232599,0.04391566719994731,13.516307461127234,0.0033521882036181704,18.046091898272977,1.43,bi117052,bi,B,g
386547669406,2458344.5043377,9.116614701004352,0.10185031118021559,14.000481621200647,0.012143417662073505,17.13273471087924,1.40,bi117486,bi,G,g
386547669406,2458345.6929429,3.9459854550280387,0.05070766048145663,14.969392704261978,0.01396787263678883,17.94967245917435,1.54,be434132,be,G,V
386547669406,2458347.5421796,5.13338038742597,0.030353508920639854,14.68377278699814,0.00642713806281946,18.50683413482051,1.42,be434483,be,G,V
386547669406,2458355.4821929,16.991727885085453,0.11419467136212146,13.324471761218781,0.00730500415404283,17.008526013927227,1.51,bi121949,bi,G,g
386547669406,2458356.5343963,9.753035395710668,0.13096414367668657,13.927216121382372,0.014595695012648138,16.85975959243441,2.05,bi122421,bi,G,g
386547669406,2458358.6356482,11.792197977300876,0.09298384622524647,13.72107871759258,0.008570870185988337,17.23162184501948,1.43,bi123090,bi,G,g
386547669406,2458359.6508317,5.693793409723083,0.02856820133988791,14.571277140993757,0.005453726632884272,18.572649148753655,1.54,be438500,be,G,V
386547669406,2458360.639683,6.704661356422315,0.04293097974549549,14.393839286762802,0.0069599500911881025,18.130429394164402,1.56,be438904,be,G,V
386547669406,2458361.6486241,16.376782482654008,0.08052017698241762,13.364494170431737,0.005344269034245859,17.3878788094624,1.63,bi124311,bi,G,g
386547669406,2458365.6234106,18.627170575641536,0.11872238426856638,13.224698393349101,0.0069278406687212565,16.96630908684815,1.52,bq096727,bq,G,g
386547669406,2458366.620509,16.09337539857786,0.06700189269025353,13.383447767591477,0.004525349246185615,17.587422934043733,1.61,bq096869,bq,G,g
386547669406,2458370.635805,15.879862186256712,0.061196968108710045,13.39794879959987,0.004188855219032858,17.685815845550255,1.53,bq097315,bq,G,g
386547669406,2458371.6124432,4.694726273311523,0.041629011843947857,14.780755715171349,0.009638245827997412,18.16386613848823,1.47,be443075,be,G,V
386547669406,2458372.603736,12.240858395687589,0.09967218775017976,13.680535937350113,0.008850632121455839,17.156205634210533,1.44,bq097590,bq,G,g
386547669406,2458373.5990899,16.99056094592778,0.08611151761126508,13.324546328773605,0.005508910268607233,17.314987503409515,2.02,bq097979,bq,G,g
386547669406,2458382.5815119,6.708568571582614,0.04793042831728901,14.393206746337853,0.007765932641713567,18.01082811876664,1.42,be446940,be,G,V
386547669406,2458383.5631735,17.41634846536777,0.10923213754490016,13.297672858630449,0.006817191590075814,17.056764530515352,1.50,bi132890,bi,G,g
386547669406,2458385.5523331,9.164120489261709,0.11547672959398712,13.994838645705798,0.013696697297724257,16.996404422021904,2.16,bi133469,bi,G,g
386547669406,2458386.5680608,15.24212925648308,0.12505136720357404,13.442451521743708,0.00891774350204419,16.909919500709666,2.28,bE000068,bE,B,g
386547669406,2458390.5493524,13.501010466212694,0.048380432494452674,13.574149937437735,0.0038950733914331166,17.940966245449737,1.65,bE000853,bE,B,g
386547669406,2458393.5473862,11.792817333087891,0.06981382844527238,13.721021693503946,0.006434814853211639,17.54278697527642,1.66,bE001873,bE,G,g
386547669406,2458394.544104,11.936328051742569,0.06955748917233476,13.707888756749671,0.0063341059464791264,17.546780869399303,1.99,bE002229,bE,G,g
386547669406,2458396.5387106,16.808535157153884,0.09953205400710986,13.336240955114988,0.0064364332890170925,17.157733195090913,1.99,bE002897,bE,G,g
386547669406,2458397.530563,14.461870639265793,0.04741078033152426,13.499504441102047,0.003563401870168288,17.962947852922998,2.05,bE003246,bE,G,g
386547669406,2458398.5306763,9.54766279383129,0.1017452787972319,13.950322942005876,0.011583221646272512,17.13385494605729,1.43,bE003597,bE,G,g
386547669406,2458401.5228943,15.21509279587717,0.06429204061229431,13.44437910869095,0.004592982361460616,17.632247585512765,1.55,bE004119,bE,B,g
386547669406,2458408.5005993,15.193149016034496,0.07227650612064557,13.445946128614532,0.005170845070593462,17.505147735436008,2.26,bE006104,bE,G,g
386547669406,2458409.4907717,17.133526567542916,0.13909078022491914,13.315448716445673,0.008823964528450325,16.794394753215247,1.48,bi140960,bi,G,g
386547669406,2458410.4939707,15.039034172898534,0.07517848295269357,13.457015756850833,0.00543357647841124,17.462406717146457,2.37,bE006863,bE,G,g
386547669406,2458411.4919129,9.531619346900662,0.1666102690743703,13.952148897003426,0.018999722079541995,16.598386197023217,2.31,bE007243,bE,G,g
386547669406,2458517.8829192,10.152175582522906,0.13549831356380174,13.883667821526455,0.014507311700397854,16.822805886598648,1.43,bi177184,bi,G,g
386547669406,2458518.8784968,15.17787786768959,0.08246657068422987,13.44703798764894,0.005905804329965231,17.361945773690888,1.50,bE041542,bE,G,g
386547669406,2458519.8751989,17.27475319970182,0.08775145139222365,13.306535993711254,0.005521468890478747,17.29450484057984,1.46,bE041882,bE,G,g
386547669406,2458520.8738781,15.386768314638928,0.07781765564021993,13.432197086104807,0.00549721725673308,17.424945254019097,1.49,bi177607,bi,G,g
386547669406,2458522.8697836,13.936989545642136,0.04636776581583391,13.539643186605781,0.003616257677954027,17.987100185549494,1.42,bE042894,bE,G,g
386547669406,2458523.8649795,16.920218830636028,0.08100454926993372,13.3290506835148,0.005203740211685161,17.381367086858248,1.49,bE043239,bE,G,g
386547669406,2458524.8605564,16.4176573252307,0.07425234020224862,13.361787655565777,0.004915991596023438,17.475865246909898,1.46,bE043585,bE,G,g
386547669406,2458525.8598381,12.250304813230542,0.06890449360041576,13.679698384804915,0.006113822458949339,17.557021748174275,1.47,bE043935,bE,G,g
386547669406,2458526.8552992,10.845631741470516,0.08625951145838295,13.811928487090448,0.008644986366557934,17.313123126103804,1.52,bE044282,bE,G,g
386547669406,2458527.8546636,15.802949898505817,0.06591577858579988,13.403220214221555,0.00453381083149052,17.605167145802568,1.60,bE044614,bE,G,g
386547669406,2458529.8717453,12.26329334726083,0.06738116208758041,13.678547829682753,0.005972326641751269,17.581294369544793,1.45,bi180784,bi,G,g
386547669406,2458530.8806923,12.78503328394251,0.06742466523789406,13.6333109648191,0.005732302605614095,17.580593614274886,1.37,bi181158,bi,G,g
386547669406,2458532.8595771,17.077139285496457,0.10930731868906865,13.319027820653048,0.0069573891116416365,17.056017508492275,1.37,bi181890,bi,G,g
386547669406,2458534.8540182,9.68922705331935,0.15682431410457476,13.934342789528216,0.017592859579530298,16.66410711954381,1.42,bi182639,bi,G,g
386547669406,2458536.8858317,16.58661642422719,0.12077429461227797,13.350671118667778,0.007914598362298303,16.94770433731861,1.39,bi183419,bi,G,g
386547669406,2458538.8671782,9.558893571935089,0.1133190785590651,13.949046556710085,0.01288568708818773,17.016883025323224,2.03,bi184160,bi,G,g
386547669406,2458539.8702142,15.373245730169302,0.07666320136205643,13.433151699484698,0.005420427680691846,17.44117323417616,1.41,bi184540,bi,G,g
386547669406,2458546.8608584,10.907592396143537,0.08239179833907437,13.805743371030953,0.008210455551505156,17.362930656027135,1.47,bE051376,bE,G,g
386547669406,2458547.874553,14.306814905668906,0.07432774965178149,13.51120822601311,0.00564703134575291,17.474763150705094,1.54,bi187401,bi,G,g
386547669406,2458548.8747964,17.233649379574246,0.08676757964807778,13.309122489951966,0.00547258357743887,17.306746903629904,1.49,bE052134,bE,G,g
386547669406,2458549.8127566,16.84118594034644,0.08109303129239634,13.334133945166899,0.005233871269106858,17.380181774351225,1.45,bE052432,bE,G,g
386547669406,2458550.8119707,15.702776991630422,0.0631078846790341,13.410124464906692,0.004368369165632198,17.652431553321016,2.21,bE052778,bE,G,g
386547669406,2458552.8057311,11.568461742192186,0.062241544936110255,13.741876585596774,0.005848128705364418,17.667439701419802,1.41,bi189284,bi,G,g
386547669406,2458553.8024922,16.15522959408549,0.06755941494123571,13.379282786076832,0.004545534079078691,17.578425911536865,1.50,bE053905,bE,G,g
386547669406,2458554.8018254,16.898200631543048,0.07697871108101677,13.330464466871732,0.004951563416071415,17.436714023783487,1.44,bE054285,bE,G,g
386547669406,2458555.7970739,13.975481444528558,0.03940049093990239,13.53664867746916,0.003064411108614592,18.163886528251204,1.41,bE054662,bE,G,g
386547669406,2458556.7950838,9.388711403852142,0.09200383122930135,13.968550648166246,0.010651532471074162,17.243125829841873,1.43,bi190845,bi,G,g
386547669406,2458557.7953675,15.478580603611658,0.06002475661730992,13.425737789600127,0.004215134600634209,17.706814591950785,1.47,bE055425,bE,G,g
386547669406,2458558.8236221,15.966425528161263,0.06749758519404898,13.392046373130535,0.004595076105100102,17.579420022166808,1.48,bi191659,bi,G,g
386547669406,2458561.8142276,16.078795190683078,0.09857619471708229,13.384431864118262,0.006663934484223442,17.168210488167237,1.51,bE056980,bE,G,g
386547669406,2458562.7795417,16.688905770367075,0.09902584651896117,13.343995965945155,0.006449601380435831,17.163269202333982,1.49,bE057345,bE,G,g
386547669406,2458563.7745655,16.025176209221346,0.12513849025555662,13.388058588229157,0.008487900309364213,16.9091633337204,1.40,bE057736,bE,G,g
386547669406,2458564.7725774,12.636902034305068,0.12270985294422923,13.645964075531529,0.010554823846643397,16.930442022320047,1.43,bi194034,bi,G,g
386547669406,2458565.7845884,12.906264368280166,0.09655826582233558,13.62306423021241,0.008132069340014151,17.19066696826725,1.46,bE058535,bE,G,g
386547669406,2458566.7820881,16.72603369516318,0.10600163817127775,13.341583203905625,0.0068886129267227815,17.089359168958353,1.46,bi194862,bi,G,g
386547669406,2458571.7497604,17.04816514313996,0.09125192907191369,13.320871513094437,0.005818038398455162,17.25203547584195,1.49,bE060825,bE,G,g
386547669406,2458571.8831197,9.104760879123992,0.10214974375336452,14.001894261573405,0.012194974875318577,17.12954740762942,1.47,bi196937,bi,G,g
386547669406,2458572.5616938,11.5961751238066,0.08334084695376699,13.739278708815482,0.007811875567288181,17.350495837257395,1.47,bm122520,bm,G,g
386547669406,2458573.8274646,14.89362054871049,0.06509889555913097,13.467564909937991,0.00475100522768041,17.618706560015703,1.51,bE061495,bE,G,g
386547669406,2458575.6407036,9.757591899001774,0.09895269699365002,13.926708996664601,0.011022932753718394,17.164071522526825,1.51,bm123464,bm,G,g
386547669406,2458575.8398757,14.007536850892434,0.049056323584173125,13.534161188085154,0.003806671466937093,17.925903116775125,1.48,bi197932,bi,G,g
386547669406,2458576.779301,14.423060204775922,0.03807243956147352,13.502422081406124,0.0028692306550976814,18.201113846636293,1.53,bE062651,bE,G,g
386547669406,2458577.9382054,17.167654937998872,0.08670553051300697,13.313288183308655,0.005489692226593044,17.307523611849764,1.55,bq148798,bq,G,g
386547669406,2458578.9360433,11.80376296901619,0.10673795442873622,13.72001442262726,0.009829027911518526,17.08184342258132,1.45,bq149184,bq,G,g
386547669406,2458579.9426226,14.67677265457872,0.0490207508690012,13.483489204789974,0.003630459237302905,17.926690713400998,1.59,bq149337,bq,G,g
386547669406,2458580.8470805,9.038158377875192,0.09010906904676483,14.009865754004663,0.010836791763683249,17.265719354339783,1.47,bi199914,bi,G,g
386547669406,2458582.4648141,11.947433230995703,0.08249778581693167,13.706879091990288,0.0075055038675682605,17.361534880079276,1.50,bm125290,bm,G,g
386547669406,2458583.488068,14.148968630933874,0.055262085249284526,13.523253662952836,0.004245361307486974,17.796572440249218,1.51,bm125736,bm,B,g
386547669406,2458583.8788599,11.247473867113614,0.06580423139181295,13.772428140333595,0.0063593247083238045,17.60700605935903,1.42,bi201206,bi,G,g
386547669406,2458585.5012719,14.464526578322808,0.027649069394356567,13.499305062715708,0.0020777269228605755,18.548439315170157,1.51,bm126597,bm,G,g
386547669406,2458586.6856306,14.469239028885188,0.03377100769158622,13.498951394388992,0.00253694178268753,18.3312805621363,1.52,bE066517,bE,G,g
386547669406,2458588.7009577,15.600393956758406,0.07670496175366086,13.417226707952814,0.005344413651282987,17.440581967132346,1.42,bE067035,bE,G,g
386547669406,2458589.6945312,17.56433491382775,0.11629041392217736,13.288486348365929,0.007196550535422867,16.98878082058596,1.49,bi203611,bi,G,g
386547669406,2458590.9728025,10.678651462191022,0.14176439726271156,13.828774592495476,0.014429887210075218,16.773722672084727,1.48,bq152646,bq,G,g
386547669406,2458593.7086316,17.129336915827416,0.14972758590930513,13.315714243381432,0.009501090251660438,16.714386055399473,1.50,bi205279,bi,G,g
386547669406,2458602.3993386,16.59296388485472,0.07046134598976157,13.35025570244904,0.004615716642642428,17.5327632738259,1.47,bm130609,bm,G,g
386547669406,2458604.4101307,10.016540722796023,0.10033844734547316,13.898271219749944,0.010888342866228206,17.148972170453096,1.53,bm131305,bm,G,g
386547669406,2458605.8944894,14.500959836600636,0.04836780842019787,13.496573748083946,0.0036255327507263412,17.941249587336227,1.47,bE073645,bE,G,g
386547669406,2458605.9080379,16.808955580983586,0.07865295246290357,13.336213798455567,0.005086118481407053,17.413353037073783,1.46,bq156310,bq,G,g
386547669406,2458607.650783,15.876258693395368,0.07727853089668871,13.398195205179114,0.005290818496395413,17.43249346811271,1.46,bE074018,bE,B,g
386547669406,2458608.6575047,9.879958004034783,0.09368346975708199,13.91317787585737,0.010306709642897824,17.223483193096946,1.43,bE074451,bE,G,g
386547669406,2458609.6650217,14.339125425168815,0.05780717672659407,13.508758963375037,0.004381988851008196,17.747686213519117,1.40,bi211773,bi,B,g
386547669406,2458611.6933954,13.787404706363018,0.058734742708011344,13.551359312858118,0.004630466211648885,17.73040293486021,1.45,bi212259,bi,B,g
386547669406,2458613.3858773,8.903628041123497,0.10678895322202939,14.026148100845026,0.01303681472521767,17.08132478782995,1.46,bm132966,bm,G,g
386547669406,2458614.758154,13.96068894974944,0.04308593521181787,13.537798494957723,0.0033546007967289898,18.06680180128196,1.48,bi213629,bi,G,g
386547669406,2458615.6941491,14.39051775865733,0.037780141656280304,13.504874572867635,0.0028536409915353575,18.209481656512484,1.49,bi214027,bi,G,g
386547669406,2458617.4051526,9.566783009987056,0.1488696117609215,13.948150813338353,0.016914232843306114,16.72062547202194,1.52,bm134649,bm,B,g
386547669406,2458618.6143222,12.579522672534795,0.08839782151802343,13.650905216770063,0.007638174444912067,17.286536705537305,1.51,bE075920,bE,G,g
386547669406,2458619.6178623,16.441224330196714,0.1247431718733971,13.360230234641655,0.00824697732280087,16.912598654538556,1.45,bi215735,bi,B,g
386547669406,2458620.6889381,13.627901418174634,0.0730659349099721,13.563993164037647,0.0058277127218901385,17.493353247324308,1.46,bi216213,bi,G,g
386547669406,2458621.7060815,15.721678709554372,0.09501604098428465,13.408818330464634,0.0065691652479156985,17.20814828446035,1.46,bi216679,bi,G,g
386547669406,2458626.3333802,11.614927940475042,0.10860412166041208,13.737524322875975,0.010163468850733723,17.063024842499658,1.50,bm137580,bm,G,g
386547669406,2458626.6081413,10.84202567803525,0.08296616985098966,13.812289543481986,0.00831769099993423,17.35538800827529,1.49,bE078973,bE,G,g
386547669406,2458627.4064995,17.085840457838298,0.09492798951322741,13.318474755428023,0.006039070629952551,17.209154903900895,1.45,bm138079,bm,G,g
386547669406,2458627.6641247,17.098671362546803,0.10587363746494304,13.317659709215912,0.006730349878227222,17.09067102582879,1.43,bi219010,bi,B,g
386547669406,2458628.334157,12.473786903278253,0.07098753950530376,13.66006982107864,0.006185801443122734,17.524685302989738,1.52,bm138457,bm,G,g
386547669406,2458629.4584127,12.439701163184976,0.08524503889557233,13.663040753537237,0.007448543156942264,17.32596782829176,1.49,bm138975,bm,G,g
386547669406,2458630.8739696,13.848318072875381,0.09607957103912335,13.546573047269394,0.007541299658001651,17.19606297286757,1.52,bq162191,bq,G,g
386547669406,2458631.5791169,12.473617008636406,0.06647800336226206,13.66008460905131,0.005792922714941188,17.595945693624103,1.47,bE080195,bE,G,g
386547669406,2458633.3459846,16.101042024336596,0.06606178825432464,13.382930663448693,0.004459729467959465,17.60276479740603,1.57,bm139434,bm,G,g
386547669406,2458635.8620607,15.513329444005837,0.05989354139365047,13.423303083908147,0.0041964992532944265,17.70919062927224,1.47,bE080871,bE,G,g
386547669406,2458636.366744,16.719678073637425,0.07331129279661021,13.341995844457275,0.004766012088955633,17.489713416261623,1.51,bm139991,bm,G,g
386547669406,2458636.6330329,17.268283937841506,0.08542219965984488,13.306942669700629,0.005376922070299046,17.323713735162347,1.43,bi220752,bi,G,g
386547669406,2458636.90613,16.080580888556916,0.10385734682337909,13.38431128983662,0.0070201705549410255,17.111547552042516,2.27,bq163226,bq,G,g
386547669406,2458637.3487542,14.645539356640938,0.033804684674996,13.485802196697103,0.002508901965168,18.330198388298296,1.61,bm140332,bm,G,g
386547669406,2458637.883642,12.41625130281363,0.07014055398219608,13.665089387158522,0.006140318098431769,17.537717632212754,1.41,bi221413,bi,G,g
386547669406,2458638.8409943,11.100003985932922,0.1243598468125261,13.786757785435327,0.012177810630217849,16.91594016543219,1.50,bi221841,bi,B,g
386547669406,2458639.5514493,10.585795426499867,0.0882530526364113,13.83825688010158,0.009061882197949466,17.288316270478937,1.57,bE082403,bE,B,g
386547669406,2458641.2898152,12.357822275841311,0.06824879266295962,13.670210759500874,0.006002956559008721,17.567403178916692,1.46,bm141030,bm,B,g
386547669406,2458641.8547717,16.572517587033353,0.07936199520351957,13.351594400856246,0.005205186104746631,17.403609167237835,1.58,bq164073,bq,G,g
386547669406,2458642.7170482,16.299498646668468,0.06693914835505596,13.36963000672233,0.004463937538291278,17.5884401547674,1.46,bE083858,bE,G,g
386547669406,2458642.8833156,10.3494671868131,0.0941711870047398,13.862770642433533,0.009890362858982767,17.21784549986782,1.50,bi223715,bi,G,g
386547669406,2458643.3064403,12.929168419914356,0.06328480233383367,13.621139140370587,0.00532035985530057,17.64939204157287,1.97,bm141908,bm,G,g
386547669406,2458643.5710597,9.261184033715377,0.10132140652499008,13.98339933634512,0.011891780058919443,17.13838758655249,1.48,bE084189,bE,G,g
386547669406,2458643.8267159,10.376434631590921,0.09159056919668038,13.859945236048334,0.009594332740750569,17.24801371648374,1.53,bi224130,bi,G,g
386547669406,2458644.7565748,9.414355024060969,0.10203668885674366,13.9655891924643,0.011780886117641031,17.130749718726793,1.47,bi224534,bi,G,g
386547669406,2458645.3264565,16.693050038886568,0.0772716111437068,13.343726384233246,0.005031488043364446,17.432590692563572,1.60,bm142350,bm,G,g
386547669406,2458645.5767405,17.22032387138035,0.1054812218346228,13.309962334303671,0.0066580340097264845,17.09470273201371,1.47,bi224852,bi,G,g
386547669406,2458646.5904549,14.473004006586548,0.055615132287800045,13.498668916447077,0.0041768267817861365,17.789658174980694,1.62,bE085533,bE,G,g
386547669406,2458647.6256865,13.480795666091783,0.07475470430889224,13.575776807363496,0.006027471626442013,17.46854429148924,1.42,bi225812,bi,G,g
386547669406,2458647.7859008,12.785287657203963,0.07374617724280297,13.633289363036305,0.006269619460789247,17.483291829321267,1.96,bE086126,bE,G,g
386547669406,2458648.2671967,11.413887205912154,0.09470244809756068,13.756481681137473,0.009018614055602866,17.211737596840027,1.66,bm142886,bm,G,g
386547669406,2458649.2636244,11.863615228926278,0.14004127905795682,13.714522990200045,0.01283072475358022,16.787000439663068,1.50,bm143332,bm,G,g
386547669406,2458653.840511,17.39337902368822,0.16584425716314394,13.299105720066205,0.010364029707566046,16.603389517907424,1.52,bi228255,bi,G,g
386547669406,2458654.729455,15.276770703519151,0.2348807868222911,13.43998672193542,0.01671198763288996,16.22552187876089,1.45,bi228629,bi,B,g
386547669406,2458655.5037624,15.770971540083252,0.11150275114155463,13.405419502228742,0.0076849192351359915,17.034426653949087,1.52,bE088984,bE,B,g
386547669406,2458656.840996,15.618617003853993,0.27545072773498935,13.415959183862139,0.019169620770869575,16.052530801172985,1.49,bi229643,bi,B,g
386547669406,2458657.4993333,9.714730515604462,0.10238374985975479,13.931488727598207,0.011455457714592493,17.127063032007516,1.47,bi229832,bi,G,g
386547669406,2458658.5772279,16.83842983056536,0.10018226239495763,13.334311643641886,0.0064669784872170505,17.15066352382927,1.58,bm146461,bm,B,g
386547669406,2458658.8192865,17.15754625597142,0.10185099257538781,13.31392767627564,0.006452414522087706,17.132727447151474,1.47,bq168248,bq,G,g
386547669406,2458659.7373164,17.26250253788848,0.09354028992193555,13.307306233693371,0.005889889252897021,17.225143832338272,1.51,bi230468,bi,G,g
386547669406,2458660.6574116,14.736291889921755,0.040090534550153274,13.479095084157002,0.002957098591342331,18.14503599397414,2.07,bE090678,bE,G,g
386547669406,2458662.8054202,16.98287064746747,0.07737872093673878,13.325037867909614,0.004952478712929648,17.43108674495209,1.55,bE091235,bE,G,g
386547669406,2458667.2198078,14.67380496913867,0.04037753814268942,13.483708765956973,0.002990950779860539,18.137291021285115,2.22,bm147462,bm,G,g
386547669406,2458668.590986,10.154184986861562,0.0911468985321189,13.883452944710875,0.00975683581931696,17.25328587282928,1.55,bE092034,bE,G,g
386547669406,2458670.5994126,16.75687315181869,0.07623825374125798,13.339583167036222,0.0049452941702950734,17.447208261176225,1.55,bi233077,bi,G,g
386547669406,2458672.785071,14.113528654469354,0.15374646971104253,13.525976598956879,0.01184081827005499,16.685627730447383,1.47,bq170137,bq,B,g
386547669406,2458673.2667877,12.038313693013682,0.07516320083158706,13.698651482450725,0.006786592659243867,17.462627445713682,1.54,bm148355,bm,G,g
386547669406,2458674.2630556,11.38647053598575,0.09330113588372375,13.759092805562542,0.008906559571201025,17.22792328382753,1.57,bm148710,bm,G,g
386547669406,2458676.614991,10.52785977498474,0.09660533353601596,13.844215392890755,0.009974087760103043,17.190137850752365,1.41,bE095003,bE,G,g
386547669406,2458682.748406,10.38148492755971,0.1357597756153857,13.859416927874616,0.014214245315065092,16.820712832678307,1.47,bi237752,bi,G,g
386547669406,2458683.6083708,15.68338571876053,0.10033688612646109,13.411466063106145,0.00695397248412332,17.148989064128823,1.40,bi238093,bi,G,g
386547669406,2458684.6421156,11.70414431030606,0.12063011053142964,13.729216452445513,0.011202842504666695,16.949001297042678,1.50,bi238571,bi,G,g
386547669406,2458684.646858,12.015569528054396,0.08284694259124527,13.700704720214937,0.007494528190731776,17.35694939715343,1.52,bE098237,bE,G,g
386547669406,2458686.2895227,11.062029735989634,0.08430042287838511,13.790478568363472,0.00828337082975937,17.338066228460146,1.59,bm152346,bm,G,g
386547669406,2458686.7632888,12.206342195766345,0.12960413277304345,13.683601769993475,0.011541054240709767,16.871093485462406,1.44,bq173881,bq,G,g
386547669406,2458688.6861984,14.675128376909637,0.08269616180646247,13.483610849503611,0.0061251343149924566,17.358927228883562,1.45,bi239577,bi,G,g
386547669406,2458689.7060731,18.318303627976846,0.10096624046838491,13.242852489225603,0.005991052216482619,17.142200148004758,1.41,bq174365,bq,G,g
386547669406,2458690.4110817,16.977123851567686,0.08009243678988437,13.325405329949664,0.0051279001833225675,17.393661843563073,1.53,bm152695,bm,G,g
386547669406,2458691.4220229,12.679555552108855,0.06348037146324621,13.642305545328338,0.005441862964425591,17.64604196289686,1.52,bm153137,bm,G,g
386547669406,2458691.569634,16.94535601781336,0.07915877778882224,13.327438878055206,0.0050776241986305514,17.406392911239056,1.40,bi240528,bi,G,g
386547669406,2458694.7318757,12.17274469919359,0.07344486214574455,13.68659433830983,0.0065582063758255794,17.487737061425925,1.47,bi241946,bi,G,g
386547669406,2458695.7369578,13.682139319532805,0.07799416127914265,13.559680601404517,0.006196126225590316,17.422485380971136,1.49,bq176058,bq,G,g
386547669406,2458696.7483344,17.59364212458926,0.09494556496864114,13.286676238124393,0.0058658520118829655,17.208953903731448,1.50,bq176218,bq,G,g
386547669406,2458697.7337374,18.38692843055742,0.10971850725698379,13.238792658223765,0.0064860886073969,17.051940885676412,1.48,bq176369,bq,G,g
386547669406,2458698.4704611,15.117162304424106,0.05063972357388037,13.451389932595344,0.0036411051683679693,17.89141229559084,1.54,bm154700,bm,G,g
386547669406,2458698.5641432,12.432619514344236,0.06703962026634146,13.663659015326575,0.005861126239674692,17.586811747323225,1.42,bi243435,bi,G,g
386547669406,2458698.7219378,14.478300670823254,0.06419541483346085,13.498271643836777,0.004819462339222959,17.63388058736194,1.48,bq176705,bq,G,g
386547669406,2458699.2757233,12.388543791056307,0.07019126589865776,13.667514971490647,0.006158500589290504,17.536932923995348,1.48,bm154936,bm,G,g
386547669406,2458699.5474472,15.35134295327988,0.05849397706651863,13.434699687132436,0.004141683893611883,17.734862735187058,1.46,bE103400,bE,G,g
386547669406,2458700.2299404,13.380196299259,0.05538025141591802,13.583909409879919,0.004498882087060148,17.794253303869088,1.58,bm155319,bm,G,g
386547669406,2458700.7160462,16.6943551569188,0.10655038139706102,13.343641501092943,0.006937412728117781,17.083753089917227,1.44,bq177140,bq,G,g
386547669406,2458701.5884199,9.752639676806577,0.0996889846034173,13.927260174852918,0.011110591137487509,17.156022680313203,1.47,bi244768,bi,G,g
386547669406,2458701.7143743,18.293766812673482,0.10598063501365729,13.24430777500388,0.006297026937412581,17.08957431797411,1.48,bq177487,bq,G,g
386547669406,2458702.2267881,15.661267690605198,0.06264850033845125,13.412998340245617,0.0043480641136671785,17.66036391284264,2.10,bm155627,bm,G,g
386547669406,2458702.7117291,16.35423170770034,0.10577688402242826,13.365990255859721,0.007030282803397388,17.091663687902596,1.46,bq177837,bq,G,g
386547669406,2458703.5432381,14.766944567636928,0.06940561774730392,13.476839010726493,0.005108767660786141,17.54915405137442,1.40,bi245603,bi,G,g
386547669406,2458703.6975969,12.355390526966104,0.18731201393839336,13.670424429639539,0.016478638591476562,16.471226528123925,1.47,bq178074,bq,B,g
386547669406,2458708.505703,15.401411553168217,0.09169007033254706,13.4311643069348,0.006471038033275589,17.24683484678407,1.46,bE106880,bE,G,g
386547669406,2458709.3268589,14.572753766881535,0.08919320338966967,13.491211555356063,0.006652766914893984,17.276811206522662,1.49,bm157119,bm,G,g
386547669406,2458710.2300916,16.43047163767262,0.09595961885979676,13.360940547124457,0.006348200821217085,17.197419325609324,2.17,bm157447,bm,G,g
386547669406,2458710.514857,13.569849686888485,0.08065096766165482,13.56862802975714,0.006460211226150174,17.386116655235874,1.50,bE107554,bE,G,g
386547669406,2458711.5155389,9.466466265480538,0.1097600354667543,13.959595893308121,0.012602842817065772,17.051530014701555,1.43,bE107981,bE,G,g
386547669406,2458711.6786766,16.60113982257452,0.30950992518247555,13.349720853739285,0.020265104403410127,15.925954160742732,1.54,bq179901,bq,G,g
386547669406,2458712.2659024,14.097084601076395,0.07638880308261325,13.527242357058775,0.005889963070247358,17.445066348373533,1.56,bm158098,bm,G,g
386547669406,2458712.4792085,12.098495056211847,0.07441819820374783,13.693237243894279,0.006685901469382106,17.473442734504758,1.45,bi249205,bi,G,g
386547669406,2458715.4246038,16.73183604462611,0.11114316530915294,13.341206621594992,0.007220235009314163,17.03793370858216,1.59,bm159233,bm,G,g
386547669406,2458715.6702126,17.413126474973772,0.093691081273222,13.297873736285833,0.00584835422662793,17.22339498369385,1.49,bq180366,bq,G,g
386547669406,2458717.6706476,12.341278369454066,0.0769539299667712,13.671665251393271,0.006777707588046119,17.437063602053307,1.51,bE110651,bE,G,g
386547669406,2458718.6727852,16.29667336065296,0.0725574202679606,13.369818219947051,0.004839439277910812,17.500936028272747,1.45,bi251949,bi,G,g
386547669406,2458719.6212588,16.56991815118914,0.07287062275976529,13.351764714326029,0.004780180440796835,17.496259408778347,1.49,bi252337,bi,G,g
386547669406,2458719.6700445,16.448849773945753,0.07255299735990502,13.359726786672653,0.004794374970642901,17.501002213891756,1.45,bE111477,bE,G,g
386547669406,2458720.2155922,10.799017121526092,0.10782765718708429,13.81660504794504,0.010853207646992737,17.070815188369643,1.98,bm160979,bm,G,g
386547669406,2458721.566715,16.401088141081445,0.07228697862230571,13.362883965883984,0.004790706700339176,17.50499042912526,1.47,bi253009,bi,G,g
386547669406,2458721.6544353,9.849096558007346,0.12846484585288273,13.916574634329281,0.014177513763988707,16.880679861161937,1.49,bq182175,bq,G,g
386547669406,2458722.2671011,16.571566820832967,0.07223176029240029,13.351656691385898,0.004737800823264316,17.505820114511565,1.53,bm161321,bm,G,g
386547669406,2458722.6499978,16.32746633412256,0.0792029676519659,13.367768629895679,0.005272721466310971,17.40578697531166,1.44,bq182548,bq,G,g
386547669406,2458723.6037899,16.43376600484295,0.07080250367620741,13.360722875029975,0.004682994944897773,17.5275190733782,1.41,bi253938,bi,G,g
386547669406,2458724.6523099,15.843928345792525,0.07527480873782565,13.40040844818532,0.0051641513704505804,17.46101645967207,1.42,bi254420,bi,G,g
386547669406,2458724.6575368,14.665793349762296,0.04270119797119015,13.484301719230382,0.003164802920232825,18.076540463400747,1.43,bE113326,bE,G,g
386547669406,2458725.6433207,11.351872571533159,0.11668063286051854,13.762396853832797,0.011172321927435162,16.985143671410558,1.55,bq183470,bq,G,g
386547669406,2458726.6488142,13.381770115760698,0.06363426313427595,13.583781710029243,0.005168798800272416,17.643413062754746,1.37,bi255284,bi,G,g
386547669406,2458727.3868425,15.78443691788351,0.06517973964429832,13.404492887756591,0.004488442854198967,17.61735905800455,1.50,bm162579,bm,G,g
386547669406,2458727.6543744,19.208093849376645,0.15040797363502217,13.19135494981718,0.008511356157782419,16.709463460731666,1.50,bq184231,bq,B,g
386547669406,2458728.380993,16.94785156946352,0.08077031077858593,13.327278992876128,0.005180232768964441,17.384511226661626,1.51,bm162999,bm,G,g
386547669406,2458728.6230401,18.030313218217128,0.11121843235606024,13.260057444167048,0.006704797577497425,17.037198688130502,1.46,bq184604,bq,B,g
386547669406,2458729.2376022,12.954330706606001,0.06441005269405663,13.619028172751548,0.005404441837019349,17.63025647530801,1.52,bm163305,bm,G,g
386547669406,2458729.6258958,14.664366391499822,0.07224484159357435,13.484407364768158,0.005354953609019486,17.50562350354282,1.52,bq184986,bq,G,g
386547669406,2458730.2306634,16.069381198237217,0.06412759548289917,13.385067739235923,0.004337684648443865,17.635028221460647,1.60,bm163734,bm,G,g
386547669406,2458730.6251267,10.5929399664454,0.13960926812682195,13.837524344769747,0.014325504058964047,16.790354985446246,1.51,bq185375,bq,G,g
386547669406,2458731.5873946,12.243280060244391,0.07910689596318335,13.680321162474664,0.007023098063477987,17.40710475199577,1.52,bE116046,bE,G,g
386547669406,2458736.3299482,14.6886608146726,0.2405261837429051,13.482610116351484,0.01779886589846363,16.199734709708235,1.59,bm165474,bm,B,g
386547669406,2458736.6290416,17.336618399754496,0.15239364739416084,13.302654647440326,0.009554646995578,16.6952234524497,1.50,bE117051,bE,B,g
386547669406,2458738.6013881,11.653790410653796,0.09419191604019155,13.733897614307368,0.008785340548204264,17.21760653306374,1.47,bi258765,bi,G,g
386547669406,2458742.3487982,14.375579756974663,0.13502556831395546,13.506002201021069,0.010209461083416744,16.82660057675545,1.60,bm166404,bm,G,g
386547669406,2458742.607337,12.970696944084498,0.08635804084304848,13.61765734150955,0.007236884502322409,17.311883658502094,1.47,bE118912,bE,G,g
386547669406,2458743.3286573,10.813502030185687,0.1278450947256329,13.815149706992083,0.012850791454653046,16.88593043823005,1.46,bm166797,bm,G,g
386547669406,2458743.6004489,10.040157372146497,0.11092529121840054,13.89571432200296,0.012008872395779564,17.040064167522686,1.54,bE119302,bE,G,g
386547669406,2458744.2886919,9.427283653299583,0.10052928108289329,13.964099185858647,0.01159092711298146,17.146909169474643,1.53,bm167176,bm,B,g
386547669406,2458744.6006707,15.516549976835597,0.0772629813228341,13.423077710869663,0.005412382363556187,17.43271195614375,1.61,bE119624,bE,G,g
386547669406,2458745.6003562,16.949026681520603,0.079942831797227,13.327203713866886,0.005126806631499997,17.39569179115764,1.58,bE120016,bE,G,g
386547669406,2458746.5808017,16.044625262086974,0.08348960635886223,13.386741676838096,0.005656073024256721,17.348559577881375,1.50,bi261947,bi,G,g
386547669406,2458746.5930952,14.905891770459325,0.04872148414467645,13.466670713392777,0.003552832380335591,17.933339338384545,1.54,bE120401,bE,G,g
386547669406,2458747.5935765,9.452022849967317,0.10056920467212029,13.961253715145176,0.011565180770257718,17.146478072376578,1.52,bi262360,bi,G,g
386547669406,2458748.5903614,14.899742685729215,0.054320144823638714,13.467118701441622,0.003962728546609024,17.815238313561913,1.46,bi262762,bi,G,g
386547669406,2458750.5837654,16.015001453763798,0.06599801891908359,13.388748166224783,0.004479361259695735,17.603813362944447,1.45,bE121900,bE,G,g
386547669406,2458751.5840016,11.334493741178141,0.07966815562513198,13.76406030480098,0.007640025510540726,17.39942870380816,1.56,bE122289,bE,G,g
386547669406,2458752.2529559,14.823900428044807,0.04534920698515388,13.472659399357248,0.003325212316925429,18.011216368893628,1.55,bm169005,bm,G,g
386547669406,2458752.578033,11.967497520641615,0.07681134003755463,13.705057256833921,0.006976444896131116,17.439077256930727,1.45,bE122676,bE,G,g
386547669406,2458753.3077768,13.960644777747612,0.04991636993446452,13.537801930262216,0.0038864196249940672,17.907033124822075,1.50,bm169437,bm,G,g
386547669406,2458753.5760178,15.99378931590929,0.07867795873085123,13.390187195245662,0.0053470455731559,17.413007901963596,1.45,bE123051,bE,G,g
386547669406,2458754.3152175,17.192679184585014,0.088269708597254,13.311706723988612,0.005580592437147468,17.288111379283723,1.53,bm169826,bm,G,g
386547669406,2458754.5747781,16.74758384670711,0.07299946132290984,13.340185220377098,0.004737832113256231,17.49434147296813,1.44,bE123428,bE,G,g
386547669406,2458755.528511,16.777164836429755,0.08159750639384536,13.338269193494805,0.005286527407768786,17.373448393967468,1.47,bi265465,bi,G,g
386547669406,2458756.5661525,9.719408161484196,0.10249189588190108,13.930966071084622,0.011462038922874949,17.12591679461922,1.38,bi265891,bi,G,g
386547669406,2458757.5667176,15.297663419488133,0.066447660902676,13.438502869015508,0.004721356222314546,17.596441367769025,1.45,bi266283,bi,G,g
386547669406,2458758.3020039,16.187531365697126,0.07200795062511693,13.377114064945015,0.004835172811766744,17.509189484183963,1.52,bm170399,bm,G,g
386547669406,2458758.5599674,16.902242177034132,0.0873153917749587,13.330204822209168,0.005615115056566552,17.29991359399595,2.09,bi266656,bi,G,g
386547669406,2458763.2457628,15.18367579512983,0.10594226225820975,13.44662331718241,0.007584107724843172,17.089967505221527,1.59,bm171956,bm,G,g
386547669406,2458763.5439446,17.0258981237274,0.13239579021985604,13.322290546239993,0.00845232754151903,16.847955171216086,1.46,bi267940,bi,G,g
386547669406,2458763.55132,16.12845634075679,0.08480452120370413,13.381083614964888,0.005715291373694185,17.331593095143614,1.49,bE126153,bE,G,g
386547669406,2458764.246399,16.58196938270149,0.1730267397188515,13.350975349984234,0.011341990738980871,16.557357549935755,1.51,bm172217,bm,B,g
386547669406,2458764.4959103,16.236556930619678,0.12438685283055695,13.373830773160694,0.008327079532964701,16.915704412260954,1.45,bE126466,bE,G,g
386547669406,2458765.5033018,11.276718207210443,0.12575466976923114,13.769608802213577,0.012121421847485346,16.90383030868582,1.66,bi268660,bi,G,g
386547669406,2458766.51634,14.10318913815841,0.08583045218107618,13.526772296584324,0.006615097397340983,17.318537110124367,1.47,bE127216,bE,G,g
386547669406,2458767.2552997,16.040346620053022,0.08668600777094995,13.387031250200232,0.005874182380346313,17.307768105302753,1.62,bm172955,bm,G,g
386547669406,2458768.51009,16.106203040469257,0.10336424860064439,13.382582698131866,0.006975725057534217,17.116714731672865,1.54,bE127943,bE,G,g
386547669406,2458769.2490332,14.081113161501197,0.1054176976985502,13.528473150610017,0.008137457082118025,17.09535679374763,1.52,bm173706,bm,G,g
386547669406,2458772.2907711,15.725664855622185,0.13443715601614403,13.40854308285159,0.009292283972563856,16.83134232017901,1.52,bm174842,bm,B,g
386547669406,2458772.5031391,16.30583522927097,0.09419132630692467,13.3692079986387,0.006278848950759805,17.217613330852664,2.18,bi271183,bi,G,g
386547669406,2458773.5004331,11.56752498461331,0.07594664494010454,13.741964506776107,0.0071364186489036,17.45136912895317,2.08,bE129477,bE,G,g
386547669406,2458775.2936509,16.722853026073572,0.08007680146553962,13.341789690155831,0.005204853589113575,17.393873817322245,1.48,bm175636,bm,G,g
386547669406,2458777.2891617,11.734778219812213,0.08251408898882137,13.726378407007253,0.00764302703312595,17.361320338622164,1.50,bm176256,bm,G,g
386547669406,2458777.4913069,15.140944892179517,0.11486820255072065,13.44968317534721,0.00824629788907344,17.002141048162052,2.28,bi272957,bi,B,g
386547669406,2458889.8849104,14.336248024525926,0.13733198584240044,13.508976857525191,0.010412340620740573,16.80821136126677,1.39,bi307308,bi,B,g
386547669406,2458890.8805585,16.95108063299091,0.12720245769603739,13.327072147942559,0.008156621041897431,16.891401855301215,1.45,bi307666,bi,G,g
386547669406,2458891.8920527,14.264121721491843,0.14667924323677903,13.51445303180042,0.011177271419365205,16.736718959852535,1.57,bE163785,bE,B,g
386547669406,2458892.8755062,10.289972712833633,0.15044271009370164,13.869030064550467,0.01589165388947151,16.709212740803004,1.37,bi308141,bi,B,g
386547669406,2458893.8865175,14.550453941088744,0.10318342470313792,13.4928742659474,0.007708068550338447,17.118615765939914,1.47,bE164364,bE,G,g
386547669406,2458894.8646062,16.47018634021309,0.09623133358237938,13.358319340498024,0.0063508252713349546,17.19434935062375,1.41,bi308845,bi,G,g
386547669406,2458899.8523267,17.025365630302673,0.10341235886591155,13.322324503710368,0.006602192301683429,17.11620949988283,1.49,bE165813,bE,G,g
386547669406,2458900.8477047,14.752985312109807,0.047304801222232476,13.477865847193158,0.0034852784782394334,17.965377556716998,1.47,bE166170,bE,G,g
386547669406,2458902.840096,13.688193087817865,0.04449311653761087,13.559200315274875,0.0035331239764652567,18.031908543594724,1.51,bE166610,bE,G,g
386547669406,2458903.8506985,17.273586216251466,0.09308953926201081,13.306609342312335,0.005857746071938236,17.23038840941936,1.50,bi311191,bi,G,g
386547669406,2458904.5817262,16.27315098162994,0.08926144738658283,13.371386487721498,0.005962171216026073,17.27598079967705,1.48,bm203813,bm,G,g
386547669406,2458904.8486466,15.685572003384447,0.07097931740601533,13.411314720597735,0.004918624067162697,17.52481106517228,1.51,bE167337,bE,G,g
386547669406,2458905.8321419,11.654844750091394,0.07738773404262161,13.733799390237845,0.007217350726150279,17.43096028530828,1.51,bE167689,bE,G,g
386547669406,2458906.8583963,14.708513534794383,0.06126366126319396,13.481143661105158,0.004527373619238846,17.68463324212966,1.56,bE168029,bE,G,g
386547669406,2458907.8267028,16.212832922107562,0.07971375327644088,13.375418354293647,0.005344247017927577,17.398807466146117,1.53,bE168365,bE,G,g
386547669406,2458908.8532896,15.480154367472647,0.06294810547252465,13.425627404443585,0.004419972317475936,17.6551839518698,1.48,bE168736,bE,G,g
386547669406,2458909.8198571,14.137169324223457,0.046090092177982475,13.524159473088524,0.0035437027831713807,17.99362166970817,1.65,bi313365,bi,G,g
386547669406,2458910.8200825,9.530822373083979,0.0984323708724722,13.952239683203873,0.011225863129317577,17.16979574698555,1.45,bi313747,bi,G,g
386547669406,2458911.8154451,14.964098937338989,0.059245688292661275,13.462439194938622,0.004303465751215047,17.720998738190087,1.42,bE169792,bE,G,g
386547669406,2458915.0107984,15.479944758579236,0.08981349390338553,13.425642105944604,0.006306441299434099,17.269286632593545,1.49,bq237359,bq,B,g
386547669406,2458916.811236,17.0284714408202,0.12493041157457538,13.322126459012713,0.007974522322597719,16.91097018461522,1.43,bE171561,bE,G,g
386547669406,2458917.8990708,9.587204331557736,0.14434488869451065,13.945835663371504,0.016365210620343015,16.754137086537174,1.56,bi316349,bi,G,g
386547669406,2458920.7909978,15.834035225924707,0.14344259895184827,13.40108660533664,0.009846881493016038,16.760945248064726,1.44,bE172987,bE,G,g
386547669406,2458921.7802994,17.521029424431294,0.1757437082771432,13.291166574863007,0.010902656758289211,16.540441146478955,1.42,bi317768,bi,B,g
386547669406,2458921.8811187,10.325227292773238,0.1178947722416374,13.865316570514235,0.012411009262400312,16.973904241981522,1.38,bE173402,bE,G,g
386547669406,2458922.7879042,14.194931033368587,0.12138111855709795,13.519732405206833,0.009294585378504555,16.94226277318168,1.54,bE173635,bE,B,g
386547669406,2458927.5162095,13.246105680947261,0.06203015603515368,13.594845083178855,0.005090106048594089,17.67113342738673,1.56,bm207870,bm,G,g
386547669406,2458929.5183663,16.070155545198997,0.06572108525419604,13.385015421336115,0.004445256427786318,17.608378795593,1.50,bm208611,bm,G,g
386547669406,2458931.5069645,14.73697538894494,0.04392694824828497,13.479044726683668,0.003239924178362147,18.045813030376962,1.54,bm209342,bm,G,g
386547669406,2458933.5050482,14.11843713040588,0.10168692483134999,13.525599061655454,0.007828718228520742,17.134477826939044,1.43,bm210013,bm,B,g
386547669406,2458958.8913686,12.55679567122072,0.10465732786208795,13.65286855400496,0.009059474092440005,17.10321650637624,1.52,bq242242,bq,G,g
386547669406,2458962.8858273,14.75767971114614,0.061033711704142124,13.477520420952692,0.004495353760297246,17.68871615658138,1.72,bq243311,bq,G,g
386547669406,2458964.8971182,16.237831107384093,0.09086356825860627,13.373745572488493,0.006082385477101547,17.256666141994675,1.51,bq243988,bq,G,g
386547669406,2458966.8760554,15.663188610529938,0.1360033034495954,13.41286517832949,0.009438032149036487,16.818766968227912,1.55,bq244676,bq,G,g
386547669406,2458967.8647363,11.292088040692796,0.11617087581687992,13.768129983434292,0.011182404055854061,16.989897452609767,1.52,bq245020,bq,G,g
386547669406,2458974.8431825,17.99994047390542,0.3795750202297118,13.261887950065237,0.02292127267454404,15.704396551825905,1.41,bq246040,bq,B,g
386547669406,2458981.5060298,16.456810196923747,0.3557563824971466,13.359201471598672,0.023497367684162627,15.774758860574384,1.55,bm212548,bm,B,g
386547669406,2458983.816521,17.761729566831836,0.09657416798296115,13.276352488839292,0.005910005628992009,17.190488173320965,1.53,bq248390,bq,G,g
386547669406,2458988.4956878,16.37976146807879,0.07009449105810975,13.364296689748617,0.004651451386644275,17.538430894524065,1.56,bm214610,bm,B,g
386547669406,2458990.9085214,17.628158594442464,0.09215056906004598,13.284548249650685,0.005682026371907453,17.241395557755897,1.60,bq249960,bq,G,g
386547669406,2458991.3831381,13.089084149587636,0.056299765036082375,13.607792472806672,0.004675300126348285,17.776374155563634,1.52,bm215385,bm,G,g
386547669406,2458993.8375704,10.610474746666595,0.11695584949214756,13.835728582122433,0.011981172039542156,16.98258574213244,1.49,bq250666,bq,G,g
386547669406,2458998.7805573,9.971956090299159,0.12880913265118485,13.903114728534911,0.014040367358914618,16.877773971751367,1.51,bq251971,bq,G,g
386547669406,2459002.3214936,9.693174322250833,0.11473776316729714,13.933900564360648,0.012866266077374495,17.003374663986467,1.55,bm218040,bm,G,g
386547669406,2459009.2822184,16.768109551476964,0.11597431415445045,13.338855365534583,0.007517784681535502,16.991736079241615,1.53,bm220776,bm,G,g
386547669406,2459013.7324769,17.662512295322866,0.09098729115330456,13.282434429331914,0.0055993863081782854,17.25518877260206,1.53,bq255859,bq,G,g
386547669406,2459020.51359,12.599168762517326,0.08077992194911898,13.649210889202664,0.00696905205757633,17.384382038412824,1.57,bm223737,bm,G,g
386547669406,2459025.2511114,14.367612352079258,0.04698427760874359,13.506604117477782,0.0035545131448813687,17.972759226714178,1.49,bm225029,bm,G,g
386547669406,2459030.827722,12.772354967810283,0.13610198701330964,13.63438817253952,0.011582589332868652,16.817979447173443,1.53,bq259650,bq,B,g
386547669406,2459031.2632459,15.077372598057613,0.07619721374651417,13.454251453723266,0.005493202338900481,17.447792883770262,1.53,bm225796,bm,G,g
386547669406,2459036.3766357,15.786556769235384,0.1348732967145305,13.404347083073489,0.009286471496939123,16.827825678654087,1.50,bm227666,bm,G,g
386547669406,2459037.7729048,18.743665112280397,0.290574539765048,13.217929331675833,0.016850594009067802,15.994496714926312,1.51,bq260821,bq,B,g
386547669406,2459042.6716764,11.47679168469147,0.1069576342478395,13.750514375204704,0.010129860442666304,17.07961114049677,1.48,bq261935,bq,G,g
386547669406,2459045.7716381,16.356035932931228,0.11845813966224292,13.365870482296371,0.007872252664823066,16.968728341599306,1.50,bq262853,bq,B,g
386547669406,2459047.5250207,15.799936475281905,0.05966867224105587,13.403427270163577,0.004104905898665842,17.713274676577136,1.98,bm229352,bm,G,g
386547669406,2459050.4515238,11.0539726679138,0.08729732705173023,13.79126965625914,0.008584099293523956,17.300138245719374,2.02,bm230489,bm,G,g
386547669406,2459052.773025,12.100480279092274,0.10346496449972344,13.693059101776212,0.009294004480863333,17.11565732875546,1.50,bq263660,bq,G,g
386547669406,2459056.486308,15.913400108625662,0.0698876061888597,13.395658166464015,0.00477363660922101,17.54164019858118,2.01,bm232886,bm,G,g
386547669406,2459056.4877265,15.936755828407668,0.07887720888215088,13.394065825431154,0.005379770985648586,17.41026177536331,1.99,bm232887,bm,G,g
386547669406,2459057.7473233,10.184335858313826,0.12727201350162232,13.880233839745397,0.013583521501554566,16.89080832418668,1.45,bq264782,bq,G,g
386547669406,2459066.7210097,11.566665531283931,0.2415155204941572,13.742045178679955,0.022695985233801837,16.19527799889537,1.45,bq267532,bq,B,g
386547669406,2459070.6862137,13.496372413537653,0.08249921526563071,13.574522988542785,0.00664423426708279,17.361516067565166,1.50,bq268784,bq,G,g
386547669406,2459075.6274216,14.91884466725561,0.048899115801007836,13.465727641864094,0.0035626896058406268,17.929388095852712,1.45,bq270246,bq,G,g
386547669406,2459079.6894748,10.654017471381508,0.1304190308276363,13.831282110674385,0.013305761558753477,16.864288190076984,1.43,bq270930,bq,G,g
386547669406,2459084.2698009,16.56267472727714,0.07513539469991375,13.352239440088773,0.004930900873638124,17.463029180994173,1.58,bm238818,bm,G,g
386547669406,2459085.3933368,14.411877466575152,0.04925804662929502,13.503264219820295,0.003715085363167885,17.92144764764483,1.51,bm239198,bm,B,g
386547669406,2459095.5985698,17.938123355394712,0.13792604082094165,13.265623106758932,0.008357597203326914,16.803524936627102,2.05,bq275869,bq,B,g
386547669406,2459097.3743901,8.640561613906797,0.1877291559261754,14.058710693777739,0.02361576011750427,16.468811292774753,1.68,bm241351,bm,G,g
386547669406,2459101.3678617,10.425424866165468,0.09385726196787661,13.854831215380848,0.009785573664211214,17.221470909710373,1.55,bm242097,bm,G,g
386547669406,2459110.3431464,9.60289136735409,0.1060328572945647,13.944060582437,0.012001917062893695,17.08903944991826,1.58,bm244158,bm,G,g
386547669406,2459114.2325444,13.041191541524517,0.06626101857578665,13.611772438219642,0.005522719764424953,17.599495342325163,1.65,bm245285,bm,G,g
386547669406,2459122.3148639,14.865054380484388,0.1328779510523679,13.469649366498945,0.00971624804019034,16.844008304508865,1.57,bm247550,bm,G,g
386547669406,2459130.2399011,15.309890453114281,0.07576554960847262,13.437635414278935,0.00537912786001201,17.45396116648894,1.56,bm249292,bm,G,g
386547669406,2459136.2544318,13.320351878720146,0.07415943668459374,13.588776378333169,0.00605149804500242,17.47722455582673,2.04,bm250413,bm,G,g
386547669406,2459137.2512007,10.578763378474676,0.09692141913513332,13.838978364493093,0.009958571229554711,17.186591200181386,2.26,bm250710,bm,G,g
386547669406,2459139.2607581,16.532645355404448,0.08686173781061664,13.354209747982127,0.0057108182249842035,17.30556932673725,1.46,bm251341,bm,G,g
386547669406,2459146.4945474,15.14767637934797,0.15640957985706447,13.449200576988874,0.011223530832748858,16.666982237847982,1.98,bE174877,bE,G,g
386547669406,2459241.8801045,16.56512233991709,0.13213432081404916,13.352079003120515,0.0086702807747039,16.850101519634897,1.50,bE200958,bE,G,g
386547669406,2459245.8731979,17.28667865604687,0.14772817146876074,13.305786724972624,0.009288892482906038,16.728982305681132,1.46,bi349897,bi,G,g
386547669406,2459246.8617403,14.842510552695146,0.10284966031906354,13.471297206352403,0.007531954155974014,17.12213345721365,1.48,bi350184,bi,G,g
386547669406,2459248.8644966,15.033665204039742,0.09529286458987915,13.457403436311267,0.006889816903288487,17.204989655367314,1.54,bE202755,bE,B,g
386547669406,2459250.8633356,14.738508911863182,0.08241943464109222,13.4789317513488,0.00607838571302679,17.362566533589543,1.55,bE203391,bE,G,g
386547669406,2459254.868964,15.447638988426732,0.07585677494016002,13.427910343730083,0.0053375804743415875,17.452654674748356,1.49,bE204698,bE,G,g
386547669406,2459255.8728022,9.092873341283193,0.11476636155998687,14.003312768165939,0.013719100716770186,17.00310407790843,1.51,bi353253,bi,G,g
386547669406,2459256.8592306,13.09674461374258,0.06353983792031676,13.607157225124368,0.005273451018145745,17.64502535474544,1.49,bi353589,bi,G,g
386547669406,2459258.6141944,16.297710008802593,0.09986090482293415,13.369749157347199,0.006660105113260247,17.154151869425974,1.46,bm278570,bm,B,g
386547669406,2459260.8377747,9.955171451158552,0.11040703191433597,13.904943762315176,0.01205480427674419,17.045148774328393,1.45,bi354974,bi,G,g
386547669406,2459262.8278327,16.766946993211967,0.07739677187740955,13.3389306438689,0.005017426606511281,17.430833493490262,1.57,bE207326,bE,G,g
386547669406,2459263.8304621,15.381159930798676,0.06324265170181032,13.432592902514958,0.004469234636960801,17.650115433492562,1.41,bi356014,bi,G,g
386547669406,2459264.8373856,8.700520715048395,0.10663657020169907,14.051202508866483,0.013322112461171778,17.082875190870997,1.49,bE207991,bE,G,g
386547669406,2459266.8223791,16.533454385778462,0.07434282785524653,13.354156618427997,0.004887509875207785,17.47454291948335,1.53,bE208683,bE,G,g
386547669406,2459267.8217877,16.32260803232683,0.0810922462120057,13.368091743045927,0.005400101853089085,17.380192285665405,1.45,bi357471,bi,G,g
386547669406,2459268.8218842,11.791711757660872,0.08371412058672648,13.721123485934436,0.007716743014370356,17.34564381306404,1.52,bi357845,bi,G,g
386547669406,2459269.8295264,13.224283279404132,0.05781661124468868,13.596635262902572,0.004752177590988658,17.747509028563112,1.48,bE209757,bE,G,g
386547669406,2459272.8027205,14.791416853889901,0.1784149725176544,13.475041180806882,0.013110935880559131,16.524062367943003,1.42,bi359234,bi,G,g
386547669406,2459273.8111106,12.148172862131112,0.09774328764213765,13.68878821459975,0.00874557064379865,17.177423254842093,1.39,bi359616,bi,B,g
386547669406,2459273.8637867,15.471690370933068,0.11012416373226086,13.426221208644058,0.00773672269157684,17.047934052791888,1.52,bE211111,bE,G,g
386547669406,2459274.7953191,14.617260609295096,0.14678710066123324,13.487900647249479,0.010915259749111082,16.73592088049257,1.46,bi359978,bi,G,g
386547669406,2459275.7977313,17.087234365711655,0.1492804684336015,13.318386181821296,0.009496058593178756,16.71763313845245,1.50,bE211774,bE,B,g
386547669406,2459276.8378034,11.97916242878344,0.11631329622146783,13.703999488099306,0.010553951216916534,16.988567202833664,1.39,bE212133,bE,G,g
386547669406,2459277.808883,9.609075342736695,0.12420175229691818,13.943361625761153,0.014049416812264712,16.91732130365411,1.49,bi361063,bi,G,g
386547669406,2459283.992695,15.573803610719812,0.05136715520131899,13.419078887681263,0.003585114192067249,17.875926825347232,1.50,bq328699,bq,B,g
386547669406,2459285.821559,9.719386867193393,0.10262594510869609,13.93096844983109,0.01147705527722767,17.124497687253733,1.53,bi363884,bi,G,g
386547669406,2459287.8392076,17.098609374636137,0.07876902215080032,13.317663645348695,0.00500733717356172,17.411751976160016,1.47,bE215882,bE,G,g
386547669406,2459287.8800136,15.686267546115875,0.06452147484370108,13.411266577043744,0.004470919399239352,17.628379896409,1.49,bi364655,bi,G,g
386547669406,2459291.531361,15.138621531453813,0.05051199191371353,13.449849793113549,0.0036267726835345813,17.89415437388349,1.48,bm286720,bm,G,g
386547669406,2459294.7490217,14.831427974663596,0.04696082553999726,13.472108204647038,0.0034416359418764143,17.97330130415706,1.65,bE217880,bE,G,g
386547669406,2459295.4871552,9.916038911636356,0.09994728857290502,13.90922006648514,0.010955821988251391,17.15321306937883,2.00,bm287820,bm,G,g
386547669406,2459295.7510993,10.459395414035344,0.12732759789864895,13.851299168109154,0.013232080579686016,16.890334246532763,1.57,bi367112,bi,G,g
386547669406,2459296.743515,15.464958875752755,0.060127085082376776,13.42669369860808,0.004226039512198305,17.70496523625901,1.58,bE218617,bE,G,g
386547669406,2459297.5514332,15.58412729451866,0.08092492777544326,13.418359404881768,0.005644324918195747,17.382434810262158,1.53,bm288343,bm,B,g
386547669406,2459298.9616717,16.985522395933803,0.08465974429899323,13.324868351540797,0.00541764092086959,17.33344823038211,1.66,bq332100,bq,B,g
386547669406,2459301.7217895,16.903878413775438,0.12885680868949395,13.330099721627384,0.008285775911721934,16.877372183286717,1.50,bE220387,bE,G,g
386547669406,2459301.8661811,11.969625557320297,0.10240376746853734,13.704864210537952,0.009299241849091165,17.12685077451311,1.38,bi369545,bi,G,g
386547669406,2459303.4765806,13.281649375528604,0.12550979357412065,13.591935594677533,0.010271592391144028,16.905946573209278,1.53,bm289904,bm,G,g
386547669406,2459304.7111868,10.38680850026047,0.2000070027869702,13.858860310570787,0.020930290191384773,16.40002760705102,1.39,bi370343,bi,B,g
386547669406,2459305.7587554,17.05842515292905,0.10843830031641104,13.32021828658727,0.006909648263455943,17.064683857083935,1.37,bi370774,bi,G,g
386547669406,2459309.4527574,13.385634170745925,0.08967413503589437,13.58346824336816,0.007281828015411027,17.27097262063838,1.49,bm292228,bm,G,g
386547669406,2459309.6986555,14.236270575758347,0.035944048242452065,13.516575038162797,0.0027443716700192044,18.263573140253474,1.38,bi372257,bi,G,g
386547669406,2459309.9909499,19.260344579170614,0.2420385102029835,13.188405490662225,0.013659430447660503,16.19292943370121,1.48,bq335501,bq,B,g
386547669406,2459310.7657303,15.144882029096577,0.06470193742724842,13.44940088540815,0.00464369367292457,17.62534739812571,1.43,bi372703,bi,G,g
386547669406,2459311.8196499,14.334677154291514,0.04504061564853222,13.50909583175972,0.0034152977702508512,18.018629816085014,1.50,bi373156,bi,G,g
386547669406,2459312.8895344,14.710486970686114,0.0474272782528511,13.480997998046467,0.0035043972037091926,17.962570106036654,1.55,bE224385,bE,G,g
386547669406,2459313.8674925,11.387006662852105,0.08573873714090732,13.759041685363009,0.008184264948664203,17.319697905364013,1.45,bi374024,bi,G,g
386547669406,2459315.9205136,17.498394202574634,0.093595782188018,13.292570132132067,0.005813936106295545,17.224499916246025,1.50,bq337445,bq,G,g
386547669406,2459316.6085118,16.78182438108279,0.09030934947069053,13.337967692378236,0.005849324492505014,17.263308826651212,1.55,bm294938,bm,G,g
386547669406,2459316.6735895,15.447052984259612,0.05759464188009947,13.427951531772418,0.004052738841033008,17.751685405928647,1.60,bi375107,bi,G,g
386547669406,2459319.6758259,16.628942592008688,0.07565745919488996,13.347904037275553,0.0049453757047437175,17.455511230726533,1.52,bE227039,bE,G,g
386547669406,2459320.6745636,14.69563548876266,0.06315519297742549,13.482094694356007,0.004671247387770223,17.651617945167214,1.45,bi376785,bi,G,g
386547669406,2459321.7142824,13.365965848031527,0.06183928634626306,13.585064754521934,0.00502893815216979,17.67447943898816,1.48,bi377229,bi,G,g
386547669406,2459321.7603019,16.285106211134185,0.07084858819171184,13.370589133857285,0.0047288199409064695,17.526812610363095,1.47,bE227835,bE,G,g
386547669406,2459322.770989,16.05433013512046,0.07648557213626817,13.386085148785657,0.005178446609279323,17.443691812203742,1.48,bi377690,bi,G,g
386547669406,2459323.4588401,15.734659193409007,0.059796120215665875,13.40792227052786,0.004130739791958173,17.710958095601153,1.51,bm297404,bm,G,g
386547669406,2459323.7928589,9.22913426109537,0.10187450912058639,13.98716321242145,0.011998217704382103,17.1324767886484,1.46,bE228675,bE,G,g
386547669406,2459323.8912665,16.828778648287866,0.08221355666603213,13.33493412698861,0.005310103808549695,17.365282019544455,1.42,bi378211,bi,G,g
386547669406,2459325.5363792,16.103400878536966,0.06972687159782671,13.3827716112695,0.004706464081431375,17.544140160543737,1.54,bm297893,bm,G,g
386547669406,2459326.7938113,15.434402755903218,0.06527751297166724,13.428841050181706,0.004597121091732985,17.615731612092095,1.36,bi379142,bi,G,g
386547669406,2459327.721062,16.571440692981557,0.10359362905951135,13.351664955064122,0.006794929469502913,17.114307992933075,1.66,bi379456,bi,G,g
386547669406,2459329.6391967,14.56509066154218,0.13273214948154682,13.491782641602342,0.009905470475673951,16.845200292763323,1.44,bi380213,bi,G,g
386547669406,2459330.6481919,10.009990176761077,0.14122788553472482,13.898981494063595,0.015335536651152556,16.777839469189534,1.55,bE231083,bE,G,g
386547669406,2459330.7694899,17.399382239170443,0.13021663135914627,13.298731049690982,0.008134761036290242,16.86597447101869,1.58,bi380721,bi,G,g
386547669406,2459336.5694258,12.96320424404005,0.09381988711725509,13.61828471306287,0.007866738520132074,17.221903346255804,2.09,bm300502,bm,G,g
386547669406,2459336.8446812,16.120989668232006,0.12505394655248098,13.381586373172382,0.008431752986126882,16.909897106203523,1.48,bE232898,bE,B,g
386547669406,2459337.3752036,15.408476901384065,0.05417211440188333,13.430666343139638,0.003821450583492534,17.818201144075175,1.57,bm300744,bm,G,g
386547669406,2459337.6809989,11.774739288601387,0.07672134177067473,13.722687372434944,0.007082344733945878,17.440350137554685,1.59,bE233179,bE,G,g
386547669406,2459338.8171525,15.889952542522977,0.07001675376220304,13.397259121955912,0.004789515068038431,17.539635682981903,1.47,bE233685,bE,G,g
386547669406,2459340.6455773,16.517436596980808,0.07243563948767594,13.355209001226902,0.004766743936638785,17.502759864993113,1.65,bi383774,bi,G,g
386547669406,2459342.8575705,14.862196556855892,0.05512992757617725,13.469858120587668,0.0040319635184941135,17.799172056567578,1.63,bq342903,bq,B,g
386547669406,2459343.8615052,14.202376219744067,0.06116114264499969,13.519163090059294,0.00468087183767039,17.686451635100692,2.01,bq343105,bq,G,g
386547669406,2459344.3574089,15.227866642459533,0.04539255988876743,13.443467960183819,0.003240095291612082,18.010178923354765,1.61,bm302279,bm,G,g
386547669406,2459344.839299,15.556025621801277,0.05791920949832577,13.420318997812988,0.004047027436747713,17.74558404687665,1.48,bq343422,bq,G,g
386547669406,2459348.3841242,14.44675747733816,0.04394298608352983,13.50063966678636,0.0033062170098106486,18.045416697804345,1.54,bm303720,bm,G,g
386547669406,2459351.5855577,13.107355435140908,0.05499755674045259,13.606277931154144,0.004560794377978212,17.801782120329687,1.52,bE237433,bE,G,g
386547669406,2459351.7457045,17.156073672454873,0.09353286026496266,13.314020865932852,0.005925956859531745,17.225230072908452,2.14,bi387357,bi,G,g
386547669406,2459353.3958426,17.199257329755174,0.08030056205584944,13.311291386489048,0.005074824915545685,17.390844148715605,1.62,bm304851,bm,G,g
386547669406,2459354.8581311,17.035320793857245,0.0905267056073505,13.321689831721162,0.005776151458618226,17.260698821246695,1.48,bq345486,bq,G,g
386547669406,2459356.8000892,14.411964488999859,0.03481823604560289,13.503257663900563,0.002626006244610648,18.298123698442524,1.44,bE238867,bE,G,g
386547669406,2459358.3320326,16.941189921745362,0.11865081036603792,13.327705844264415,0.007612704463660885,16.96696383962902,1.70,bm305492,bm,G,g
386547669406,2459358.57267,14.288209143296445,0.08675709187861629,13.512621125868769,0.006599930465661326,17.306878146650565,1.43,bi389129,bi,G,g
386547669406,2459358.9102743,11.978082377431015,0.07275069722821692,13.704097383401256,0.006601795038768064,17.498047711767555,1.53,bE239760,bE,G,g
386547669406,2459365.3679192,14.546354844566265,0.09388879754681108,13.493180178362982,0.007015712314337821,17.221106168951522,2.15,bm306978,bm,G,g
386547669406,2459365.5507166,9.834567564382445,0.09368681013514084,13.918177451484055,0.010354648398180136,17.223444480773964,1.45,bE242002,bE,G,g
386547669406,2459365.7029668,15.797323128583715,0.08113995804059958,13.403606868341893,0.00558294629083631,17.37955366448126,1.52,bi391858,bi,G,g
386547669406,2459366.6436345,15.989460627237456,0.07810213917554756,13.390481087457818,0.005309349171792917,17.420983288611506,1.51,bi392258,bi,G,g
386547669406,2459367.5447069,17.374113014084163,0.0959830903369314,13.300309016885354,0.006004878979078242,17.197153789786288,1.48,bi392615,bi,G,g
386547669406,2459368.8502775,9.761953113471998,0.10146162847744487,13.926223828744673,0.011297368210838184,17.136886040086875,1.47,bE243504,bE,G,g
386547669406,2459369.846152,15.258917215205035,0.0711648834316401,13.44125633019866,0.005069372424915328,17.521976255652604,1.49,bi393732,bi,G,g
386547669406,2459370.7528269,11.31858110243095,0.07942650413912752,13.765585654534913,0.007627560017608786,17.40272699137418,1.42,bE244198,bE,G,g
386547669406,2459370.8080288,16.03423009912662,0.08387075103020211,13.38744534316586,0.005685577620618201,17.343614281506376,1.46,bi394073,bi,G,g
386547669406,2459371.6671469,9.710526052921896,0.09313660257539266,13.93195872781789,0.010425329897702795,17.229839632069,1.49,bE244556,bE,G,g
386547669406,2459372.2909342,15.998039033522527,0.06489021308118172,13.389898742066341,0.004408842868668887,17.622192610787575,1.55,bm308845,bm,G,g
386547669406,2459372.5354775,16.07958534281816,0.0729038477532264,13.384378509641683,0.004928193798892929,17.49576448564398,1.55,bE244881,bE,G,g
386547669406,2459372.6946902,16.280395649858264,0.07898236723707795,13.370903234771774,0.005273237887893978,17.408815246076045,1.47,bi394869,bi,G,g
386547669406,2459373.8384484,13.555216018304797,0.05205453078366394,13.569799514870125,0.004174113613900917,17.86149427112415,1.47,bi395413,bi,G,g
386547669406,2459374.8766011,17.21972763123787,0.09218283122719663,13.309999927714902,0.005818833592525062,17.24101550505549,1.46,bi395885,bi,G,g
386547669406,2459375.8161362,16.40894443960696,0.07142190150824715,13.362364011026482,0.004731108812338607,17.51806209020738,1.51,bE246352,bE,G,g
386547669406,2459376.7447736,17.08306264738817,0.08885970222826131,13.318651288421957,0.005653941266297053,17.280878477511127,1.41,bi396656,bi,G,g
386547669406,2459377.794432,10.081199323538662,0.09157607000233081,13.891285118245754,0.00987374649877796,17.248185606958412,1.51,bE247179,bE,G,g
386547669406,2459377.810972,11.089442017694614,0.08222700879223996,13.787791386019496,0.008059664618581656,17.36510438137535,1.40,bi397151,bi,G,g
386547669406,2459378.877476,16.904037504809345,0.07641387633682904,13.330089503257474,0.004913533894612625,17.444710033415955,1.46,bE247667,bE,G,g
386547669406,2459379.2673386,13.885004087423141,0.053115331241207014,13.543700592450937,0.004158015030709203,17.839590875949412,1.59,bm310640,bm,G,g
386547669406,2459379.5068024,13.57435940828431,0.049012515433658935,13.568267262727922,0.0039246399550127145,17.926873131281607,1.44,bi397790,bi,G,g
386547669406,2459379.6755392,12.525917655730483,0.05913735586293456,13.655541741378872,0.005131738560026153,17.722985855091412,1.53,bE247929,bE,G,g
386547669406,2459380.704965,15.55187808536102,0.0639457688134209,13.420608514621502,0.004469316828994228,17.63811107841163,1.50,bE248286,bE,G,g
386547669406,2459383.5724469,17.051167348813678,0.0845719560900331,13.320680330266839,0.005391187438829079,17.334574672356627,1.50,bi398915,bi,G,g
386547669406,2459384.6519618,10.263851716115232,0.09615791423775859,13.87178969959627,0.010183260133567408,17.195178025254553,1.52,bi399315,bi,G,g
386547669406,2459385.6790338,13.72739508799854,0.0510706495832284,13.556095289066343,0.004043853570039378,17.8822121569043,1.44,bi399773,bi,G,g
386547669406,2459385.7116271,19.21556556607188,0.17779709765786753,13.190932693657649,0.010057352419891051,16.527828943161822,1.50,bq352580,bq,B,g
386547669406,2459386.2395387,12.100061043840828,0.13593565524427012,13.693096719024918,0.012211190213776008,16.81930714906538,1.52,bm311925,bm,G,g
386547669406,2459386.4930745,15.315911739444225,0.06332801072601912,13.43720848481529,0.004494332132388609,17.648650996232632,1.40,bi400068,bi,G,g
386547669406,2459386.6464911,16.94077162453889,0.09998358947236484,13.327732652654525,0.0064151631963714,17.152818801103443,1.46,bE250129,bE,G,g
386547669406,2459392.7476384,16.74368981173233,0.22769728428200212,13.340437697772668,0.014781511776406022,16.259245984271633,1.47,bq354221,bq,B,g
386547669406,2459393.4897911,16.189034269692044,0.08393211411951676,13.377013266280999,0.00563533051482614,17.34282020530732,1.52,bi402401,bi,G,g
386547669406,2459396.7248978,14.249175136532893,0.03832916637421474,13.5155913112491,0.002923828008574405,18.193817176860666,1.51,bE253672,bE,G,g
386547669406,2459398.8124964,10.84661932457464,0.13905758989682215,13.81182962646701,0.01393517645569291,16.79465386629952,1.48,bq354608,bq,B,g
386547669406,2459401.8064133,15.862715568196204,0.06963139783805275,13.39912177968814,0.004771333235630217,17.545627827321294,1.53,bq355135,bq,G,g
386547669406,2459402.7126958,16.502415249343493,0.07978024472793979,13.356196844671812,0.005254846396888957,17.397902200978965,1.53,bi406477,bi,G,g
386547669406,2459403.7222516,12.973576018467131,0.09632470687760789,13.617416370000289,0.008070309080255937,17.193296371190947,1.49,bq355448,bq,G,g
386547669406,2459406.3769015,12.552445375687416,0.06669647044332055,13.653244771940049,0.005775461382669294,17.592383481956215,2.13,bm314730,bm,G,g
386547669406,2459407.4763216,13.020578877159714,0.04947315292666782,13.613489890279455,0.0041300134757425895,17.91671663930068,1.43,bE257768,bE,G,g
386547669406,2459407.6500323,17.080040632618374,0.09914275762616062,13.318843373481005,0.006309344884060558,17.16198812517144,1.46,bi408346,bi,B,g
386547669406,2459408.6232295,16.322490836424603,0.0697482738073868,13.368099538631697,0.004644716413367726,17.543806952015494,1.51,bE258270,bE,G,g
386547669406,2459409.7302104,16.4877594536983,0.07995249452568864,13.357161515464348,0.005270872952632514,17.39556056563177,1.56,bi409257,bi,G,g
386547669406,2459412.2461132,9.995403444479157,0.10074031476288772,13.900564801690932,0.010955069772001533,17.144632352752314,2.04,bm315956,bm,G,g
386547669406,2459414.482146,16.960285090190524,0.1907568701231549,13.326482751882619,0.012225291199074902,16.45144014129891,1.46,bi411211,bi,B,g
386547669406,2459415.3248485,12.40306395634728,0.15052608394373165,13.66624316442442,0.013191523417950338,16.7086112032907,2.15,bm317043,bm,B,g
386547669406,2459419.6044402,14.009631676750184,0.16391503358339726,13.533998828474944,0.01271757308653899,16.616093643884188,1.47,bi413437,bi,G,g
386547669406,2459420.6976718,13.172194223385153,0.1040994589712154,13.600920307935183,0.008590185045813766,17.10901943047147,1.50,bE263268,bE,G,g
386547669406,2459422.2160664,15.046300557702239,0.04777632145018003,13.456491290210648,0.0034513988329440085,17.954608841220086,1.52,bm318346,bm,G,g
386547669406,2459423.6984375,16.641783006123283,0.08728547729253891,13.347065985028127,0.005701042896745429,17.30028563380424,1.65,bE264493,bE,G,g
386547669406,2459426.2972886,16.78714070997207,0.07445648407517924,13.337623795520878,0.0048210092683149035,17.472884300296553,1.58,bm319116,bm,G,g
386547669406,2459428.7005347,14.661277639148702,0.05055610280046285,13.484636077240017,0.0037481239360710843,17.893206640774558,1.55,bE266535,bE,G,g
386547669406,2459434.3731969,13.748823121993157,0.09283986230674618,13.554401810229946,0.007339747767229357,17.233304392265353,2.05,bm321058,bm,G,g
386547669406,2459435.6588311,16.795703811196038,0.07997711638910904,13.337070103934717,0.005175826462900757,17.39522625794975,1.55,bq362120,bq,G,g
386547669406,2459436.560783,11.230035798197473,0.08317842934070044,13.774112770601239,0.008050850225642527,17.352613823146378,1.43,bi420269,bi,G,g
386547669406,2459437.5461602,15.500485506004726,0.06945497544826947,13.424202368908666,0.004870462831727553,17.54838220611659,1.49,bi420671,bi,G,g
386547669406,2459439.5208022,16.158107374121087,0.0724258392043851,13.379089397818273,0.004872089066057348,17.50290677116166,1.58,bE270556,bE,G,g
386547669406,2459442.2830705,16.188950723451896,0.0899976039794917,13.377018869420152,0.0060426079649926545,17.267063243186563,2.09,bm322114,bm,G,g
386547669406,2459442.506014,15.851657739750786,0.10507951287487621,13.39987890549095,0.007205357552863319,17.098845484375687,1.51,bE271455,bE,B,g
386547669406,2459442.6083812,15.39382754949256,0.18853081668547678,13.431699079696699,0.013312140862058609,16.464184739377064,1.42,bi422447,bi,B,g
386547669406,2459447.5687813,14.773231237085044,0.10205370553752514,13.476376883163317,0.007508712144381579,17.13056866536064,1.47,bE272653,bE,G,g
386547669406,2459448.65416,16.737917683955516,0.1352834863823082,13.3408120530463,0.008785278466736157,16.82452864416726,1.52,bi423989,bi,G,g
386547669406,2459449.4714215,13.216680447832559,0.11709585186892708,13.597259647838658,0.009630111007064724,16.981286835382626,1.55,bi424269,bi,G,g
386547669406,2459449.6759008,15.583377403003704,0.1545425763212722,13.418411650602142,0.01077950285580555,16.68002024161812,1.49,bE273259,bE,G,g
386547669406,2459450.6573397,13.655620933699826,0.19615381530632678,13.561786990542075,0.015613399774817701,16.4211487118693,1.60,bq363794,bq,B,g
386547669406,2459451.2712028,16.876894815398153,0.08261581084031143,13.331834263091265,0.005320871841288675,17.359982687342026,1.48,bm323658,bm,G,g
386547669406,2459451.6416319,10.427493268582502,0.14194800923241616,13.854615826879051,0.014796587291783039,16.772317346223723,1.47,bq364109,bq,B,g
386547669406,2459452.6779201,17.069984403786634,0.12637058554574856,13.319482811491953,0.008046834072354141,16.8985256168804,1.54,bi424825,bi,B,g
386547669406,2459455.500832,16.73524015015394,0.07462486833066899,13.340985750156591,0.004846897121772013,17.470431666787544,1.41,bE274640,bE,G,g
386547669406,2459463.6203356,13.703078427520852,0.05000230962122062,13.55802026389847,0.003966286614520823,17.90516544897287,1.53,bi429045,bi,G,g
386547669406,2459465.4001782,16.474065534564737,0.07919683642936252,13.358063649047608,0.005225396103796498,17.40587102706162,1.64,bm326375,bm,G,g
386547669406,2459467.3139815,16.506997083883448,0.07369831937272792,13.355895435872046,0.004852903800510874,17.48399665079973,2.09,bm327104,bm,G,g
386547669406,2459469.2616601,14.730483900863481,0.10272200853194234,13.479523087826209,0.007579815968801425,17.12348185493273,2.16,bm327503,bm,G,g
386547669406,2459473.4873,16.192283663561007,0.10245190819231383,13.376795363811054,0.006877397412747875,17.126340482303522,1.69,bE280755,bE,G,g
386547669406,2459474.5843605,15.17114389775986,0.09066449241003909,13.447519803183619,0.006495776586089287,17.259047525260016,1.49,bE281206,bE,G,g
386547669406,2459475.5646972,17.182375670645097,0.120905679509563,13.312357597041931,0.007648489322855471,16.946523855945983,1.55,bi433252,bi,G,g
386547669406,2459476.5526728,16.405487186656508,0.08766483012477483,13.362592792359889,0.005808291929835517,17.295577122502614,1.53,bi433635,bi,G,g
386547669406,2459477.3005803,13.634051653186514,0.11498048184449913,13.563503284760401,0.009166665037855883,17.001080300702764,1.61,bm328987,bm,G,g
386547669406,2459477.587225,9.88448860188632,0.15971039172825766,13.912680109914227,0.01756269432547194,16.644307674204732,1.55,bi433922,bi,G,g
386547669406,2459479.2907761,15.401140181955636,0.08135148151077154,13.431183437658316,0.00574149201530384,17.376726945485117,1.62,bm329501,bm,G,g
386547669406,2459480.5126072,16.995269142043433,0.08032673514222885,13.3242455058129,0.005137410175921432,17.39049032258244,1.48,bE283076,bE,G,g
386547669406,2459481.4973507,15.423094067867416,0.0625299997080326,13.429636853720055,0.004406858357208343,17.662419544810074,1.44,bi435384,bi,G,g
386547669406,2459482.5628688,11.980333036545762,0.08029066792029478,13.703893394777602,0.007284644330381494,17.390977934616636,1.45,bi435810,bi,G,g
386547669406,2459483.5289822,15.486020937731942,0.058761808698089474,13.425216017002823,0.004124463698609079,17.729902723994215,1.49,bE284164,bE,G,g
386547669406,2459484.574562,16.38386460887025,0.07888844091982489,13.36402474619003,0.0052337044644040496,17.410107178592824,1.41,bi436580,bi,G,g
386547669406,2459486.5375025,9.214687027538293,0.10907853901183458,13.988864149282005,0.012866810235264613,17.058292330424134,1.45,bE285264,bE,B,g
386547669406,2459489.2897948,16.331741936142716,0.07810177748162336,13.367484350136136,0.005198051544348565,17.420988316708076,1.52,bm331962,bm,G,g
386547669406,2459490.4935759,15.15579073937013,0.07115075953897479,13.448619121762608,0.005102853650960044,17.522191760025127,1.48,bi438458,bi,G,g
386547669406,2459491.5581116,15.149977366001739,0.06300373165571826,13.449035662270232,0.004520291704908228,17.654224928701428,1.51,bE286772,bE,G,g
386547669406,2459493.5066088,17.20616849156903,0.0939227962853491,13.310855193736304,0.005933336989717365,17.220713076480532,1.50,bi439571,bi,G,g
386547669406,2459495.2567496,10.761799108076756,0.10402634047523912,13.8203534203978,0.010506803562924301,17.109782309478266,2.07,bm333293,bm,G,g
386547669406,2459496.5116623,15.27519989466758,0.06459856808890112,13.440098366717017,0.004596721179652254,17.62708338293981,1.50,bi440306,bi,G,g
386547669406,2459501.515543,17.16951094541483,0.10414368429468908,13.31317080993797,0.006593062388435918,17.108558267286632,1.50,bE289646,bE,G,g
386547669406,2459503.5080407,10.711601445258118,0.1149745850260113,13.825429609337615,0.011667011293030953,17.001135984531903,1.45,bi442770,bi,G,g
386547669406,2459504.5157051,13.981675005693107,0.1204759124764734,13.536167614689063,0.009365979306875171,16.9503900506848,1.45,bi443127,bi,G,g
386547669406,2459505.5088122,16.679502120710065,0.1336591772327091,13.344607915019447,0.008710194904618329,16.837643652930915,1.57,bi443471,bi,G,g
386547669406,2459506.2500105,16.45757842036534,0.12083541917507487,13.359150789326325,0.00798069093609177,16.947154979006775,1.57,bm335592,bm,G,g
386547669406,2459507.4966838,13.55561439794214,0.12221179785030001,13.56976760620566,0.009799549235261067,16.93485777887792,2.12,bE291639,bE,G,g
386547669406,2459508.4990784,10.602776972109167,0.18190639443221,13.836516556829064,0.018648354322104425,16.503020696963617,1.48,bi444524,bi,G,g
386547669406,2459509.4958921,16.016577132050898,0.14026975922124307,13.388641348450555,0.009519332896864994,16.78523048267665,1.46,bi444871,bi,G,g
386547669406,2459510.4963013,17.885243425278073,0.15460078460614704,13.268828483667525,0.009395697173242437,16.679611377310877,1.48,bi445218,bi,G,g
386547669406,2459511.4931227,14.502320593279935,0.1518457557565066,13.496471868381253,0.011380918898898324,16.699133967814856,2.03,bi445561,bi,G,g
386547669406,2459610.87027,11.680787194687458,0.09216604499685285,13.731385342655312,0.008576518176599816,17.24121323252147,1.49,bE319657,bE,G,g
386547669406,2459613.8832931,11.874936944216099,0.17266433714906418,13.71348734177191,0.015804599907989537,16.55963399709445,1.52,bi476003,bi,G,g
386547669406,2459614.8798986,11.720262983234699,0.08958065662736714,13.727722230686632,0.008307857859680632,17.272105007680977,1.61,bE320692,bE,G,g
386547669406,2459616.8677443,17.017623517226188,0.11772278153977041,13.322818343577188,0.007519237044020663,16.97548932392528,1.59,bi476693,bi,G,g
386547669406,2459617.6036301,15.248446680439418,0.07966123973819582,13.4420016085625,0.005678499973005846,17.39952295921937,2.21,bm352948,bm,G,g
386547669406,2459618.8588686,9.77605629859299,0.10685776514194252,13.924656387453723,0.011881042945325455,17.080625394027656,1.39,bi477357,bi,G,g
386547669406,2459620.6262169,17.09631909980611,0.13221224115698885,13.31780908412669,0.008405842037714745,16.849461443673732,1.98,bm353898,bm,G,g
386547669406,2459622.6345646,10.5306603439906,0.17191783155272514,13.843926609142958,0.017745060813410526,16.56433829983913,2.33,bm354591,bm,G,g
386547669406,2459626.8382172,13.724353949521893,0.14278106756188091,13.556335847448015,0.011308132472980147,16.76596404939827,1.49,bE324340,bE,G,g
386547669406,2459627.8607781,13.871367030284878,0.15130654814104286,13.544767464470333,0.01185633967615985,16.70299630262043,1.43,bi480468,bi,G,g
386547669406,2459629.5797825,16.564958985867964,0.13671416577332263,13.352089709970498,0.008970885724994219,16.81310681956458,2.30,bm355931,bm,G,g
386547669406,2459630.8365118,14.760347868391293,0.09263846694738158,13.477324139888779,0.006821924978340349,17.235662212933093,1.55,bE325658,bE,G,g
386547669406,2459631.8354417,9.19402299712188,0.13810802372739617,13.991301657977893,0.01632771825151938,16.80209333463164,1.49,bi481870,bi,G,g
386547669406,2459632.830506,14.499515070466634,0.08701222906354139,13.496681928029648,0.006522873999028964,17.3036898752525,1.45,bi482237,bi,G,g
386547669406,2459637.815539,16.240350367939325,0.08074690190529876,13.373577136186013,0.005404339786256157,17.384825940629213,1.53,bE327967,bE,G,g
386547669406,2459638.0217262,13.629658607707606,0.32721991405051454,13.56385317760486,0.026095578022694573,15.865541295864226,1.97,bq420937,bq,G,g
386547669406,2459639.5729612,13.816463525974433,0.056537827893223785,13.54907338510997,0.004447893676842312,17.771792812771714,1.96,bm358883,bm,G,g
386547669406,2459640.7950648,9.218463519391074,0.1115465466799184,13.988419268850038,0.013152543928407775,17.034000287198026,1.50,bi485151,bi,G,g
386547669406,2459643.0087613,17.722769207095908,0.13138082173731497,13.278736667372183,0.008057727285736121,16.856310676722565,1.50,bq421825,bq,B,g
386547669406,2459644.5775136,9.59683650481806,0.1070620796586207,13.944745382110405,0.012126061088721057,17.078551423418947,1.60,bm359948,bm,G,g
386547669406,2459645.8815174,16.977648809816174,0.07877874619185336,13.325371757869409,0.005043635482562078,17.411617950225505,1.51,bi486601,bi,G,g
386547669406,2459647.9920511,18.148964511228638,0.0980932193771439,13.252935993740088,0.005874884182753614,17.173543141128555,1.57,bq423564,bq,G,g
386547669406,2459650.7761036,15.751580287495738,0.06531718023457898,13.406755294315673,0.004507289665021496,17.61507204187903,1.52,bE332303,bE,G,g
386547669406,2459650.7773947,15.865746311410303,0.07819413856812822,13.398914357868744,0.005357052054795219,17.41970511251776,1.45,bE332304,bE,G,g
386547669406,2459651.8966046,10.576537082267116,0.08990276542716978,13.83920688125734,0.009239356553411593,17.268207984131134,1.46,bi488821,bi,G,g
386547669406,2459653.8171657,14.385933097847435,0.07867734022869534,13.505220531602768,0.005944616000436219,17.413016437172615,1.41,bi489509,bi,G,g
386547669406,2459654.5366414,15.315433166689251,0.08684053876671866,13.437242411093637,0.006163187742487429,17.305834338457696,1.53,bm361773,bm,G,g
386547669406,2459655.7623014,16.98940398592666,0.20093613797679874,13.324620263715193,0.012855591980029215,16.394995484448224,1.56,bE333978,bE,B,g
386547669406,2459656.5119397,15.728315226495681,0.1841245194719027,13.408360110546482,0.01272452544153764,16.48986154536568,2.00,bm362443,bm,G,g
386547669406,2459657.8431035,15.456863264032574,0.08679405200749182,13.427262209668351,0.0061035256161731475,17.306415701405196,1.46,bi491021,bi,G,g
386547669406,2459659.7471667,16.61578427905466,0.12391757237624586,13.348763509369828,0.008106328969510692,16.919808369616113,1.49,bi491697,bi,G,g
386547669406,2459660.7514123,15.056152368147123,0.07151912579541413,13.455780619376567,0.005163216890450044,17.516585118244485,1.47,bE335782,bE,G,g
386547669406,2459665.8162513,11.516917807468769,0.07550836763719415,13.746724953711345,0.007126412988369036,17.457652907293173,2.23,bi493986,bi,G,g
386547669406,2459666.7173354,10.856142355777425,0.08755621037367613,13.810876798382568,0.008766446751113492,17.29692322124841,1.45,bE337309,bE,G,g
386547669406,2459666.7186342,11.078961722513803,0.09297480245790797,13.788817967535733,0.009121754404446134,17.231727450708746,1.46,bE337310,bE,G,g
386547669406,2459669.715898,16.34310556174899,0.07220193254985222,13.366729157614657,0.004802047026540281,17.506268556420284,1.43,bi495474,bi,G,g
386547669406,2459670.7254484,11.757235739515107,0.06765965468596687,13.724302556917916,0.006255135522404884,17.57681616906124,1.46,bE338812,bE,G,g
386547669406,2459671.8059052,17.05902849116847,0.07712723606237212,13.320179885938902,0.0049143450510742755,17.434621190865773,1.51,bi496324,bi,G,g
386547669406,2459673.7152117,16.953886028767442,0.0788977955882026,13.326892473985017,0.0050583372637944,17.40997843856609,1.46,bE339950,bE,G,g
386547669406,2459674.721818,12.66692993808153,0.06312645405815322,13.643387201197024,0.005416917222103734,17.652112124430957,1.59,bE340340,bE,G,g
386547669406,2459674.7575211,9.329726188836974,0.09774222318685981,13.97539337690905,0.011387423895607679,17.177435078916712,1.56,bi497478,bi,G,g
386547669406,2459675.7870322,16.355796959067607,0.0701922737829316,13.365886345826647,0.004664765034378702,17.53691733389912,1.55,bi497904,bi,G,g
386547669406,2459676.7685391,16.986335296650378,0.07809441201755535,13.324816391135982,0.004997265682763454,17.42109071294495,1.43,bE341156,bE,G,g
386547669406,2459677.920659,17.912663372782905,0.09637952231620724,13.267165211246112,0.00584839608513382,17.192678687727316,1.47,bq432756,bq,G,g
386547669406,2459681.4935698,16.623329122531587,0.1124029029723502,13.348270613559771,0.007349735275505406,17.0256967922432,1.52,bm365867,bm,G,g
386547669406,2459684.6743953,9.925230009250768,0.13221309553372199,13.908214172336432,0.014479249983703512,16.8494544274947,1.53,bE344229,bE,G,g
386547669406,2459688.478364,14.193546373402642,0.4761310646233913,13.51983831969009,0.03646261140660376,15.458324317835707,1.96,bm367565,bm,G,g
386547669406,2459692.9384611,11.803619905076577,0.1162189756471107,13.720027582044352,0.010702223093030766,16.989448003311175,1.51,bq436825,bq,G,g
386547669406,2459697.4456488,13.837832199129865,0.0656939440353497,13.547395472431184,0.005160234629270826,17.60882727099983,1.47,bm369099,bm,G,g
386547669406,2459698.8634201,15.302371691262815,0.048695740439554,13.438168755597047,0.0034589509207850846,17.93391317680924,1.49,bq438377,bq,G,g
386547669406,2459700.867594,16.449568707262273,0.09301795250903616,13.359679333210346,0.006146451126945375,17.23122367222989,1.46,bq439061,bq,B,g
386547669406,2459702.858928,15.338979081083252,0.04056924370266933,13.435574484365652,0.0028748330505922047,18.132148332433953,1.54,bq439689,bq,G,g
386547669406,2459704.9103219,13.393660062990751,0.08515021687348412,13.582817441896655,0.006910327955379498,17.32717621537451,1.59,bq440265,bq,G,g
386547669406,2459706.8763075,13.809387930378339,0.03644249436677193,13.549629547549998,0.002868440449360237,18.248620373136937,1.45,bE352442,bE,G,g
386547669406,2459709.3640269,14.665319625772208,0.06033681108993774,13.484336790472826,0.004472012338544336,17.701184728458973,1.50,bm372497,bm,G,g
386547669406,2459709.8520556,14.800722791800256,0.08406576700374732,13.474358310682415,0.006173741308792597,17.34109266202018,1.45,bq441825,bq,G,g
386547669406,2459710.9198237,17.078939099521385,0.08557961409538264,13.318913397490737,0.005446551400344356,17.321714801977507,2.00,bq442132,bq,G,g
386547669406,2459711.777735,13.09082249401783,0.05771997998422252,13.607648287152179,0.004792602505088805,17.749325181893358,1.45,bi511413,bi,G,g
386547669406,2459711.7802171,9.853292465859862,0.13081049711119144,13.916112187959893,0.014430234709828965,16.86103412122413,1.46,bi511415,bi,G,g
386547669406,2459712.6819633,13.397682984372965,0.3798045062408074,13.582491379002482,0.030813610497119632,15.703740328502438,1.51,bi511736,bi,B,g
386547669406,2459713.8362095,15.552985108186567,0.3892880518589771,13.420531231866441,0.02720630051786713,15.676962925363744,1.54,bq442872,bq,G,g
386547669406,2459714.8707928,11.290929313059443,0.10499312749505002,13.768241401011878,0.01010749084546428,17.09973843016397,1.49,bE355215,bE,G,g
386547669406,2459714.8720958,11.366020281064404,0.13840204984417875,13.76104455566519,0.013235680297950882,16.79978430540654,1.54,bE355216,bE,G,g
386547669406,2459714.8734053,11.179040588911375,0.13941148344636115,13.77905428979728,0.013555208063888567,16.791894240308686,1.47,bE355217,bE,G,g
386547669406,2459720.7988094,14.655559023550943,0.07536330720355007,13.485059650093103,0.005589458452802197,17.459740740060777,1.45,bE357099,bE,G,g
386547669406,2459721.8093665,18.060073216976157,0.10166484412553972,13.258266855668488,0.00611876065097978,17.134713613644436,1.53,bq445052,bq,G,g
386547669406,2459721.8106942,17.198373465153306,0.12884411543310445,13.311347183576022,0.008143092824532627,16.877479140823453,1.49,bq445053,bq,G,g
386547669406,2459722.6484314,10.431135961724491,0.08726934499001017,13.85423660695778,0.009093734760323418,17.300486320611313,1.46,bE357758,bE,G,g
386547669406,2459725.5577709,16.771300784506604,0.07639902144956864,13.338648752644621,0.0049514593820779405,17.44492112147463,1.47,bE358897,bE,G,g
386547669406,2459727.8226518,10.350511372472864,0.1310684511585761,13.862661105104978,0.013764122626824781,16.858895192983894,1.53,bq445937,bq,G,g
386547669406,2459730.7762899,14.6389668736474,0.05157236554788849,13.486289552215746,0.0038292947554040653,17.87159798067443,1.57,bq446728,bq,G,g
386547669406,2459730.8746307,10.396499680759266,0.12523326526344739,13.857847760864516,0.01309316775805926,16.90834135072895,1.57,bq446806,bq,G,g
386547669406,2459733.8491382,18.202259877713743,0.10128924932193302,13.2497523457958,0.006048535229811497,17.138732230221404,1.54,bq447516,bq,G,g
386547669406,2459737.3151308,14.813627016783855,0.05996312094149918,13.473412108234186,0.0043998208742091855,17.70793003947732,2.17,bm380374,bm,U,g
386547669406,2459738.8537844,15.100999775632665,0.047938465939251704,13.45255136950181,0.003450568106021692,17.950930280876534,1.49,bq448879,bq,G,g
386547669406,2459739.8278936,11.022477334763556,0.08328418028480393,13.794367586105448,0.008212879933330072,17.351234322435616,1.41,bE361761,bE,G,g
386547669406,2459740.7996873,9.363589434786512,0.10335687086347603,13.971459714941748,0.01199800841696834,17.116792230056937,1.41,bi519977,bi,G,g
386547669406,2459741.7627634,14.16689547452932,0.03508511348337587,13.521878898216249,0.002691908963772455,18.28983339744283,1.45,bE362556,bE,G,g
386547669406,2459742.8180806,17.143135616267788,0.13193763882798754,13.31483997033666,0.008365475266429974,16.851718842374254,1.51,bi520859,bi,G,g
386547669406,2459742.8699673,13.687082809168997,0.08968360794221197,13.559288385234911,0.00712220302200401,17.270857932783905,1.48,bE363056,bE,G,g
386547669406,2459747.5401883,16.19391392934375,0.14586094384542103,13.376686055604672,0.009790375870315027,16.742793062707452,1.52,bm382260,bm,G,g
386547669406,2459749.5541925,12.932054969322754,0.0645829242510293,13.620896767365615,0.005428281187650783,17.62734634756321,1.44,bE365633,bE,G,g
386547669406,2459750.8572492,15.72737228870491,0.12314028159353396,13.408425204129198,0.008510521001846688,16.926640255471423,1.43,bE366222,bE,B,g
386547669406,2459750.8598343,16.01156685510952,0.18458101034807534,13.388981039637013,0.012530412220276494,16.487173064263217,1.48,bE366224,bE,B,g
386547669406,2459754.8334062,18.04519996589568,0.10197942957266318,13.259161374760598,0.006142752990642221,17.13135916546949,1.51,bq452018,bq,G,g
386547669406,2459756.6514533,15.092366581475382,0.07374533507426352,13.453172258978249,0.005311159947916676,17.483304228311006,1.52,bi525248,bi,G,g
386547669406,2459756.6527052,15.43388565954155,0.08696234149658677,13.428877426039914,0.006124464462193518,17.304312549461955,1.50,bi525249,bi,G,g
386547669406,2459757.8030848,12.640842226627603,0.10550757755470101,13.645625595210756,0.009072350359250938,17.09443148197842,1.56,bq452836,bq,G,g
386547669406,2459760.6363823,12.30719753463449,0.06682949320792402,13.674667694219881,0.005902298495043313,17.590220192129756,1.47,bE368681,bE,G,g
386547669406,2459760.638978,12.419937572581787,0.07508067587991152,13.664767089997934,0.006570840620359667,17.46382017767457,1.45,bE368683,bE,G,g
386547669406,2459761.7504329,12.552617394388147,0.08976600867269284,13.653229893113974,0.007773020199030034,17.269860823240208,1.49,bq453632,bq,G,g
386547669406,2459763.723835,15.637296466847717,0.06580519964950592,13.414661447247195,0.004574153279949614,17.606990083719225,1.51,bq454167,bq,G,g
386547669406,2459764.7165604,16.252826640354087,0.0642496096056249,13.37274336475619,0.004296885318805418,17.6329643785793,1.51,bE370378,bE,G,g
386547669406,2459765.812336,10.632177533596906,0.0846150167151569,13.83351007292669,0.00865042405142106,17.334022000009213,1.50,bE370861,bE,G,g
386547669406,2459767.6326262,14.234739214580488,0.04749942824572311,13.516691834461012,0.00362702909637324,17.960919656391695,1.43,bi529800,bi,G,g
386547669406,2459768.8051561,15.783740224550643,0.08101739861759912,13.40454081102893,0.0055793106417680715,17.381194875597007,1.58,bq454894,bq,G,g
386547669406,2459769.790929,9.64763283851708,0.253189987827971,13.939013704539601,0.028525806600965712,16.14402429169892,1.55,bq455188,bq,G,g
386547669406,2459778.5062542,11.503433482774327,0.14399447093793127,13.747996908340298,0.013606001157370328,16.756776070218766,1.56,bm388676,bm,G,g
386547669406,2459779.7648432,15.69722055251219,0.07672212041535997,13.410508721445227,0.0053126353718578575,17.440339118476864,1.60,bq457743,bq,G,g
386547669406,2459784.5455421,17.176995294721163,0.07877328324573553,13.312697630565214,0.004984756209898347,17.411693243681366,1.47,bE374154,bE,G,g
386547669406,2459788.216339,10.49643728859617,0.09280414277962967,13.847460833764737,0.009610314954038959,17.233722202517484,1.55,bm391041,bm,G,g
386547669406,2459789.7165388,16.795981106900324,0.10122599478432634,13.337052178666228,0.0065508680022955965,17.139410477867713,1.50,bE376248,bE,G,g
386547669406,2459790.7449818,15.870300656315285,0.06303443774183515,13.398602736374656,0.004317227170512511,17.653695903086053,1.51,bq460182,bq,G,g
386547669406,2459791.6409306,17.289400776221193,0.0826332408223368,13.305615768375947,0.0051950175247143585,17.359753646843302,1.44,bi535361,bi,G,g
386547669406,2459792.6104431,15.95331889217199,0.06802048680889183,13.392938006210581,0.004634478395907588,17.571041272027795,1.50,bi535751,bi,G,g
386547669406,2459793.6178039,9.47124960256673,0.09537559283068785,13.95904741719826,0.010945664721364481,17.2040474853508,1.45,bE377664,bE,G,g
386547669406,2459793.7346218,17.037565620563235,0.08025830722785192,13.321546768430192,0.005120290797868839,17.391415622566242,1.60,bi536270,bi,G,g
386547669406,2459793.7358602,17.317211120009965,0.08492876740707256,13.303870743251347,0.005330758918202187,17.33000355868321,1.62,bi536271,bi,G,g
386547669406,2459795.6869586,15.681002770331318,0.0752239443496594,13.411631043423844,0.0052142811336341665,17.46175035691354,1.52,bq461651,bq,G,g
386547669406,2459796.650576,13.676395438977675,0.056810786016470244,13.560136498565765,0.004515141042919747,17.766563616234684,1.45,bi537299,bi,G,g
386547669406,2459801.626802,10.66501215531753,0.11745966479658065,13.83016223536331,0.01197125205603052,16.977918718616927,1.42,bE380189,bE,G,g
386547669406,2459804.4990699,11.546717392923394,0.0945669042088358,13.743919280924885,0.008902106960153923,17.213292681492536,2.03,bi539956,bi,G,g
386547669406,2459806.672178,15.964654552976144,0.09256202302231561,13.392166808259777,0.00630210282694263,17.236558516628673,1.50,bi540903,bi,G,g
386547669406,2459807.6934508,17.00978721821067,0.11126329811367233,13.323318420046068,0.007109928299713513,17.03676078810203,1.42,bi541299,bi,G,g
386547669406,2459808.5951857,17.008722940477654,0.07873808240064177,13.323386355112103,0.005031822346340551,17.412178527171044,1.48,bE382891,bE,G,g
386547669406,2459809.6669239,8.96378912495938,0.10081364206197338,14.018836544498765,0.012224746052360179,17.143842349835168,1.42,bi541905,bi,G,g
386547669406,2459810.6603716,14.375352142199826,0.04619237888681056,13.506019392088309,0.003492721916583274,17.99121478945802,1.46,bi542298,bi,G,g
386547669406,2459812.5859256,16.478055352415105,0.06979579469593752,13.357800728810908,0.004604001662343945,17.543067470191154,1.54,bE384255,bE,G,g
386547669406,2459814.3096135,15.365045927241153,0.06470202943634791,13.433730965451808,0.004577161252795763,17.625345854160518,1.53,bm395971,bm,G,g
386547669406,2459815.5335563,12.240614401587342,0.06974903545156227,13.68055757928568,0.006193657154926633,17.543795095949438,1.44,bE385423,bE,G,g
386547669406,2459816.6586556,16.646774570270022,0.080057355371766,13.346740376329663,0.005227370873991282,17.394137512820716,1.41,bi543613,bi,G,g
386547669406,2459818.2982316,16.442972896914192,0.07294433362548522,13.360114769928906,0.0048219576627177765,17.49516170845463,1.56,bm396788,bm,G,g
386547669406,2459819.266352,15.408760253363608,0.06399175467666804,13.430646377332753,0.004514072121289008,17.637330564338466,1.48,bm397103,bm,G,g
386547669406,2459819.2675923,15.44286380733379,0.09168845660531497,13.42824601887739,0.006453554672159534,17.246853955696217,1.44,bm397104,bm,G,g
386547669406,2459820.6537488,17.9581577055797,0.09906180231824904,13.264411169424461,0.005995930866093118,17.1628750483954,1.52,bq465350,bq,B,g
386547669406,2459822.5038076,17.17706806866244,0.08569439324723764,13.31269303062593,0.00542269956922956,17.320259591098644,1.44,bi545944,bi,G,g
386547669406,2459823.5347367,14.348693517874377,0.04308156519337767,13.508034723929248,0.0032635576329884887,18.066911928353484,1.55,bi546382,bi,G,g
386547669406,2459824.5856381,14.98693256636466,0.05309050364543225,13.460783739264649,0.0038504923488699933,17.840098498155474,1.47,bE388871,bE,G,g
386547669406,2459830.2593685,15.304457435497275,0.12442787256834711,13.438020777639359,0.008837143567115017,16.9153464220756,2.00,bm399300,bm,G,g
386547669406,2459831.4887107,16.732984592828743,0.09784642397654482,13.34113209435455,0.006355997525733568,17.176278216468205,1.98,bE391368,bE,G,g
386547669406,2459833.5585186,14.711776315132038,0.09527403100749622,13.480902839633082,0.007039172370331455,17.20520426034643,1.99,bE392187,bE,G,g
386547669406,2459834.606781,15.398798748087987,0.10298474056739697,13.431348514578229,0.007269394011220759,17.12070841323085,2.06,bE392552,bE,G,g
386547669406,2459835.5631095,14.047411415104003,0.058877881320254496,13.531074867144175,0.004555835605300333,17.727760176880352,1.46,bE392894,bE,G,g
386547669406,2459836.542979,10.38744732898456,0.0920832792295726,13.858793535666278,0.009635718741256313,17.242188669435254,1.48,bi550229,bi,G,g
386547669406,2459837.5429748,13.878478436150978,0.04990589648729136,13.544210984904065,0.003908608563226879,17.90726095777426,1.47,bi550622,bi,G,g
386547669406,2459838.5481739,16.773027806063592,0.08252071534918966,13.338536954918375,0.005347658798666871,17.361233151202637,1.47,bE393981,bE,G,g
386547669406,2459841.4845623,11.787521369336883,0.0756216606929907,13.721509389609823,0.006973260509950107,17.45602508525375,2.34,bE395056,bE,G,g
386547669406,2459842.5422705,16.166153845080565,0.0689184509171531,13.37854885367637,0.004633839341777239,17.556801843365132,1.55,bE395482,bE,G,g
386547669406,2459844.4858072,16.49857102507672,0.07214755351218358,13.356449795504847,0.004753214911666944,17.50708658902131,2.08,bE396103,bE,G,g
386547669406,2459845.5387024,10.693944929133929,0.08996427506257859,13.827220764098945,0.009144170476920748,17.267465399602848,1.69,bi553604,bi,G,g
386547669406,2459846.5240187,14.76492332652651,0.04705138476073086,13.476987632186093,0.0034638046125611026,17.971209587459377,1.55,bE396862,bE,G,g
386547669406,2459847.5247091,17.354937505216025,0.0851873973211392,13.301507986971044,0.0053353690879247104,17.326702237164117,1.51,bi554336,bi,G,g
386547669406,2459848.566465,11.200587568541097,0.07940323417541141,13.776963607776002,0.007705654967294241,17.403045131321257,1.40,bi554746,bi,G,g
386547669406,2459850.502765,12.095616777904969,0.07763194532085041,13.69349557542563,0.006976291561744523,17.42753943904132,1.43,bi555454,bi,G,g
386547669406,2459851.5600212,16.497780872941643,0.07494155751548534,13.356501794997587,0.0049375255568066285,17.465833824383882,1.50,bE398567,bE,G,g
386547669406,2459852.5457234,14.490502261884245,0.051443360349800744,13.497357024756052,0.0038588514753884794,17.874317287579537,1.50,bi556110,bi,G,g
386547669406,2459856.2550175,16.934975476562045,0.25180011449948175,13.328104192077655,0.01616156911527068,16.15000080330247,1.52,bm406202,bm,B,g
386547669406,2459858.2452382,10.938752140960498,0.32965033288093337,13.802646167655519,0.03275653151301253,15.857506814865818,2.09,bm406720,bm,B,g
386547669406,2459859.5256458,16.57159027428456,0.09841798372196121,13.351655154763336,0.0064553894642811974,17.169954452823323,1.45,bE401095,bE,G,g
386547669406,2459864.5144917,16.748191927992274,0.07782925096508496,13.340145799533634,0.005051113116107684,17.424783484481754,2.02,bE402804,bE,G,g
386547669406,2459865.5067906,15.084835597721804,0.05572291580397649,13.453714168850471,0.004015183748678048,17.787556027433624,1.50,bE403139,bE,G,g
386547669406,2459866.5113268,9.690351542144104,0.09881442005384956,13.934216791099072,0.011083909376484463,17.16558979620681,1.50,bE403484,bE,G,g
386547669406,2459867.5107368,14.75879346802237,0.06294290071145496,13.477438483916579,0.004635622591625172,17.65527372790234,1.44,bi561189,bi,G,g
386547669406,2459869.5090591,15.421474523454458,0.0611392926907762,13.429750870422916,0.0043092995305788985,17.686839586076665,1.48,bE404496,bE,G,g
386547669406,2459870.5047675,10.958013654858231,0.08688941141785263,13.800736029091105,0.008618807695027575,17.30522347305306,1.99,bi562244,bi,G,g
386547669406,2459871.4995827,12.481659237168312,0.07677547355186286,13.659384818041163,0.006685938151419999,17.43958435180236,2.08,bE405166,bE,G,g
386547669406,2459872.5021716,16.73360204101943,0.08412723870216078,13.341092031359025,0.005464612492819116,17.34029902555204,1.38,bi562890,bi,G,g
386547669406,2459873.4989434,16.714366198327347,0.0995217332652564,13.342340839836293,0.006472025067769429,17.1578457837862,2.08,bi563239,bi,G,g
386547669406,2459875.4925592,10.37055208375658,0.1414935250481863,13.86056092982775,0.014830195016895791,16.77579919554024,2.36,bi563910,bi,G,g
386547669406,2459876.4967215,16.025112593614452,0.11019382553661643,13.388062898316221,0.007474262450432731,17.047247460236747,2.40,bi564260,bi,G,g
386547669406,2459974.8751961,16.950170369286592,0.11098101110701122,13.32713045294492,0.007116833116353268,17.039518918460114,1.61,bE431896,bE,G,g
386547669406,2459976.8843999,10.409027318189212,0.2476206566376155,13.856540251454899,0.02585764062500364,16.168173434142908,1.46,bi594679,bi,G,g
386547669406,2459977.8811008,13.479219767298204,0.0901581191045745,13.575903736844037,0.007270298818497074,17.265128504441144,2.02,bE432953,bE,G,g
386547669406,2459978.8616986,16.029616616745557,0.08534454575433659,13.387757783836507,0.005787150923224869,17.32470118341825,1.63,bE433319,bE,G,g
386547669406,2459979.8604034,16.492898545878795,0.08900316171948323,13.356823153598725,0.005865710433935132,17.27912702480362,1.56,bE433587,bE,G,g
386547669406,2459979.8616851,16.560567033312832,0.13731056673632008,13.352377614948905,0.009012409763355949,16.80838071229249,1.58,bE433588,bE,G,g
386547669406,2459993.8269552,14.276264839604817,0.040884171732522186,13.513529132347182,0.0031128112009582,18.123752601797193,1.48,bE438432,bE,G,g
386547669406,2459995.8322525,15.449305920226575,0.07177893274084352,13.42779318986823,0.005050102539816237,17.51264811981108,1.54,bi601605,bi,G,g
386547669406,2459997.5793936,15.36678853263779,0.05830055646451227,13.433607835166551,0.00412383953456046,17.738458861409413,1.56,bm435549,bm,G,g
386547669406,2459998.8682359,13.032277567955754,0.0634475967654801,13.612514819232949,0.0052918439415752085,17.64660266952838,1.43,bi602903,bi,G,g
386547669406,2459998.8694762,13.156552291249277,0.08711520317535898,13.60221038181097,0.007197207607122621,17.30240572682225,1.41,bi602904,bi,G,g
386547669406,2460000.861315,16.726871961770335,0.08020090999976882,13.341528790909985,0.005211667930076949,17.392192371354092,1.49,bE441301,bE,G,g
386547669406,2460002.8640642,11.572518975279749,0.08476107146144997,13.741495868378848,0.007961239865877375,17.332149516508867,1.43,bi604613,bi,G,g
386547669406,2460004.8456815,17.48184792935369,0.0852023196270694,13.293597277065022,0.005297564500057338,17.32651206503239,1.56,bi605466,bi,G,g
386547669406,2460004.8484802,17.03587977996589,0.08642620452618004,13.321654205653049,0.005514333739861567,17.311027008842782,1.56,bE442960,bE,G,g
386547669406,2460009.0051941,13.79952544144061,0.14627402544149518,13.550405243544981,0.011521664755021492,16.739722578236634,2.21,bq507436,bq,G,g
386547669406,2460010.7852359,14.312615381757444,0.0977564883703812,13.510768120328464,0.007424013692978453,17.17727663054515,1.50,bi607876,bi,G,g
386547669406,2460013.5342104,15.74431540534108,0.10535618180258859,13.407256168829317,0.00727358325640557,17.095990553846065,1.58,bm439808,bm,G,g
386547669406,2460015.8318904,11.461107245798228,0.10881331533601464,13.75199918127725,0.010319713463976069,17.060935504858328,1.49,bi609872,bi,G,g
386547669406,2460020.817515,14.424053249980926,0.04993508349639478,13.502347329723662,0.0037629689608963484,17.906626160451555,1.47,bi611943,bi,G,g
386547669406,2460021.7795894,15.733059443274058,0.06958758967646624,13.408032663445864,0.004807627194421958,17.546311126482095,1.60,bi612344,bi,G,g
386547669406,2460021.7997791,16.400030038673602,0.06702157701137008,13.36295401350167,0.0044420369998079585,17.587104005123244,1.58,bE449320,bE,G,g
386547669406,2460022.7872891,16.35129515195287,0.06906169632961497,13.366185227487273,0.004590893903525247,17.55454750765883,1.62,bE449659,bE,G,g
386547669406,2460023.7490763,15.023014589622994,0.0464020328536987,13.458172899754238,0.0033573150003541946,17.98629809336291,1.47,bE450051,bE,G,g
386547669406,2460023.800563,11.941804566386121,0.07388744287818594,13.707390723639314,0.006725318394268125,17.48121401992381,1.47,bi613225,bi,G,g
386547669406,2460026.7406487,15.882044127227369,0.06845409007416668,13.397799626418081,0.004684952330429206,17.564142106506242,2.05,bE451315,bE,G,g
386547669406,2460026.7641906,16.968779737696707,0.07762676251677258,13.325939091361256,0.00497247987677361,17.4276119265444,2.07,bi614503,bi,G,g
386547669406,2460028.9576892,15.345615034439192,0.046997032080284815,13.435104874443695,0.0033288812737322505,17.972464529999357,1.55,bq513752,bq,G,g
386547669406,2460030.7847945,16.934881720927955,0.075968010652067,13.328110202961359,0.0048759670119082055,17.45106372685644,1.55,bE453075,bE,G,g
386547669406,2460031.7801782,15.223190175967499,0.06148539413700822,13.443801440171125,0.004390140921607092,17.680710708144314,1.50,bE453509,bE,G,g
386547669406,2460032.8462857,14.5769007042623,0.04456551678666742,13.490902633678242,0.0033231192349261673,18.030143243903566,2.01,bE453994,bE,G,g
386547669406,2460033.7223772,10.34147650418926,0.10066558386851322,13.863609248345988,0.010580608374078202,17.145438069386348,2.24,bi617612,bi,G,g
386547669406,2460034.5709555,16.54666264979579,0.0694887909316466,13.353289590588147,0.004564744933133232,17.54785372331717,2.18,bm445335,bm,G,g
386547669406,2460035.5309713,16.474009866199946,0.07212456196306812,13.358067317921032,0.004758784512092716,17.507432640056983,1.55,bm445725,bm,G,g
386547669406,2460036.4884068,12.153285567935919,0.07831331105348126,13.688331365485576,0.007004127707913611,17.418051646088163,1.57,bm446118,bm,G,g
386547669406,2460037.5245833,11.468377257512456,0.08582169215563354,13.751310695219876,0.008134058193293832,17.318647928160726,1.47,bm446447,bm,G,g
386547669406,2460037.5258314,10.578327309613247,0.11448119819483271,13.839023120717629,0.011763304476436443,17.005805195860034,1.49,bm446448,bm,G,g
386547669406,2460039.9677528,18.169446948469773,0.2209900718758918,13.25171135173961,0.013220358360182776,16.291708703545787,2.24,bq517950,bq,G,g
386547669406,2460041.8698958,16.864166210554057,0.11843623815045957,13.332653437554109,0.007633644015399049,16.968929099967397,1.39,bi621399,bi,G,g
386547669406,2460042.7771217,16.1925134617211,0.11060156126281846,13.376779955335202,0.00742436241373811,17.043237467550295,1.47,bE458059,bE,G,g
386547669406,2460048.8526684,11.60959218933511,0.07936954083293667,13.738023210970262,0.007431031049915073,17.40350594183907,1.49,bE460860,bE,G,g
386547669406,2460049.8449929,16.141910004144908,0.07464689656101078,13.380178318128946,0.005026538434655031,17.47011121975056,1.58,bi625147,bi,G,g
386547669406,2460049.8993773,18.31787173683839,0.10289817065101912,13.242878087959141,0.00610583146726714,17.121621476849754,1.51,bq521622,bq,G,g
386547669406,2460050.7958575,16.155017472706948,0.06937121465402131,13.379297042102792,0.004667496913361055,17.549692364348587,1.49,bE461660,bE,G,g
386547669406,2460051.9144227,12.424449920004745,0.09867018593998547,13.664372697580662,0.008632189175312712,17.167175744908377,1.50,bq522455,bq,G,g
386547669406,2460054.6729309,15.302556450357034,0.05504941124946887,13.438155646620817,0.003910217013060818,17.80075891500174,1.52,bE463432,bE,G,g
386547669406,2460056.8681101,11.031252089122704,0.0825477788218138,13.793503598993318,0.00813378624842808,17.360877131812437,1.55,bE464034,bE,G,g
386547669406,2460057.8137124,13.99735331769218,0.0311149053896981,13.53495080954831,0.002416210305549717,18.420219399506422,1.42,bi628568,bi,G,g
386547669406,2460059.874622,14.602522279792963,0.08417295542439497,13.488995928440026,0.006265516401862351,17.339709171191252,1.52,bq525139,bq,G,g
386547669406,2460061.8830816,17.708481168508037,0.10187230974841786,13.279612337379099,0.006252979598419214,17.132500228896493,1.57,bq525972,bq,G,g
386547669406,2460063.9677802,15.141046476547782,0.12284460305612427,13.449675890897181,0.0088188582380439,16.929250408108288,1.63,bq526847,bq,G,g
386547669406,2460065.5333044,13.452925237663935,0.07489547651709144,13.578023800572849,0.006051332718410969,17.46650164072459,1.53,bm453067,bm,G,g
386547669406,2460067.9034765,13.588969333758062,0.2556037827770761,13.56709932585863,0.02044527379869363,16.13372241938655,1.98,bq527913,bq,G,g
386547669406,2460075.7412034,11.551984180848681,0.09651957736264842,13.743424158511697,0.009081780449783104,17.191102082532645,1.40,bi636849,bi,G,g
386547669406,2460076.8062954,16.48694494707508,0.09977438158578611,13.357215152902262,0.006577956990533822,17.15509299981125,1.43,bi637385,bi,G,g
386547669406,2460080.8768737,11.679435834877594,0.07912760068828148,13.731510959630029,0.0073640767271357386,17.406820618380756,1.55,bi639269,bi,G,g
386547669406,2460087.8614301,16.771079824737285,0.08297742259360533,13.338663057176202,0.0053778797541818996,17.35524075932281,1.48,bE477147,bE,G,g
386547669406,2460088.8745594,13.766140582471946,0.06468317197643433,13.553035121434649,0.005107298970641058,17.62566233899618,1.43,bi642179,bi,G,g
386547669406,2460089.8784623,9.738711681096076,0.09470159166852082,13.928811850926968,0.010569828541385617,17.211747415595916,1.48,bE478051,bE,G,g
386547669406,2460090.8739708,15.236084234439048,0.06388903644599946,13.442882209676238,0.004557903708331977,17.639074765714316,1.47,bi642824,bi,G,g
386547669406,2460091.5998862,16.493778639898625,0.08023618258112601,13.356765218091262,0.005287644744124112,17.391714966551802,1.46,bi643102,bi,G,g
386547669406,2460092.6508428,13.125955121450819,0.05680179793969466,13.604738334680865,0.004703740348476457,17.7667354049582,1.39,bE478988,bE,G,g
386547669406,2460094.7981562,12.281237517813333,0.13875846417422466,13.676960295644204,0.012280881088889906,16.796991900747432,1.61,bq535192,bq,G,g
386547669406,2460095.865452,17.57186067110239,0.09780419623983645,13.28802124466701,0.006049951735115514,17.176746890508188,1.43,bi644709,bi,G,g
386547669406,2460096.6216697,15.905302928197479,0.14617906028258587,13.396210759831941,0.009989767792109633,16.74042769724461,1.52,bi645014,bi,B,g
386547669406,2460096.8364081,16.596252919896735,0.09211980389513454,13.35004051060185,0.006033302945456031,17.241758099527146,1.47,bE480436,bE,G,g
386547669406,2460097.5853674,12.968724745567474,0.11077465862989706,13.61782244059022,0.009284431584712748,17.04153956055037,1.46,bE480727,bE,B,g
386547669406,2460103.8278884,13.760351477764441,0.11647187817957819,13.553491804447724,0.009200336764004368,16.987087914469015,1.47,bE483502,bE,G,g
386547669406,2460104.7603747,14.584794768151236,0.10656696552138112,13.49031481660949,0.007942083520322123,17.083584112736393,1.45,bq538509,bq,B,g
386547669406,2460107.7422737,15.466338028262273,0.071026004121312,13.426596877849668,0.004991626217638314,17.5240971558855,1.53,bq538873,bq,G,g
386547669406,2460108.7776253,15.373393246723037,0.12084458929166599,13.433141281171117,0.008544165386224146,16.947072586361617,1.50,bq539258,bq,B,g
386547669406,2460108.8550503,16.873665258758,0.08791413594164406,13.332042049070076,0.005663194211182556,17.29249383138403,1.49,bE484790,bE,G,g
386547669406,2460109.8620824,13.982984000919883,0.055199465663341475,13.53606597043084,0.0042908880676211245,17.797803427109468,1.54,bE485239,bE,G,g
386547669406,2460111.7303726,16.541803648722265,0.10650302047662621,13.353608468675443,0.006998278733705497,17.084235799570315,1.42,bq540286,bq,G,g
386547669406,2460112.7330147,9.387210647743476,0.13620363341113856,13.968724213569924,0.015771184132998103,16.817168878672064,1.51,bE486550,bE,G,g
386547669406,2460112.8603534,18.69121733215451,0.16284981605265558,13.220971654091855,0.009470259024699274,16.623172430584823,1.45,bq540666,bq,B,g
386547669406,2460113.495934,13.826424187378091,0.047479767136482255,13.548290930592955,0.003732595054241653,17.961369160693085,1.38,bi652032,bi,G,g
386547669406,2460113.863798,14.676871259549808,0.1425932795340491,13.483481910364288,0.010560336219128198,16.767392967534335,1.53,bq541037,bq,B,g
386547669406,2460119.3990214,14.127231247639184,0.04618693737771637,13.52492298689243,0.0035536469901174105,17.991342697818418,2.34,bm463673,bm,G,g
386547669406,2460130.4540774,10.717464469197267,0.11705637016761825,13.824835491279053,0.011871761770751388,16.981652979359993,1.95,bE493039,bE,G,g
386547669406,2460133.7991799,15.471750280185406,0.08608677804078302,13.426217004480403,0.00604796374892219,17.315299476852058,1.43,bi660254,bi,G,g
386547669406,2460136.7924173,9.612856531848966,0.1371256202360701,13.942934470572384,0.015505233716876355,16.809844099055574,1.56,bE495644,bE,G,g
386547669406,2460139.623614,9.58505272215617,0.09793698319987086,13.9460793571869,0.011106171837999914,17.175273806177568,1.44,bE496518,bE,G,g
386547669406,2460139.631527,9.5850837750986,0.10034332612921681,13.946075839705024,0.01137901715919293,17.148919379688344,1.45,bi662133,bi,G,g
386547669406,2460140.5265,15.029145074248111,0.08290409474066464,13.457729930644733,0.005995893047279831,17.3562006578241,1.42,bi662525,bi,G,g
386547669406,2460141.721108,12.476289136113422,0.06883114987435747,13.659852045005596,0.005996692320809982,17.558178049394368,1.48,bi663228,bi,G,g
386547669406,2460142.7356003,12.983844768238772,0.05639199097373273,13.616557335963133,0.004720916142858937,17.77459704132874,1.54,bi663791,bi,G,g
386547669406,2460142.7779175,15.789413372733963,0.0647264054592639,13.4041506350888,0.0044558202943860295,17.624936887909136,1.47,bE497921,bE,G,g
386547669406,2460144.5622802,11.569134957566298,0.08363925897719361,13.741813404073218,0.007858170757981472,17.346615170385288,1.44,bi664249,bi,G,g
386547669406,2460147.7005383,13.87989265741134,0.04573641862043129,13.544100353684383,0.003581691856523376,18.001985225756574,1.49,bE499053,bE,G,g
386547669406,2460150.2376653,9.604489049439454,0.10576900796030893,13.943879957984304,0.011970060292488495,17.09174453396127,2.11,bm471043,bm,G,g
386547669406,2460151.658177,14.6477004430932,0.043518617822632666,13.485641997973907,0.003229370073695625,18.055952877801435,2.20,bi666681,bi,B,g
386547669406,2460157.628707,15.937336284757343,0.11337221834319339,13.394026280933888,0.007732200030818574,17.0163740001477,1.49,bi669364,bi,G,g
386547669406,2460159.7125069,13.094780392868422,0.12458024643697381,13.607320073658059,0.010341014303552925,16.914017647358236,1.48,bi670396,bi,G,g
386547669406,2460164.4326211,12.558705097808282,0.06998374706629569,13.652703466030047,0.006057096627161607,17.540147632084913,1.55,bm474822,bm,G,g
386547669406,2460168.2599838,16.037241438635284,0.07209890069005087,13.387241453529233,0.004886649029706294,17.50781900400854,1.52,bm476128,bm,G,g
386547669406,2460171.2454568,9.902572734062675,0.10263920193302428,13.910695519866321,0.011266198484303321,17.12435744509026,2.15,bm477120,bm,G,g
386547669406,2460185.4117031,11.060773216658376,0.17486684353559045,13.79060190251189,0.017184391388721548,16.54587193443796,1.99,bm479826,bm,G,g
386547669406,2460194.3660086,10.54492938614389,0.09104496493026386,13.842456432674485,0.009384787207062512,17.25450077904364,2.20,bm481414,bm,G,g
386547669406,2460196.3567036,16.685528776577137,0.08328886882273254,13.344215686487736,0.005425742292460667,17.351173201919362,1.56,bm482246,bm,G,g
386547669406,2460201.2469989,14.217053247682534,0.07532390699257496,13.518041647276917,0.005758845417688575,17.460308515326037,1.52,bm483240,bm,G,g
386547669406,2460215.3176015,12.485519566161415,0.11240880219109445,13.65904907334077,0.00978601491071616,17.025639811265563,2.29,bm485504,bm,G,g
386547669406,2460219.2433778,16.39501079580069,0.07086909324768884,13.363286354832034,0.004698479559101256,17.526498421172526,2.06,bm486354,bm,G,g
386547669406,2460221.2711098,11.541038118515145,0.07928968829820005,13.74445343366772,0.0074676509095075875,17.404598835026572,1.51,bm487236,bm,G,g
386547669406,2460222.5130202,16.73454754083531,0.08280745594077953,13.341030685667985,0.005378580093893786,17.357467005948696,1.41,bi673147,bi,G,g
386547669406,2460224.2840709,11.812959236514438,0.08493381223102212,13.719168858963577,0.007815091821811466,17.329939067162808,1.58,bm487936,bm,G,g
386547669406,2460225.5336803,14.06496425117133,0.05336148239162807,13.529719040634365,0.004123836382336879,17.834570896803935,1.47,bi674420,bi,G,g
386547669406,2460227.2722436,16.485122722960483,0.07623493222232558,13.357335160826317,0.005026596292667223,17.447255565144296,2.08,bm488336,bm,G,g
386547669406,2460228.4984815,15.063312422500012,0.07093385936112677,13.45526441296723,0.005118530299453659,17.5255066376053,1.47,bi675666,bi,G,g
386547669406,2460229.5216149,10.647037324323687,0.08872629930631952,13.83199368094348,0.009058071907051211,17.282509691775378,1.47,bE509614,bE,G,g
386547669406,2460230.5204764,15.351070888881912,0.05728444331704191,13.43471892927857,0.004056114371978471,17.757548868865214,1.47,bE510007,bE,G,g
386547669406,2460231.5197287,17.506412690260966,0.09111175662268751,13.29207271687322,0.0056570423547271185,17.253704561794304,1.47,bi676919,bi,G,g
386547669406,2460232.5378033,12.806466716476523,0.07700055684369767,13.631492309473758,0.0065354683139198745,17.43640594678141,1.48,bi677347,bi,B,g
386547669406,2460239.495642,16.16988894902111,0.09601421591249147,13.378298029070487,0.006454174082133663,17.196801762299696,1.55,bE512059,bE,G,g
386547669406,2460241.4940584,13.680550132565772,0.14295908249652112,13.559806717503683,0.011358483800409326,16.764611230870724,2.00,bi680674,bi,G,g
386547669406,2460242.4958786,11.112388390559127,0.2152815997116578,13.785547092085197,0.021057735798347615,16.320123331648762,1.99,bi680959,bi,G,g
386547669406,2460349.8729137,15.809621028886157,0.07730009492224105,13.402761973232252,0.005314601922036291,17.432190543393457,1.47,bE535846,bE,G,g
386547669406,2460350.8645252,16.18075221857014,0.07702912207209603,13.377568853692871,0.005174500262355737,17.43600324123475,1.45,bE536232,bE,G,g
386547669406,2460351.8678273,13.196299821303631,0.06251295854463895,13.598935186779302,0.005149084887690184,17.662715478438656,1.42,bE536627,bE,G,g
386547669406,2460352.8748286,10.806587684468836,0.08864823498086721,13.815844168100433,0.008916485015117206,17.283465378793885,1.54,bE537027,bE,G,g
386547669406,2460353.8741242,15.41640499270857,0.06090072639127644,13.430107845234927,0.004293896129542325,17.69108442970229,1.55,bE537422,bE,G,g
386547669406,2460354.8694853,16.390298133329118,0.07820000433015252,13.363598489045103,0.005185995032869041,17.419623668672315,1.49,bE537816,bE,G,g
386547669406,2460369.8329161,9.764943658325748,0.12051623914914643,13.92589126767437,0.013414917351514689,16.950026685084286,1.37,bi724386,bi,G,g
386547669406,2460370.8283098,14.493989612942462,0.09121087692004792,13.497095757914652,0.006840232411458455,17.252524033584702,1.49,bi724798,bi,G,g
386547669406,2460377.8335099,11.328936349571212,0.08346728115522555,13.764592780367868,0.008008280989851256,17.34884994364432,1.52,bi727788,bi,G,g
386547669406,2460380.8236336,17.292105522509555,0.08079033735617054,13.305445929563804,0.005078362722716582,17.38424205739667,1.58,bi728989,bi,G,g
386547669406,2460386.8110452,9.25180516601413,0.09704363772988116,13.984499426339685,0.011401257703876594,17.18522294166185,1.50,bE546817,bE,G,g
386547669406,2460388.7966139,16.468089056763908,0.07303661426078041,13.358457604966825,0.004820694369751037,17.493789030149212,1.47,bE547681,bE,G,g
386547669406,2460394.779499,14.061096682146305,0.3735394078968212,13.530017636285656,0.02887549276690184,15.721799546335955,1.51,bi734725,bi,G,g
386547669406,2460396.7556433,13.543845530464727,0.2980174167396556,13.570710642439321,0.023917282132935102,15.967036496780963,1.95,bi735628,bi,G,g
386547669406,2460408.7226586,11.77446339937433,0.07597721695715319,13.722712812185605,0.007013816993100071,17.45093215814693,1.47,bi740934,bi,G,g
386547669406,2460409.7108547,10.687275264273595,0.08636482735668058,13.82789813393863,0.008783792877313769,17.31179833843261,1.39,bi741379,bi,G,g
386547669406,2460409.9188049,9.684055842334061,0.10321175508673563,13.93492240952889,0.011584680235035677,17.11831770352013,1.46,bE555726,bE,G,g
386547669406,2460411.7208884,17.126638647698595,0.08108561181738212,13.315885285505058,0.005146166530228885,17.380281116564163,1.46,bi742287,bi,G,g
386547669406,2460418.7964987,16.907844175330887,0.07472973305319705,13.329845030615497,0.004804158937572368,17.468907034221758,1.54,bi744295,bi,G,g
386547669406,2460419.8187227,10.622435969763568,0.08876447108545861,13.834505317491711,0.00908295620888654,17.282042687399223,1.41,bi744786,bi,G,g
386547669406,2460421.4648147,10.316235847096996,0.159477753260443,13.866262466515417,0.016803162175428748,16.645890339825726,1.52,bm537078,bm,G,g
386547669406,2460425.6936602,12.770480976150678,0.09481850649260319,13.634547486141217,0.008070455154052069,17.210407835522737,1.46,bE560978,bE,G,g
386547669406,2460425.8796708,18.856894552320725,0.19459763982853584,13.211390191024242,0.011217073582279625,16.42979668984952,1.37,bi746847,bi,G,g
386547669406,2460432.3776635,13.298724470572276,0.06730685314343712,13.590540651811335,0.005501251127045016,17.582492396244366,1.54,bm539570,bm,G,g
386547669406,2460433.7215911,11.324410304731613,0.08728802753858973,13.765026631567611,0.008378210277595865,17.3002539119863,1.45,bE563329,bE,B,g
386547669406,2460434.9176116,9.57040806926809,0.09407712255349467,13.947739482528457,0.010684783884433965,17.218930547473686,1.39,bE563907,bE,G,g
386547669406,2460436.8423772,12.809967017398352,0.09124726565996182,13.631195593427996,0.007742550028836989,17.25209096359577,1.49,bq632250,bq,G,g
386547669406,2460438.8349187,18.356925493033007,0.10089847298253944,13.24056575926139,0.0059744347321949165,17.142929127472186,1.48,bq632954,bq,G,g
386547669406,2460439.6492806,9.912876638640029,0.1031755073769923,13.90956636825861,0.011313294285335855,17.118699078327303,1.43,bi751332,bi,G,g
386547669406,2460440.6116334,11.742203561559375,0.08234461253864503,13.725691609810621,0.007622505704293517,17.363552635503375,1.47,bi751759,bi,G,g
386547669406,2460442.5999663,16.550479529154124,0.08108715200246228,13.353039168717611,0.0053254172208769355,17.38026049368441,1.53,bE566766,bE,G,g
386547669406,2460444.347604,10.398006805110207,0.09881009129203887,13.857690378963978,0.01032912125915676,17.165637360078197,1.59,bm542619,bm,G,g
386547669406,2460446.4095377,15.687211252464548,0.07304780097763218,13.41120125969999,0.0050614339536522255,17.49362274514883,1.59,bm543419,bm,G,g
386547669406,2460446.6322747,16.662821091473553,0.08738007614022496,13.34569429396014,0.005700015808204301,17.29910956443183,1.67,bi753903,bi,G,g
386547669406,2460448.5783666,12.92941633490415,0.10120158339762637,13.621118321730846,0.008507864410508362,17.139672342646364,1.49,bi754579,bi,G,g
386547669406,2460449.5889468,12.961180659755245,0.08279176436827172,13.618454212068073,0.006943121200818265,17.357672766681148,1.46,bE569147,bE,G,g
386547669406,2460450.6156064,16.49528844744278,0.09862634447165278,13.356665836516772,0.00649897991661809,17.167658270071115,1.46,bE569641,bE,B,g
386547669406,2460474.2718775,13.17840276840409,0.06773920160214275,13.600408680647742,0.00558713891605905,17.57554042746085,2.08,bm546897,bm,,g
386547669406,2460475.26815,9.62296689804721,0.10551804915694073,13.941793142604217,0.01191872869432832,17.094323728262818,1.48,bm547923,bm,,g
386547669406,2460476.2845917,15.842237830739924,0.0867420531262916,13.400524300219223,0.005951484970874291,17.30706636795752,1.65,bm548353,bm,,g
386547669406,2460477.2721648,16.3540387769376,0.10226259104671366,13.366003064358061,0.006796791409405078,17.128348630612713,1.50,bm547260,bm,,g
386547669406,2460478.3566194,12.348136439222992,0.10365279865555586,13.671062073481435,0.009124136751299044,17.11368802978003,1.51,bm547592,bm,,g
386547669406,2460485.4018919,10.071990911711902,0.25214173862552663,13.892277309227698,0.027210817563682363,16.14852875355473,1.98,bm549626,bm,,g
386547669406,2460485.8171079,14.22511857043076,0.08405767767541308,13.517425884655022,0.006422937039094867,17.341197143303773,2.21,bE579211,bE,,g
386547669406,2460486.4161311,15.334771794842869,0.10145786442876391,13.435872328802228,0.007191518002221399,17.136926319745285,2.03,bm550042,bm,,g
386547669406,2460486.5235704,15.41691166511302,0.06810618757029989,13.430072162237888,0.004801770053456635,17.569674186081507,1.40,bi760944,bi,,g
386547669406,2460486.796062,11.923018909621536,0.1271863729528429,13.709100040442996,0.011594887050449722,16.891539155260567,1.47,bq644592,bq,,g
386547669406,2460487.4576315,14.94988136405712,0.06539470024002303,13.463471256540771,0.004754632774810087,17.613784228008317,1.57,bm550494,bm,,g
386547669406,2460487.6252922,16.916183158316024,0.08906274053446096,13.329309675329036,0.005722764157959694,17.278400474935815,1.61,bi761414,bi,,g
386547669406,2460488.5102147,13.741995056799368,0.05768252060647782,13.554941152325446,0.0045625392604504295,17.750030036707514,2.01,bm550955,bm,,g
386547669406,2460488.6449802,15.389091459945803,0.07409339009075865,13.43203317042597,0.005233336469961768,17.47819194625606,1.44,bi761872,bi,,g
386547669406,2460488.8337643,19.44224363008896,0.2633429850112747,13.178199669888077,0.014722702814466549,16.101336226404573,1.46,bq645011,bq,,g
386547669406,2460490.8010104,11.872216215510619,0.08811341109047699,13.713736128955107,0.008067191929367648,17.29003557595899,1.59,bi762609,bi,,g
386547669406,2460491.8187276,13.536085540604372,0.043569765267128524,13.571332896768435,0.003498680646312899,18.05467756100981,1.97,bE581515,bE,,g
386547669406,2460493.50473,15.780034086660658,0.07631605663740013,13.404795779783036,0.005256784302231449,17.446100807335153,2.19,bm552024,bm,,g
386547669406,2460493.6650095,9.254031319662527,0.09755194906552019,13.984238209763287,0.011458220053765442,17.179550734139315,1.45,bE582207,bE,,g
386547669406,2460496.5971426,16.810939506016503,0.07647927623201405,13.33608565889816,0.00494497336383399,17.443781188178253,1.47,bE583421,bE,,g
386547669406,2460498.7121194,17.113164093555007,0.08744354498844648,13.316739835523496,0.005554047807265329,17.2983212221132,1.48,bi765615,bi,,g
386547669406,2460499.7746321,10.782580666020515,0.1155891777104037,13.818258832659806,0.011652165139902101,16.995347675899446,1.48,bq647168,bq,,g
386547669406,2460500.7772274,13.976449323548545,0.047821404588585324,13.536573486864047,0.003719098205343831,17.95358479177356,1.47,bi766506,bi,,g
386547669406,2460502.6583936,14.299774149832304,0.07184598909680037,13.511742676566454,0.0054611678192470915,17.51163429132254,2.09,bq647814,bq,,g
386547669406,2460503.7628941,13.567798570015016,0.07544807086799174,13.568792153916526,0.006044368381458729,17.458520262001365,1.50,bq648209,bq,,g
386547669406,2460513.4090507,14.456809484076937,0.3106527820062859,13.499884477774476,0.02335688713128924,15.92195249337147,2.45,bm553583,bm,,g
386547669406,2460514.6205287,12.279885582705813,0.1354254601078213,13.677079821521597,0.01198721161384662,16.8233898120005,1.48,bi771953,bi,,g
386547669406,2460515.5965043,10.059103179170645,0.11496871712851527,13.893667465139316,0.012423174775420105,17.001191398094278,1.40,bi772336,bi,,g
386547669406,2460516.6249197,15.95783360602879,0.06910535850190497,13.392630791463546,0.004707062497655595,17.55386130061954,1.50,bE591314,bE,,g
386547669406,2460517.5973266,16.479936751653288,0.07216320092970864,13.357676770818305,0.004759621536305293,17.50685113924003,1.52,bE591710,bE,,g
386547669406,2460518.6396318,10.16741164433824,0.08798227012209213,13.882039604688547,0.009405825755060819,17.291652702769188,1.49,bE592171,bE,,g
386547669406,2460519.7150872,18.70847948109455,0.11511936883201315,13.219969392415745,0.006688397571641044,16.9997696118989,1.44,bq651755,bq,,g
386547669406,2460520.6054779,15.290251939617123,0.056194131836295166,13.439029018776928,0.003994739807044606,17.778413196370842,1.51,bi774446,bi,,g
386547669406,2460528.3621567,12.766400505344857,0.07064500168960883,13.634894459981954,0.006014854796592325,17.529937011812745,2.27,bm557034,bm,,g
386547669406,2460528.5062128,14.333312529989692,0.03526523542609769,13.509199195966824,0.0026743139491907995,18.28427364273359,1.57,bE594686,bE,,g
386547669406,2460528.6743342,18.443635737036303,0.10342540234303173,13.23544928156026,0.00609526869827003,17.11607256381002,1.56,bq653549,bq,,g
386547669406,2460529.3701176,16.106974851759254,0.0671636005494366,13.382530670761966,0.004532441027106852,17.58480568637314,2.16,bm557437,bm,,g
386547669406,2460529.6960027,14.938105581391222,0.049273409050505534,13.464326810597633,0.0035853310196498752,17.921109084961042,1.49,bq653904,bq,,g
386547669406,2460530.3633661,16.083113787924685,0.07080198195084146,13.3841402858161,0.004785060719479858,17.527527073917398,1.59,bm557830,bm,,g
386547669406,2460530.6915334,9.7880649415047,0.14971236711566013,13.923323516955048,0.016625434628180287,16.714496418730086,1.52,bq654240,bq,,g
386547669406,2460531.6870459,15.90297187127945,0.05812945392874848,13.39636989533437,0.003973105754346284,17.741650003468262,1.48,bq654563,bq,,g
386547669406,2460532.6791433,19.220772553609855,0.11961476549824754,13.190638523338682,0.0067643508652933185,16.9581786284775,1.46,bq654865,bq,,g
386547669406,2460533.6522033,17.86968723525525,0.10717300779978908,13.269773243982792,0.006518994890551338,17.077427063154854,1.41,bq655175,bq,,g
386547669406,2460534.6992845,8.87861417069847,0.10250269872188289,14.029202663068538,0.012548802631756537,17.12580236199707,1.44,bE596893,bE,,g
386547669406,2460535.6846066,13.316699150281039,0.07230663027505378,13.589074151501306,0.005901925278592112,17.504695305278975,1.46,bE597300,bE,,g
386547669406,2460542.2747167,12.028078907007549,0.127006344263052,13.699574951004523,0.011477341915219853,16.89307707264249,1.47,bm560003,bm,,g
386547669406,2460543.6591198,9.719159409684135,0.1643997174216094,13.930993859020578,0.018385884775738638,16.612887944647756,1.40,bq657927,bq,,g
386547669406,2460544.4854639,17.243470642638595,0.0827450441919071,13.308503917335287,0.005215902719930825,17.35828563083819,1.46,bE599840,bE,,g
