# "asas_sn_id":429497394144,"ra_deg":232.24358,"dec_deg":-41.9616,"name":"ASASSN-V J152858.45-415741.5"
asas_sn_id,jd,flux,flux_err,mag,mag_err,limit,fwhm,image_id,camera,quality,phot_filter
429497394144,2457461.7771045,3.4184101687378594,0.0896722461286649,15.125220975252029,0.02851320582881851,17.33071127319763,1.43,bh064726,bh,G,V
429497394144,2457461.7771045,3.385108740307243,0.07531679070796202,15.135849844152506,0.024184179338667282,17.52012687817774,1.50,bg054046,bg,G,V
429497394144,2457464.7494662,3.9549980072518562,0.13245864393046775,14.96691573198695,0.036403757123757936,16.907155632265344,1.42,bh065609,bh,B,V
429497394144,2457468.7374634,3.6305834668141506,0.15370464957092542,15.059840340511318,0.04601747151659613,16.74563888087335,1.49,bh067460,bh,B,V
429497394144,2457468.7374634,3.1508272897324585,0.1541650917380354,15.213719908778003,0.05318309652681648,16.742391279458325,1.50,bg056777,bg,B,V
429497394144,2457479.658968,4.2620739333253885,0.06470671358374092,14.885728956864149,0.016502150227900223,17.684983036629966,1.52,bg060042,bg,G,V
429497394144,2457479.658968,4.4375137368425115,0.07082662266000424,14.84193212833057,0.017348782218717516,17.5868650608559,1.36,bh070725,bh,G,V
429497394144,2457486.7822425,3.717390211242476,0.08757766294904212,15.0341860270032,0.02560751131620267,17.356373014529293,1.48,bh072579,bh,G,V
429497394144,2457486.7822425,3.1843498684438787,0.09037336659400153,15.20222945912441,0.030848344016568437,17.322255241312522,1.49,bg061876,bg,G,V
429497394144,2457522.6972053,3.8440541407266506,0.10428790739895291,14.997807665107636,0.02948876809117739,17.166771510778776,1.40,bh072925,bh,B,V
429497394144,2457522.6972053,3.5499386676350695,0.10052040670368535,15.08422928000443,0.030778366012511785,17.206720800998333,1.48,bg062222,bg,B,V
429497394144,2457529.8695373,3.9826883228938916,0.21917905529439244,14.959340602681259,0.059818415167309236,16.36035876691836,1.53,bh074259,bh,G,V
429497394144,2457529.8695373,2.540052638529396,0.26457528358349625,15.447674612587248,0.11321884657814069,16.155983217939724,1.73,bg063556,bg,G,V
429497394144,2457534.7570212,3.5776480709748943,0.11012077936878298,15.075787361277037,0.03345675620947192,17.107683202657313,1.41,bg064326,bg,G,V
429497394144,2457534.7570212,3.7149252369626966,0.10402039858544422,15.03490620954554,0.030435511732880605,17.169560109747106,1.37,bh075029,bh,G,V
429497394144,2457545.7365035,3.38941274493759,0.09932968449746626,15.134470259102397,0.0318542049881857,17.219658753634157,1.48,bg065181,bg,G,V
429497394144,2457545.7365035,3.742941230165825,0.11022962531387506,15.026748884296433,0.03201087133245451,17.106610565707904,1.43,bh075884,bh,G,V
429497394144,2457546.7378356,3.799643600403986,0.07852948853297993,15.01042424826235,0.0224647753017376,17.47477447148469,1.40,bh076427,bh,G,V
429497394144,2457546.7378356,3.5975714982913285,0.0677960154249076,15.069757819812736,0.020483629345248534,17.634345969106153,1.52,bg065723,bg,G,V
429497394144,2457547.7299932,3.3289632372575606,0.06862296138839295,15.154008906670635,0.022406428099703054,17.621182753981387,1.68,bg066268,bg,G,V
429497394144,2457547.7299932,3.8630585669447384,0.07348721263746098,14.992453173432631,0.02067724412055519,17.54682695631121,1.74,bh076964,bh,G,V
429497394144,2457555.6350337,4.098269055335628,0.10191423508909844,14.928280237379994,0.027030031701781095,17.19176927053852,1.48,bg067934,bg,G,V
429497394144,2457555.6350337,4.467316040218157,0.0802912638416856,14.83466471022588,0.019535916439691936,17.450685658492375,1.39,bh078589,bh,G,V
429497394144,2457559.7343699,3.6036750357400074,0.1918667850313149,15.067917351460306,0.05787171463202758,16.50485689751233,1.56,bg069480,bg,G,V
429497394144,2457559.7343699,3.9772166532426136,0.2033145292774896,14.960833281499513,0.0555650025709092,16.441935355350758,1.44,bh080136,bh,G,V
429497394144,2457561.5941149,4.871149050350545,0.11702408162535337,14.740702858069394,0.026112953516389818,17.041668289721,1.53,bh080910,bh,B,V
429497394144,2457561.5941149,4.225654023702836,0.11142648403728536,14.895046563963632,0.028662011333492398,17.09488532627183,1.66,bg070254,bg,B,V
429497394144,2457568.7621184,3.751957972322965,0.07635928427296376,15.024136492090076,0.022121575627469657,17.50520177109364,1.61,bh083014,bh,G,V
429497394144,2457568.7621302,3.6326553863294997,0.07974930670910853,15.059220903883208,0.02386244215673505,17.45803910302842,1.70,bg072369,bg,G,V
429497394144,2457569.5454898,5.079710479575236,0.08843135777393293,14.695184004075907,0.01892254321286838,17.34584066063137,1.84,bg072634,bg,G,V
429497394144,2457569.5454898,5.336166925939169,0.08940062326442234,14.641707887721601,0.01821056047411862,17.334005027353932,1.81,bh083279,bh,G,V
429497394144,2457585.5355694,5.724213272628576,0.11801394168693138,14.565491888705298,0.022409371814661048,17.032523103376796,1.39,bh085837,bh,G,V
429497394144,2457585.5355694,5.059938167127257,0.12909769758398743,14.69941838012476,0.027732272548715513,16.935060151595053,1.48,bg075192,bg,G,V
429497394144,2457593.6683973,3.968263923983437,0.1244249940539359,14.963280032531694,0.03408154330080859,16.975087322022322,1.40,bh088391,bh,B,V
429497394144,2457593.6683973,3.734269573148379,0.10740316586914206,15.029267239455299,0.03126249171627622,17.13481368609597,1.39,bg077746,bg,B,V
429497394144,2457595.6076453,4.230623922726038,0.07155320647382891,14.893770352382381,0.018383866268585694,17.575783642857864,1.53,bg078092,bg,G,V
429497394144,2457595.6076453,4.639351937573945,0.07486970864788031,14.793638107004927,0.01754126851994724,17.526591035942463,1.45,bh088737,bh,G,V
429497394144,2457601.6293311,3.9841764635354733,0.09985055593091974,14.958934990628228,0.02724106574137054,17.213980175666183,1.39,bh090691,bh,B,V
429497394144,2457601.6293311,4.291457111848253,0.0827270281097008,14.878269462988374,0.020953415211741086,17.418237836204952,1.35,bg080131,bg,B,V
429497394144,2457603.5342268,5.2598330733552645,0.09288526030790031,14.657351500630284,0.019194951257398916,17.292489387347956,1.44,bg080905,bg,G,V
429497394144,2457603.5342268,5.454712602760627,0.08947453317431918,14.617851720837269,0.01782952365156136,17.33310779074232,1.33,bh091468,bh,G,V
429497394144,2457606.5473107,5.407679444454243,0.07785118981550974,14.627254055370349,0.01564827563547629,17.484193257763362,1.36,bh092742,bh,G,V
429497394144,2457606.5473107,4.876086754629797,0.10226499044256321,14.739602844717872,0.022796476744715598,17.188038938425642,1.42,bg082179,bg,G,V
429497394144,2457609.5410192,5.315541476583604,0.10604043366550604,14.645912626388252,0.021683838127973372,17.14867765576235,1.35,bh093975,bh,G,V
429497394144,2457609.5410192,5.03388707145383,0.10757955726100069,14.70502273325737,0.023229424838265445,17.133032012103413,1.40,bg083412,bg,G,V
429497394144,2457612.5560904,5.197604479619024,0.10272233469995017,14.670273334368273,0.021481956171964193,17.183194189689605,1.44,bh095108,bh,G,V
429497394144,2457612.5560904,4.969697668573865,0.09667520753127513,14.718956481407925,0.021144494962156986,17.249068611077416,1.55,bg084555,bg,G,V
429497394144,2457617.5863069,4.39303488424814,0.12910754137911234,14.852869774696325,0.031944723364460324,16.934977366560886,1.40,bh096794,bh,G,V
429497394144,2457617.5863069,4.434555217855309,0.13516208379401284,14.84265623706154,0.03312966041785042,16.885219196994356,1.47,bg086242,bg,G,V
429497394144,2457620.6202761,3.7316965062625673,0.1213667810275119,15.030015614670532,0.03535132450855769,17.00210681007902,2.12,bg087477,bg,G,V
429497394144,2457620.6202761,4.573633939831097,0.13962649315783363,14.809127899485821,0.033183225711123726,16.84993681750403,2.09,bh098030,bh,G,V
429497394144,2457621.5561262,4.970411310518088,0.0996619039946646,14.718800582332968,0.021794606069461934,17.216033443902273,1.36,bg087840,bg,G,V
429497394144,2457621.5561262,4.871073811310029,0.09653929848657415,14.740719628318127,0.02154227674613728,17.25059604706309,1.38,bh098395,bh,G,V
429497394144,2457623.5580842,5.182838917440195,0.08448099058506978,14.673362126559578,0.01771754151386536,17.39545889978678,1.92,bh099219,bh,G,V
429497394144,2457623.5580842,4.776772638961858,0.08627955566226422,14.761944978090133,0.019632947349203164,17.372586644102867,2.05,bg088665,bg,G,V
429497394144,2457629.5517628,4.885373209909784,0.08751858386630824,14.737537038211524,0.019472185935332762,17.357105689302955,2.08,bh100941,bh,G,V
429497394144,2457629.5517628,4.581804789505079,0.07915413715414801,14.807189949829393,0.01877799460147415,17.466172345957027,2.25,bg090386,bg,B,V
429497394144,2457633.5798835,4.448024220580867,0.06922278027087461,14.839363545966442,0.01691585943264403,17.61173379778519,1.49,bg091832,bg,B,V
429497394144,2457633.5798905,4.956515902664859,0.08284407861294482,14.721840144710242,0.01816758249224935,17.41670271340673,1.45,bh102387,bh,G,V
429497394144,2457637.5696314,4.556446237873862,0.07234093511591098,14.813215778666125,0.017257188411299654,17.563896097740972,1.47,bh103871,bh,G,V
429497394144,2457637.5696314,4.522335550526704,0.07975942538845412,14.821374446504018,0.01917041020674564,17.457901352368875,1.54,bg093316,bg,B,V
429497394144,2457640.5524678,4.9802966146401815,0.12535051179646314,14.716643381821834,0.02735791998813454,16.967041114955194,1.58,bh104856,bh,G,V
429497394144,2457640.5524678,4.883561402377077,0.11477338748400268,14.737939773030611,0.02554563601618791,17.06275339409441,1.43,bg094311,bg,G,V
429497394144,2457644.5294176,4.826835966350549,0.1658580188665548,14.750625054155194,0.037349612985924416,16.66301520983699,1.49,bg095861,bg,B,V
429497394144,2457644.5294176,5.493583718486532,0.20556297725872003,14.610142036378697,0.04067254277159444,16.42999414583678,1.69,bh106406,bh,B,V
429497394144,2457648.5340499,5.418213323156144,0.17486766813396784,14.625141154875553,0.03508048520481862,16.605582596810184,1.47,bg097136,bg,B,V
429497394144,2457648.5340499,5.062689335358203,0.18997335633571413,14.69882820864477,0.04078717158953742,16.51562465455495,1.35,bh107681,bh,G,V
429497394144,2457651.5120636,5.349875381989557,0.10040193141527251,14.638922239905327,0.020399079670982954,17.208001225326576,1.94,bg098198,bg,B,V
429497394144,2457651.5120636,5.748853859352659,0.10433587931187663,14.560828232868753,0.019727160794830383,17.166272192418084,1.71,bh108743,bh,G,V
429497394144,2457655.5097738,5.7920880432482,0.10116965512863355,14.552693517570571,0.018985729433507962,17.19973071978879,1.36,bh110267,bh,G,V
429497394144,2457655.5097738,5.505593715691392,0.11313358453745202,14.607771005627612,0.02233569963403411,17.078377524728467,1.47,bg099722,bg,B,V
429497394144,2457656.4878765,5.916154434428828,0.12447632472050243,14.529682648936069,0.02286964521576597,16.974639501462995,1.45,bh110630,bh,G,V
429497394144,2457656.4878765,5.950152692487574,0.11644137604886008,14.523461127735992,0.021271170613215547,17.04708807096957,1.60,bg100085,bg,G,V
429497394144,2457657.4991101,6.072048930198754,0.11752279990944324,14.501443248109656,0.021037737884373547,17.037051069406605,1.50,bh111019,bh,G,V
429497394144,2457657.4991147,5.808757437430131,0.10885522654216936,14.549573300641383,0.020369399082318742,17.120233178770437,1.68,bg100474,bg,G,V
429497394144,2457661.4929255,6.258653693384593,0.11212793886555004,14.468579100411276,0.019473548208603007,17.088071796102536,1.37,bh112530,bh,G,V
429497394144,2457661.4929255,5.457635711155891,0.1258305513284211,14.617270044996326,0.025060730623863908,16.962891144988344,1.39,bg101985,bg,G,V
429497394144,2457761.8687261,2.5890167855505872,0.23582535751285577,15.426944239178784,0.09900743470288022,16.280880139915283,1.44,bh138402,bh,G,V
429497394144,2457761.8687261,3.756764682790312,0.19515630223379093,15.022746423357276,0.05646518570706867,16.48639994210284,1.69,bg128237,bg,G,V
429497394144,2457768.8763552,1.5309803352991476,0.3846186452680586,15.74978055910049,99.999,15.74978055910049,1.59,bg130484,bg,G,V
429497394144,2457768.8763552,3.020809658173338,0.2686774421284517,15.259473001636081,0.0966762990761567,16.139278381021526,1.47,bh140649,bh,G,V
429497394144,2457774.866357,2.889014450715244,0.12327435113654368,15.307907119091169,0.046380474108688646,16.985174580504946,1.37,bg132224,bg,G,V
429497394144,2457774.866357,3.4171115986311666,0.13548202764369338,15.12563349814178,0.043095775269600387,16.88265217433821,1.38,bh142389,bh,G,V
429497394144,2457775.8461005,3.3483945522798635,0.11353978482698074,15.14768983782826,0.036857308082321016,17.074486226566272,1.51,bg132532,bg,G,V
429497394144,2457775.8461005,3.3197769617927877,0.09487391566723896,15.15700913766388,0.031063478831343968,17.26948933044118,1.43,bh142697,bh,G,V
429497394144,2457778.8410089,3.1574210646121523,0.10189955657396343,15.211450149466685,0.03507938450838216,17.19192565833948,1.40,bh143390,bh,G,V
429497394144,2457778.8410089,3.163888836137312,0.10371271519168554,15.209228364339957,0.0356305856505709,17.172776383151202,1.47,bg133226,bg,G,V
429497394144,2457780.832381,3.3149008515406875,0.09107852997604628,15.158605046475506,0.029864664610365126,17.313816362656564,1.44,bg133863,bg,G,V
429497394144,2457780.832381,3.1309954416040693,0.13893859499626549,15.22057531618984,0.04823392903922336,16.855299136682873,1.37,bh144037,bh,G,V
429497394144,2457782.8258568,3.561817008355238,0.08601320916866158,15.0806023959683,0.026248574377143907,17.37594351473827,1.48,bg134512,bg,G,V
429497394144,2457782.8258568,3.568158152414796,0.10667463955269552,15.078671165818117,0.03249595175244749,17.14220343348086,1.41,bh144687,bh,G,V
429497394144,2457784.8206607,3.4252910541245356,0.08857183311291546,15.123037703756319,0.028106730237871642,17.344117310982515,1.39,bg135169,bg,G,V
429497394144,2457784.8206607,3.6981401633947657,0.09455349668411211,15.039822986137217,0.027791142394043414,17.2731624083569,1.46,bh145344,bh,G,V
429497394144,2457786.8156968,3.1130909006053717,0.09917056702652444,15.226801899425748,0.03462606715823385,17.22139940267301,1.42,bg135740,bg,G,V
429497394144,2457786.8156968,3.609612077108274,0.08877167627422579,15.066130076916135,0.026731668226599354,17.341670341842235,1.41,bh145915,bh,G,V
429497394144,2457790.8391874,3.190618366364143,0.08431434643412039,15.200094252458493,0.028723594679602636,17.397602698898474,1.53,bg136849,bg,G,V
429497394144,2457790.8391874,3.462866887519253,0.09280345130188505,15.11119191050253,0.02913000121259293,17.29344607453355,1.49,bh147024,bh,G,V
429497394144,2457794.7911215,3.655879605432296,0.16167678114889236,15.052301691483228,0.0480693159103084,16.690737258304264,1.46,bg137920,bg,G,V
429497394144,2457794.7911215,4.061285174304331,0.16544027835133235,14.938122690162478,0.04427819810587932,16.665753263402326,1.39,bh148095,bh,B,V
429497394144,2457796.8474065,3.4376528041882963,0.162128044651944,15.119126375209655,0.05126350609827052,16.687711031384186,1.46,bg138555,bg,G,V
429497394144,2457796.8474065,2.953446035321033,0.16780755971869502,15.28395880467064,0.061758203553408664,16.650327589004238,1.31,bh148730,bh,B,V
429497394144,2457799.7795694,3.5964666191614976,0.1154341741210123,15.070091320209311,0.034887555392258296,17.056520393398877,1.39,bg139541,bg,G,V
429497394144,2457799.7795694,3.2425339354034524,0.14875406846992173,15.182570079572464,0.04986507715253638,16.781184262047347,1.35,bh149716,bh,G,V
429497394144,2457801.823776,4.114336858716794,0.1060774275267312,14.924031788518878,0.02802433432624946,17.14829894578793,1.47,bh150447,bh,G,V
429497394144,2457801.823776,3.101649685355473,0.10359497131669163,15.230799541961328,0.03630430290813159,17.174009707432315,1.38,bg140272,bg,G,V
429497394144,2457803.8303152,3.5653705812959005,0.0985438899473186,15.079519712772688,0.03004257801915471,17.228282139348508,1.49,bg140975,bg,G,V
429497394144,2457803.8303152,3.583212728050847,0.11279547038030797,15.07409992423835,0.03421615780517759,17.081627244477428,1.31,bh151150,bh,G,V
429497394144,2457805.8527876,3.246750023810695,0.09425355179491506,15.181159273542384,0.03155448127180279,17.2766120814726,1.45,bg141695,bg,G,V
429497394144,2457805.8527876,3.6637021797069136,0.10593199917949958,15.049980997326859,0.03142817612381158,17.14978847244724,1.40,bh151870,bh,G,V
429497394144,2457807.7638267,3.2803809938151955,0.09301729584323261,15.169970687080417,0.03082134561258701,17.290947119311436,1.39,bg142317,bg,G,V
429497394144,2457807.7638267,3.763554736816547,0.08970897354662528,15.020785812622407,0.025908950626159194,17.330266674950206,1.34,bh152493,bh,G,V
429497394144,2457812.7596516,3.560567369216017,0.10849142284990147,15.080983385928498,0.03311985068419686,17.123867881307756,1.30,bh153125,bh,G,V
429497394144,2457812.7596516,3.201866138758873,0.1106867557522325,15.196273476262709,0.03757549061113194,17.10211724770939,1.43,bg142950,bg,G,V
429497394144,2457817.8487868,3.453276973938314,0.09088346968001894,15.114202872465405,0.028606561487106982,17.316144146556848,1.48,bg144062,bg,G,V
429497394144,2457817.8487868,3.4068472419080016,0.10102811160288509,15.12889975234351,0.03223307562338601,17.201250805376688,1.37,bh154221,bh,G,V
429497394144,2457821.7323808,3.4100826480571,0.12854309561015595,15.12786914240219,0.04097283571047808,16.93973450742847,1.65,bg145125,bg,G,V
429497394144,2457821.7323808,3.553264405203976,0.14242845707196347,15.08321259107891,0.04356938371061789,16.828364469676792,1.40,bh155286,bh,B,V
429497394144,2457822.8844943,3.6423012507168178,0.08290953307685042,15.05634174711262,0.024742340484465136,17.41584522035792,1.40,bh155567,bh,B,V
429497394144,2457822.8844943,3.1192336013314774,0.095217774356591,15.224661653124102,0.033180452011738554,17.265561328796156,1.49,bg145595,bg,G,V
429497394144,2457823.7423797,3.343719089896952,0.1411813316608257,15.149206942850824,0.04589439635052566,16.83791320876948,1.86,bg145857,bg,G,V
429497394144,2457823.7423797,4.039934643528676,0.17357406208677714,14.94384555621105,0.04670062152916013,16.613644325651343,1.40,bh155829,bh,B,V
429497394144,2457826.7101319,3.6859275534213998,0.17717456843126353,15.043414417148284,0.052247649974541045,16.59135293476851,1.33,bh156891,bh,B,V
429497394144,2457826.7101319,3.574842951780612,0.1870746039390818,15.076638986148527,0.05688136892896683,16.53231930757956,1.51,bg146920,bg,G,V
429497394144,2457828.8057047,3.7203818588058715,0.12492678374762514,15.03331260947547,0.03649893679944982,16.970717495764404,1.38,bh157716,bh,B,V
429497394144,2457828.8057047,3.4746011807029156,0.13769582344227296,15.107518997280774,0.04307526692215656,16.86505447483352,1.43,bg147744,bg,G,V
429497394144,2457831.8347606,2.733133530073789,0.159324997087082,15.36812927922096,0.06336292857787898,16.706646595647555,1.51,bg148888,bg,G,V
429497394144,2457832.8517836,3.488103017287325,0.10356556427654856,15.103308147367136,0.03227291882151276,17.174317954254338,1.51,bg149281,bg,G,V
429497394144,2457833.8013485,3.837384140071336,0.09581310848842284,14.999693213816773,0.027139499028016,17.258794067882054,1.60,bh159136,bh,G,V
429497394144,2457833.8013485,3.3411833665807276,0.08238660185964221,15.150030627791523,0.026802077099679467,17.422714918182223,1.55,bg149551,bg,G,V
429497394144,2457834.7409612,3.305227164481472,0.14520724216180922,15.16177812099125,0.04775283241274369,16.807385700692446,1.66,bh158029,bh,G,V
429497394144,2457834.7409612,3.225545680410339,0.09842219126263209,15.188273412558575,0.03316668039349063,17.229623818931493,1.48,bg149888,bg,G,V
429497394144,2457836.7908301,3.1989470900302583,0.09376820352137964,15.197263762026266,0.031861096004673725,17.282217404771995,1.44,bg150675,bg,G,V
429497394144,2457838.7137545,3.0323832976018057,0.09297889859088364,15.255321164827784,0.03332824721973961,17.291395400393288,1.45,bg151916,bg,G,V
429497394144,2457838.7137545,3.4316116346722993,0.09713433453813622,15.121036075502017,0.030767117509525526,17.243924470689723,1.48,bh160548,bh,G,V
429497394144,2457839.7442045,3.956242914804784,0.14124757359794934,14.966574030545605,0.0388070132720085,16.837403903458387,1.41,bh160349,bh,G,V
429497394144,2457839.7442115,3.2139782723776205,0.1495155206424906,15.192174063382094,0.05056564061441238,16.77564069999367,1.48,bg151737,bg,G,V
429497394144,2457843.6651689,3.723119922936415,0.103127257510545,15.032513841481927,0.030107771825880023,17.17892272217856,1.48,bh161257,bh,G,V
429497394144,2457843.6651689,3.439747446147643,0.08717348933669003,15.11846501231123,0.027546729590101623,17.36139531853896,1.52,bg152625,bg,G,V
429497394144,2457845.8447284,3.637602592541069,0.08527585638979066,15.057743277713415,0.025481383931228865,17.38529116982861,1.51,bh162171,bh,G,V
429497394144,2457845.8447284,3.449316340265608,0.08175850043010027,15.11544884007451,0.025763927249208427,17.43102410050004,1.52,bg153539,bg,G,V
429497394144,2457849.7717131,3.6804080333327134,0.08554092761397425,15.045041479571415,0.025263304585668136,17.38192150498421,1.47,bh163444,bh,G,V
429497394144,2457849.7717131,3.490645465610785,0.07951817246812413,15.102517051851258,0.0247612646464744,17.461190417924172,1.42,bg154812,bg,G,V
429497394144,2457850.640649,3.822706464320232,0.08700896147504468,15.003854027125909,0.024740313965452804,17.363446431132385,1.61,bg155109,bg,G,V
429497394144,2457850.640649,3.2205784668184383,0.11926429467260005,15.189946692370679,0.04025211751262333,17.021080283403407,1.45,bh163741,bh,G,V
429497394144,2457852.8123214,3.4291618891712217,0.09896907179143358,15.121811433407874,0.031370661844187894,17.223607650841263,2.23,bg156035,bg,G,V
429497394144,2457852.8123214,3.853279482128397,0.13019596939241876,14.995205129619947,0.036726471228365004,16.92586254480401,2.08,bh164668,bh,G,V
429497394144,2457853.8371591,3.553109548131167,0.13769541431456786,15.08325991026916,0.042123364499558606,16.865057700824046,1.56,bh165092,bh,G,V
429497394144,2457853.8371591,2.776247155868183,0.15412231130015208,15.35113608790967,0.06034198038136158,16.742692610424857,1.56,bg156458,bg,G,V
429497394144,2457855.7532389,3.4640324955120176,0.15143768948166245,15.110826510995404,0.04751866053002136,16.761771456478744,1.60,bh165844,bh,G,V
429497394144,2457855.7532389,3.498668794830702,0.13466140293571668,15.100024325807295,0.041836223641340965,16.889248556820572,1.49,bg157211,bg,G,V
429497394144,2457864.8939073,4.415021961191974,0.0684825771990769,14.847449234053085,0.016860071040721014,17.623406154315933,1.49,bh168156,bh,G,V
429497394144,2457864.8939143,4.101408684301548,0.078773557835311,14.92744878787365,0.020876591195950804,17.471405241240515,1.52,bg159522,bg,G,V
429497394144,2457866.8092585,3.5844539731742886,0.10358282889068438,15.073723884213292,0.03141065061667156,17.1741369746543,1.46,bh168696,bh,B,V
429497394144,2457866.8092585,3.6917206106085207,0.07250245734336715,15.041709339032025,0.021346961800149864,17.56147457750537,1.45,bg160289,bg,B,V
429497394144,2457869.6941301,3.6123186921160615,0.08593094708206726,15.065316258523856,0.025856855751384,17.376982397762344,1.40,bh169628,bh,G,V
429497394144,2457869.6941301,3.3022384540946597,0.08356574783726405,15.162760328536812,0.02750629182853009,17.407285633496386,1.45,bg161221,bg,G,V
429497394144,2457871.7005245,3.8693308755287514,0.0832569879278963,14.99069173240294,0.023388210757813877,17.411304656364308,1.56,bh170482,bh,G,V
429497394144,2457871.7005245,3.287176415831749,0.08923463752798529,15.167723873574953,0.029506834728713113,17.336022733987992,1.42,bg162075,bg,G,V
429497394144,2457874.804515,3.597539992961904,0.09394885094085806,15.069767328067567,0.028385595834888186,17.280127711805818,1.58,bh171830,bh,G,V
429497394144,2457874.804515,3.3194109578633517,0.08051912951021997,15.157128846195251,0.026366362603751515,17.44760871593196,1.50,bg163424,bg,G,V
429497394144,2457878.7684699,3.50045289969126,0.09769417031233758,15.099470808561364,0.03033587898476068,17.237684771399493,1.38,bg164930,bg,B,V
429497394144,2457878.7684699,4.070934083637874,0.08328219532771618,14.93554622861277,0.022236696418164288,17.410975981919215,1.55,bh173336,bh,B,V
429497394144,2457879.7950208,3.294348042664797,0.1263499582790126,15.165357705058662,0.04168864655288456,16.958418636549133,1.47,bg165376,bg,B,V
429497394144,2457879.7950208,3.96238492847895,0.09874342628108575,14.964889746832453,0.027087174293360272,17.226085912041576,1.39,bh173785,bh,B,V
429497394144,2457882.6725518,3.0185226621019803,0.17516945803127357,15.260295302652757,0.06307773905663293,16.603710427977624,1.58,bg166016,bg,G,V
429497394144,2457882.6725518,2.9337947125905672,0.18044217217939376,15.291207100677504,0.06685293793919891,16.571511277342225,1.43,bh174426,bh,G,V
429497394144,2457883.5573934,4.125279849100344,0.16669062605166185,14.921147866061181,0.04392076894835293,16.657578449423426,1.64,bg166356,bg,G,V
429497394144,2457883.5573934,4.393556262932608,0.19545118479647994,14.85274092388142,0.04835420950188763,16.484760625162345,1.69,bh174767,bh,G,V
429497394144,2457888.8112954,3.332148409740577,0.11955186203622403,15.152970564264725,0.03899816579191546,17.018465531929316,1.46,bh175685,bh,G,V
429497394144,2457888.8112954,3.386602483090716,0.13072786336797831,15.13537084834379,0.04195812894200837,16.921435985986612,1.35,bg167274,bg,G,V
429497394144,2457890.6800308,3.0798784634040794,0.10405815327077232,15.238447457189894,0.03672439990141144,17.169166108262147,1.62,bg168032,bg,G,V
429497394144,2457890.6800308,3.81621728809618,0.0967821893398642,15.005698667938836,0.027566048772772456,17.24786778819285,1.53,bh176442,bh,G,V
429497394144,2457893.5992443,3.8650607576800726,0.07881485614223864,14.991890591275832,0.022164806005574515,17.470836175699194,1.94,bg168487,bg,G,V
429497394144,2457893.5992443,4.014175542877931,0.07422158535054005,14.950790503049483,0.02009768516320222,17.536030827401493,1.43,bh176893,bh,G,V
429497394144,2457895.6444733,3.5726304244003244,0.08962561363673255,15.077311173656224,0.027268184414476638,17.331276038287594,1.44,bg169403,bg,G,V
429497394144,2457895.6444733,3.7454655198796627,0.06955273552470757,15.026016896056769,0.020184620331468638,17.606570854768258,1.64,bh177805,bh,G,V
429497394144,2457901.6546644,3.3399518990794155,0.09104032994788577,15.15043087380156,0.029628235186683977,17.31427183612287,1.56,bg170330,bg,G,V
429497394144,2457901.6546644,3.7201119536763994,0.09239733216679101,15.033391379992167,0.026997005477412704,17.29820781416477,1.41,bh178732,bh,G,V
429497394144,2457903.6428498,3.9058126541055547,0.07704080678582449,14.980502884223593,0.021439842304743863,17.495554338292386,1.48,bh179442,bh,G,V
429497394144,2457903.6428498,3.8433761696454116,0.06168248294152253,14.99799917194955,0.017444604470380588,17.736951775407462,1.41,bg171039,bg,G,V
429497394144,2457905.6129149,4.405522892995205,0.0658200722605186,14.849787748602985,0.016239515386168118,17.6664605068057,1.57,bh180230,bh,G,V
429497394144,2457905.6129149,3.747296465986539,0.06710929035540869,15.025486270762515,0.019466002085290687,17.64539977765095,1.68,bg171826,bg,G,V
429497394144,2457906.7414815,3.5445970339472406,0.08216814673216548,15.085864230176592,0.025196997603500918,17.425597664288116,1.78,bg172365,bg,G,V
429497394144,2457906.7414815,3.739640266546973,0.08872265263077843,15.027706836026233,0.0257879525915113,17.342270098986724,1.58,bh180769,bh,G,V
429497394144,2457911.7254783,3.7020378397962683,0.18773947938891566,15.038679270736576,0.05512224897218259,16.52846737064966,1.47,bg174378,bg,G,V
429497394144,2457911.7254783,4.000663128718371,0.1700610458660171,14.95445144540099,0.04620458082834427,16.635844279587534,1.50,bh182780,bh,G,V
429497394144,2457913.5491409,3.8523239500069337,0.16473425492507238,14.995474402710247,0.04648076721178176,16.670396603735362,1.46,bg174704,bg,G,V
429497394144,2457913.5491409,4.083240045754103,0.15884989839738498,14.932269124509885,0.0422857659862973,16.709889040220855,1.43,bh183106,bh,G,V
429497394144,2457915.7140487,3.335265360214,0.13184219878803433,15.151955422159935,0.04296711725626707,16.912220300362087,1.71,bg175726,bg,G,V
429497394144,2457915.7140487,3.5081822867789234,0.1438521787476617,15.09707602595942,0.044570393176381576,16.817565283708554,1.61,bh184128,bh,G,V
429497394144,2457917.6344999,3.9382265881764633,0.11667535249806466,14.971529654745284,0.03220257455595156,17.044908589566838,1.52,bh184940,bh,G,V
429497394144,2457917.6344999,3.61781104050667,0.11325550053654014,15.06366670509552,0.03402715165405138,17.077208134190915,1.48,bg176539,bg,G,V
429497394144,2457923.6467345,3.6263122012700615,0.07844530199891281,15.06111842645577,0.023513318179733823,17.475939045445177,1.42,bg178773,bg,G,V
429497394144,2457923.6467345,3.6635473226341047,0.08618556733402245,15.05002689010845,0.025570835106927568,17.373770031666986,1.44,bh187172,bh,G,V
429497394144,2457928.6210236,4.247707253915074,0.10531233819405789,14.889394959186488,0.026948639813659997,17.156158255464103,1.66,bh189013,bh,B,V
429497394144,2457928.6210237,3.354534879474004,0.10416600967602443,15.145700624760606,0.03375249554079754,17.168041324155315,1.51,bg180616,bg,B,V
429497394144,2457932.6104017,3.4208802405557517,0.08186697414507779,15.124436728244767,0.026012556770354685,17.429584546455356,1.75,bg181443,bg,G,V
429497394144,2457932.6104017,3.9969903090796968,0.06465689958098302,14.955448666289993,0.017583039547364645,17.685819204817424,2.10,bh189838,bh,G,V
429497394144,2457934.4908109,4.499952748505595,0.0965667248127623,14.8267615207292,0.02332554077441762,17.250287638707956,2.43,bg182249,bg,G,V
429497394144,2457934.490816,4.549759119341604,0.07726067611218274,14.814810394143434,0.01845789932418758,17.49246013277954,1.52,bh190645,bh,G,V
429497394144,2457935.7437907,3.610397110906679,0.09246788857094256,15.065893972058635,0.027838648061734268,17.297379041225447,1.53,bh191280,bh,G,V
429497394144,2457935.743796,3.447561508965956,0.0755178913810624,15.116001346283275,0.02380948514802658,17.517231756075386,1.52,bg182874,bg,G,V
429497394144,2457939.6724026,4.889225926492424,0.49409926137338545,14.736681139358039,0.10984651202681965,15.477820882014031,1.69,bh192717,bh,B,V
429497394144,2457941.714607,3.212329458839083,0.3826716517418237,15.192731203397118,0.12948467860322815,15.755290666310778,1.59,bg184714,bg,B,V
429497394144,2457941.7146101,2.8574055895975703,0.3772089427078889,15.319851679634489,0.14349020728009654,15.77090144304015,1.65,bh193130,bh,B,V
429497394144,2457942.7225061,3.473999490349721,0.1618109220953918,15.107707028521329,0.05062793979929538,16.689836811770796,1.55,bg185164,bg,G,V
429497394144,2457942.7225067,3.795176232612047,0.18771915055135716,15.011701535575998,0.0537636574538448,16.528584942883718,1.45,bh193581,bh,G,V
429497394144,2457944.6096323,3.7368846864493253,0.15470160223154197,15.028507163245472,0.04499842237006305,16.738619364491324,1.54,bh194371,bh,G,V
429497394144,2457944.6096325,3.961534981910438,0.11813790768646774,14.965122666340855,0.03241439740171012,17.031383206428494,1.53,bg185954,bg,G,V
429497394144,2457946.5821428,3.8306939136486076,0.09279147156590455,15.001587775358116,0.02632951038478169,17.293586238207148,1.69,bg186819,bg,G,V
429497394144,2457946.5821428,3.9648251017416705,0.1022187973398495,14.964221318840561,0.028023276074415633,17.188529476335013,1.61,bh195237,bh,G,V
429497394144,2457949.5497472,4.16575709002955,0.0801235830276718,14.910546549138331,0.020906368094644894,17.452955488255377,1.58,bh196492,bh,B,V
429497394144,2457949.5497472,3.7033691143167196,0.0978989464883936,15.038288903814177,0.028733808343752637,17.235411347946908,1.60,bg188073,bg,B,V
429497394144,2457952.6763661,3.4618537316947986,0.08391253893079384,15.111509618617562,0.026346948344886385,17.402789239472618,1.51,bg189092,bg,G,V
429497394144,2457952.6763715,3.818619364130449,0.08664108971132611,15.005015478206865,0.02466208033116072,17.36804662891357,1.39,bh197511,bh,G,V
429497394144,2457955.6128247,3.446734728664722,0.08406017050605592,15.116261754388699,0.026509075325752664,17.400880727214435,1.53,bg190263,bg,B,V
429497394144,2457955.6128247,3.761020494848673,0.09167075716404266,15.021517154465755,0.026493375265754685,17.306779347514897,1.52,bh198679,bh,B,V
429497394144,2457959.6300532,3.7942566443390673,0.08682772016786632,15.011964646220106,0.024873899040280256,17.36571039888006,1.52,bh200061,bh,G,V
429497394144,2457959.6300588,3.476369462017038,0.08152107038223534,15.106966588938677,0.02548919500049707,17.43418171023013,1.51,bg191643,bg,G,V
429497394144,2457964.5971514,3.8887838140842352,0.21166981326628578,14.985246903398124,0.05916396873279866,16.398209077001745,1.44,bg193786,bg,B,V
429497394144,2457964.5971514,4.951915174668829,0.2418464090577354,14.72284841277479,0.053085830898158604,16.253507285287697,1.39,bh202202,bh,B,V
429497394144,2457966.569685,3.735605871644823,0.10447505924183367,15.028878781124462,0.030399311625450367,17.164824828478675,1.37,bg194610,bg,G,V
429497394144,2457966.569685,3.958367402569464,0.0970062714287172,14.96599115072068,0.026637648468557002,17.245356863195813,1.39,bh203037,bh,G,V
429497394144,2457969.6027282,3.9220687231282,0.10773793623544163,14.975993406573942,0.029858337703074465,17.131434763177253,1.51,bg195855,bg,G,V
429497394144,2457969.6027286,4.3028683504178025,0.11302257142044653,14.875386257740612,0.02855086679499557,17.079443433984892,1.42,bh204283,bh,G,V
429497394144,2457972.6455877,3.692715786854669,0.15164826898032532,15.041416696823752,0.04463789917583,16.76026275034384,1.50,bh205594,bh,G,V
429497394144,2457972.6455877,3.407267243557635,0.16362658464188606,15.128765909274504,0.0521987183842656,16.677721729915216,1.46,bg197166,bg,G,V
429497394144,2457973.5038387,4.326381498538358,0.11859784157630696,14.86946937276663,0.029796423965178,17.027164430803413,1.43,bg197365,bg,G,V
429497394144,2457973.5038412,4.256571607158405,0.1267896220591788,14.887131544994453,0.03237695011504013,16.954647125484648,1.49,bh205793,bh,G,V
429497394144,2457979.6093037,3.6165366911945194,0.08966832470556764,15.064049215655235,0.02694997414776579,17.330758754155358,1.48,bg198856,bg,G,V
429497394144,2457979.6093037,4.000789801007749,0.08912425526386593,14.954417068471715,0.024213766611732683,17.337366609069772,1.39,bh207284,bh,G,V
429497394144,2457982.6151645,3.6114709805976526,0.0986450627830129,15.065571080752258,0.029689535069064243,17.227168009791356,1.51,bg200109,bg,G,V
429497394144,2457982.6151645,3.9076518306515142,0.08444990780534786,14.979991751011516,0.0234906747139718,17.395858444215786,1.43,bh208539,bh,G,V
429497394144,2457988.5729562,3.3233806900752576,0.22791993233452043,15.155831174153986,0.07454429088583837,16.317900625434618,1.39,bg201489,bg,B,V
429497394144,2457988.5729581,4.240812292509516,0.15439241907804446,14.891158779328242,0.039572099694291006,16.740791463803973,1.41,bh209909,bh,B,V
429497394144,2457994.5072911,4.6293965784341085,0.09511303657484074,14.79597043870804,0.02233201102040929,17.26675627576848,1.59,bh209978,bh,G,V
429497394144,2458000.4710117,4.649738043471589,0.13294013543857366,14.791210188678882,0.03107705119403978,16.90321610143986,1.66,bg203289,bg,G,V
429497394144,2458000.4710117,5.2144010978016375,0.15375069893266682,14.666770318131384,0.03204976406538207,16.745313646917488,1.52,bh211713,bh,G,V
429497394144,2458002.5112902,4.72547607680241,0.39447086734586007,14.773667482397006,0.09073639881546322,15.72231905617026,2.17,bh212387,bh,B,V
429497394144,2458002.511294,4.486408979523132,0.33688904512584866,14.830034251543351,0.08162067844758364,15.8936391713499,2.23,bg203945,bg,B,V
429497394144,2458005.5370158,4.313016329463166,0.06920066502864987,14.872828648450557,0.017439793503155644,17.612080723399025,1.60,bh213304,bh,G,V
429497394144,2458005.5370158,3.5139618568715654,0.10178361492981107,15.095288796934756,0.03148422451934034,17.193161715823877,1.52,bg204861,bg,G,V
429497394144,2458010.5496866,4.23118324787503,0.07935472563551663,14.893626818134166,0.02038558282808075,17.463424407590654,1.63,bh214446,bh,G,V
429497394144,2458010.5496936,3.9222977294039816,0.08151484498899393,14.975930013205897,0.02258958867786027,17.434264626130215,1.65,bg206003,bg,G,V
429497394144,2458013.5311431,4.661511467175726,0.08901857592260799,14.788464512243673,0.020757070391512377,17.338654787769908,1.74,bh215577,bh,G,V
429497394144,2458013.5311473,3.8397151548244546,0.09460013793689392,14.999033884793702,0.026779652328827296,17.27262696955438,1.80,bg207133,bg,G,V
429497394144,2458017.5131335,4.416776583387639,0.07796998264219614,14.847017825465365,0.019188197440545927,17.482537799833583,1.45,bh217000,bh,G,V
429497394144,2458017.5131363,4.243245139392469,0.08756855597104288,14.890536098485953,0.022431702596760902,17.356485923341136,1.41,bg208557,bg,G,V
429497394144,2458021.5039083,4.406365569881179,0.09700864838755761,14.849580091683436,0.023929967080057162,17.245330259568906,1.47,bg209802,bg,G,V
429497394144,2458021.5039083,4.315108181796409,0.08180280709550876,14.872302184129198,0.020605762572565415,17.43043587639435,1.47,bh218254,bh,G,V
429497394144,2458029.486562,4.416127377952325,0.15117610990737865,14.847177425490408,0.03720949251041979,16.763648479175885,1.67,bh220450,bh,G,V
429497394144,2458029.486562,4.372897977993621,0.17624779297726784,14.857858041655225,0.0438093202683561,16.597047175316867,1.78,bg211989,bg,G,V
429497394144,2458126.8685951,5.196586753842832,0.2510534966435591,14.670485949607004,0.052512206263146455,16.21294070728962,1.50,bg236324,bg,G,V
429497394144,2458126.8685955,5.642019198901124,0.25823598103303297,14.581195005373342,0.04975014685987364,16.182314508422905,1.46,bh244308,bh,G,V
429497394144,2458127.8648238,5.724027488922762,0.1521741930068844,14.565527127673427,0.028896914253001085,16.75650387535355,1.54,bg236644,bg,G,V
429497394144,2458127.8648251,5.632905720834749,0.1747842650638604,14.582950198478976,0.03372733474054845,16.60610056182581,1.47,bh244627,bh,G,V
429497394144,2458134.8768299,4.827241049139287,0.35043659367749824,14.75053393968631,0.07890829090080757,15.850832768070308,1.48,bg238529,bg,G,V
429497394144,2458134.8768307,5.678367219183676,0.29859807016869616,14.574222717369185,0.05715782499097373,16.024638902265668,1.59,bh246501,bh,G,V
429497394144,2458135.8584128,6.217134481904635,0.133495712469048,14.475805750445394,0.023339375352870038,16.898688099854958,1.43,bh246812,bh,G,V
429497394144,2458135.8584185,6.050816952255088,0.12239879488804227,14.50524636709915,0.02198747200689718,16.992913539023387,1.34,bg238841,bg,G,V
429497394144,2458137.8546683,5.986830486358153,0.10926188321081183,14.516789000710107,0.019837360821240782,17.116184689588408,1.41,bg239492,bg,G,V
429497394144,2458137.8546715,6.224288958286451,0.12173435040418411,14.474557038844601,0.0212586444778316,16.99882353713179,1.46,bh247463,bh,G,V
429497394144,2458138.8505061,6.180900315408262,0.11193899672876154,14.4821520559796,0.01968529119098498,17.08990286829169,1.37,bh247786,bh,G,V
429497394144,2458138.8505129,5.912462982822471,0.11645373838409197,14.530360317787103,0.021409038971617354,17.046972806765922,1.42,bg239815,bg,G,V
429497394144,2458139.8523747,6.307971889217774,0.11277035097451496,14.460057031327905,0.019431993452615075,17.08186906345745,1.41,bh248114,bh,G,V
429497394144,2458139.8523755,5.929844752992768,0.11653006290821478,14.527173095980343,0.021360274532116353,17.046261441412142,1.38,bg240142,bg,G,V
429497394144,2458140.8460599,6.082232230170014,0.12018360409544589,14.499623908914863,0.02147802769346198,17.01274333467164,1.43,bg240465,bg,G,V
429497394144,2458140.8460615,6.2480171223604595,0.11610755923049502,14.47042587693716,0.020199027348555016,17.05020515472627,1.43,bh248428,bh,G,V
429497394144,2458141.841751,5.589603297247303,0.106401852974453,14.591328938436892,0.020690947436764553,17.14498341565971,1.36,bg240793,bg,G,V
429497394144,2458141.8417526,5.676283217188416,0.11612140326478221,14.574621263578093,0.02223619078941475,17.05007570515976,1.35,bh248754,bh,G,V
429497394144,2458142.8453401,6.169725128395669,0.10924961861316773,14.484116864725676,0.019247143588708653,17.11630656983363,1.36,bh249088,bh,G,V
429497394144,2458142.8453424,5.832986847320217,0.10453133689173105,14.545053911643002,0.01947904587043203,17.164240131697916,1.34,bg241127,bg,G,V
429497394144,2458143.8371944,5.68648985083817,0.09760086986330536,14.572670733615672,0.01865613142872222,17.23872217289264,1.48,bh249413,bh,G,V
429497394144,2458143.8371978,5.210213200855417,0.1008126274632357,14.667642667256377,0.02103156601669019,17.203569059084405,1.47,bg241452,bg,G,V
429497394144,2458144.8329039,5.245211683938237,0.09526521277729583,14.660373854646263,0.019741652112961115,17.26502053916769,1.49,bh249741,bh,G,V
429497394144,2458144.8329077,5.030816512268099,0.10185792472581544,14.705685210269735,0.022007388920178204,17.19236933486263,1.42,bg241781,bg,G,V
429497394144,2458146.8474841,5.66268830234442,0.10394492664893043,14.577224762192408,0.01995229295526895,17.170348150901766,1.60,bg242461,bg,G,V
429497394144,2458146.8474845,5.619777105399857,0.10869319037116075,14.58548367778943,0.021023035242633492,17.121850552708374,1.77,bh250421,bh,G,V
429497394144,2458147.8315276,5.194405028991345,0.08626526770830427,14.670941878693348,0.0180514601406277,17.372766457656688,1.69,bh250745,bh,G,V
429497394144,2458147.8315301,4.814816400478446,0.09086331835190337,14.75333207658177,0.02051261528054237,17.31638491038916,1.63,bg242785,bg,G,V
429497394144,2458149.82808,4.9764650037954965,0.2644436363520376,14.717479018745044,0.05775962152773742,16.15652359244436,1.41,bg243454,bg,G,V
429497394144,2458149.8280823,5.49913628005862,0.21650481096775562,14.60904519817278,0.042794232454772145,16.37368751546925,1.47,bh251414,bh,G,V
429497394144,2458150.8197149,4.5389359236497775,0.17988717861062548,14.81739627493556,0.04307827765298018,16.574855867985224,1.61,bh251743,bh,G,V
429497394144,2458150.8197173,4.191207033408678,0.14925883708594456,14.903933618904468,0.03870910339301921,16.777506259683555,1.46,bg243784,bg,G,V
429497394144,2458157.8693099,5.562938643560854,0.15005437569464578,14.596520729727791,0.0293195004883941,16.77173473295635,1.49,bg245050,bg,G,V
429497394144,2458157.8693136,5.35698942992466,0.12895954824941896,14.637479430889266,0.026166454842568052,16.93622263589615,1.38,bh253010,bh,G,V
429497394144,2458159.8440142,5.8979242935747855,0.11405515965998639,14.533033420521173,0.02101976788096051,17.069569051688795,1.36,bh253684,bh,G,V
429497394144,2458159.8440144,6.0295671161587325,0.12898120938897226,14.509066070191473,0.023251580756341147,16.93604028174848,1.44,bg245722,bg,G,V
429497394144,2458160.7942068,3.164598630223333,0.11214891693569537,15.20898481510503,0.03852020774610247,17.087868684192056,1.40,bh253941,bh,G,V
429497394144,2458160.7942091,3.1982445245685396,0.0883329135163844,15.19750224191151,0.030020855407797635,17.347050005764764,1.45,bg245980,bg,G,V
429497394144,2458161.7895513,3.4926472163179865,0.09376265479388975,15.101894602421105,0.029180138391198544,17.282281655044,1.50,bh254291,bh,G,V
429497394144,2458161.7895516,3.3281938173121537,0.08559609525787536,15.15425988079916,0.027954872547383634,17.38122151021529,1.47,bg246330,bg,G,V
429497394144,2458162.8304211,5.176626720470563,0.09818800506419022,14.674664280204414,0.020616918743442788,17.23221030284027,1.42,bh254674,bh,G,V
429497394144,2458162.8304216,5.432797490316715,0.11073028545406703,14.622222612426487,0.022154149154806277,17.101690344941513,1.33,bg246714,bg,G,V
429497394144,2458163.7804244,3.2847649320921057,0.18007743707754212,15.168520665628387,0.059589148294041085,16.573708141147495,1.41,bh254991,bh,G,V
429497394144,2458163.7804268,3.506154914649148,0.15734367181658038,15.097703652296705,0.04877871468851728,16.72023319175031,1.42,bg247031,bg,G,V
429497394144,2458165.8136858,4.121382865643174,0.07060942435626325,14.922174001478645,0.018622238409366706,17.590199716374546,1.38,bg247598,bg,G,V
429497394144,2458165.813691,4.51818487684827,0.06730795646232121,14.822371410570339,0.016192525147994376,17.6421903808347,1.42,bh255558,bh,G,V
429497394144,2458170.8556305,5.51937879375699,0.11620624346647711,14.605055902958998,0.022885027268931782,17.049282738123853,1.51,bg248862,bg,G,V
429497394144,2458170.8556367,5.39476539961638,0.1280650928338546,14.629849995995322,0.025803010427994513,16.94377947203878,1.35,bh256825,bh,G,V
429497394144,2458171.7639383,3.443050215877309,0.10164139659184497,15.117423012495808,0.032087762878017866,17.194679834195973,1.49,bg249152,bg,G,V
429497394144,2458171.7639384,3.5517373313446035,0.10648393305935025,15.08367930437849,0.03258782806877108,17.144146184335447,1.44,bh257115,bh,G,V
429497394144,2458173.8301192,5.6932265601981795,0.10613303514182426,14.571385237590402,0.02026302545658019,17.147729933293544,1.49,bg249817,bg,G,V
429497394144,2458173.8301198,5.785276322495404,0.1109450525605311,14.553971136976472,0.020844717125515604,17.09958654306508,1.40,bh257781,bh,G,V
429497394144,2458175.752808,3.375827043557074,0.12917422039135248,15.138830934598088,0.04159181127567578,16.934416770885846,1.40,bg250484,bg,G,V
429497394144,2458175.7528092,3.459508997007312,0.12188985006101338,15.112245243533618,0.038297043763214474,16.99743753664537,1.49,bh258448,bh,G,V
429497394144,2458176.8772801,4.946995230914766,0.1102378839541506,14.723927675295643,0.02422152868834046,17.106529223066687,1.56,bg250944,bg,G,V
429497394144,2458176.8772915,4.932725238435499,0.09585164556648898,14.727064091614025,0.021121503070170477,17.25835746072752,1.43,bh258908,bh,B,V
429497394144,2458178.8145165,5.083963273586792,0.18714047079816115,14.694275393112717,0.04001082310570707,16.53193709938346,1.40,bh259562,bh,B,V
429497394144,2458178.8145185,4.14189172461884,0.17109739357315262,14.916784550556523,0.04490108389156878,16.62924790935399,1.55,bg251598,bg,B,V
429497394144,2458180.7452306,3.511186275137324,0.22510104956883364,15.096146728946525,0.06968444129885921,16.331412593749054,1.50,bh260215,bh,G,V
429497394144,2458180.7452368,2.678456847721945,0.17552515589668935,15.390069769761974,0.07123064651702393,16.601507975088243,1.57,bg252252,bg,G,V
429497394144,2458181.7636785,3.411751241028681,0.1671934040242561,15.12733800902491,0.053266474621736,16.654308543640344,1.48,bg252636,bg,G,V
429497394144,2458181.7636838,3.9095248448611986,0.17197045307974085,14.979471461023762,0.04781256365902283,16.62372180499421,1.43,bh260599,bh,G,V
429497394144,2458182.7356812,3.6773887103369916,0.17283169511055207,15.045932558406161,0.05108530888659531,16.61829792000124,1.42,bg252986,bg,G,V
429497394144,2458182.7356828,3.7038778368919334,0.1806347325237136,15.038139769183566,0.05300987484349973,16.570353242837523,1.34,bh260948,bh,G,V
429497394144,2458183.7959702,3.5022939693189836,0.13966362707771657,15.098899913730023,0.04334538780346436,16.84964810237551,1.45,bg253404,bg,G,V
429497394144,2458183.7959718,4.318460773728302,0.14455978544332668,14.871458956805261,0.03638569615469182,16.812237656251042,1.42,bh261367,bh,B,V
429497394144,2458185.816242,5.105606639485219,0.13605888616984765,14.689663025468302,0.028966213832287934,16.878039115331596,1.46,bh261774,bh,B,V
429497394144,2458185.8162481,5.254524273526289,0.15687512275420298,14.658447897961626,0.032451355993427494,16.723471197029266,1.43,bg253810,bg,G,V
429497394144,2458186.7773009,3.0796537690447012,0.12295913598603299,15.23852667060802,0.04339813654081164,16.987954386713675,1.50,bg254147,bg,G,V
429497394144,2458186.777301,3.6834621810514587,0.1068163178766716,15.044140866484405,0.031520533573407214,17.14076238595169,1.35,bh262121,bh,B,V
429497394144,2458187.8081042,4.357028464156127,0.08826375182421334,14.861805411617265,0.022019333008207524,17.347900433567204,1.38,bg254550,bg,G,V
429497394144,2458187.8081047,4.327382133482755,0.08175710172518555,14.869218285346655,0.02053583718227321,17.431042675174822,1.35,bh262524,bh,B,V
429497394144,2458188.8546675,5.61869330501359,0.11320028602694014,14.585693087304922,0.021899004355679087,17.077737583176948,1.36,bg254983,bg,G,V
429497394144,2458188.8546693,5.887159935608823,0.12240252151615554,14.535016818549984,0.022599389263159277,16.992880482542123,1.42,bh262957,bh,G,V
429497394144,2458189.843152,5.498345344658134,0.12660922183112314,14.60920136978201,0.025029115261986548,16.956193044866364,1.36,bg255354,bg,G,V
429497394144,2458189.8431522,5.988639089118194,0.11326604610420682,14.516461052732925,0.020558137779296517,17.077107042663037,1.47,bh263328,bh,B,V
429497394144,2458190.8113068,5.14564654792518,0.09528810342070669,14.68118152598624,0.0201284764689197,17.26475968618526,1.39,bh263616,bh,B,V
429497394144,2458190.8113086,4.867783348637978,0.08049472157251225,14.74145330261496,0.01797414887071727,17.44793788738743,1.39,bg255643,bg,G,V
429497394144,2458191.7919007,3.4042342652946873,0.09485501152151875,15.129732807548455,0.030286773869844127,17.26970569086445,1.40,bg256017,bg,G,V
429497394144,2458191.7919007,3.7452246753319773,0.10941714325843352,15.02608671436147,0.031755552140347074,17.11464296438593,1.34,bh263991,bh,B,V
429497394144,2458192.787202,3.3534509665431997,0.09534317412219755,15.146051503116356,0.030903652968052746,17.26413237825485,1.42,bg256402,bg,G,V
429497394144,2458192.7872035,3.373550184622903,0.10283239910495157,15.139563466856448,0.033132557909673545,17.18203147337971,1.41,bh264377,bh,B,V
429497394144,2458194.8078777,4.610284799556293,0.09515553473142015,14.80046201780247,0.022434607307957603,17.26627125832514,1.42,bg257199,bg,G,V
429497394144,2458194.8078838,4.347178337146583,0.07854136635901614,14.864262762258209,0.019638267347060596,17.474610262971343,1.40,bh265174,bh,B,V
429497394144,2458196.8256174,5.753362761658794,0.10809862082317728,14.559977009336881,0.02042257819683893,17.127806011076384,1.40,bg257984,bg,G,V
429497394144,2458196.8256174,5.691364862955447,0.10621949280383453,14.571740333709645,0.02028616565956657,17.146845835327596,1.40,bh265967,bh,B,V
429497394144,2458197.779153,3.2725559049301935,0.11050738944956333,15.172563718717216,0.03670425537470872,17.1038780947809,1.52,bh266321,bh,B,V
429497394144,2458197.7791569,3.270855218861265,0.08846878563226618,15.173128102169397,0.02939956588687258,17.345381228765653,1.50,bg258336,bg,G,V
429497394144,2458198.7860673,3.3802113526855795,0.08941969372861325,15.137421764447563,0.02875421360649832,17.333773448595544,1.46,bg258730,bg,G,V
429497394144,2458198.7860712,3.56204826461666,0.09480274833061327,15.08053190522035,0.028928991951164138,17.270304074395106,1.48,bh266715,bh,B,V
429497394144,2458199.8683878,4.925972462709753,0.10154286557317228,14.728551455251074,0.022406272224697734,17.19573285573918,1.43,bg259175,bg,G,V
429497394144,2458199.8683894,5.217545213896873,0.09238965733129151,14.66611585142346,0.01924727749555745,17.29829800283871,1.43,bh267160,bh,B,V
429497394144,2458200.8376015,5.76107881012103,0.11267835877074332,14.558521863748638,0.021259295517630315,17.082755112189744,1.46,bh267514,bh,B,V
429497394144,2458200.8376017,5.481167302648189,0.13820593449198107,14.612598758710682,0.0274072717624456,16.861039664124455,1.41,bg259530,bg,G,V
429497394144,2458201.813546,5.380272131107992,0.1004003408917542,14.632770798041705,0.02028351032397504,17.208018425221262,1.41,bh267839,bh,B,V
429497394144,2458201.8135469,4.88723721221395,0.08712341996642403,14.737122857204707,0.019376871925114177,17.36201910618683,1.43,bg259855,bg,G,V
429497394144,2458203.6907184,3.6906819442197536,0.11009109007248172,15.042014854127421,0.032423338057366045,17.107975963843757,1.98,bh268450,bh,B,V
429497394144,2458203.6907254,3.495491031117873,0.09717294589762937,15.10101092417978,0.030216861190530162,17.243492971145557,1.59,bg260466,bg,G,V
429497394144,2458204.7954345,3.7483321962184486,0.07721022938262513,15.025186221261936,0.02238973441497169,17.493169286939857,1.51,bg260781,bg,G,V
429497394144,2458204.7954377,4.145376864213445,0.07302614906738941,14.915871356439787,0.019148138175696095,17.5536603953555,1.42,bh268767,bh,B,V
429497394144,2458205.764353,3.4597424750116956,0.09605700527899293,15.112171971005948,0.030178485566726605,17.256033786844267,1.39,bg261134,bg,G,V
429497394144,2458205.7643579,3.469131234300037,0.12734088796362306,15.109229581652757,0.0398987525428797,16.949936708859326,1.42,bh269119,bh,B,V
429497394144,2458207.8276615,5.820551913354193,0.16860121662569494,14.547370986895775,0.03148536336631401,16.64520463325882,1.37,bg261890,bg,G,V
429497394144,2458208.6748664,3.280695091211932,0.1817637499029228,15.169866732512203,0.06022177858039147,16.563588208933208,1.44,bg262178,bg,G,V
429497394144,2458209.734944,3.498249470850172,0.17989374710145897,15.10015446173584,0.05589557956382674,16.574816223591654,1.45,bg262644,bg,G,V
429497394144,2458210.7526762,3.1568983889109457,0.16474543755595913,15.211629895815479,0.05672375405151754,16.670322903367783,1.50,bg263071,bg,G,V
429497394144,2458211.8167785,5.649947973932199,0.18086563680222503,14.57967028264016,0.034795556417107375,16.568966239169587,1.64,bg263530,bg,G,V
429497394144,2458212.919936,4.383360665131973,0.24961450703879617,14.855263389282701,0.0618977394456198,16.219181838748995,1.41,bg264004,bg,G,V
429497394144,2458214.7842287,3.34617055282841,0.14760571334671985,15.148411222048065,0.047947643503275156,16.789598473757966,1.54,bg264899,bg,G,V
429497394144,2458214.7842299,4.474836003177212,0.1365708509996094,14.83283859545436,0.033173635205421784,16.873961354699873,1.38,bh272900,bh,G,V
429497394144,2458215.8174098,5.885341028644049,0.1222634323371587,14.5353523212892,0.02258068555454701,16.9941149344241,1.49,bg265329,bg,G,V
429497394144,2458215.8174098,5.938972564393732,0.11814955069429643,14.525503106966774,0.02162384541690897,17.031276207646343,1.40,bh273331,bh,G,V
429497394144,2458216.824277,6.300266063265237,0.14787342562283454,14.461384178752866,0.025511935965660426,16.78763105912975,1.41,bg265741,bg,G,V
429497394144,2458216.824277,5.8965843220913,0.14271909294028334,14.53328012101657,0.026308357580328026,16.826151201536174,1.38,bh273743,bh,G,V
429497394144,2458217.8264515,5.9154243595378,0.12507631050300444,14.529816640985004,0.022982714874395214,16.96941873878909,1.44,bg266149,bg,B,V
429497394144,2458217.8264601,6.164416198002397,0.1309132828861901,14.485051522135535,0.023083620905015454,16.919897109394945,1.41,bh274152,bh,B,V
429497394144,2458222.8496417,5.723039702832583,0.1086199314079843,14.565714507568273,0.020629796221111295,17.122582583162917,1.46,bh275319,bh,G,V
429497394144,2458222.8496444,5.558652440420246,0.10840825245062614,14.597357603899116,0.021198493389279358,17.124700534634307,1.46,bg267316,bg,G,V
429497394144,2458223.8493436,5.370175805299807,0.10114746538410296,14.63481014556521,0.02047286739628364,17.19996888261996,1.58,bg267728,bg,G,V
429497394144,2458223.8493451,5.629750856305154,0.10821261483998353,14.583558465401973,0.020893004048843665,17.12666166513198,1.62,bh275731,bh,G,V
429497394144,2458224.8327239,5.866977011828794,0.11526562235539373,14.538745438133082,0.021354902141070633,17.05810689490139,1.43,bg268139,bg,G,V
429497394144,2458224.8327334,5.8818171675518265,0.10811864697401727,14.53600260296621,0.019980265469376007,17.12760488822165,1.35,bh276142,bh,G,V
429497394144,2458225.8358437,5.313779103450468,0.10722089179462886,14.64627266300961,0.021932497631898185,17.136657855958582,1.41,bg268567,bg,G,V
429497394144,2458225.8358832,6.0467144723232416,0.10656399614695415,14.505982750581982,0.01915592858314865,17.143330148269836,1.36,bh276568,bh,G,V
429497394144,2458227.8647443,4.902009283988438,0.0960433611992556,14.733846080932917,0.021296360691577195,17.256188017381646,1.59,bg269435,bg,G,V
429497394144,2458227.866024,5.105927500155358,0.0989248738406281,14.689594794771208,0.021059256477891565,17.22409263097555,1.63,bh277427,bh,G,V
429497394144,2458228.8718001,5.192582605417429,0.1014851854211333,14.671322869091057,0.02124376105992405,17.1963497698133,1.52,bg269864,bg,G,V
429497394144,2458228.8730736,5.07318538055534,0.13185683526243858,14.696579573836209,0.028251017117119588,16.912099773942685,1.62,bh277856,bh,G,V
429497394144,2458229.8072478,5.197184488309417,0.11296695986527679,14.670361070593064,0.02362628727973969,17.079977790419246,1.48,bg270236,bg,G,V
429497394144,2458229.8072478,5.596689468395642,0.1007620185445008,14.5899533775144,0.019569413993580153,17.20411424606696,1.58,bh278228,bh,G,V
429497394144,2458230.7791598,3.062430234338756,0.10530646674750334,15.24461589511558,0.037376704791192976,17.156218789869868,1.56,bg270634,bg,G,V
429497394144,2458230.7816993,3.733404980347976,0.137678451048857,15.029518648298373,0.04008418348886126,16.86519146538251,1.54,bh278629,bh,G,V
429497394144,2458231.6116108,2.876557363784212,0.25654009853846255,15.312598806843214,0.09693807490324016,16.189468250633166,1.42,bg270930,bg,B,V
429497394144,2458231.6141545,4.2871284506260885,0.36084003121243147,14.879365164505058,0.09148721101968024,15.819069614391097,1.42,bh278924,bh,B,V
429497394144,2458232.6267809,4.02218985419949,0.23288626521818376,14.948624989060843,0.06293518058031944,16.294496703210193,1.45,bh279287,bh,B,V
429497394144,2458233.6455361,4.731986284066913,0.11107377145299989,14.772172711691232,0.025514097680612094,17.09832759776556,1.52,bh279723,bh,G,V
429497394144,2458233.645539,4.284232436575781,0.1070583199317878,14.8800988420307,0.027161864062935682,17.13830533440324,1.42,bg271729,bg,G,V
429497394144,2458235.6665783,3.1978952894182697,0.16043226952391224,15.197620806313797,0.05453052269517818,16.699127075660844,1.45,bh280256,bh,G,V
429497394144,2458235.6665816,3.5340494534822637,0.15318202294718544,15.089099848307598,0.04711371503066375,16.749336892200247,1.35,bg272262,bg,G,V
429497394144,2458238.9032817,3.9864358995964766,0.2861736383861677,14.958319441536712,0.07802917453787409,16.07078233086806,1.53,bg273724,bg,B,V
429497394144,2458238.9032827,4.192548836559131,0.2534460387894812,14.90358607913944,0.06570819697291075,16.202642624055507,2.04,bh281718,bh,B,V
429497394144,2458240.8837676,5.020262876400271,0.19843803157679493,14.707965257679854,0.042964585300388415,16.46829411776728,2.17,bh282376,bh,G,V
429497394144,2458240.8850321,4.637230321191964,0.37353036293915415,14.79413473727121,0.0875546901797916,15.781541619121862,2.04,bg274383,bg,G,V
429497394144,2458241.8701413,5.718679023203916,0.21365310767198423,14.56654210141021,0.04060931516379932,16.38808335820113,1.44,bh282796,bh,G,V
429497394144,2458241.8701425,4.701936758451696,0.2435395442377124,14.779089445713641,0.05629954410482666,16.245932671280084,1.44,bg274802,bg,G,V
429497394144,2458243.8366107,5.7609259434990285,0.12882302180323787,14.5585506734618,0.02430599266029173,16.937372688200735,1.48,bh283259,bh,G,V
429497394144,2458243.8366116,5.6403434768347545,0.13170009886405537,14.581517525076393,0.025380064523004432,16.913391141236463,1.39,bg275265,bg,G,V
429497394144,2458244.7567419,3.2405384906575962,0.12179534486406975,15.183238443746488,0.04085316215164049,16.998279670030087,1.49,bg275631,bg,G,V
429497394144,2458244.7567464,3.820648031593265,0.11459847503161626,15.004438826638207,0.03260273094693556,17.064409297455423,1.43,bh283625,bh,G,V
429497394144,2458245.7289037,3.2662746977569648,0.10598852473691849,15.17464963791274,0.03527104388109698,17.149209275637936,1.60,bg276001,bg,G,V
429497394144,2458245.7289069,4.187671157237772,0.1045593874930204,14.904849977613793,0.02713954937654489,17.163948817449924,1.98,bh283994,bh,G,V
429497394144,2458282.7094818,3.6496506560521627,0.04055842144642104,14.994437382654617,0.012079304256018492,18.13243800219023,1.60,bl092422,bl,G,g
429497394144,2458282.7094824,2.8207922345910412,0.05171485213537498,15.27413787383245,0.019927662558767014,17.868602393256484,1.48,bk092410,bk,G,g
429497394144,2458283.7874782,4.262431625364385,0.06129186039893136,14.825922058682675,0.015629948640982005,17.684133602085083,1.48,bk092949,bk,G,g
429497394144,2458283.7874798,5.20313195012934,0.05935979050996518,14.60940352319348,0.012400514159989986,17.71890971249179,1.57,bl092961,bl,G,g
429497394144,2458284.7674792,2.8320777691176744,0.05403276407439674,15.269802684911864,0.020737871656877165,17.82099764976829,1.45,bk093404,bk,B,g
429497394144,2458284.7674859,4.0043906323825285,0.047666637991598856,14.893724530425631,0.01293868850240512,17.957104307730475,1.50,bl093416,bl,B,g
429497394144,2458286.7830018,4.325830221302858,0.06590549943681814,14.809891946289595,0.016560153488813657,17.605336472703257,1.49,bk094336,bk,G,g
429497394144,2458287.7000232,2.5715800736771,0.05566785017608823,15.374565492536519,0.0235297097762835,17.788629487162176,1.49,bk094741,bk,G,g
429497394144,2458287.7000325,3.5387442712542656,0.054348544363084984,15.027942674007173,0.016693634864308922,17.81467081966633,1.55,bl094753,bl,G,g
429497394144,2458288.4579911,3.2829588208661225,0.03875835824100354,15.10940203408725,0.012832524731713155,18.181727180044746,2.10,bk095017,bk,G,g
429497394144,2458288.4579927,3.799442117235655,0.03963453205318377,14.950766040735573,0.011338773370399702,18.157456273834406,2.32,bl095029,bl,G,g
429497394144,2458290.6335753,2.5581484768115503,0.07365112612068887,15.380251253172123,0.03129434143325974,17.484692132536217,1.50,bk096098,bk,B,g
429497394144,2458290.6335797,3.548611255705031,0.06541444652768509,15.024919557943491,0.020036756394466313,17.613456433505913,1.63,bl096110,bl,B,g
429497394144,2458293.7380259,2.5015632912230537,0.09971224609049818,15.404536884034579,0.043326057975664495,17.155769363533494,1.53,bk097592,bk,G,g
429497394144,2458294.619318,3.9250110161594445,0.07551157197526664,14.915463422285711,0.02091148159517818,17.457606833034806,2.13,bl097880,bl,G,g
429497394144,2458294.6193194,2.5852894886685895,0.10830818431641973,15.368792671219783,0.04553698447174078,17.06598742303767,2.19,bk097868,bk,G,g
429497394144,2458298.6200769,3.569352902326377,0.10543607312238647,15.018591900224296,0.03210790035141852,17.09516755489352,1.46,bl099577,bl,G,g
429497394144,2458298.6200775,2.6723620850331966,0.10758439805153225,15.332827368688307,0.043758876745940256,17.073267375760793,1.44,bk099565,bk,G,g
429497394144,2458299.5527325,2.3559982704840152,0.1677153201062464,15.469628204022928,0.0773766531448255,16.59120877285014,1.45,bk099979,bk,B,g
429497394144,2458301.5770973,2.735728210574761,0.0591062043631831,15.307383250143381,0.023484012066502035,17.723557933804713,2.31,bk100888,bk,B,g
429497394144,2458301.5770984,3.777706617171704,0.05127379175536339,14.956995055079801,0.014752967339880947,17.877902023441905,2.29,bl100900,bl,B,g
429497394144,2458301.7512484,4.3101072816273724,0.10225952896425441,14.87356120403458,0.025788606792102903,17.18809692389115,2.10,bh286004,bh,G,V
429497394144,2458301.75126,2.8234452345861385,0.1612318604801449,15.332832983789062,0.0620702750364186,16.693729230160855,1.69,bg278010,bg,G,V
429497394144,2458303.5626385,4.315507462247456,0.07398206806178906,14.872201724727518,0.018634029039456393,17.53954022561787,1.55,bh286713,bh,G,V
429497394144,2458303.5626405,2.781841570710313,0.16113289974038222,15.348950422624863,0.06295989609315697,16.69439583690355,2.00,bg278719,bg,G,V
429497394144,2458305.5629962,3.012087225766825,0.13157826387905264,15.262612543862078,0.04748197556132796,16.91439601427113,1.62,bg279270,bg,G,V
429497394144,2458305.5630029,4.466277980313126,0.07418687400859533,14.834917029555385,0.01805483377580283,17.53653871437121,1.53,bh287264,bh,G,V
429497394144,2458308.7416058,2.7263638213201915,0.1384461016820442,15.370821879357376,0.05519618913509026,16.859154564831076,1.45,bg280141,bg,G,V
429497394144,2458308.7416093,3.958545070208525,0.07601211621557369,14.965942419554622,0.020871775863690805,17.51014933448269,1.38,bh288134,bh,G,V
429497394144,2458309.7300971,3.0348577046755945,0.11914622972433625,15.254435571691378,0.04267309509766268,17.022155633576357,1.50,bg280573,bg,G,V
429497394144,2458309.7301065,4.000641193950475,0.08933666900580128,14.954457398273341,0.02427237792610397,17.33478200518676,1.49,bh288567,bh,G,V
429497394144,2458310.711755,3.9036024575291117,0.07365016600099028,14.981117447663351,0.020507858864454807,17.544422068573738,1.43,bh288997,bh,G,V
429497394144,2458310.711756,2.515678047600768,0.15867504634135154,15.458143754453095,0.06855920081764048,16.71108480912057,1.47,bg281003,bg,G,V
429497394144,2458311.7017916,2.68849830232538,0.0470519761309343,15.32629120584633,0.01902305546259676,17.97119594135717,1.47,bk104610,bk,G,g
429497394144,2458311.7017941,3.646631545998414,0.05087258808013876,14.995335910750931,0.015163662874614757,17.886431030469176,1.47,bl104622,bl,G,g
429497394144,2458312.6853959,2.2778042563965553,0.12675469978958495,15.565990404127056,0.060486693362903535,16.954946216171543,1.50,bg281871,bg,G,V
429497394144,2458312.6853973,3.733808245681538,0.06830346701499167,15.029401378371842,0.01988396137246922,17.626249522201338,1.47,bh289864,bh,G,V
429497394144,2458313.6609502,3.6990410414301564,0.07086931755585914,15.039558529751238,0.020824820824037082,17.586210766942884,1.96,bh290288,bh,G,V
429497394144,2458313.6609528,3.0934554618340564,0.1297434746574868,15.233671735450883,0.04558834535423997,16.92964258222175,1.68,bg282295,bg,G,V
429497394144,2458314.680859,2.4629829526625224,0.08724689490329973,15.42141210749387,0.03850354762468558,17.300765662775582,1.48,bk105964,bk,G,g
429497394144,2458314.6808605,3.697550468880034,0.06103965641859735,14.980280345997654,0.01794362326824613,17.688610410474503,1.51,bl105976,bl,G,g
429497394144,2458316.7138227,3.7394471928186634,0.09227450766387528,15.027762892901675,0.02682171260183386,17.299652052002358,1.53,bh291400,bh,B,V
429497394144,2458316.7138263,3.5265194233224606,0.21855301535996807,15.091415704043794,0.06736319778084705,16.36346438668642,1.60,bg283405,bg,B,V
429497394144,2458319.7018423,3.2768543209034724,0.1515099452133485,15.171138568557295,0.05025695588828671,16.761253540796982,1.56,bg283983,bg,G,V
429497394144,2458319.7018444,3.671497183158523,0.10577653045828145,15.04767340615426,0.031315423624990034,17.151383099267104,1.40,bh291979,bh,G,V
429497394144,2458322.6770718,2.5296302370196386,0.37517924159841287,15.392423012779503,0.16121072459862826,15.717043608527641,1.65,bl108618,bl,B,g
429497394144,2458323.6668948,3.7687694536464966,0.2061790279435322,15.019282476435265,0.05946440657234153,16.42674517428113,1.46,bg285707,bg,G,V
429497394144,2458323.666897,3.7549866422713762,0.1156962630747785,15.023260413482202,0.03349061386112064,17.054058064409332,1.44,bh293702,bh,G,V
429497394144,2458324.6893022,2.7376028627951072,0.10579669403766104,15.306639506401492,0.04200624134548979,17.091460369028706,1.44,bk109517,bk,G,g
429497394144,2458324.6893063,3.8383423256003577,0.12816197723704403,14.939706359721965,0.036293400947503544,16.88324261411359,1.51,bl109529,bl,G,g
429497394144,2458326.6446354,3.3064739828671743,0.3506678152335613,15.161368630045429,0.11527708087441604,15.85011662473802,2.34,bh294994,bh,B,V
429497394144,2458328.4652814,2.9964630436299764,0.06101852865922503,15.208543307862199,0.022134258526587347,17.688986283235355,1.46,bk110551,bk,G,g
429497394144,2458328.4652851,3.8764201762856714,0.05936480039622334,14.92898850889981,0.01664601720607219,17.71881808168719,1.52,bl110563,bl,G,g
429497394144,2458328.6647707,3.6848897323704657,0.11187773427472147,15.043720163404856,0.03300132208544472,17.090497237315905,2.05,bh295312,bh,G,V
429497394144,2458328.6647723,3.055953261194209,0.19035869404780195,15.246914635255791,0.0677077187640445,16.513424602007166,2.14,bg287316,bg,G,V
429497394144,2458329.4697576,3.9581136599005475,0.06815833136810398,14.966060751746754,0.018717285342755633,17.62855901962421,1.39,bh295596,bh,G,V
429497394144,2458329.4697631,3.127835676762259,0.13713420353332015,15.221671582030494,0.047655609913094976,16.869491922400435,1.44,bg287600,bg,G,V
429497394144,2458329.6554088,2.868519647117691,0.1118717231433577,15.255921050266167,0.0423910985553302,17.030839792679192,1.53,bk111138,bk,G,g
429497394144,2458329.6554088,3.4566730869400115,0.09573399107338926,15.053419851507993,0.03010371051358321,17.199975199743204,1.45,bl111150,bl,G,g
429497394144,2458330.4894852,4.071226321625404,0.1549770583733689,14.935468290240689,0.04137655610647202,16.736687860497504,1.41,bh296032,bh,B,V
429497394144,2458330.4920215,4.360729433431833,0.24695104420522726,14.86088355151885,0.061555079751396846,16.23082922650764,1.45,bg288039,bg,B,V
429497394144,2458331.4848962,3.242189169408472,0.06383465960459261,15.12296974557419,0.021400817763779202,17.639999244269326,1.53,bk111888,bk,G,g
429497394144,2458331.484904,3.829644800275665,0.03841881805952908,14.942169384771837,0.010904297141162618,18.191280611879705,1.43,bl111900,bl,G,g
429497394144,2458331.6797972,3.4760767133470845,0.16288448970873098,15.107058023758029,0.050933386394852335,16.682657064652325,1.37,bh296613,bh,G,V
429497394144,2458331.6797975,2.8182108054254074,0.26237232276243005,15.334847715223072,0.10119445529108266,16.16506134345674,1.46,bg288618,bg,G,V
429497394144,2458334.6691724,3.61531392249091,0.07816667761968195,15.064416370436254,0.023501079530834863,17.479802260710805,1.41,bh297865,bh,G,V
429497394144,2458334.6704423,3.302615450088476,0.12697935010690195,15.162636383872506,0.04179143312649248,16.953023643724098,1.52,bg289871,bg,G,V
429497394144,2458335.6649783,3.2330531620164726,0.10947670962224257,15.185749289770827,0.03680620686986132,17.114052053690923,1.38,bg290297,bg,G,V
429497394144,2458335.6649794,3.727268420509022,0.0789940224412455,15.031304730153014,0.023036459461428578,17.46837082111545,1.44,bh298292,bh,G,V
429497394144,2458336.6504278,3.8563443367450483,0.048218244617498913,14.934626108432653,0.013590885791604607,17.94461212178501,1.52,bl114234,bl,B,g
429497394144,2458336.6504307,2.662339575985056,0.04885913511927261,15.336907002163834,0.019947776776287854,17.930276173854566,1.54,bk114222,bk,B,g
429497394144,2458338.6589319,3.8596278259332495,0.07575974994979917,14.99341783256311,0.02133562042950307,17.513760062229082,1.43,bh299338,bh,G,V
429497394144,2458338.6589354,2.8870198926871,0.1288304385089683,15.308656963645745,0.04850437147680996,16.93731018109585,1.45,bg291343,bg,G,V
429497394144,2458339.6044339,2.8970516255382925,0.12481865369868668,15.304890818486673,0.04683121573550718,16.971657658815957,1.70,bg291726,bg,G,V
429497394144,2458339.6044372,3.7516319364807265,0.06488439340211065,15.024230843972973,0.018798889593010022,17.682005771645827,2.12,bh299721,bh,G,V
429497394144,2458340.5510887,2.6247690153599517,0.04900017251292134,15.352337895563881,0.020291712058311647,17.927146588856722,1.48,bk115672,bk,B,g
429497394144,2458340.5510941,3.642028061687761,0.04894907876826222,14.996707403046567,0.014608761794006858,17.928279304680864,1.49,bl115684,bl,B,g
429497394144,2458341.6431158,2.8214376221321853,0.1190895798140589,15.333605271779305,0.04587916260655841,17.022671986343497,1.44,bg292613,bg,G,V
429497394144,2458341.6431158,3.69336905280963,0.07385592299277087,15.041224639863703,0.021735758332892794,17.54139306873007,1.39,bh300608,bh,G,V
429497394144,2458342.6432577,2.8570382280791944,0.12374724200897941,15.319991275967574,0.04707947917074991,16.981017572514016,1.43,bg293041,bg,G,V
429497394144,2458342.6432601,3.8511978686741064,0.06629292573451001,14.995791823056432,0.018710419570600125,17.6586884278078,1.35,bh301036,bh,G,V
429497394144,2458343.5906848,3.2726383095936162,0.12115651531269821,15.172536379657872,0.04024027466899546,17.003989459373653,1.51,bh301421,bh,B,V
429497394144,2458344.6376912,3.2947990137381975,0.1113726265874385,15.165209086241003,0.03674190817335612,17.09541023845994,2.03,bg293889,bg,G,V
429497394144,2458344.6376912,3.872344019960866,0.07498099795334309,14.989846571579353,0.021046963883316935,17.52497835285142,2.01,bh301886,bh,G,V
429497394144,2458345.6230663,3.4355498548670713,0.09847465673654145,15.11979076658565,0.03115590659066347,17.229045204632175,1.47,bg294303,bg,G,V
429497394144,2458345.6230674,3.689027083418552,0.07194261344819781,15.042501795362933,0.02119759251157647,17.56989086788303,1.47,bh302300,bh,G,V
429497394144,2458346.598424,2.9304647019261267,0.052403560911544377,15.232724385834093,0.019437324141020427,17.854238613844988,1.98,bk118366,bk,G,g
429497394144,2458350.5582078,3.5855077178316814,0.10328118418734658,15.073404750364983,0.03130997492128303,17.17730337177324,1.62,bh303411,bh,G,V
429497394144,2458350.5582143,2.901431583191528,0.14058155800356287,15.303250569017045,0.05266573997245053,16.84253551342203,1.52,bg295414,bg,G,V
429497394144,2458354.5872905,3.5499777728309367,0.10310072832843288,15.08421731988425,0.03156808752728533,17.17920206053842,2.42,bh304987,bh,G,V
429497394144,2458354.5872953,3.2942210587046556,0.1970750849134272,15.165399556659775,0.06502661630824935,16.475777087780116,2.08,bg296991,bg,G,V
429497394144,2458355.5793314,3.906130229339187,0.11915332550640909,14.920698826143958,0.03315672459492146,16.962375191988855,1.54,bl121958,bl,B,g
429497394144,2458355.5793314,2.4614916287363613,0.13802908381452278,15.422069714474024,0.06095150236968031,16.80271409816831,1.50,bk121946,bk,B,g
429497394144,2458356.5721712,3.9379283788365114,0.11827923097951631,14.971611871684512,0.03264771959551471,17.03008516319034,1.38,bh305798,bh,G,V
429497394144,2458356.5721712,2.9844996637345504,0.20217334456237732,15.27260256877833,0.0736316502441509,16.448046654419,1.41,bg297803,bg,G,V
429497394144,2458358.587401,3.9726026596942856,0.10688367340067982,14.902377799709136,0.02924478379099829,17.08036218316089,1.50,bl122978,bl,G,g
429497394144,2458358.588613,2.558776274227603,0.11411392065373503,15.379984834406775,0.04847507440377567,17.009294044342,1.46,bk122967,bk,G,g
429497394144,2458359.5928246,4.1631304513352,0.10561652556380148,14.911231355316264,0.02757554023515711,17.153026702357195,1.45,bh306662,bh,G,V
429497394144,2458359.5928252,2.9943573375749564,0.18889108602483023,15.269022338283078,0.06856776753951356,16.52182773473223,1.48,bg298669,bg,G,V
429497394144,2458360.5894196,3.6389150958034127,0.1159183578000012,15.057351597960194,0.03462521429678561,17.05197584389099,1.42,bh307072,bh,G,V
429497394144,2458360.5894202,3.671122071683433,0.1426876829220028,15.047784339894807,0.042247384994418186,16.826390179703907,1.45,bg299079,bg,G,V
429497394144,2458363.5820979,2.847425423619871,0.13205873549935684,15.323650508578128,0.05041118991666751,16.910438557523335,1.56,bg300041,bg,G,V
429497394144,2458363.5820983,3.723277964730516,0.07236289446534713,15.032467754313249,0.02112528820467005,17.563566568647406,1.51,bh308033,bh,G,V
429497394144,2458364.5675087,2.772539112261749,0.048553037511897275,15.292871418620004,0.019034912993796938,17.937099599292956,2.17,bk125233,bk,G,g
429497394144,2458364.5675087,3.6908682989949697,0.04722837372128656,14.982244250853785,0.013908702416031494,17.96713313348558,2.49,bl125245,bl,G,g
429497394144,2458365.5672245,3.5833512634270357,0.07463725029386244,15.074057947951314,0.02264010419508836,17.52996731563173,2.46,bh308824,bh,G,V
429497394144,2458365.5672277,3.30639055267923,0.1136038599550578,15.16139602609298,0.037346603344492614,17.073873674202854,2.32,bg300835,bg,G,V
429497394144,2458366.5638086,3.27697932692031,0.11455579145507612,15.171097150490983,0.037997543531073597,17.064813768257075,1.43,bg301239,bg,G,V
429497394144,2458366.5638086,3.619318709515229,0.07911786345743742,15.063214334913527,0.023760736363183155,17.466670016629497,1.49,bh309218,bh,G,V
429497394144,2458367.5179976,3.5638961991461717,0.07769374598122684,15.079968788435512,0.02369589886284289,17.48639124034122,1.46,bh309588,bh,G,V
429497394144,2458367.5180011,3.004435749888132,0.12231811987545851,15.265374101955882,0.04425272803069556,16.993629401147093,1.52,bg301610,bg,G,V
429497394144,2458368.5569504,3.1855413814904416,0.12174684799718731,15.201823276721155,0.04154192791236305,16.998712078100894,1.50,bg302033,bg,G,V
429497394144,2458368.5582156,4.005127829306229,0.07577545401153446,14.953240450110306,0.020564792794603062,17.513535025828258,1.44,bh310002,bh,G,V
429497394144,2458369.5530752,3.526068875823623,0.0919908910905657,15.09155442637136,0.028357386804626343,17.302994329252062,1.39,bh310391,bh,G,V
429497394144,2458369.5530793,2.932446129792985,0.10803322114599108,15.291706297772743,0.040044184647105685,17.1284630803802,1.57,bg302423,bg,G,V
429497394144,2458370.4995339,2.983618292198115,0.12425640135104386,15.272923251781238,0.04526762225902851,16.976559464553397,1.44,bg302782,bg,G,V
429497394144,2458370.4995429,3.8377117682742203,0.07097395259566941,14.999600519782447,0.020101978810711553,17.58460891341125,1.37,bh310752,bh,G,V
429497394144,2458371.5347015,3.1641752423277874,0.12141179566306884,15.209130084181407,0.0417073433059749,17.001704187897158,1.51,bg303210,bg,G,V
429497394144,2458371.5347025,3.8076069959938943,0.0696335240099688,15.00815111424279,0.01987826294414007,17.605310457462956,1.44,bh311180,bh,G,V
429497394144,2458372.5236144,2.9672254936800124,0.11694770191932131,15.278905025294039,0.04284037986811612,17.042377163362403,1.47,bg303602,bg,G,V
429497394144,2458372.5236192,3.92533061663193,0.06673767061354863,14.975090800264844,0.018480213109110598,17.651428783345125,1.48,bh311552,bh,G,V
429497394144,2458373.53535,2.83752502620409,0.13491097300444943,15.327432153071832,0.05167967175871201,16.887238207386822,1.63,bg304011,bg,G,V
429497394144,2458373.53535,3.801551646547879,0.07092535156976938,15.009879166928435,0.02027929135604617,17.585352650609707,1.44,bh311961,bh,G,V
429497394144,2458375.5414936,2.676224487694493,0.06458332684394373,15.331259271742075,0.026230709954047825,17.627339579391194,1.45,bk129681,bk,G,g
429497394144,2458375.5415051,3.7707434781930913,0.07178292575729386,14.95899815085091,0.020692184380252582,17.512587722675338,2.10,bl129693,bl,G,g
429497394144,2458376.4902578,3.8005679657589035,0.08269892372568084,15.010160145894023,0.023651763445437103,17.418606749875366,1.42,bh312749,bh,G,V
429497394144,2458376.4902592,3.2838265710514385,0.13055805570242995,15.168830872941912,0.04321511110311129,16.922847209040217,1.50,bg304810,bg,G,V
429497394144,2458378.5297725,2.918602109016916,0.17160941028381288,15.296844174615297,0.06391140715053717,16.626003646400484,1.44,bg305634,bg,G,V
429497394144,2458378.5297756,3.7253364889554414,0.09842895098749596,15.03186763885549,0.028719013845055014,17.229549252150342,1.40,bh313572,bh,G,V
429497394144,2458379.5209405,3.530242527585184,0.0711528823531486,15.030554266196638,0.021907868626577173,17.522159367091625,1.54,bl131313,bl,G,g
429497394144,2458379.5209419,2.9968583423489665,0.09242669578313716,15.208400085063392,0.03352303922564956,17.238147042785563,1.46,bk131301,bk,G,g
429497394144,2458382.5195468,2.5389750550171657,0.1860173871712449,15.448135319447312,0.07963560403758693,16.53847254389007,1.50,bg307081,bg,G,V
429497394144,2458382.5195582,3.782061152242645,0.10099566231216005,15.015460037806294,0.029025943631945345,17.201599589773483,1.53,bh315013,bh,G,V
429497394144,2458383.5109558,2.840918338768107,0.08738520665979209,15.266418746644469,0.03343423110273915,17.29904581732193,2.04,bk132763,bk,G,g
429497394144,2458383.5121744,3.7113528887860476,0.12858320980937588,14.976234995797142,0.037658601236965045,16.879679954419554,1.53,bl132776,bl,G,g
429497394144,2458385.5093167,3.0360456574242094,0.2363172620138234,15.254010658544768,0.08460564106383914,16.278617778090116,1.54,bg308261,bg,G,V
429497394144,2458385.5093183,3.6918256572536374,0.1251462943317311,15.041678445219848,0.03684588423835595,16.968811407739786,1.58,bh316183,bh,G,V
429497394144,2458387.4977765,3.0153929816919103,0.20154530215955913,15.201705823083085,0.07265088893497976,16.391708912462853,1.52,bk134074,bk,B,g
429497394144,2458387.4977765,3.586688545946674,0.2036878354840641,15.013331457599147,0.06172819812540876,16.38022787865577,1.63,bl134085,bl,B,g
429497394144,2458393.4855071,3.0956477546035366,0.08558568655940589,15.173186778216914,0.030051196889221483,17.32163776423657,1.50,bG001821,bG,B,g
429497394144,2458393.4855085,3.7950537526850767,0.06604678337719423,14.952020793357509,0.018916723348368913,17.60301143300609,1.51,bH001821,bH,G,g
429497394144,2458394.4833977,3.0859753342207,0.15096862469331024,15.176584496070898,0.05317486804534679,16.705423864705967,1.53,bG002177,bG,B,g
429497394144,2458394.4833977,3.4793646193729844,0.11285503669254754,15.046315764925943,0.03525601124442643,17.021338245686465,1.99,bH002177,bH,G,g
429497394144,2458492.8694737,4.6483722503653135,0.1485179655466406,14.731813372553901,0.03472883894650682,16.72319313276627,1.43,bH032883,bH,G,g
429497394144,2458492.8694766,3.956394578656048,0.21961794979951715,14.906816627060175,0.06033654077714653,16.298471029051896,1.47,bG032887,bG,G,g
429497394144,2458503.8744713,4.260267667118608,0.1167872031909916,14.826473406978064,0.02979686303372054,16.984152466145275,1.49,bH036391,bH,G,g
429497394144,2458503.874473,3.9800004800842212,0.12582161635229797,14.900357811131983,0.03436246481733968,16.90325246145024,1.41,bG036393,bG,B,g
429497394144,2458504.8574007,3.8560807122010816,0.1183008407858251,14.93470033326081,0.033346778767495276,16.970171033318117,1.54,bG036712,bG,G,g
429497394144,2458504.8574103,4.717981726723393,0.18989687328147245,14.715674986079213,0.04374956428975316,16.456346076479342,1.43,bH036712,bH,G,g
429497394144,2458505.8529258,4.255172127082912,0.11328859152822716,14.827772790942625,0.02893884659012938,17.01717516789142,1.45,bG037042,bG,G,g
429497394144,2458505.8529341,4.158688181681876,0.09453166501279125,14.852674726786896,0.024707745641789583,17.21369734316261,1.49,bH037042,bH,G,g
429497394144,2458506.8488749,4.404119166590114,0.08690173816102534,14.7904179683016,0.02144774186883029,17.305069453801742,1.43,bH037373,bH,G,g
429497394144,2458508.8441744,4.067453031960873,0.15153903690698875,14.876759255492926,0.04049618844269982,16.70132930443762,1.44,bG038024,bG,B,g
429497394144,2458509.8399347,4.065279614970942,0.0636984115196958,14.8773395666067,0.017031400145461135,17.642319105832712,1.39,bG038353,bG,G,g
429497394144,2458509.8412087,4.3587489639115855,0.09067677348652518,14.801660979405046,0.022612385142499726,17.258900465413166,1.54,bH038367,bH,G,g
429497394144,2458512.8741821,4.4611187281056885,0.0741765950975057,14.776456168036633,0.01807320959509027,17.476973375988983,1.53,bl174708,bl,G,g
429497394144,2458512.8741937,3.4423349101197105,0.0886120754298578,15.057932819199669,0.027980273799092417,17.283908340155428,1.49,bk174703,bk,G,g
429497394144,2458513.8783277,3.87198352889504,0.08827086544578894,14.930231869315572,0.02477970067792053,17.288097149893744,1.44,bG039688,bG,G,g
429497394144,2458513.8783308,4.095901371548483,0.07924785141782463,14.869191896349589,0.02103052811055669,17.405171870496325,1.43,bH039711,bH,G,g
429497394144,2458514.8777788,3.766614064806748,0.06404032704561352,14.960187812888556,0.0184805371452644,17.63650675859641,1.46,bG040024,bG,G,g
429497394144,2458514.8777823,4.071273778814084,0.06063719354230559,14.87573985194519,0.01618903482338782,17.69579287960578,1.47,bH040038,bH,G,g
429497394144,2458515.8764442,3.276813479432327,0.07026142031277771,15.111436318611698,0.023306516991274836,17.535848299760346,1.49,bk175743,bk,G,g
429497394144,2458515.8764531,4.3386225550134725,0.06722624715003883,14.806685948102896,0.016842213593192927,17.58379344194441,1.50,bl175748,bl,G,g
429497394144,2458516.8649044,3.4508488102462422,0.05375158988613225,15.055250791652856,0.016930802939584436,17.82666232515622,1.47,bk176817,bk,G,g
429497394144,2458517.8680098,3.368871792102567,0.06272068408663832,15.08135441350105,0.020236643251229907,17.659113645197976,1.46,bk177173,bk,G,g
429497394144,2458517.8680098,4.205979941574853,0.057251802881608575,14.840397629297659,0.014795653186160133,17.758167693117358,1.49,bl177178,bl,G,g
429497394144,2458518.8713157,3.260773940812676,0.05975727651223913,15.116763893329807,0.0199196763116178,17.711663621630116,1.43,bk176448,bk,G,g
429497394144,2458518.8713209,4.418626449441285,0.04372502220525531,14.786847402605774,0.010756102284953314,18.050815514686473,1.58,bl176453,bl,G,g
429497394144,2458519.8713331,3.7298027942781187,0.04261898893025812,14.970850947332185,0.012420224479090131,18.07863275510713,1.62,bG041724,bG,G,g
429497394144,2458519.8713369,4.063644006369245,0.04485295561847894,14.877776485338469,0.011997412310814384,18.02316294524927,1.45,bH041729,bH,G,g
429497394144,2458521.8071038,4.849461916810596,0.10569441529887576,14.685831739448787,0.023690305438273256,17.09251050998907,1.45,bl177800,bl,B,g
429497394144,2458522.8070189,4.420821106812643,0.059623902729531573,14.786308269588936,0.014659853533437834,17.71408961215591,1.49,bG042690,bG,G,g
429497394144,2458522.8070189,4.673728488956988,0.057130352925908824,14.725906924014161,0.013286653225320955,17.760473344074757,1.45,bH042695,bH,G,g
429497394144,2458523.7989079,4.936782269760787,0.057238657526256,14.666455688133851,0.012602527049824947,17.758417013248355,1.43,bl178514,bl,G,g
429497394144,2458523.7989138,4.238756311944475,0.06480136629766015,14.831969498542698,0.016617201492891732,17.623680204432407,1.43,bk178509,bk,G,g
429497394144,2458524.8018533,4.346598103238842,0.0573448669400243,14.804691906906749,0.014340266946299042,17.756404238036964,1.50,bG043382,bG,G,g
429497394144,2458524.8018549,4.60219314922484,0.06192705250251724,14.742653518283431,0.014626073136680538,17.672939587195554,1.42,bH043378,bH,G,g
429497394144,2458525.7974386,4.449101161086932,0.0668460543325113,14.77938492079009,0.01633110870679789,17.58995116742062,1.49,bG043729,bG,G,g
429497394144,2458525.7974428,4.575385991333873,0.057828467080327704,14.748996276912594,0.013738082328834065,17.74728641104713,1.41,bH043724,bH,G,g
429497394144,2458526.7936909,5.121468021549086,0.057875179111975726,14.626579458966232,0.012283158484616415,17.74640974123797,1.60,bl179568,bl,G,g
429497394144,2458527.7921939,4.881469027263725,0.0642406512183114,14.678689277097954,0.014304463351609823,17.63311577441889,1.44,bH044402,bH,G,g
429497394144,2458531.8346423,4.472914199227134,0.04645323041476159,14.773589203566209,0.011288533494315666,17.985100809561917,1.50,bl181405,bl,G,g
429497394144,2458531.8346423,4.005885015173359,0.057738750322064346,14.893319424386844,0.015666827924894686,17.748972161632427,1.47,bk181400,bk,G,g
429497394144,2458532.7739167,4.901353911568519,0.23889922579078254,14.674275465525248,0.05297986560383277,16.20710375564572,1.46,bk181726,bk,G,g
429497394144,2458532.7739274,5.38362507603427,0.112262897884336,14.572378603955976,0.02266593369362192,17.027049989854987,1.51,bl181731,bl,G,g
429497394144,2458533.7773552,4.633763226165184,0.12872672294837822,14.73523102566344,0.030195835264254827,16.878468828013663,1.51,bG046538,bG,G,g
429497394144,2458533.7773566,5.240892962533304,0.11020200459648596,14.601552397351183,0.022855797372930003,17.047166875214607,2.40,bH046522,bH,G,g
429497394144,2458534.77585,4.756426080259814,0.12543291587866615,14.706863742898506,0.028664405512557545,16.906611815886272,2.19,bk182481,bk,G,g
429497394144,2458534.77585,5.012191220130859,0.14252271346512882,14.649996543759723,0.03090783772867201,16.767930405905382,1.50,bl182486,bl,G,g
429497394144,2458540.843374,4.177188697144708,0.052624021659475724,14.847855386790187,0.013693425815790203,17.849680524218414,1.48,bH049075,bH,G,g
429497394144,2458541.8194797,4.508762044546963,0.06456910550977121,14.764922333565131,0.0155660932298679,17.627578686269356,1.48,bl185155,bl,G,g
429497394144,2458541.8194873,3.769776817691241,0.07262220948585717,14.959276523766608,0.020939484760294644,17.49996696664423,1.47,bk185160,bk,G,g
429497394144,2458542.8602646,4.033024849756521,0.047007981937075616,14.885988377405209,0.012669307639744467,17.972211593363312,1.46,bH049820,bH,G,g
429497394144,2458542.8602704,3.7517434116792145,0.04479748612189438,14.964482800881377,0.01297874464072616,18.024506502452507,1.48,bG049847,bG,G,g
429497394144,2458543.8290268,3.8437545896691723,0.0633936287001904,14.938176493049806,0.01792677356082495,17.64752658185588,1.42,bk185928,bk,G,g
429497394144,2458543.8290328,4.329066959883631,0.051203888427731166,14.809079863984573,0.012856442503818713,17.879383254970165,1.48,bl185923,bl,G,g
429497394144,2458544.8660396,4.154223136724168,0.03639009689970913,14.853841071824627,0.009521504225949835,18.250182581369636,1.51,bl186303,bl,G,g
429497394144,2458544.8660442,3.567337700085448,0.05240445862661072,15.019205063443197,0.015967472905926053,17.854220014471515,1.44,bk186308,bk,G,g
429497394144,2458546.8569578,4.1915280234989325,0.037963868309503095,14.84413468706277,0.009844876144956159,18.204214465866087,1.43,bl186902,bl,G,g
429497394144,2458546.8569578,3.3608568218531776,0.05378921569529823,15.083940594309661,0.017396319420414565,17.825902581825478,1.49,bk186907,bk,G,g
429497394144,2458548.85895,4.236025252032146,0.04652697018420087,14.83266927132255,0.011938737535669305,17.983378680470345,1.45,bl187674,bl,G,g
429497394144,2458548.8589515,3.423623922181339,0.05246624322974889,15.063850491536181,0.01665735680845217,17.852940690750067,1.38,bk187679,bk,G,g
429497394144,2458549.8359447,4.3815890941658235,0.045920181501535144,14.795986504889061,0.011391584123896674,17.99763162153885,1.41,bH052242,bH,G,g
429497394144,2458549.8359498,3.97984618670299,0.053105830486845015,14.900399902875002,0.014504009974784677,17.839785099263167,1.43,bG052257,bG,G,g
429497394144,2458551.8642438,3.506591439856937,0.03878728890756709,15.03785270155619,0.01202309917244877,18.180917048858067,1.42,bG053002,bG,G,g
429497394144,2458551.864246,3.9853364818895396,0.03887412469549166,14.898903135393093,0.010602488285915328,18.17848905292714,1.51,bH052988,bH,G,g
429497394144,2458553.7228566,5.641126044259755,0.07779469391286378,14.521651113212087,0.014989817501300462,17.425265670476616,1.53,bH053626,bH,G,g
429497394144,2458553.7228569,5.288520006122354,0.07958300822724719,14.591730243282761,0.016356801092192726,17.40058973295479,1.45,bG053640,bG,G,g
429497394144,2458554.7217754,5.642377248405747,0.060998586276237075,14.521410323164671,0.011750864618021908,17.68934118701133,1.48,bl189900,bl,G,g
429497394144,2458554.7217754,5.114222023316308,0.08428878523120413,14.628116677053269,0.017914405045152213,17.338216124352584,1.43,bk189905,bk,G,g
429497394144,2458556.7960324,4.448277194995149,0.0627747466881493,14.779586015940616,0.015339291442983054,17.6581781891889,1.52,bG054839,bG,G,g
429497394144,2458556.7960324,4.792002109268591,0.05097430887336169,14.698773120926596,0.01156236082698681,17.884262245989625,1.42,bH054823,bH,G,g
429497394144,2458558.9046622,3.0417375794371515,0.05761884594953395,15.192261263931947,0.020589935437993048,17.75122922262287,1.54,bk191628,bk,G,g
429497394144,2458558.9046622,4.031585283472014,0.0542044020362177,14.886375994221154,0.014614059769931598,17.81755421694092,1.49,bl191623,bl,G,g
429497394144,2458559.7324886,4.81788068677353,0.0534482315166709,14.69292552069257,0.012058394053210648,17.83280726158662,1.43,bH055914,bH,G,g
429497394144,2458559.7324892,4.459475295936806,0.05976399809496834,14.776856216244454,0.014566930677633547,17.711541503358635,1.46,bG056247,bG,G,g
429497394144,2458560.7335643,5.104920361729711,0.05952615518869692,14.630093193899302,0.012674505773188294,17.71587103080854,1.42,bl192283,bl,G,g
429497394144,2458560.7335664,3.9717976871379186,0.07132263764398263,14.902597825844053,0.01951877014929933,17.519572121894317,1.50,bk192288,bk,G,g
429497394144,2458561.8220817,4.1036661321909245,0.07676764062233722,14.86713557221616,0.020333790553381456,17.439695128442892,1.48,bG057125,bG,G,g
429497394144,2458561.822084,4.20904001998916,0.07585476368195487,14.839607984570627,0.01958898696555841,17.45268346222056,2.42,bH056754,bH,G,g
429497394144,2458562.7416435,5.753230204240377,0.13031691961024608,14.50028624274121,0.02462074706465069,16.86513859717362,1.51,bl193095,bl,G,g
429497394144,2458563.7477401,5.841467950262705,0.1571088128302491,14.48376062668105,0.029234166853701848,16.662139244065045,1.55,bl193506,bl,G,g
429497394144,2458563.7477401,5.370171962939274,0.1498851893985027,14.57509514017493,0.030337703383270513,16.713243808845903,1.60,bk193511,bk,G,g
429497394144,2458564.7243891,6.07999109694223,0.10457603821387709,14.440308263965399,0.018695686382070746,17.10406014924478,1.44,bH057851,bH,G,g
429497394144,2458564.7243893,5.699965489929825,0.1266909080644187,14.510385056600308,0.024159358334530527,16.895776988975758,1.43,bG058247,bG,G,g
429497394144,2458566.7531981,4.908874240301603,0.15269030586470475,14.672610856986042,0.0338097322606876,16.693111948780015,1.43,bG055990,bG,G,g
429497394144,2458566.7532103,5.065720643787662,0.08782257600332853,14.638462531428528,0.018844174097877815,17.293625182344556,1.41,bH058665,bH,G,g
429497394144,2458567.8013747,4.402720819716708,0.07535314030318901,14.790762753909695,0.018603402450429553,17.459887221377336,1.40,bH059099,bH,G,g
429497394144,2458567.8013766,4.379674561983991,0.09219283197510886,14.796461020214624,0.02288060415327971,17.24089772189577,1.48,bG059118,bG,G,g
429497394144,2458568.762487,4.713734027902422,0.08317400388150158,14.716652937669066,0.019179386325788122,17.352671590636554,1.48,bG059484,bG,G,g
429497394144,2458568.7624915,5.032219064529095,0.07636459585311461,14.645666775467154,0.01649471027157744,17.445410467272183,1.44,bH059466,bH,G,g
429497394144,2458569.7307752,5.4636505295690565,0.1049491944486661,14.556358340114262,0.020878936297238505,17.100192837825073,1.47,bk195927,bk,B,g
429497394144,2458569.7307752,6.0894446589933064,0.10342358418232979,14.438621402412686,0.018460950977293854,17.116091650612752,1.53,bl195922,bl,B,g
429497394144,2458570.674179,3.3215971589415725,0.0465784612420046,15.09669822136265,0.015242294533905212,17.982177768546684,1.43,bH060127,bH,G,g
429497394144,2458570.6741832,3.0234113399318496,0.057507713431221866,15.198822528147042,0.02067478656932622,17.75332536163344,1.50,bG060143,bG,G,g
429497394144,2458571.656496,3.2679410241844993,0.05072812441173704,15.114380096497834,0.016872784807581198,17.889518598201953,1.49,bH060509,bH,B,g
429497394144,2458571.6564971,2.7721591106247923,0.059594003890200135,15.293020238815142,0.02336665703520922,17.714634199021145,1.47,bG060525,bG,B,g
429497394144,2458572.7110311,4.305582683136732,0.1294550252528629,14.814985788007283,0.03268128713951225,16.872343327021166,1.52,bG060963,bG,B,g
429497394144,2458573.7506031,4.7058148846698185,0.0703058346678526,14.718478524567933,0.016239352244281358,17.535162190112302,1.39,bk197368,bk,G,g
429497394144,2458573.7506031,5.43238498308202,0.06215010392502238,14.56258927225669,0.012435506871926688,17.669035963470026,1.64,bl197363,bl,G,g
429497394144,2458574.8107221,4.443484363576882,0.05802646630014624,14.780756481672023,0.014194321576873607,17.743575302257955,1.52,bH061618,bH,G,g
429497394144,2458574.8107249,4.059605759322472,0.054760283927029016,14.878855972368928,0.014662026629084448,17.806476383330477,1.44,bG061637,bG,G,g
429497394144,2458575.7007126,4.49409089935655,0.050285213512183825,14.768460991299134,0.012162157374684741,17.89903986521039,1.54,bH061940,bH,G,g
429497394144,2458575.7007126,4.11798312841389,0.05503428452722483,14.863354214884483,0.014526498196012417,17.801057299426194,1.59,bG061959,bG,G,g
429497394144,2458576.699347,4.546130631155572,0.05302241527718282,14.755960845187472,0.012677387598350805,17.84149184436492,1.42,bH062331,bH,G,g
429497394144,2458576.6993506,4.160645987749465,0.057797751306894636,14.852163709696963,0.015099492460993397,17.747863256481033,1.48,bG062349,bG,G,g
429497394144,2458577.7096029,5.39528782218887,0.06670180926738865,14.570029077466991,0.013438016466297362,17.59229657596916,1.40,bH062695,bH,G,g
429497394144,2458578.729294,6.146497824664658,0.06775633926499997,14.42849629164619,0.01198213957836696,17.57526577663457,1.49,bl198879,bl,G,g
429497394144,2458578.729294,5.296682937331605,0.07868142728141192,14.590055680828918,0.01614657541996638,17.412960037886116,1.46,bk198884,bk,G,g
429497394144,2458579.7374242,5.015565754734503,0.0730153067573188,14.649265801173744,0.015823631420191,17.494105826093342,1.57,bk199310,bk,G,g
429497394144,2458579.7374242,5.814561049635183,0.07016422397683948,14.488773285462296,0.013116288606029132,17.537351295858873,1.52,bl199305,bl,G,g
429497394144,2458580.6636029,2.8316197186946326,0.05807712993386952,15.269978302317298,0.02229371222722373,17.742627745994866,1.45,bk199672,bk,G,g
429497394144,2458580.6636029,3.7008673613374503,0.04569190273527372,14.979306821508438,0.013419857244175158,18.003042502348883,1.52,bl199667,bl,G,g
429497394144,2458581.6778167,3.1988468579925167,0.04449639023927761,15.13758199950303,0.015119711480900574,18.03182866054888,1.44,bG064233,bG,G,g
429497394144,2458581.6778242,3.393486167720597,0.046735173652636935,15.073450414052775,0.014969591530843405,17.978530959629314,1.46,bH064193,bH,G,g
429497394144,2458582.6689732,3.4531060866082246,0.04239420522998834,15.054540819819525,0.013344697991582758,18.084374366695545,1.53,bH064591,bH,G,g
429497394144,2458582.6689759,3.0588675152836884,0.054878344527053535,15.18616395387025,0.019500803545064817,17.804138106773145,1.47,bG064631,bG,G,g
429497394144,2458582.6760431,4.026282703733691,0.05485318147494527,14.88780495871665,0.014808454281424804,17.804636057328842,1.43,bk200525,bk,G,g
429497394144,2458582.6760431,4.908555844701314,0.04614811669848109,14.672681281451059,0.010219094576572916,17.99225565595429,1.43,bl200520,bl,G,g
429497394144,2458583.6658352,3.251168030670798,0.0515166960284587,15.11996708280268,0.017223474209369632,17.87277060593064,1.59,bH064994,bH,G,g
429497394144,2458583.6658364,2.8770951236903475,0.05748825560298316,15.252680069910538,0.02171886283374548,17.753692784404233,1.47,bG065033,bG,G,g
429497394144,2458584.6347516,3.123426204360154,0.055648277825113564,15.163487498424235,0.019365675558820915,17.789011290062906,1.55,bl201334,bl,G,g
429497394144,2458584.6347531,2.948121403583122,0.05406814127041951,15.226202212797894,0.01993463318734666,17.82028701179919,1.44,bk201339,bk,G,g
429497394144,2458585.6303165,3.2201182381831472,0.04994044817031513,15.130386075614295,0.016857485291573212,17.906509522860535,1.37,bH065779,bH,G,g
429497394144,2458586.6198775,3.516503254640648,0.0644575871730369,15.034788063023257,0.01992393854913713,17.629455499869998,1.46,bH066181,bH,G,g
429497394144,2458586.619881,3.0217929847542715,0.056980929310211724,15.199403850714837,0.020496371869606265,17.763316791610453,1.42,bG066221,bG,G,g
429497394144,2458588.6191083,2.804628552777171,0.07610244377708344,15.280377244541734,0.029494118749477945,17.449144104145784,2.08,bk203027,bk,G,g
429497394144,2458588.6191083,3.667679755307601,0.0723747602931654,14.989087102070888,0.021449042162451464,17.503672765580237,1.54,bl203022,bl,G,g
429497394144,2458589.6123427,3.4433889498900956,0.08133083504298139,15.057600418664252,0.025673277940698402,17.377002533123353,1.44,bH067085,bH,G,g
429497394144,2458590.7034756,4.907030776247504,0.07361859282564893,14.673018667714825,0.016307256514557583,17.485171831650362,1.44,bH067563,bH,B,g
429497394144,2458591.8824718,2.882014336995814,0.12350936154994159,15.25082527992259,0.04658176203678621,16.92339091957045,1.45,bk204515,bk,G,g
429497394144,2458592.4804318,3.5000195289293323,0.10440390648734622,15.039889453347552,0.032423392530663384,17.105848738958628,2.01,bp128103,bp,G,g
429497394144,2458592.4804318,4.078388256250747,0.10205327507798756,14.873844203350208,0.02719885060988073,17.130573244973778,1.45,bo128108,bo,B,g
429497394144,2458593.7769354,5.125185818045567,0.1254977296077622,14.62579158294378,0.026615732678474814,16.906050938886388,1.48,bl205234,bl,G,g
429497394144,2458594.8003777,4.563930998597618,0.0956419387521702,14.7517179478789,0.02277830867959874,17.201019683714392,1.46,bl205682,bl,G,g
429497394144,2458595.5869702,2.6739006548285618,0.13584733799625542,15.332202453281871,0.05522275097591353,16.820012779950567,2.33,bk205947,bk,G,g
429497394144,2458595.5869711,3.750812419934051,0.10282410272495637,14.964752258775976,0.02979763222892142,17.12240329041902,1.53,bl205942,bl,G,g
429497394144,2458595.8589583,4.042702816034605,0.08931907429482495,14.883386079793976,0.02401510938063246,17.275280077983226,1.48,bH069588,bH,G,g
429497394144,2458595.8589654,3.565955547163084,0.07923200350862679,15.019625809775947,0.02415109829753043,17.405389016692617,1.49,bG069637,bG,G,g
429497394144,2458598.6469727,3.0794552897120915,0.06843643741158288,15.178880864792033,0.024156035717624126,17.56442212785375,1.97,bp128995,bp,G,g
429497394144,2458599.3270464,4.6921405937840905,0.05100457686921946,14.7216380805374,0.01181545104168163,17.88361773885123,1.45,bo129169,bo,G,g
429497394144,2458599.3270475,3.7807776540054943,0.05412263969814554,14.956112778702568,0.015560014784606786,17.819193186233658,1.55,bp129163,bp,G,g
429497394144,2458599.8979578,3.8147235479884927,0.06907719657958039,14.946407946721049,0.019682660717373,17.554303851693643,1.52,bl207422,bl,G,g
429497394144,2458600.4022494,4.0307288017574905,0.024313346066947787,14.886606675685517,0.006556519024858808,18.6880287821648,1.45,bo129663,bo,G,g
429497394144,2458600.4022612,3.226187988516826,0.02945710987144313,15.128341447448355,0.009924591437423063,18.479665274902096,1.55,bp129657,bp,G,g
429497394144,2458600.6840041,4.620104415414188,0.04849966289285724,14.738436145228617,0.01141035356423096,17.938293811548935,1.49,bH071060,bH,G,g
429497394144,2458600.6840055,4.094182018746204,0.04634579771054207,14.86964775583835,0.012304256832260524,17.98761470719669,1.44,bG071110,bG,G,g
429497394144,2458600.8003445,4.38700416258354,0.0423274074888477,14.794645506074858,0.010487350800966242,18.086086438471636,1.50,bl207787,bl,G,g
429497394144,2458600.8003445,3.4436894123355906,0.05113579732315569,15.057505683875917,0.0161403604505196,17.880828031506777,1.47,bk207792,bk,G,g
429497394144,2458601.4525057,3.34334041547413,0.03622443720603137,15.089614126631481,0.011776960576669722,18.255136494283857,1.54,bp130123,bp,G,g
429497394144,2458601.4525078,4.002134612841544,0.03657314060687746,14.894336391897143,0.00993305262036213,18.244734972309363,1.48,bo130129,bo,G,g
429497394144,2458601.7074144,4.337909611255166,0.055507528498735165,14.806864376266882,0.013908604723062271,17.79176088499944,1.49,bG071549,bG,G,g
429497394144,2458601.7074144,4.713339023931229,0.052181980046795126,14.716743924576761,0.012033834876112386,17.858839225457228,1.37,bH071498,bH,G,g
429497394144,2458602.4293394,3.931600111953759,0.033461338875409814,14.913642275376148,0.009250946047683287,18.34128232587077,1.49,bo130537,bo,G,g
429497394144,2458602.4293394,3.286408270062972,0.02783006771549528,15.108261835291277,0.009204600012529662,18.54135495381493,1.60,bp130531,bp,G,g
429497394144,2458603.3253386,3.4003194830586354,0.05646711807807454,15.071266312609692,0.01805045160155566,17.77315155358963,1.47,bo130842,bo,G,g
429497394144,2458603.3253452,3.9534079441889096,0.05458262281316472,14.907636545715814,0.015007036632180516,17.810004609879357,1.59,bp130836,bp,G,g
429497394144,2458603.5900605,3.226488743675248,0.043761228562166014,15.128240236500385,0.014742513166427683,18.049916846508566,1.47,bk208954,bk,B,g
429497394144,2458603.5900653,3.9982904645679707,0.040475555150025856,14.895379769277193,0.011003494876424963,18.13465857615911,1.54,bl208949,bl,B,g
429497394144,2458604.3915587,3.4392304021558195,0.03442574241393805,15.05891244426172,0.01088013330223115,18.310432324246875,1.55,bp131188,bp,G,g
429497394144,2458604.3915587,4.155763288538052,0.034506954643151885,14.85343861662946,0.0090254321024923,18.307874028921525,1.47,bo131194,bo,G,g
429497394144,2458604.6533128,2.866453834714304,0.04749285978285151,15.256703243042722,0.01800924649538536,17.961069807906284,1.50,bk209449,bk,G,g
429497394144,2458604.6533128,3.847050686169349,0.04063420552563119,14.93724585148618,0.011480902723887,18.13041117917671,1.66,bl209444,bl,G,g
429497394144,2458604.8052272,3.886593830427375,0.05241667853063561,14.926142729940626,0.014659275721258691,17.85396686720297,1.46,bG072898,bG,G,g
429497394144,2458604.8052306,4.435116784927831,0.05615155014269664,14.7828029720196,0.013761597854826065,17.7792362362563,1.45,bH072848,bH,G,g
429497394144,2458605.9062388,3.825955067897192,0.04531678535031284,14.943215958889699,0.012874530543780665,18.011992874910007,1.48,bH073347,bH,B,g
429497394144,2458605.9075022,3.1778927816261104,0.05735781563765005,15.144717520951565,0.01961848811908392,17.756159102185553,1.52,bG073400,bG,B,g
429497394144,2458606.4221211,2.871256944719682,0.03486457714487745,15.254885475697215,0.013198498161229996,18.296679605864618,1.40,bo131908,bo,G,g
429497394144,2458606.4221211,3.5001534057919086,0.03852480220445089,15.039847924385896,0.011963699915422355,18.188289567381098,1.56,bp131903,bp,G,g
429497394144,2458606.8080696,4.297437567048637,0.056413906468867736,14.817041682289522,0.014268843373850256,17.774175176029992,1.51,bH073404,bH,G,g
429497394144,2458606.8080712,3.943079010560786,0.05821019334521146,14.910476923634949,0.016046330575373066,17.740143006950177,2.19,bG073456,bG,G,g
429497394144,2458607.5648181,3.7641183848789215,0.03939925709033067,14.960907437485613,0.011377240316895382,18.163920529252092,1.44,bH073645,bH,B,g
429497394144,2458609.5054957,3.3271804346978464,0.12110301005743686,15.0948747384835,0.03956314037297609,16.94475326689816,2.02,bo132290,bo,B,g
429497394144,2458609.5055009,3.091394484701869,0.08966650788489494,15.174679552848051,0.03152738869444512,17.271064970859157,1.51,bp132284,bp,B,g
429497394144,2458613.2783386,5.008941552491602,0.06488435900281636,14.650700712043507,0.014080115816462714,17.62229056502821,1.48,bo132782,bo,G,g
429497394144,2458613.2783443,4.2916439895751575,0.06194375077842649,14.818506401824564,0.01568866477581688,17.67264686409469,1.51,bp132776,bp,G,g
429497394144,2458613.8146416,4.397408585677153,0.04575952207673139,14.792073572253328,0.011310891399760546,18.0014369116062,1.46,bl213146,bl,G,g
429497394144,2458613.8146512,3.442064672402641,0.049646544831875625,15.058018057387821,0.015677693716647532,17.912918038913798,1.44,bk213151,bk,G,g
429497394144,2458615.2736662,4.271824194407847,0.06453469090594671,14.823532194446365,0.016420713954114704,17.62815752567249,1.50,bp133645,bp,G,g
429497394144,2458615.2736662,3.9480645158430727,0.07062698650414435,14.909105019984718,0.01944458184089934,17.530213920766183,1.44,bo133651,bo,G,g
429497394144,2458615.5453142,2.8110227902790257,0.08366100501392644,15.27790470565575,0.03234974662233565,17.346332917877607,1.54,bk213812,bk,G,g
429497394144,2458615.5453142,3.6093140305596045,0.06366478229407557,15.006503947885733,0.01917285382588839,17.64289246564804,1.47,bl213807,bl,G,g
429497394144,2458616.2739258,4.284591642952662,0.09650133326098433,14.82029203135027,0.02448138872629246,17.19130732746383,2.04,bp134076,bp,B,g
429497394144,2458616.2739308,3.7498283418550082,0.09366880882699384,14.965037154223921,0.027151622249372166,17.223653117933143,1.53,bo134082,bo,B,g
429497394144,2458619.4115261,3.7830185228876783,0.11670254225960364,14.955469452920173,0.03353158030952072,16.98493981928738,1.46,bo135318,bo,G,g
429497394144,2458619.5487196,3.217710580982362,0.17886652533186004,15.131198175714138,0.0604218842363773,16.521317935316432,1.56,bp135423,bp,B,g
429497394144,2458619.7981463,4.350004634903373,0.24580353386392437,14.803841323049728,0.061420107936471804,16.176170305560706,1.44,bG076180,bG,B,g
429497394144,2458619.7981463,3.4197952815314756,0.22383776636779265,15.0650653503892,0.07114517096357736,16.27780720286272,1.37,bH076133,bH,B,g
429497394144,2458620.4299077,3.936531695311478,0.09982620306020008,14.912281240906829,0.027564046438638825,17.154529229396257,1.51,bo135768,bo,G,g
429497394144,2458620.4299077,3.5980906169593116,0.10526974533534324,15.009885380435286,0.03180121025711306,17.096881680674024,1.53,bp135762,bp,G,g
429497394144,2458620.5435852,3.030895801296812,0.16370468725159115,15.196138107080495,0.05870867529370279,16.617487825277045,1.51,bG076390,bG,G,g
429497394144,2458620.5435852,3.790969293383402,0.1064649645032802,14.953189955576573,0.03052591001080993,17.0846238273625,1.99,bH076343,bH,B,g
429497394144,2458620.7968589,3.6277486891199793,0.10983134571651038,15.000972637660464,0.032907984468710745,17.050824849296294,1.45,bk215814,bk,B,g
429497394144,2458620.7968589,5.0611710079120575,0.11146746847091323,14.639438093306909,0.02393918158995257,17.034770266412693,1.42,bl216200,bl,G,g
429497394144,2458621.4687341,4.373880175924801,0.16078581056561822,14.797898419268163,0.039957012622198515,16.63702131298826,1.51,bo136227,bo,G,g
429497394144,2458621.4687352,3.371344567286054,0.1352622112353886,15.080557767957277,0.04360994247630895,16.82469940420908,1.40,bp136221,bp,G,g
429497394144,2458621.7703216,4.8563330352744405,0.12312901647917987,14.684294467465088,0.027559042286688255,16.926739585291333,2.09,bH076949,bH,B,g
429497394144,2458621.7703227,4.5484365215938345,0.14937409732750898,14.755410277195697,0.035696474711300843,16.716952376830754,1.46,bG076996,bG,G,g
429497394144,2458624.852549,3.8004039528813762,0.09658580113704157,14.950491219435369,0.027624580901119536,17.19035739532764,1.52,bH077972,bH,G,g
429497394144,2458624.8525513,3.5411742801645,0.14531344730457735,15.027197369174592,0.044603678539303214,16.746876097033244,1.49,bG078020,bG,G,g
429497394144,2458625.4569401,2.9338244165279788,0.09209955291426145,15.231480325690978,0.034122086218059094,17.241996806507622,1.52,bo137144,bo,G,g
429497394144,2458625.4569423,3.2229098340944144,0.06862424746172473,15.129445233232241,0.023144170072297625,17.56144662399034,1.50,bp137138,bp,G,g
429497394144,2458626.4740428,3.0784839776428328,0.06259578864147579,15.179223378299449,0.022101430831338306,17.66127782279679,1.58,bp137591,bp,G,g
429497394144,2458626.4740528,3.81405187110725,0.08111724437426615,14.946599134393956,0.023117388220658532,17.37985763927776,1.55,bo137597,bo,G,g
429497394144,2458626.7134633,5.081658239955101,0.09962371339470065,14.635051987759521,0.021309312803215314,17.156733797243305,1.46,bk218109,bk,G,g
429497394144,2458627.2656389,4.422225461890589,0.053966775466818814,14.785963420298948,0.013264710055242615,17.822324437448483,1.48,bo137868,bo,G,g
429497394144,2458627.265639,3.72947603264673,0.040024548683656076,14.970946070987427,0.011665162569898795,18.146824502643593,1.47,bp137862,bp,G,g
429497394144,2458628.3415177,3.7607031727749165,0.04653410821577252,14.961892981037561,0.013449759282949851,17.983212122776052,1.52,bp138360,bp,G,g
429497394144,2458628.3415225,3.2009022577034494,0.048253277393688156,15.136884590302204,0.016385759493945752,17.943823570835654,1.54,bo138366,bo,G,g
429497394144,2458629.2537954,5.322825047989426,0.06716713294285521,14.584710142526397,0.013715978364972311,17.58474858481008,1.52,bo138714,bo,G,g
429497394144,2458629.2538028,4.6540266358437865,0.06300871228365426,14.730493461021227,0.014715801197963162,17.65413910149411,1.45,bp138708,bp,G,g
429497394144,2458631.2430799,4.59511140072187,0.12341103747892022,14.744325510815681,0.029192422194863753,16.924255603167026,1.48,bo139147,bo,B,g
429497394144,2458631.6227761,2.7126610887841487,0.0543148660231706,15.316576777820252,0.021763831130756542,17.81534382990965,1.60,bk219634,bk,G,g
429497394144,2458631.6227795,3.406569330878125,0.053742105128893505,15.06927254184476,0.01714784758153823,17.826853926056213,1.43,bl219714,bl,G,g
429497394144,2458633.3084977,4.675345484593502,0.04893777026017699,14.725531350833762,0.011377389910319221,17.928530166912644,1.50,bo139307,bo,G,g
429497394144,2458633.3085025,3.889817386918784,0.0473547993579816,14.925242589221867,0.013232654101168164,17.964230609320882,1.55,bp139301,bp,G,g
429497394144,2458635.5509848,3.6676663046595057,0.0499294789495572,14.989091083847752,0.014797194799949552,17.906748026692597,1.71,bl220129,bl,G,g
429497394144,2458635.5509848,2.88528605939859,0.053047594480416294,15.24959342876121,0.01998430228269288,17.840976374004665,1.43,bk220049,bk,G,g
429497394144,2458636.307733,4.7045932871249905,0.05055949354573435,14.718760410893223,0.011681343719075745,17.893133824017564,1.52,bo139845,bo,G,g
429497394144,2458636.307733,3.804949590150714,0.04586734946123349,14.949193353789338,0.013102884401104705,17.998881500790638,1.53,bp139837,bp,G,g
429497394144,2458636.5587118,3.51021693995579,0.030378924012815084,15.036730727902386,0.009406988269950836,18.446209642494622,1.40,bG080796,bG,G,g
429497394144,2458636.5587135,3.85500782509785,0.02628417488025863,14.935002462428042,0.0074110758267796175,18.603404741238037,1.41,bH080761,bH,G,g
429497394144,2458637.4156765,3.410280637374708,0.035952837358172895,15.06809032417907,0.011459224385584901,18.263307686162836,1.49,bp140280,bp,G,g
429497394144,2458637.4156765,2.9062604738794344,0.04390757554005689,15.241729283802668,0.016421661449812032,18.04629196850155,1.43,bo140288,bo,G,g
429497394144,2458637.6814092,4.71687383454113,0.04793388480612209,14.715929972210366,0.01104588558650207,17.951034041805784,1.48,bl221151,bl,G,g
429497394144,2458637.6814092,3.8050696239102715,0.058793633346649596,14.949159102890652,0.01679499444670003,17.729314862243392,1.54,bk221071,bk,G,g
429497394144,2458638.2567033,5.2008673946140345,0.06760224088412,14.60987617027236,0.014128546459244428,17.577737880926932,1.46,bo140546,bo,G,g
429497394144,2458638.2567033,4.451508736120738,0.059719620957511384,14.778797547233935,0.014582164233181732,17.712348004992887,1.57,bp140538,bp,G,g
429497394144,2458638.6371126,3.4486197071278832,0.04239528320593861,15.055952358168556,0.0133623981433577,18.084346759558414,2.05,bH081704,bH,B,g
429497394144,2458638.637114,3.006833181601192,0.05911547906553915,15.20479228674972,0.021369976857779444,17.723387577912884,1.60,bG081739,bG,B,g
429497394144,2458640.812064,3.7276884820051515,0.07573110228209044,14.971466592824585,0.022082428808464363,17.454454916147274,1.48,bG082757,bG,B,g
429497394144,2458640.812065,4.098694082535758,0.07638364581073623,14.868451860416714,0.020256623279585106,17.44513965264845,1.47,bH082722,bH,B,g
429497394144,2458642.424467,3.1995499597948998,0.03847414438171005,15.137343382515906,0.013070501376610297,18.189718185370772,1.56,bp141470,bp,G,g
429497394144,2458642.4244717,2.6614683709208253,0.053251395649762584,15.33726234889981,0.021748126870729623,17.836813125059724,1.41,bo141478,bo,G,g
429497394144,2458642.6837756,4.858956812067184,0.05345100509217288,14.683708024945902,0.011957076554819451,17.832750921215343,1.43,bl223456,bl,G,g
429497394144,2458642.6837756,4.15851611592816,0.07627490155065048,14.852719650059608,0.019936799419372958,17.446686472033875,1.38,bk223376,bk,G,g
429497394144,2458643.8004067,3.967750670104684,0.05021766374580075,14.90370468812314,0.013757017931159639,17.900499350551105,1.43,bG084073,bG,G,g
429497394144,2458643.8004123,4.291209925098762,0.04468661311247519,14.818616220661587,0.01131904670357518,18.027197011785184,1.48,bH084026,bH,G,g
429497394144,2458645.2336539,4.78762881083326,0.06865057740142724,14.699764442787513,0.015586043901062387,17.561030125638467,1.96,bp142164,bp,G,g
429497394144,2458645.2336539,4.628858075696679,0.09181955785767079,14.736380959311317,0.021561228623665985,17.24530261854285,1.44,bo142173,bo,G,g
429497394144,2458645.5244582,2.8818363177500332,0.078064204883327,15.250892346872076,0.029443864000770065,17.42151075995015,1.38,bG084747,bG,G,g
429497394144,2458645.5244629,3.449941186742227,0.06934696738017757,15.055536393650517,0.0218488183933052,17.550071927329604,1.46,bH084699,bH,G,g
429497394144,2458645.7711905,3.8642099960631926,0.06567498008393986,14.932413823230696,0.018473594341418535,17.609140737048392,1.46,bk224828,bk,B,g
429497394144,2458646.5044944,3.4337681959527595,0.07301575596523756,15.060638187748044,0.023113077996840894,17.494099146400796,1.48,bH085127,bH,G,g
429497394144,2458646.504499,3.0512898863498674,0.07905178347743388,15.18885694842237,0.02816050090497824,17.407861430336105,1.58,bG085175,bG,G,g
429497394144,2458646.7904548,4.5923850973852245,0.04848239321701991,14.744969874887058,0.011475138164429128,17.938680487460978,1.48,bl225384,bl,G,g
429497394144,2458647.5395129,4.095609565103557,0.05536556940199694,14.869269250777757,0.01469377531834614,17.794541184604423,1.49,bl225643,bl,G,g
429497394144,2458649.4711549,3.17515838787485,0.12250937521196233,15.145652136586769,0.04193881000372862,16.93221729893519,1.58,bp143387,bp,G,g
429497394144,2458649.4723602,2.7636017687568173,0.1475196268204936,15.296376967360892,0.05802117449403326,16.730516098745124,1.48,bo143397,bo,G,g
429497394144,2458650.2229662,4.733560540273608,0.16484962779972234,14.712095782444756,0.03785403746686195,16.609920684135055,1.54,bo143600,bo,G,g
429497394144,2458650.2229696,5.133876704487983,0.14706794694316494,14.623952036240853,0.03113757366414987,16.733845537076878,1.47,bp143591,bp,G,g
429497394144,2458650.5693252,4.585674718502071,0.10753800922743438,14.746557509473329,0.025490063652570824,17.07373563034419,1.55,bl226695,bl,G,g
429497394144,2458650.5693336,4.052119679713723,0.10820502433257033,14.880859962773066,0.02902534134715831,17.067022043867702,1.53,bk226615,bk,G,g
429497394144,2458652.2079688,6.1709013578801155,0.2308219415562253,14.424194111646827,0.04065749882950919,16.24444788701947,1.97,bo144343,bo,B,g
429497394144,2458652.2079688,5.629449684856944,0.20208891055603223,14.523900767707772,0.03902013013650678,16.388784404799633,2.06,bp144334,bp,B,g
429497394144,2458652.7171825,4.831553838816679,0.16565509822407262,14.689848563985333,0.037267491035159694,16.60462859561636,1.47,bk227505,bk,G,g
429497394144,2458652.7171825,5.446530020885353,0.12156286214087247,14.559765867843712,0.024260133571028655,16.9406383194691,1.51,bl227585,bl,G,g
429497394144,2458653.2414708,5.9180359766044806,0.2673057461700179,14.469621619851774,0.04909563328889236,16.08511987464149,1.45,bo144817,bo,B,g
429497394144,2458653.2414708,4.261862292863629,0.19273502142378715,14.826067090028488,0.04915564467085418,16.44023902032555,1.52,bp144808,bp,B,g
429497394144,2458653.5209152,3.484999825841744,0.06903137028813892,15.04455872045539,0.021530588777334644,17.555024375651023,1.50,bH087741,bH,G,g
429497394144,2458653.5209152,2.8408356861509168,0.09599265520645527,15.266450335107649,0.03672857361105723,17.19704559981557,1.45,bG087780,bG,G,g
429497394144,2458654.5340272,3.8850820289348516,0.17516146347822567,14.926565140155681,0.0490061454731309,16.544044198752054,1.51,bo145452,bo,B,g
429497394144,2458654.5340272,3.0828713593998778,0.14321159347580972,15.17767711460834,0.050493438541492276,16.76269516883862,1.57,bp145443,bp,B,g
429497394144,2458655.5140345,3.6896005754119776,0.06647051934012059,14.982617238919623,0.01958221846061579,17.59606793151949,1.52,bl228809,bl,B,g
429497394144,2458655.5140357,2.4983749735437266,0.0808127027171956,15.405921570093728,0.03515881130254362,17.383941532328066,1.40,bk228729,bk,B,g
429497394144,2458656.681009,4.4558254933980335,0.10926356098811325,14.777745187479766,0.02665381316670469,17.056452235395227,1.59,bG089237,bG,B,g
429497394144,2458656.6810149,4.986993635159733,0.10567970899552652,14.655468587447558,0.023033766896817333,17.092661589654693,1.46,bH089197,bH,B,g
429497394144,2458657.6635126,3.864605650079425,0.0501573427917035,14.932302661078559,0.014107222261973047,17.901804309901294,2.11,bl229854,bl,G,g
429497394144,2458657.6635126,2.992563564435939,0.07657699464727738,15.209957162438585,0.027814234169067534,17.442394816549974,1.49,bk229774,bk,G,g
429497394144,2458659.7223195,5.3830128847313725,0.06972744356879274,14.572502073931457,0.014079605818197593,17.54413125426378,2.32,bl230346,bl,G,g
429497394144,2458659.7223195,4.943918546426831,0.07574813132225236,14.664887354989295,0.01665377869337695,17.454210802877434,1.59,bk230266,bk,G,g
429497394144,2458661.2018982,6.328783200204432,0.07953693866189698,14.396765075609519,0.013660318494544339,17.401218433471776,1.51,bo146950,bo,G,g
429497394144,2458661.2019002,5.660341561356596,0.07808874135241888,14.5179590258766,0.014995396614735229,17.42116955430925,1.56,bp146943,bp,G,g
429497394144,2458661.7602665,4.458262791114504,0.11677715151314257,14.777151461603598,0.028471109123560143,16.984245917653148,1.43,bH090693,bH,B,g
429497394144,2458661.7602699,4.377512729321406,0.15290044114104095,14.796997078188491,0.037965881986323294,16.69161876539269,1.41,bG090743,bG,B,g
429497394144,2458667.6042218,2.949892310401731,0.05639159754946625,15.225550217804585,0.020778797419670283,17.77460461610049,1.45,bk231566,bk,G,g
429497394144,2458668.6026329,3.1002339158568417,0.059014419357732786,15.171579464685834,0.020690731647520524,17.725245265286535,1.51,bG091714,bG,G,g
429497394144,2458668.6026346,3.465663727428071,0.04838071273436487,15.050599569966563,0.015173927815562057,17.940959956424983,1.47,bH091663,bH,G,g
429497394144,2458669.6137305,2.9116403272577926,0.05706869651330389,15.239721307574229,0.021304551692587777,17.76164572871813,1.50,bG092147,bG,G,g
429497394144,2458669.6137376,3.4325476792926763,0.04486273309086982,15.061024176148344,0.014206311134536463,18.02292629197356,1.99,bH092097,bH,G,g
429497394144,2458670.4479025,3.0058369211162295,0.06104232650521996,15.205152085664118,0.022073837216803747,17.688562917639818,1.97,bp148084,bp,G,g
429497394144,2458670.4479025,3.931437312408549,0.07269930265972051,14.913687234429712,0.02009976883071775,17.49881499875428,1.47,bo148092,bo,G,g
429497394144,2458670.7422506,4.44417289246438,0.06393083967344554,14.780588257195959,0.015636215062906068,17.638364590106107,1.53,bG092667,bG,B,g
429497394144,2458670.7422562,5.073818191340111,0.058354318406768454,14.636728369242363,0.012501158806229479,17.737458109553263,1.39,bH092616,bH,B,g
429497394144,2458675.2324265,3.8246579482596768,0.058163379265759124,14.94358412017635,0.01652986104236346,17.74101653420478,1.49,bp148963,bp,G,g
429497394144,2458675.4446982,4.092445460815227,0.06581201215379244,14.870108371360509,0.01747971879021441,17.606877688350046,1.47,bo149085,bo,G,g
429497394144,2458676.7345301,4.6834060124385966,0.1324550326585466,14.723661099427332,0.03074105922121659,16.84746945128576,1.59,bG094754,bG,G,g
429497394144,2458676.7345338,5.495769260821278,0.11972069505866974,14.549994395694103,0.023678430462656688,16.957217537579005,1.53,bH094704,bH,G,g
429497394144,2458678.536025,2.6762192854044935,0.13020644943372645,15.331261382297491,0.05288383883800243,16.866059370444916,1.48,bk235661,bk,G,g
429497394144,2458679.6454351,2.8013900961067986,0.1192945410684301,15.28163164994632,0.046287012866366335,16.961089184540022,1.55,bk236161,bk,G,g
429497394144,2458679.6454374,3.7223261890426604,0.09878281014972914,14.973029552596442,0.02884556975260179,17.165937169675452,1.51,bl236241,bl,G,g
429497394144,2458681.4529826,2.7783613111185836,0.12455039868799618,15.290593815375072,0.04872687637757998,16.9142778062948,1.59,bp151269,bp,G,g
429497394144,2458681.4529895,2.6177750706862803,0.14017647155150031,15.355234803372973,0.05820428640087037,16.785952801560764,1.57,bo151277,bo,G,g
429497394144,2458681.6575505,3.159498869821879,0.12024781048790228,15.151020111408704,0.041368630665800814,16.95244766809319,1.55,bk237069,bk,B,g
429497394144,2458681.6575505,4.301072474132802,0.10115353308805385,14.816123720819824,0.025563273613329072,17.14018797044604,1.50,bl237149,bl,G,g
429497394144,2458682.5274548,2.631983811527859,0.09972407364495517,15.349357587915414,0.04118404214646516,17.155640584541587,1.47,bk237394,bk,B,g
429497394144,2458682.5274548,3.4937314787844462,0.08239242088150249,15.041841814972019,0.025633618314073604,17.362922452367144,1.54,bl237474,bl,B,g
429497394144,2458682.7194121,5.524011008697437,0.31380738278693365,14.544429283770368,0.061747701218027716,15.910982719450091,1.58,bH097018,bH,B,g
429497394144,2458682.7194179,5.6922564897944135,0.2876740271915995,14.51185447000218,0.05493237357653966,16.005388978584254,1.57,bG097063,bG,B,g
429497394144,2458683.4952965,4.921933821934094,0.06318444515436579,14.669726197078427,0.013953609946348018,17.651115171079695,1.46,bl237894,bl,G,g
429497394144,2458683.4952965,3.8936829894304257,0.06381953043031481,14.924164147712977,0.017815794198928092,17.640256600370744,1.49,bk237814,bk,G,g
429497394144,2458684.4919252,2.6159589279632645,0.06693433093715988,15.355988319691164,0.02781186920126326,17.58851829488975,1.52,bk238262,bk,B,g
429497394144,2458684.4919368,3.6800997474926977,0.05119271846871062,14.985416646795057,0.015120312769519747,17.879620130572395,1.53,bl238342,bl,B,g
429497394144,2458686.4493457,3.0928286891673427,0.06943922491360979,15.17417595920425,0.0244040087473059,17.548628450031064,1.59,bp152340,bp,G,g
429497394144,2458686.449348,2.6739873494760475,0.08062427469757183,15.332167251528407,0.0327731846637885,17.386476059659735,1.54,bo152146,bo,G,g
429497394144,2458687.4855889,3.6124205698259733,0.07081057305161033,15.005569855857242,0.021306493166780096,17.527395338858245,1.52,bl239261,bl,B,g
429497394144,2458687.4868177,2.731054525569678,0.08153313038716001,15.309239694966909,0.032450090974893424,17.37430531902071,1.99,bk239182,bk,B,g
429497394144,2458687.7053257,5.5903324018385145,0.13332584922355448,14.531471542641166,0.025923217245953086,16.840354714899,1.44,bG098734,bG,G,g
429497394144,2458687.7053272,5.678982571933945,0.11818389079028806,14.51438928255304,0.022620381244674637,16.97124490268639,1.46,bH098689,bH,G,g
429497394144,2458688.5810286,2.9324600816822213,0.05838932622547283,15.231985349872676,0.021642804052876774,17.73680695192535,1.60,bk239330,bk,G,g
429497394144,2458688.5810286,3.7157333165157853,0.042328592407414004,14.974954281019235,0.012382304017560306,18.086056044666382,1.50,bl239410,bl,G,g
429497394144,2458689.6974825,5.576318076976814,0.08194659248571348,14.534196776659211,0.015973332565873903,17.368813362966897,1.52,bG099273,bG,G,g
429497394144,2458689.6974882,5.930368778039732,0.07348401131682027,14.467361370622037,0.013468627050672552,17.487158472991567,1.52,bH099229,bH,G,g
429497394144,2458690.5861292,3.0615279669722018,0.05492951771036805,15.18522004463774,0.01950202583656873,17.803126146778162,1.45,bG099497,bG,G,g
429497394144,2458690.5861317,3.402513689624912,0.045243315414199826,15.070565919249495,0.014453289902850113,18.013754555527115,1.44,bH099452,bH,G,g
429497394144,2458691.5399196,3.5325448301841806,0.05495427349067972,15.02984641722768,0.01690931292866728,17.80263693454545,2.03,bl240394,bl,B,g
429497394144,2458691.6941769,5.454116486666458,0.08775198707291468,14.55825459933521,0.01748818436086796,17.294498212699203,1.48,bG099917,bG,G,g
429497394144,2458691.6941779,5.690440572845652,0.08672541676858565,14.512200891730174,0.016565810001951706,17.307274622518946,1.41,bH099872,bH,G,g
429497394144,2458693.6842234,5.60898776359067,0.07117823180899432,14.527854390867303,0.013793512578661439,17.52177262351225,1.51,bH100682,bH,G,g
429497394144,2458693.6842263,5.311056698784104,0.07483358611175421,14.58711327777335,0.015315380550902416,17.46739921740675,1.53,bG100729,bG,G,g
429497394144,2458695.5536059,3.4160797651595014,0.0463554246781306,15.066245615099751,0.014749752533816633,17.987389201059425,1.48,bH101431,bH,G,g
429497394144,2458697.6668067,3.6350874972155665,0.05520404381909705,14.998778450112628,0.01650700168881847,17.797713381612166,1.56,bk242883,bk,G,g
429497394144,2458697.6668067,4.617120465603565,0.04831157377629909,14.739137607517778,0.01137344814432188,17.942512648691007,1.63,bl242963,bl,G,g
429497394144,2458698.3575434,2.848252370602242,0.040780417186579584,15.263619453493702,0.015562715185530656,18.12651145062117,1.42,bo154300,bo,G,g
429497394144,2458698.3575434,3.5720075447879585,0.037780478387842445,15.017784703448465,0.011496542732114345,18.209471979470447,1.48,bp154495,bp,G,g
429497394144,2458698.6699592,4.678104545998157,0.05251703487809898,14.724890814361068,0.012202321047310248,17.851890117043286,1.46,bH102658,bH,G,g
429497394144,2458698.6699618,4.136199852876216,0.05317745650253618,14.85856183520556,0.013974562451264718,17.8383217088767,1.51,bG102704,bG,G,g
429497394144,2458703.6610925,3.8201897795087416,0.13966732573124288,14.944853276425633,0.03973946828289778,16.789903567422858,1.45,bG104613,bG,G,g
429497394144,2458703.6610959,4.082886111657847,0.15405246113347404,14.872647457662334,0.04101224544100778,16.683469009010548,1.46,bH104564,bH,G,g
429497394144,2458704.6571514,3.852998945083995,0.09177789881080592,14.935568397014368,0.02589115312144077,17.245795334913044,1.46,bH104973,bH,G,g
429497394144,2458704.6571538,3.135908221627833,0.08802577102814002,15.15915726293989,0.030511156302426835,17.29111601695314,1.52,bG105022,bG,G,g
429497394144,2458705.6547759,3.8653477080885486,0.0922088029713398,14.932094204646368,0.025929610301739063,17.240709651015788,1.37,bH105390,bH,G,g
429497394144,2458705.654778,3.1394278853402637,0.13267578550572537,15.157939343562592,0.045936016242233195,16.84566144257873,1.50,bG105439,bG,G,g
429497394144,2458706.5602136,3.3958513294715855,0.08111120125018696,15.072693950893271,0.02596237014849078,17.379938528157393,1.41,bH105740,bH,B,g
429497394144,2458707.6357139,3.4230456565268503,0.12143927986268625,15.064033892809261,0.03856192130840042,16.94174265348159,1.59,bl247221,bl,G,g
429497394144,2458707.6357141,2.607493424021897,0.1433189966518459,15.359507567708967,0.05974378177320545,16.761881213706374,1.52,bk247141,bk,G,g
429497394144,2458707.647966,3.4764477877304287,0.16627679074367915,15.047226344371673,0.05198859673675311,16.60056152710935,1.48,bG106179,bG,G,g
429497394144,2458707.647966,3.440759532043834,0.15535849849866454,15.058429818058947,0.049078679163147926,16.674303073352643,1.45,bH106131,bH,G,g
429497394144,2458708.6312729,3.3152957533984244,0.14597561953988603,15.098759928937337,0.04785972760081555,16.74193979361567,1.55,bl247658,bl,G,g
429497394144,2458708.6312806,2.7014683159504367,0.11508572383384588,15.321065926527734,0.046305624738099765,17.000086977535393,1.45,bk247578,bk,G,g
429497394144,2458709.218565,5.195060983260584,0.10309305525347867,14.61108899734322,0.021570039141956373,17.119567085155726,2.16,bp156916,bp,G,g
429497394144,2458709.2185744,5.42774313640404,0.11680214078186746,14.56351740519337,0.023390725295091064,16.9840136046461,1.97,bo156721,bo,B,g
429497394144,2458709.6232887,3.3739845856481656,0.1409210148225644,15.079707886921572,0.0453988488160378,16.780201206366783,1.57,bH106779,bH,B,g
429497394144,2458710.6243789,2.4577688466376904,0.20387744789202536,15.423713034683965,0.0901654856293467,16.379217640151925,1.55,bG107256,bG,B,g
429497394144,2458710.6243829,3.162545059421533,0.16587167932007363,15.14997381732158,0.057009560408209266,16.60321000751685,1.96,bH107208,bH,B,g
429497394144,2458711.6275909,2.4250699261381308,0.1936203948176026,15.438254957618902,0.0867838690424265,16.43526285801128,1.50,bk248692,bk,B,g
429497394144,2458711.6275961,4.092324094854609,0.1754024634393184,14.870140570536448,0.046588404814807326,16.542551390141508,1.48,bl248762,bl,B,g
429497394144,2458712.3669672,3.60704447982769,0.12173955183079768,15.007186877780601,0.036685325217393955,16.93906136489679,1.55,bp158061,bp,G,g
429497394144,2458712.3669703,3.0457087063702564,0.14948725101447338,15.190844710357874,0.05334920639888777,16.716130222603105,1.46,bo157865,bo,B,g
429497394144,2458712.6184401,3.5703049592587943,0.08798442880057697,15.018302339377914,0.026786296909531635,17.29162606414495,1.44,bH108076,bH,G,g
429497394144,2458713.5639209,3.4895612292351808,0.10628304128208715,15.043138564699134,0.0331058942035397,17.0864806783835,1.48,bl249593,bl,G,g
429497394144,2458713.5639217,2.680080814613317,0.10081275769982581,15.329695897647333,0.04088648516076277,17.14385187422288,1.44,bk249523,bk,G,g
429497394144,2458714.5822235,2.4269691494619408,0.23267544051779218,15.437404982754,0.10420737633826498,16.23576424938453,1.47,bk249935,bk,B,g
429497394144,2458714.5834407,3.7953630213861658,0.2828497106924821,14.951932317523847,0.08100551540836075,16.023751264275447,1.45,bl250006,bl,B,g
429497394144,2458715.3719167,4.001954954480099,0.07375737164022408,14.894385132378092,0.020032973145019697,17.483127031081686,1.42,bo158877,bo,G,g
429497394144,2458715.3719184,3.091814326200329,0.08754302646890574,15.174532109302223,0.03077657760584197,17.297086719879406,1.56,bp159071,bp,G,g
429497394144,2458715.6281238,3.3882566053106706,0.10164178844158273,15.075124888169224,0.03260679980809108,17.134959866219564,1.47,bH109327,bH,G,g
429497394144,2458715.6281271,2.9607551639743406,0.09745907374842863,15.221559383723918,0.03577930965129525,17.180584912622802,1.53,bG109383,bG,G,g
429497394144,2458716.6249776,3.2467252624073857,0.063013633059734,15.121451771727852,0.021096050289751964,17.65405431232861,1.53,bH109750,bH,G,g
429497394144,2458716.6249781,2.959956338337647,0.07034978887846424,15.221852359971779,0.025833881680620563,17.53448361533281,1.43,bG109805,bG,G,g
429497394144,2458717.6204856,3.471299929586715,0.045401972499561065,15.048835273542336,0.0142165675998196,18.009953808205477,1.56,bH110172,bH,G,g
429497394144,2458717.6204895,2.990071645833417,0.0529696143391161,15.210861635570387,0.019255614774361315,17.842573584096748,1.45,bG110227,bG,G,g
429497394144,2458718.5668132,3.5025052488342814,0.051444107123856,15.03911863530843,0.015965003267855896,17.874301526677872,1.47,bH110544,bH,G,g
429497394144,2458718.5668134,3.262800232137597,0.04741898322369335,15.116089410947826,0.015796974807576355,17.962760017865733,1.45,bG110598,bG,G,g
429497394144,2458718.5989661,2.8675914206709217,0.06864922743949553,15.256272441324104,0.026021393752201357,17.561051476033626,1.47,bk251700,bk,G,g
429497394144,2458719.3200536,3.124348184042915,0.05231402708373885,15.163167055762045,0.018199979505333645,17.856095229222554,1.63,bo160387,bo,G,g
429497394144,2458719.3200557,3.775580115309724,0.04936607015961867,14.957606396924435,0.014212060206336575,17.9190692211796,1.47,bp160581,bp,G,g
429497394144,2458720.6022664,3.232763057232642,0.05559605454087121,15.126130935998772,0.01869314051054981,17.7900306806852,1.48,bG111357,bG,G,g
429497394144,2458720.6022767,3.361905473386678,0.05137710698350549,15.083601876712542,0.01661102072794276,17.875716497100655,1.42,bH111312,bH,G,g
429497394144,2458722.6099638,3.136177797321416,0.0711619845121737,15.159063932558343,0.02466377487637027,17.522020484291446,1.41,bH112013,bH,G,g
429497394144,2458722.609965,2.782473598512593,0.08145890339647974,15.288987991719267,0.03182142908664178,17.375294213199798,1.42,bG112055,bG,G,g
429497394144,2458723.2880515,3.8956726899948544,0.04712677612074614,14.923609470259455,0.013149142838551097,17.96947128325353,1.50,bp161462,bp,G,g
429497394144,2458723.2880515,3.5043720997372163,0.05432140508086016,15.038540087244485,0.01684895434680059,17.8152131241773,1.39,bo161270,bo,G,g
429497394144,2458723.6074613,2.775522755630642,0.11330519655745423,15.291703641469308,0.044372838268110525,17.01701604012717,1.45,bG112461,bG,B,g
429497394144,2458723.6074613,3.313069473359138,0.08422652138248966,15.099489265010046,0.02763315633924026,17.33901845049413,1.43,bH112420,bH,B,g
429497394144,2458724.5968838,2.4905457555391184,0.07200488906550563,15.409329310117029,0.03142531454914466,17.509235647374975,1.47,bk254187,bk,G,g
429497394144,2458724.5968838,3.3444259321076713,0.05954407277452233,15.08926166673411,0.019352145793340526,17.715544269499482,1.48,bl254257,bl,G,g
429497394144,2458725.5955414,3.4708942855278817,0.049807496607325065,15.048962156319677,0.015597877323595223,17.909403826321554,1.46,bH113242,bH,G,g
429497394144,2458726.5974161,3.443812118090891,0.05227711590191792,15.057466997545179,0.016500015134043495,17.856861561953664,1.40,bH113616,bH,G,g
429497394144,2458728.3276934,3.245718324191986,0.05962867899963922,15.121788553794758,0.01996900995328429,17.714002640967408,1.41,bo162641,bo,G,g
429497394144,2458728.3276959,3.819912634481032,0.04807435954295571,14.944932046676183,0.013679563810429073,17.94785684348274,1.47,bp162833,bp,G,g
429497394144,2458730.5818475,3.5856712421040626,0.051547102309649456,15.013639452081634,0.015625933123570395,17.872129969706652,1.42,bH115207,bH,G,g
429497394144,2458730.5818475,3.2174732239877604,0.05798198033368949,15.131278268867783,0.019588008129230523,17.744408000706294,1.46,bG115243,bG,G,g
429497394144,2458731.5835508,3.3743649391839394,0.06610556810523235,15.079585497408903,0.021294044855927702,17.60204550677002,1.55,bH115596,bH,G,g
429497394144,2458731.5835554,3.3751086836579396,0.09443010744266127,15.079346216436518,0.030411293606724624,17.214864401874447,1.58,bG115633,bG,G,g
429497394144,2458734.2839684,3.9491935279856767,0.09241881033277596,14.908794580751154,0.025436896903307925,17.238239677106332,1.62,bp164663,bp,G,g
429497394144,2458734.2839684,3.5181918941589236,0.11084084555372761,15.034266813115986,0.034244630075388846,17.04089103605398,1.47,bo164471,bo,G,g
429497394144,2458736.221979,5.16487689495874,0.18044949357847076,14.61741568589931,0.03797588168676168,16.511751442507737,2.40,bo165072,bo,G,g
429497394144,2458736.2219837,4.758374773355277,0.16322019816044206,14.706419011220389,0.037284423215985185,16.62070585948387,2.42,bp165263,bp,G,g
429497394144,2458737.2409026,4.854272172030027,0.16806299576842645,14.684755314924818,0.037632246985671705,16.588960359709695,1.53,bp165687,bp,G,g
429497394144,2458737.2409056,4.847878874967097,0.20989050166125428,14.686186221341362,0.047060138158535686,16.347658647542648,1.68,bo165496,bo,B,g
429497394144,2458738.5517435,3.7395815592343684,0.09171999202037924,14.968008098520528,0.026659571912324764,17.246480590756256,1.45,bH116866,bH,G,g
429497394144,2458738.5517463,2.7386868129495188,0.14514241962814026,15.306209695704158,0.0576055278938215,16.74815471442696,1.64,bG116904,bG,G,g
429497394144,2458741.3018122,3.9391811464064808,0.12827604477042379,14.911550740660589,0.035395803915569686,16.88227671008753,1.50,bp165985,bp,B,g
429497394144,2458741.3018122,4.26946305554263,0.14046656911416727,14.824132472587284,0.035761183876917124,16.78370817409282,1.50,bo165794,bo,B,g
429497394144,2458742.5531618,3.2761329631379725,0.10330695406654503,15.111661823638434,0.034275216765341905,17.11731671928214,1.56,bH118419,bH,G,g
429497394144,2458742.5531638,2.876554603905938,0.09794577814299385,15.252884066305462,0.03701052717190917,17.175176309204293,1.46,bG118450,bG,G,g
429497394144,2458743.5504209,3.530043641376224,0.08507370004729713,15.030615435943185,0.026195543876856218,17.328152307284068,1.51,bH118813,bH,G,g
429497394144,2458743.550424,3.0631039284411994,0.0854606096133763,15.184661291559618,0.030326090508569038,17.323225645364996,1.49,bG118844,bG,G,g
429497394144,2458744.5465153,3.4506317972459253,0.05201112223522547,15.055319072326188,0.016383616635559647,17.862400050005117,1.60,bH119131,bH,G,g
429497394144,2458744.5465153,3.1093702530061673,0.0666694085910014,15.168384523781341,0.023305924535175014,17.592824104901855,1.61,bG119162,bG,G,g
429497394144,2458748.5163064,3.5860081835608844,0.0427194695280441,15.013537431476108,0.012948717245434364,18.07607598351135,1.47,bH120657,bH,G,g
429497394144,2458748.5163077,2.829674556466744,0.06454385001385252,15.270724397833765,0.02479308390796345,17.628003443127046,1.48,bG120697,bG,G,g
429497394144,2458750.5116004,2.913517729087751,0.05855352896945738,15.239021459368043,0.021844775320492275,17.73375792458747,2.01,bk263270,bk,G,g
429497394144,2458750.5116016,3.7328819587646453,0.04978088220350226,14.969954980086138,0.01449541002548368,17.909984139463138,1.47,bl263340,bl,G,g
429497394144,2458751.5058656,3.499322227412391,0.051585048668251476,15.040105783834456,0.016023304351611093,17.87133099990254,1.60,bH121755,bH,G,g
429497394144,2458752.5051639,2.72841496535407,0.07698592969185891,15.310289564855841,0.030669952856623807,17.436612214600476,2.29,bk264076,bk,G,g
429497394144,2458753.5028223,3.5327244368205117,0.042298666480547,15.029791216096529,0.013014547897565006,18.086823921684775,1.97,bH122518,bH,G,g
429497394144,2458753.5028286,3.1548651106649794,0.06172169370711714,15.15261363404992,0.02126518730735689,17.676546023831126,1.46,bG122571,bG,G,g
429497394144,2458754.4993266,3.2834373441286475,0.05573512985224233,15.109243788980251,0.018450683394706027,17.78731806821975,1.62,bH122891,bH,G,g
429497394144,2458754.4993275,2.9484333832802347,0.06687187089225431,15.226087322776563,0.024652690679538545,17.589531927084717,1.41,bG122945,bG,G,g
429497394144,2458755.5150464,3.390881044707511,0.04856759945188019,15.074284235814957,0.015568481546066324,17.93677401605826,1.42,bH123272,bH,G,g
429497394144,2458755.5150481,2.914885910714745,0.06776407696028784,15.238511719670452,0.025269121210152692,17.57514179389959,1.41,bG123337,bG,G,g
429497394144,2458756.4923677,2.9599834505931346,0.0668555500831209,15.221842415020166,0.024550500835652838,17.589796945183863,1.48,bG123700,bG,G,g
429497394144,2458756.4923704,3.5336215534061983,0.05371728008888002,15.029515534163165,0.0165236562660234,17.827355575030886,1.53,bH123634,bH,G,g
429497394144,2458757.4811266,3.9122032192035916,0.09809309064805288,14.919012107014764,0.027253933050838303,17.173544565956153,1.96,bH123999,bH,G,g
429497394144,2458757.481131,3.431030150704747,0.13573699034381254,15.061504286026114,0.04300172263573465,16.8208950727448,1.59,bG124065,bG,G,g
429497394144,2458864.8729177,3.815768962248797,0.13768735249765493,14.946110444530474,0.03922149565106777,16.805405488336966,1.59,bl299885,bl,B,g
429497394144,2458864.8729198,2.0450642611389993,0.18180085328997034,15.623298224284968,0.09662758618216395,16.5036508182667,1.48,bk299608,bk,B,g
429497394144,2458868.8659469,3.454742005088006,0.07673392496459017,15.054026571118293,0.02414259590327286,17.440172078768864,1.46,bH156331,bH,B,g
429497394144,2458868.867209,2.94733625217975,0.09262265740640467,15.226491407415065,0.03415857334033183,17.235847518847873,1.50,bH156332,bH,B,g
429497394144,2458870.8603902,2.8941400853144907,0.07035046113988913,15.246266751068745,0.026421627941015297,17.53447324010508,1.40,bk301052,bk,G,g
429497394144,2458871.8638556,3.7524894542111684,0.06756711590539125,14.964266921282656,0.019571678530914752,17.578302157666297,1.52,bl301579,bl,G,g
429497394144,2458871.8638587,3.008334090631912,0.06124828828585962,15.2042504593209,0.022129931181842016,17.684905721642327,1.49,bk301302,bk,G,g
429497394144,2458875.8703521,2.8479022185191045,0.07654629968032164,15.263752937509407,0.029215363895389788,17.44283010809096,1.41,bk302133,bk,G,g
429497394144,2458875.8703521,4.044968080520362,0.051263162989570295,14.882777875092941,0.013775344632465254,17.878127113720886,1.54,bl302410,bl,G,g
429497394144,2458880.8826576,3.0861096960664898,0.13595136559529014,15.176537224680494,0.04788333469205293,16.819181675647354,1.46,bk303692,bk,B,g
429497394144,2458880.8826645,3.5677692753276995,0.09833632416301352,15.019073719409317,0.02995914270914371,17.170855685895752,1.41,bl303969,bl,G,g
429497394144,2458880.8838819,3.5123144950050174,0.13874950294430796,15.036082132293455,0.04293883059955392,16.797062021485687,1.52,bl303970,bl,G,g
429497394144,2458881.8740756,3.080319566672018,0.06950551050803387,15.178576185866465,0.0245265032761321,17.547592517651744,1.44,bk304038,bk,B,g
429497394144,2458882.8713093,3.207573553608925,0.06286680436659717,15.134624062112032,0.021303792996511972,17.656587149099632,1.43,bG159511,bG,G,g
429497394144,2458882.8725846,3.4688941436884506,0.061530972071993324,15.049588004352941,0.019280349475146227,17.679906171025543,1.40,bH159835,bH,G,g
429497394144,2458883.6267069,5.02443103589719,0.09833486284318499,14.64734839832472,0.021273198839445652,17.170871820519935,1.51,bp199086,bp,G,g
429497394144,2458883.6267094,4.451948237924513,0.11528894149195833,14.7786903567298,0.02814814102544603,16.99817148195973,1.49,bo198919,bo,G,g
429497394144,2458883.8754412,2.862058420321703,0.09450767363638674,15.25836938645484,0.035892255547291446,17.213972929252684,1.57,bG159856,bG,G,g
429497394144,2458883.8754412,3.319795159389102,0.06198921577261806,15.097287403904296,0.020296307189609956,17.671850256156848,1.49,bH160179,bH,B,g
429497394144,2458884.6236415,5.030809534654702,0.10447254349146172,14.645970933924271,0.022572333877576112,17.10513519099241,1.58,bo199214,bo,B,g
429497394144,2458884.6236439,4.802885020347847,0.07931619973214718,14.696310147578522,0.017950306995310264,17.40423586711533,1.61,bp199381,bp,B,g
429497394144,2458884.8845096,3.3672346047850272,0.08333704960902125,15.081882182355901,0.02690152609096454,17.350545308900102,1.49,bH160527,bH,B,g
429497394144,2458884.8845096,2.9380205518475284,0.08908054869170498,15.229928548749804,0.032956435005078825,17.278183402923638,1.40,bG160203,bG,G,g
429497394144,2458885.8839767,3.717403861460105,0.06003597957641512,14.974466257963872,0.01755432069572083,17.70661160847014,2.28,bH160870,bH,B,g
429497394144,2458889.8321392,3.411662412406939,0.11679296378317755,15.06765049547077,0.03721026828906089,16.984098912938432,1.44,bG161873,bG,G,g
429497394144,2458889.8321392,3.5922907875923675,0.1072632623572209,15.011636910913708,0.032455753015567586,17.07651310726145,1.48,bH162209,bH,B,g
429497394144,2458890.8473255,3.3601608098972755,0.09810311332520649,15.084165466620247,0.031734736777376475,17.17343363635361,1.47,bG162203,bG,G,g
429497394144,2458890.8473285,3.3373312496300733,0.08830439722285831,15.091567334633284,0.028760417615203118,17.287684785621856,1.45,bH162539,bH,G,g
429497394144,2458893.8368895,3.3596602768022614,99.99,15.084327211076516,99.99,99.99,1.54,bk308065,bk,G,g
429497394144,2458897.8965181,2.753805864933745,0.14612268596480696,15.300232320932958,0.05767618135540109,16.740846494869842,1.51,bk308948,bk,G,g
429497394144,2458897.8965181,3.8832374752683405,0.12706783433998,14.92708074684099,0.03556754180468051,16.892551541048338,1.99,bl309235,bl,G,g
429497394144,2458897.8977412,4.243106420447797,0.15847351692404815,14.830855811405847,0.04059615896349632,16.652748871157456,1.99,bl309236,bl,G,g
429497394144,2458898.845081,2.88317193760466,0.0707425542178681,15.2503892666357,0.026669960146559757,17.528438770642595,1.42,bk309257,bk,G,g
429497394144,2458898.8450838,3.959087392443653,0.049641037437122226,14.906077901220021,0.013628809884611374,17.913038488576227,1.54,bl309544,bl,G,g
429497394144,2458899.8286545,2.386826589851257,0.07434983121688513,15.455513453909068,0.03385877896409439,17.47444064404704,1.49,bk309568,bk,G,g
429497394144,2458900.7743823,4.288542354766425,0.04283375339643103,14.819291363180254,0.010856469110785345,18.073175281396548,1.48,bl310155,bl,G,g
429497394144,2458900.774388,3.4557870200956806,0.06983582068114697,15.053698199547068,0.02196561891660657,17.54244500854669,1.43,bk309868,bk,G,g
429497394144,2458901.7856742,4.198060667012669,0.04548035836571523,14.842443846362288,0.011775716469534715,18.008080916233666,1.46,bl310377,bl,G,g
429497394144,2458901.7856814,3.2258163102992747,0.06014306938461718,15.128466538653838,0.020265537531166403,17.704676640375364,1.47,bk310090,bk,G,g
429497394144,2458903.5019671,3.125666237656681,0.04626024383322967,15.162709118082887,0.01608708989014405,17.989620817531048,1.47,bp203234,bp,G,g
429497394144,2458903.5019792,4.029716917007943,0.04346648007414299,14.886879275973822,0.011724439946196985,18.05725443058042,1.51,bo203067,bo,G,g
429497394144,2458903.5154636,3.4766190139475874,0.062254923307601344,15.047172869693949,0.019463851123201276,17.66720635532494,1.48,bG165647,bG,G,g
429497394144,2458903.777723,3.736635671315305,0.059999505478323056,14.968863733726351,0.017453361664726986,17.707271434188097,1.39,bH165979,bH,G,g
429497394144,2458904.7535605,3.973156307104803,0.05494414180323885,14.90222649508443,0.015031347535357542,17.802837125601375,1.40,bH166320,bH,G,g
429497394144,2458905.7514755,3.796624324636255,0.05572923775520429,14.951571557539935,0.01595503090376829,17.787432854015776,1.46,bG166350,bG,G,g
429497394144,2458905.7514755,4.175092769938415,0.04612227575489285,14.848400297568674,0.012007615445146346,17.9928637914137,1.39,bH166683,bH,G,g
429497394144,2458906.8013452,3.515108089435829,0.0504027756497206,15.035218912033603,0.015585758478058941,17.896504477859864,1.51,bG166708,bG,G,g
429497394144,2458906.8013526,3.9347211641250923,0.04106885529414906,14.912780719027701,0.01134516481354325,18.1188591164436,1.42,bH167041,bH,G,g
429497394144,2458907.7845342,4.144306142016525,0.04185586324729535,14.856436048587469,0.010977833676044931,18.09824985301519,1.52,bl312441,bl,G,g
429497394144,2458907.7857511,3.512609217299074,0.08459073658071681,15.03599103075889,0.026176112148286933,17.334333594865598,1.44,bk312155,bk,G,g
429497394144,2458908.7554503,4.152843025503756,0.04645384381783439,14.85420183378393,0.012158732749480951,17.9850864727866,1.52,bl312781,bl,G,g
429497394144,2458908.7554506,3.2750665225500755,0.07919650715453705,15.112015307964246,0.026284400441294407,17.405875541210907,1.48,bk312494,bk,G,g
429497394144,2458909.4832763,3.1470396749571306,0.04655137832537151,15.15531007695792,0.016078387784354015,17.98280925044517,1.55,bp204623,bp,G,g
429497394144,2458909.4844949,3.8200271517239304,0.054175256684826485,14.944899497855072,0.0154151125716185,17.818138167182912,1.48,bo204457,bo,G,g
429497394144,2458910.7368851,3.7029276477882034,0.05184305811610405,14.978702556358812,0.015217999239023524,17.86591408203581,1.47,bG168085,bG,G,g
429497394144,2458910.7368884,4.1825757776943195,0.04869394668134598,14.846456077224023,0.012654451641204604,17.933953171767367,1.47,bH168418,bH,G,g
429497394144,2458911.7476775,3.7389499516821347,0.05887366975474318,14.968191492596567,0.017115265014404298,17.727837842934253,1.41,bG168443,bG,G,g
429497394144,2458911.7476776,4.314162767447895,0.05205458140268368,14.812824306254338,0.013115190546118132,17.86149321532988,1.43,bH168776,bH,G,g
429497394144,2458912.7197639,3.6155502311052166,0.055906356378198865,15.004629623289778,0.016807339073637913,17.783987639890782,1.50,bk313959,bk,G,g
429497394144,2458912.7197642,4.47268628546774,0.05273825080344412,14.773644527794161,0.012816500419931135,17.84732630836984,1.44,bl314246,bl,G,g
429497394144,2458913.7476804,4.425180838169443,0.05164954475045251,14.785238064407027,0.012686670119132373,17.8699743666597,1.49,bl314637,bl,G,g
429497394144,2458913.7476812,3.4278758971179566,0.06747865213092766,15.062502896456325,0.021397029301307276,17.579724613739963,1.42,bk314350,bk,G,g
429497394144,2458914.7529463,3.5724039802328393,0.10219285470637526,15.017664210860854,0.031093681037438026,17.129089283640077,1.39,bG169502,bG,B,g
429497394144,2458914.752947,4.000746415779332,0.08654688783224412,14.894713060204346,0.023513788275720465,17.309511972553864,1.49,bH169835,bH,B,g
429497394144,2458915.7235015,3.9052307948497638,0.11551249559744178,14.92094885903586,0.032150996196585145,16.99606819469244,1.50,bG169837,bG,G,g
429497394144,2458915.7235031,4.003473470975641,0.12109691675751276,14.893973234783388,0.032878220471884816,16.944807897107367,1.49,bH170171,bH,B,g
429497394144,2458917.7302333,4.728415467110834,0.20561084673538,14.713276549074298,0.047265315908435475,16.37002555750827,1.58,bl316085,bl,G,g
429497394144,2458917.7302333,3.6703687743256554,0.18950035107367771,14.988291368594314,0.05611933163561544,16.45861556421468,1.49,bk315798,bk,G,g
429497394144,2458917.7314584,4.448078698406305,0.20023114416015542,14.77963446610058,0.04892956324674465,16.398811538911847,1.45,bl316086,bl,G,g
429497394144,2458918.7974005,3.5329901627724487,0.15899382380219626,15.0297095518055,0.0489158943942325,16.64918997580964,1.46,bk316219,bk,B,g
429497394144,2458918.7974019,4.032764456955044,0.17315032872040795,14.886058480375016,0.04666944500548095,16.556582310490775,1.61,bl316506,bl,B,g
429497394144,2458920.7213076,4.616499494016494,0.10497735064063624,14.739283641540876,0.0247169562266018,17.09990159121612,1.50,bl317193,bl,G,g
429497394144,2458920.7213127,3.4186369974610615,0.15513529421889766,15.065433151344553,0.049325307111689115,16.67586407724405,1.48,bk316906,bk,G,g
429497394144,2458921.6905814,5.125464918993548,0.12724470860994458,14.625732458891687,0.026984764907440516,16.89104128262909,1.49,bl317543,bl,B,g
429497394144,2458921.6905859,4.277260458119587,0.13600487392111402,14.822151380156674,0.03456216570029832,16.81875443097405,1.49,bk317256,bk,G,g
429497394144,2458922.8219427,2.50015269621679,0.1922398395314887,15.405149287502908,0.08357743414353312,16.443032123249626,1.50,bG172363,bG,B,g
429497394144,2458923.8189965,3.7123164238242525,0.06290412152951892,14.975953155419466,0.018418161960004942,17.655942857173763,1.45,bH173050,bH,B,g
429497394144,2458924.7771976,4.180607298793206,0.07187582034514575,14.846967186171696,0.018687689633527273,17.51118357522103,1.44,bH173386,bH,B,g
429497394144,2458924.777198,3.4367281116130965,0.060469696928843436,15.059702683921124,0.019125147323203386,17.698796131570326,1.57,bG173062,bG,G,g
429497394144,2458925.7041951,4.886553573450137,0.061059917667293656,14.677558961044518,0.013582062434743596,17.688250075532636,1.42,bl318983,bl,G,g
429497394144,2458925.7042027,3.5149987974542785,0.06881064700677061,15.03525267034288,0.021278579549804635,17.558501507912194,1.49,bk318696,bk,G,g
429497394144,2458926.5293045,3.8308545675730183,0.051231222603916424,14.941826459826109,0.014536211318842945,17.878803810966694,1.46,bo207170,bo,G,g
429497394144,2458926.5293082,3.0635689369684185,0.05614863819742083,15.184496478909889,0.01992157830659143,17.77929254256281,1.47,bp207337,bp,G,g
429497394144,2458928.6300663,5.613602763687762,0.08987681486319754,14.526961428950775,0.017402761502938218,17.268521428705746,1.59,bp208156,bp,G,g
429497394144,2458928.6300663,5.0269561842305,0.10079386850310744,14.646802872624535,0.02179421278117617,17.144055326710546,1.51,bo207989,bo,G,g
429497394144,2458929.4324061,2.9039588764861053,0.05216335969695597,15.242589467420096,0.019524830216273104,17.859226723130433,1.54,bp208383,bp,B,g
429497394144,2458929.4324061,2.5359968878164985,0.04990207284140676,15.389693831676123,0.021388584419742812,17.90734414693843,1.43,bo208216,bo,G,g
429497394144,2458931.4330478,4.007255478967305,0.05473524280165778,14.892948043859073,0.014846777163199215,17.806972989131825,1.39,bo208957,bo,G,g
429497394144,2458931.4330552,3.147113966329363,0.04900082974111128,15.155284446559577,0.016924004668268027,17.92713202622115,2.00,bp209124,bp,B,g
429497394144,2458933.5505113,3.6951096503331193,0.04837151279660361,14.980997296356303,0.014229004353339323,17.941166436544364,1.38,bo209723,bo,G,g
429497394144,2458933.5517215,3.204888080625816,0.05705093590422063,15.135533452477677,0.019349158314540805,17.76198367821985,1.48,bp209891,bp,B,g
429497394144,2458976.4827884,4.0568438453902615,0.24562295874269519,14.879594893994124,0.06581014381354644,16.17696821515073,2.17,bo210272,bo,B,g
429497394144,2458985.3478296,3.1971543487764644,0.04898922450465272,15.138156614333845,0.016655172463178977,17.927389199779096,1.52,bp213423,bp,B,g
429497394144,2458985.3478306,2.518797593934919,0.0602072860133654,15.397082447849147,0.025981723321485576,17.70351798446337,1.44,bo213247,bo,B,g
429497394144,2458987.604078,5.716719188345785,0.0765476753538259,14.507198473016059,0.014554500966119176,17.442810595650585,1.52,bp214316,bp,B,g
429497394144,2458987.6040876,6.2279306440630675,0.08848460129637012,14.414206203529666,0.015443157599107369,17.285471365598468,1.37,bo214142,bo,G,g
429497394144,2458997.268934,4.184343452427797,0.052644971442232666,14.845997311355214,0.013675453675463434,17.84924837535385,1.46,bo216365,bo,G,g
429497394144,2459002.219272,4.440661085484516,0.09708977370829161,14.781446550370639,0.023765011716693395,17.18470688929689,1.51,bo217636,bo,G,g
429497394144,2459007.3270306,3.711498580463378,0.1466341253524118,14.976192375321848,0.042943548382394385,16.737052978865453,1.48,bo219682,bo,B,g
429497394144,2459007.3270348,2.981116371760681,0.1641934624558325,15.214118298246394,0.05986722173408115,16.614250958409933,1.55,bp219857,bp,G,g
429497394144,2459016.2929107,2.9847571011698424,0.04650123818850222,15.212793136980437,0.016934317401615936,17.983979318933706,1.47,bo221622,bo,B,g
429497394144,2459016.2929193,3.2528546289415967,0.0419458945059404,15.119403984873177,0.014016415977448245,18.095916960787168,1.45,bp221797,bp,B,g
429497394144,2459019.4987259,3.0160898924470385,0.056485250161714885,15.201454919198426,0.020356492423881024,17.772802970197322,1.48,bp223202,bp,G,g
429497394144,2459019.4987299,2.809005504750951,0.06093969190232151,15.278684146581046,0.02358087067966584,17.690389975955114,1.57,bo223027,bo,G,g
429497394144,2459020.3010113,4.140904410399331,0.04351938135413792,14.85732760912412,0.011423513005066147,18.055933828792806,1.60,bo223263,bo,G,g
429497394144,2459020.3010152,3.326914193043168,0.031780783572714265,15.09496162279159,0.010383294538397302,18.397229109509944,1.52,bp223438,bp,G,g
429497394144,2459024.4924477,3.270193625650313,0.04178562665622047,15.113631953122367,0.013888828799824724,18.10007331234958,2.02,bp224676,bp,G,g
429497394144,2459024.4924554,3.784881874523705,0.04442934442868721,14.954934797793104,0.012759385176170894,18.033465848658718,1.57,bo224500,bo,G,g
429497394144,2459032.2855444,3.363186098327303,0.10193803351289178,15.083188374274775,0.03294560785536304,17.131799983050932,1.58,bp226086,bp,G,g
429497394144,2459032.2855445,4.280957049893642,0.11313964480972606,14.821213445646562,0.028726724739328045,17.018603583982962,1.50,bo225912,bo,G,g
429497394144,2459036.4160445,2.4029251296702103,0.14715084149907015,15.448215024108979,0.0665632752647467,16.73323373642756,1.52,bo227365,bo,B,g
429497394144,2459036.4160445,3.3706760592303846,0.13824391324887958,15.080773081271133,0.04458011403531841,16.80102556440482,1.54,bp227539,bp,G,g
429497394144,2459048.422738,3.0030330885319145,0.05225213368733161,15.20616532867484,0.018912811085273665,17.857380538134485,2.03,bp229535,bp,G,g
429497394144,2459048.4227417,3.51491020183982,0.05137950911008202,15.035280036690358,0.01588868258475747,17.875665734903688,1.56,bo229360,bo,G,g
429497394144,2459049.220098,3.7808149901823085,0.04804534086464515,14.956102056824037,0.013812682378697252,17.948512414202987,1.64,bp229778,bp,G,g
429497394144,2459049.2201027,4.5030399203458655,0.049595019097223615,14.766301129564507,0.01197138608741524,17.914045456870554,1.47,bo229603,bo,G,g
429497394144,2459051.3769457,3.2017463175431944,0.05049163637951019,15.136598325541135,0.01714133726187972,17.894591996593178,1.56,bp230684,bp,G,g
429497394144,2459051.3769491,2.5288846520723416,0.048066594805802755,15.3927430705809,0.020659818809507707,17.9480322204867,1.46,bo230509,bo,G,g
429497394144,2459054.4498603,3.815992654524225,0.05632939170690148,14.946046797154043,0.016044999355232892,17.77580295800153,1.65,bo231793,bo,G,g
429497394144,2459054.4498663,3.4563872916621254,0.04946168540747216,15.053509623118114,0.015554594145034989,17.916968334275573,1.57,bp231970,bp,G,g
429497394144,2459060.2205077,3.598280574283388,0.10660600377401097,15.009828061673183,0.03220318390035073,17.083186452143075,1.59,bp233841,bp,G,g
429497394144,2459060.220508,4.5209375749489356,0.08900370808432026,14.761994346425308,0.02139891545888253,17.279120359801478,1.52,bo233664,bo,G,g
429497394144,2459063.3708059,2.567815996338082,0.18731345864086746,15.376155872308587,0.07928978780783219,16.47121815407626,1.48,bo235036,bo,G,g
429497394144,2459063.3708104,3.313612151403399,0.1519467797175187,15.099311436879809,0.04984275033554143,16.698411860697306,1.61,bp235213,bp,G,g
429497394144,2459068.3955947,3.1158121538475485,0.11322414250706066,15.166137454696326,0.0394984402266992,17.017793010749816,1.51,bp235986,bp,G,g
429497394144,2459068.3955968,3.5336486928292943,0.11689874384833625,15.029507195369485,0.035958258178552735,16.98311600040386,1.52,bo235811,bo,G,g
429497394144,2459069.250863,4.054159716876184,0.05754736045510013,14.880313487097915,0.015428962626993113,17.752577090227664,1.54,bo236043,bo,B,g
429497394144,2459069.250863,3.4255100238941054,0.04780276093457627,15.063252515504965,0.015168404819293694,17.95400815945039,1.52,bp236218,bp,B,g
429497394144,2459072.4023769,3.8914137036144467,0.05480096907219902,14.924797112449646,0.015307103090921531,17.80567001545994,2.05,bo236537,bo,G,g
429497394144,2459072.4023775,3.1024747571342255,0.040757072266317716,15.170794980764992,0.014279299261015852,18.127133162817316,2.20,bp236710,bp,B,g
429497394144,2459075.3652294,3.103047753153902,0.055756937136250184,15.170594474675623,0.019530916464578173,17.786893339201512,2.08,bp237008,bp,B,g
429497394144,2459075.3652414,2.6550186771992994,0.05331391265181711,15.339896670907944,0.02182655269207092,17.835539221170883,1.56,bo236835,bo,G,g
429497394144,2459083.3005653,3.964023365838116,0.04514188930645764,14.90472510788495,0.012378148778874748,18.016191282729245,1.51,bo238125,bo,B,g
429497394144,2459083.3005653,3.295328149390822,0.03945183441992176,15.105318951760134,0.01301309817209966,18.162472607158602,1.97,bp238296,bp,B,g
429497394144,2459088.2566088,3.019239084666883,0.08218057082178575,15.200321860062093,0.029585834347676393,17.365717727636596,1.57,bp239810,bp,B,g
429497394144,2459088.2566088,2.699891887989143,0.0924687434673702,15.32169968724568,0.037227232770323734,17.23765322104426,1.49,bo239639,bo,G,g
429497394144,2459097.3258629,3.8123850195048616,0.1286103330953229,14.947073736409928,0.03666834267939681,16.879450953851958,1.55,bo240986,bo,B,g
429497394144,2459097.3258633,2.8321867437355577,0.1326710279905223,15.269760908018224,0.05091741900109595,16.845700375825626,1.58,bp241158,bp,B,g
429497394144,2459101.2788008,3.102615148778674,0.0893292874243636,15.170745850681929,0.031295228989790425,17.27515593730363,1.52,bp241876,bp,B,g
429497394144,2459101.2788031,3.7578004988943445,0.1137131472259195,14.962731322924975,0.03289191297437483,17.013113912396946,1.50,bo241705,bo,G,g
429497394144,2459104.225701,4.353507531278079,0.11363661275004898,14.802967372040463,0.028372078479154027,17.013844911668837,2.35,bo242789,bo,B,g
429497394144,2459110.2907287,3.288806071724435,0.05317491133314019,15.107469958386355,0.01757440706625514,17.83837367542182,1.52,bp243952,bp,B,g
429497394144,2459110.2907293,3.9083956052838538,0.059661072728283644,14.92006933158435,0.016592228281162115,17.71341296676067,1.47,bo243781,bo,G,g
429497394144,2459115.228103,3.848123925877995,0.11891765674294928,14.936942998003481,0.03358995838918888,16.964524754190688,2.15,bp245490,bp,B,g
429497394144,2459115.2281059,4.3612651356821,0.1201659999190893,14.80103439810982,0.029948928404906476,16.953186599852312,2.43,bo245640,bo,G,g
429497394144,2459122.2556163,3.2382186272687314,0.12277822558629384,15.124300205640388,0.04121234801899162,16.929837229979267,1.57,bo247168,bo,G,g
429497394144,2459122.2556231,3.8132513652615936,0.12754005714332936,14.94682703622374,0.0363549327374103,16.88852409335833,1.53,bp247337,bp,B,g
429497394144,2459217.8617899,3.4148727006367476,0.16104568019705567,15.066629325475148,0.051260959846457434,16.635267911367915,1.42,bG192884,bG,G,g
429497394144,2459217.8617941,3.7387290296416973,0.13268682416339392,14.9682556470109,0.03857589243023481,16.84557111281973,1.53,bH193218,bH,G,g
429497394144,2459220.8548993,3.6902610764229626,0.08680622913732666,14.982422891140041,0.02556854242406561,17.30626338424688,1.49,bH194087,bH,G,g
429497394144,2459220.8549021,3.138890323256453,0.10252265670818472,15.158125269346769,0.03550225043204822,17.125590982206266,1.42,bG193753,bG,G,g
429497394144,2459222.8515548,3.353925018964614,0.07174435793072083,15.086182249276947,0.023251264506461013,17.51317122827206,1.41,bH194666,bH,G,g
429497394144,2459222.8515567,3.1224252969736956,0.07730398919830792,15.163835480247421,0.026910515776627703,17.43213584682393,1.45,bG194332,bG,G,g
429497394144,2459229.8389885,3.156774040852565,0.09397229367747123,15.151956880826088,0.032357018954681266,17.220141043311152,1.42,bH196615,bH,G,g
429497394144,2459229.8389921,2.837166658558253,0.09166237612050294,15.267853503477868,0.03511708317230675,17.247162833778397,1.48,bG196281,bG,G,g
429497394144,2459231.8314791,3.5544563642336073,0.05534677664200433,15.023132654672322,0.016925102930961666,17.7949097790898,1.48,bH197215,bH,G,g
429497394144,2459231.8314834,2.9502491649727753,0.06106048633784668,15.225418881995195,0.022496436786924055,17.688239963771,1.46,bG196881,bG,G,g
429497394144,2459234.8399345,3.3753737721746364,0.05840821074248741,15.079260943657253,0.018808934913527406,17.73645585541179,1.46,bH198142,bH,B,g
429497394144,2459234.8399398,3.2682091271074354,0.07261772404370614,15.114291026007267,0.024151547735569406,17.500034028186068,1.42,bG197808,bG,B,g
429497394144,2459236.8278294,3.1092339523035784,0.05219529665535964,15.168432118580004,0.01824694409425785,17.858562185768548,1.44,bG198352,bG,G,g
429497394144,2459236.8278294,3.386795330836582,0.05326554218968685,15.075593241368923,0.017095018390954713,17.83652473128931,1.44,bH198686,bH,G,g
429497394144,2459237.8302895,2.8943687850698216,0.0738221020867622,15.246180957780673,0.0277232865851828,17.4821745924791,1.52,bk347398,bk,G,g
429497394144,2459240.8642918,2.926440523898841,0.06102932792460348,15.234216367110104,0.022667887989954873,17.688794142975542,2.33,bk348124,bk,B,g
429497394144,2459240.8642918,3.7335548647985295,0.06360392361372878,14.969759278049777,0.01851712431815854,17.643930843106055,1.45,bl348404,bl,B,g
429497394144,2459241.6187725,4.535816109255201,0.20551541318257263,14.758427024520397,0.04924942133806882,16.37052961514406,1.45,bp273300,bp,B,g
429497394144,2459242.8671777,3.582490636039009,0.09919703261020774,15.014602962516593,0.030097178886711384,17.1613939093906,1.52,bl349038,bl,G,g
429497394144,2459242.8671889,2.5317880336006224,0.155364345784205,15.39149726513837,0.06670159059710372,16.67426220986463,1.48,bk348758,bk,G,g
429497394144,2459245.5456305,5.967407935230949,0.14467668808125342,14.460601303621324,0.02635269305540617,16.75164421545688,1.51,bo274320,bo,G,g
429497394144,2459247.7933642,2.6103444788709464,0.12251112056748845,15.358321063322656,0.05101405678992915,16.932201830876657,1.43,bk350014,bk,G,g
429497394144,2459247.8272082,3.2800571827556517,0.08177828350656254,15.110362084696048,0.027099966141264538,17.371045634825578,1.50,bG201110,bG,B,g
429497394144,2459247.8272095,3.4037451588737215,0.08945429414470776,15.070173030647158,0.028566453679609312,17.273637628485307,1.46,bH201444,bH,B,g
429497394144,2459248.8014796,3.283418116535953,0.09016798256665605,15.109250146998527,0.029849587601803017,17.26500972942413,1.60,bG201404,bG,B,g
429497394144,2459248.8014804,3.480824300743258,0.07682523735948381,15.045860366673814,0.023990206217595268,17.43888083462213,1.61,bH201738,bH,B,g
429497394144,2459249.81008,2.4880597593070375,0.11733802869652522,15.41041360423527,0.051261363422888014,16.979043642183978,1.49,bk350701,bk,G,g
429497394144,2459249.8100835,3.807322142059438,0.07530948233444082,14.94851656092671,0.021500185673266926,17.460516455593403,1.49,bl350981,bl,G,g
429497394144,2459250.778827,3.32688448453417,0.07554552154747575,15.094971318186769,0.02468216065689773,17.45711880192757,1.43,bG202024,bG,B,g
429497394144,2459250.7788286,3.5299791206717264,0.06510980878570116,15.03063528077009,0.02004871101768397,17.618524561657217,1.51,bH202358,bH,B,g
429497394144,2459252.6071516,3.8579951408073603,0.07523986761804495,14.934161431509896,0.021198177244232664,17.4615205545601,1.56,bo276421,bo,G,g
429497394144,2459252.6071595,4.608966632696699,0.07433887166144114,14.741056712292124,0.017531721926104266,17.474600699060293,1.50,bp276575,bp,B,g
429497394144,2459254.7745063,3.03157286825886,0.06868534446555334,15.195895593293828,0.024626814646751545,17.56048040986785,1.65,bG203320,bG,G,g
429497394144,2459254.7745072,3.619261836038279,0.04430371933260861,15.003515613922369,0.013305535451005596,18.036540143637097,1.40,bH203654,bH,G,g
429497394144,2459255.7735819,3.155162359575147,0.055490819490603464,15.152511341657265,0.019116641639348807,17.79208776509342,1.47,bG203643,bG,G,g
429497394144,2459255.7735833,3.527651595998362,0.0586851816085579,15.031351407186564,0.01808235284664345,17.731319479195133,1.47,bH203977,bH,G,g
429497394144,2459256.7867617,2.906543125275508,0.04895753331276069,15.241623694529247,0.018308591281445998,17.928091791194607,1.45,bk353075,bk,G,g
429497394144,2459256.786767,3.8253925273319473,0.03892779841100518,14.943375609370044,0.011061041202299749,18.176991004984494,1.56,bl353355,bl,G,g
429497394144,2459258.6252677,4.235782782868329,0.07191299109810095,14.832731420405409,0.018453801499924247,17.510622229275747,1.45,bp278203,bp,B,g
429497394144,2459258.6252794,4.914028273787159,0.08051509361746247,14.671471494916366,0.017809503981239823,17.387947355854195,1.48,bo278049,bo,B,g
429497394144,2459262.7520157,3.683238754462691,0.05295300131075269,14.984490943401179,0.01562690174527658,17.842914160401477,1.41,bH206286,bH,B,g
429497394144,2459262.7520179,3.3904438190169914,0.06134684633016456,15.074424241425081,0.019667441274999174,17.683160007012454,1.47,bG205952,bG,B,g
429497394144,2459263.7476424,3.788868226501653,0.05061689449625321,14.953791869386619,0.014521054915040845,17.891901870632815,1.52,bl355762,bl,G,g
429497394144,2459263.7476424,2.8202990247335324,0.07113119136399815,15.274327729225877,0.027414296028229458,17.522490404737717,1.58,bk355482,bk,G,g
429497394144,2459264.7532514,3.1709816212271926,0.058299795841085925,15.147081310042282,0.01998414083554473,17.738473026656358,1.49,bG206611,bG,G,g
429497394144,2459264.7532514,3.5382503165399837,0.05055351953005051,15.028094236795875,0.01553012727595525,17.89326212016711,1.51,bH206945,bH,G,g
429497394144,2459265.8245699,3.3628153348028826,0.050360569959386134,15.083308074333203,0.016277952996507063,17.897414019885208,1.37,bH207350,bH,G,g
429497394144,2459265.8245704,3.1983102818089058,0.05392439890454474,15.137764136717358,0.018326388594482025,17.823177329643386,1.43,bG207016,bG,G,g
429497394144,2459268.4908838,3.090041810255152,0.058248983805141506,15.175154732910876,0.02048972690969756,17.7394197284704,1.58,bp280906,bp,B,g
429497394144,2459268.4908892,3.959402382660512,0.05278207854064901,14.905991522051142,0.014490021209249908,17.8464243899606,1.47,bo280753,bo,G,g
429497394144,2459269.740862,2.789675599470381,0.12725120145841554,15.286181362799965,0.04958157979036131,16.890985882755224,1.49,bG208374,bG,G,g
429497394144,2459269.740862,3.477966272499579,0.11772896808144925,15.046752206967096,0.036793418805002136,16.97543226805464,1.52,bH208708,bH,G,g
429497394144,2459270.7454507,3.7032550381889418,0.14987327260021396,14.978606566393003,0.04398987631347619,16.71333013501176,1.52,bl358344,bl,B,g
429497394144,2459270.7454617,3.215912445376276,0.1424253973164599,15.131805081332148,0.04813881506537702,16.768672012296353,1.48,bk358064,bk,B,g
429497394144,2459271.8109403,3.2913635887401567,0.10554405577189413,15.106625971346093,0.034855401616681055,17.094056164139257,1.46,bk358399,bk,B,g
429497394144,2459271.8109403,4.0040422792783135,0.08625367207325052,14.893818985753333,0.023414835519885203,17.31319662810202,1.51,bl358679,bl,B,g
429497394144,2459272.7254967,3.512055224820385,0.1394892749497913,15.036162281555987,0.043170954729817065,16.791288569285253,1.50,bG209334,bG,B,g
429497394144,2459272.7254981,2.993004960074998,0.1396537628279882,15.209797030873853,0.05071744628431481,16.79000900690251,1.51,bH209668,bH,B,g
429497394144,2459272.7450012,3.35722613996007,0.15002694538606712,15.085114132411377,0.04857366168545487,16.7122174441107,1.52,bl359003,bl,B,g
429497394144,2459273.7217445,3.4984500030738097,0.13414487170187495,15.040376442986192,0.04167835556492176,16.8337054253358,1.43,bH210022,bH,B,g
429497394144,2459273.7217489,3.1503886308088758,0.14578269088803208,15.154155293518523,0.05029838067208268,16.743375705775133,1.59,bG209688,bG,G,g
429497394144,2459275.7124424,3.838124511866489,0.12448434032384073,14.93976797355078,0.03525395415157883,16.914853805928885,1.46,bG210394,bG,G,g
429497394144,2459275.7124447,4.007243451584282,0.11636495720802363,14.892951302594351,0.031563754652627916,16.988085076089355,1.48,bH210728,bH,G,g
429497394144,2459276.7813832,3.3497574593852018,0.0817874337388083,15.087532215036335,0.026539051133278417,17.3709241577996,1.43,bH211108,bH,G,g
429497394144,2459276.781384,2.8683440270439995,0.09079804348508545,15.255987524591925,0.034407841108577336,17.25744938531529,1.56,bG210774,bG,G,g
429497394144,2459278.7739623,3.0136082047918924,0.08460590301309089,15.202348648285612,0.03051589052335291,17.334138948626652,1.47,bk360890,bk,G,g
429497394144,2459279.7956499,3.9331239987356574,0.05849914720346076,14.913221525951634,0.016166800128706714,17.734766773908987,1.42,bl361512,bl,G,g
429497394144,2459279.7956604,2.6465197495400363,0.08960759038709393,15.343377774173955,0.03680288227038863,17.27177861397187,1.51,bk361232,bk,G,g
429497394144,2459285.4488516,3.0874566609921765,0.05040354821147785,15.176063447118228,0.017744853276629478,17.896487836081093,2.21,bp285068,bp,B,g
429497394144,2459285.4488551,3.517756781190975,0.05939671796669799,15.03440110002593,0.01835307384211597,17.718234490922363,2.04,bo284915,bo,B,g
429497394144,2459287.6935057,3.9116394575110496,0.04376052922343206,14.919168576541775,0.012160065658104154,18.049934197562795,1.48,bl364330,bl,G,g
429497394144,2459287.6935124,3.3436192581324464,0.0690874463090496,15.089523577388022,0.022459210974238513,17.554142761241533,1.51,bk364050,bk,G,g
429497394144,2459288.7691103,3.8450368252461757,0.04403575428815639,14.937814363418045,0.01244850244318504,18.04312701201624,1.53,bl364769,bl,G,g
429497394144,2459288.7691106,2.895152686861591,0.06101563428422002,15.245886940195412,0.022907718102141414,17.689037785661526,1.47,bk364489,bk,G,g
429497394144,2459290.8242945,3.4449252993814548,0.046732281664393305,15.057116099792253,0.014745155240371345,17.97859814742918,1.47,bH215708,bH,G,g
429497394144,2459290.8242945,3.044622489775291,0.05774438119911673,15.1912319946148,0.020615242759637758,17.748866282150207,1.37,bG215374,bG,G,g
429497394144,2459290.8424336,2.73633756256818,0.11058731850403868,15.30714144182058,0.04392864707700412,17.04337729265272,1.46,bk365051,bk,G,g
429497394144,2459290.842434,3.5571221532874002,0.06936397951733125,15.022318673973555,0.021195681975797197,17.549805608142346,2.00,bl365331,bl,G,g
429497394144,2459291.8295453,3.391962762197733,0.057162354244398576,15.073937932734465,0.018317711042220894,17.759865343934546,1.49,bH216071,bH,G,g
429497394144,2459293.679614,3.353169939467223,0.04543255943025332,15.086426711941135,0.0147273229998778,18.009222603043856,1.49,bG216154,bG,G,g
429497394144,2459293.6796152,3.7502448403080835,0.03855655930393198,14.964916566747185,0.011175084661349085,18.187394932570793,1.45,bH216488,bH,G,g
429497394144,2459294.6873025,3.8579206779760074,0.05343745338933632,14.934182387412944,0.015055827559716132,17.833026228291406,1.53,bl366495,bl,G,g
429497394144,2459294.6873074,3.375990385548857,0.059348831097997184,15.07906261945167,0.01910834796677728,17.719110187069443,1.46,bk366215,bk,G,g
429497394144,2459296.6654582,3.3795001789168415,0.08098401557074118,15.077934437852614,0.026047077739600397,17.381642343087258,1.40,bG217242,bG,G,g
429497394144,2459296.665459,3.8052726971910578,0.08180944183276727,14.949101159632932,0.023368445159161665,17.370632037495103,1.45,bH217576,bH,G,g
429497394144,2459297.7437388,3.517816171321987,0.038771757857997954,15.034382769744692,0.011979936702378605,18.181351882026956,1.40,bH218006,bH,G,g
429497394144,2459297.7437407,3.199065481361769,0.04496527314009558,15.137507798015202,0.01527799201865763,18.02044752177904,1.52,bG217672,bG,G,g
429497394144,2459298.6840255,3.881223552172187,0.05421288211503527,14.927643976989328,0.015182595123703404,17.817384370800937,1.51,bl368046,bl,G,g
429497394144,2459298.684026,3.2498515004196746,0.0819362408159991,15.120406830621004,0.02740467720147739,17.368950524161598,2.23,bk367766,bk,G,g
429497394144,2459299.6967907,3.368942864902095,0.10482678953843057,15.081331508058987,0.033821340138721415,17.101459898574735,1.59,bk368168,bk,G,g
429497394144,2459299.6967907,3.710812807902106,0.08577827739305902,14.976393005034389,0.02512583168770646,17.319197310315953,1.60,bl368448,bl,G,g
429497394144,2459300.7394368,3.4855765294226875,0.10430702064074594,15.04437906588258,0.03252753035017006,17.106856759768906,1.48,bH219050,bH,G,g
429497394144,2459300.7394423,3.640456155585577,0.08939139663525426,14.997176109971624,0.02669021611782873,17.274401304766467,1.45,bG218716,bG,G,g
429497394144,2459301.7988159,3.6862395947191375,0.12414434030986005,14.983606723124838,0.03660627500451058,16.917823298860817,1.57,bl369305,bl,G,g
429497394144,2459303.805296,3.6055351132927145,0.14554184057057531,15.00764129880876,0.043876331202785425,16.74517095431023,1.37,bH219980,bH,B,g
429497394144,2459303.8052964,3.633269978325991,0.16638563489427508,14.999321446548624,0.04977718475392945,16.599851040862102,1.99,bG219646,bG,B,g
429497394144,2459303.8332364,3.6549231232910055,0.1401277989503691,14.992870005902272,0.0416733320532625,16.786329860430858,1.56,bl369860,bl,G,g
429497394144,2459303.8332458,3.0054020246805795,0.1479843858553917,15.20530918565984,0.05352115690351732,16.72710087522804,1.49,bk369580,bk,B,g
429497394144,2459304.8790936,3.261208249790357,0.10920881216248692,15.116619291591245,0.03639915685207457,17.056996402902886,1.48,bG220070,bG,B,g
429497394144,2459304.8791067,3.5261952999736943,0.07909349178824009,15.031799716701812,0.024380721829840017,17.407288738878137,1.49,bH220404,bH,B,g
429497394144,2459305.8452677,2.769255486066084,0.1488933831349514,15.294158060409945,0.058441929484897084,16.720452116420887,1.47,bk370377,bk,B,g
429497394144,2459307.558934,4.666246804613159,0.09470514892088616,14.727646358444506,0.022060637504227928,17.211706633122485,1.47,bp290457,bp,B,g
429497394144,2459307.558934,4.08126155586954,0.11316113947229438,14.873079551527148,0.030138043561541712,17.018397331640497,1.52,bo290293,bo,B,g
429497394144,2459308.8151506,2.855033256871213,0.09198572523409546,15.261037693549515,0.03502042706839612,17.24333951952035,1.51,bk371492,bk,G,g
429497394144,2459308.8151577,3.808618074640519,0.06354204155337455,14.948147061982194,0.018134513652324748,17.6449877008454,1.52,bl371772,bl,G,g
429497394144,2459310.8578802,3.095850817312001,0.05942953366304785,15.173115560390752,0.020865772613375546,17.717634805414683,1.47,bk372309,bk,G,g
429497394144,2459310.8578807,3.6580094865852306,0.0510460733463443,14.991953553707976,0.015168047687262372,17.882734761036343,1.57,bl372589,bl,G,g
429497394144,2459312.5119286,4.709327622953482,0.06994906360212647,14.717668360025804,0.016144893063140285,17.540685848866897,1.45,bo292113,bo,G,g
429497394144,2459312.5119286,5.4782419785740695,0.06778899487310618,14.553462593543202,0.01345024377668004,17.57474262507173,1.53,bp292267,bp,G,g
429497394144,2459313.6082115,3.7843682295429457,0.06699210351693337,14.955082152668473,0.019241653931638715,17.587581574881504,1.61,bG223258,bG,G,g
429497394144,2459313.608212,4.261156220771291,0.056260261504897345,14.826246981233545,0.014351142034972893,17.777136245216635,2.01,bH223592,bH,G,g
429497394144,2459314.6171718,4.359048865704714,0.04850869722679392,14.80158627837592,0.012095951762910171,17.938091583545962,1.48,bH223986,bH,G,g
429497394144,2459314.6171747,3.5882429303118704,99.99,15.01286102762685,99.99,99.99,1.44,bG223652,bG,G,g
429497394144,2459315.5995914,3.774496681967303,0.04210768413585857,14.957918002447123,0.012125913927932622,18.0917372202327,1.49,bG224041,bG,G,g
429497394144,2459315.5995949,4.205047104415441,0.04022964827758359,14.840638459597153,0.010398903383668428,18.141275022418476,2.04,bH224375,bH,G,g
429497394144,2459315.6127102,3.870751694106326,0.06943361379250962,14.930577340935393,0.01949784571678889,17.548716187811728,1.47,bk374170,bk,G,g
429497394144,2459315.6127102,4.483989313417247,0.058905468332622245,14.770904200080517,0.014279178315312729,17.727251578360363,1.46,bl374450,bl,G,g
429497394144,2459317.6067754,4.245457974918621,0.055087180728908836,14.830254256708768,0.014103865993081078,17.800014245276014,1.44,bH225191,bH,G,g
429497394144,2459318.6596879,3.362978666766626,0.05243119265283387,15.083255341398944,0.016946413416101935,17.853666269625286,1.48,bk375476,bk,G,g
429497394144,2459318.659696,4.131372434085899,0.037427538889608036,14.85982975371172,0.00984711694183186,18.21966243570821,1.49,bl375756,bl,G,g
429497394144,2459319.6529974,3.555843111052506,0.07792721675412391,15.022709144733694,0.02382093186524254,17.423417698269844,1.54,bk375895,bk,G,g
429497394144,2459319.6530015,3.9916486466271923,0.044441411235016416,14.897184855339649,0.012101736914647682,18.033171007718295,1.50,bl376175,bl,G,g
429497394144,2459320.6260256,3.3163924855583686,0.05190925229520079,15.098400816210408,0.017013396504355748,17.864528678158905,1.64,bk376280,bk,G,g
429497394144,2459320.6260258,4.2424380540076445,0.05162528645527532,14.831026848077876,0.013226932505520842,17.870484425296766,1.51,bl376560,bl,G,g
429497394144,2459320.6587649,3.5909778051416983,0.05035559079594384,15.012033820086845,0.015242182155319195,17.897521372230305,1.53,bG226072,bG,G,g
429497394144,2459320.6587696,3.901372383436159,0.04530516917498832,14.922022108747688,0.012622417001853983,18.012271220311977,1.46,bH226406,bH,G,g
429497394144,2459321.6121721,4.34702696829842,0.05221550800966692,14.8045847860409,0.01305627671071145,17.85814184230959,1.57,bl376962,bl,G,g
429497394144,2459321.6121751,3.5451643432242412,0.06952027219197157,15.025974690832138,0.021315094572856387,17.547361951861088,1.51,bk376682,bk,G,g
429497394144,2459321.6616512,3.9908563874697065,0.039001819970203466,14.897400372761807,0.010622602885288593,18.17492842819807,1.48,bH226777,bH,G,g
429497394144,2459321.6616546,3.5719064210496265,0.05294730862304084,15.017815441137747,0.01611224249246622,17.84303088824035,1.44,bG226443,bG,G,g
429497394144,2459322.6152963,3.7518727456813346,0.05000715035022551,14.964445372898476,0.014487591102159292,17.905060343820946,1.51,bk377111,bk,G,g
429497394144,2459322.6153009,4.555412067989303,0.05785798855560835,14.75374645234687,0.01380536317167568,17.746732283339618,1.52,bl377391,bl,G,g
429497394144,2459324.5849102,4.164472266423958,0.07933292531799593,14.851165686737513,0.020706450912947535,17.404006939610518,1.48,bG227613,bG,G,g
429497394144,2459324.5849132,4.573260392569029,0.06989130537684192,14.749500797358671,0.016611520812516864,17.54158273151013,1.49,bH227947,bH,G,g
429497394144,2459325.9111952,3.2207466591253504,0.06326387100113874,15.130174209853461,0.021350663201130247,17.649751206237802,1.48,bG228055,bG,G,g
429497394144,2459325.9111961,3.6965241251051197,0.044757901265969124,14.980581759944172,0.01316098340870905,18.025466326652722,1.36,bH228389,bH,G,g
429497394144,2459327.5821849,4.660087254443545,0.20522806163603335,14.729080501282235,0.047869056491690876,16.372048753231926,1.42,bG228207,bG,B,g
429497394144,2459327.582189,4.267338658400421,0.1554149000440321,14.824672847077752,0.03958655562659692,16.673908977842736,1.47,bH228863,bH,B,g
429497394144,2459327.9241611,3.3596602768022614,99.99,15.084327211076516,99.99,99.99,1.52,bk379135,bk,G,g
429497394144,2459327.9241655,3.8415041577643483,0.08776824621208396,14.938812353349517,0.024834091986861408,17.294297060549685,1.48,bl379415,bl,G,g
429497394144,2459328.8868113,3.885099020154676,0.049535477713811955,14.926560391750874,0.013858825805769972,17.915349722369168,1.51,bl379816,bl,G,g
429497394144,2459328.8868113,2.9145444417083177,0.059115025242603605,15.238638917438017,0.022046485653366435,17.723395913020553,1.46,bk379536,bk,G,g
429497394144,2459331.7307697,2.988402763270611,0.14843643033633638,15.211467798997042,0.05399002704748424,16.723789357191578,1.61,bG229906,bG,G,g
429497394144,2459332.6442711,4.231330529427306,0.13049759265095584,14.833873243603211,0.03352260203185097,16.863634361146268,1.43,bH230904,bH,B,g
429497394144,2459332.6442736,3.2053520739842654,0.17181683496988012,15.135376274469749,0.05826424835851085,16.564976324806565,1.43,bG230248,bG,G,g
429497394144,2459333.5745321,3.4405936784105426,0.11760520754193197,15.058482154652895,0.03715397959669611,16.976574229782088,1.46,bG230601,bG,G,g
429497394144,2459333.5745343,4.519931043231958,0.10968580818543779,14.762236099287122,0.026377328195728064,17.052264512547936,1.38,bH231257,bH,G,g
429497394144,2459333.7952196,3.7198607973355067,0.11301458233264848,14.973748901663642,0.033023261893586564,17.019804400565313,1.51,bl381803,bl,G,g
429497394144,2459333.7952273,3.1359137963501946,0.1931332478156772,15.159155332822014,0.06694298916068384,16.437998001826053,1.53,bk381523,bk,B,g
429497394144,2459336.528462,5.803689919263941,0.11156377307832191,14.49080512025515,0.02089446066627315,17.03383262732033,2.05,bo299313,bo,G,g
429497394144,2459336.5284655,5.026880555783168,0.09755537944639464,14.64681920719322,0.021094285957919245,17.17951255526884,1.64,bp299467,bp,G,g
429497394144,2459336.6573253,4.034335343200942,0.09411268313443755,14.885635634957325,0.02535644313350031,17.218520223327697,1.57,bl382163,bl,B,g
429497394144,2459336.6573265,3.4216574427409934,0.10447342221097379,15.064474301681948,0.033188029345700816,17.105126058893738,1.63,bk381883,bk,B,g
429497394144,2459339.5749778,4.749180273494687,0.05413776229785624,14.70851898423052,0.01239064226103092,17.8188898591848,1.50,bo300162,bo,G,g
429497394144,2459339.5749825,4.120328656680249,0.05541362197860024,14.862735975348688,0.014618299369195335,17.79359926717802,1.50,bp300315,bp,G,g
429497394144,2459340.2820456,3.8294388859596764,0.05593009406517983,14.942227764765361,0.015875323334842848,17.783526737091073,1.45,bo300354,bo,G,g
429497394144,2459340.2820462,3.058894485729441,0.062118930111654036,15.186154380830498,0.022073522484453486,17.66958069351942,1.49,bp300507,bp,G,g
429497394144,2459340.6113635,4.267398399793475,0.053258380273728895,14.824657647220292,0.013565535333798198,17.836670725752953,1.39,bH233121,bH,G,g
429497394144,2459340.6113639,3.732555797347866,0.05707243949698091,14.970049850680628,0.016620049020267542,17.761574520509843,1.44,bG232465,bG,G,g
429497394144,2459341.2903832,3.2841162097879866,0.041270833364271835,15.109019331266708,0.013659565806229549,18.113532515220868,1.49,bp300631,bp,G,g
429497394144,2459341.2903832,3.9399094047123002,0.05599261702236883,14.911350033128121,0.015447446626288473,17.78231369561539,1.45,bo300478,bo,G,g
429497394144,2459342.5973019,4.5138633896517035,0.05330834460874746,14.763694594321432,0.012836864529049493,17.835652620119866,1.49,bl384157,bl,G,g
429497394144,2459342.5973072,3.5433978002895095,0.061968933323672884,15.026515844206369,0.019009306890657378,17.672205559773403,1.47,bk383877,bk,G,g
429497394144,2459343.389741,3.980630456113623,0.04095657862071078,14.900185968525497,0.011183660661473948,18.12183143660375,1.98,bo300704,bo,B,g
429497394144,2459343.389741,3.1282447197452257,0.040984268916532014,15.16181382183241,0.014240611709931355,18.121097630236314,1.53,bp300862,bp,B,g
429497394144,2459343.528485,5.305970460905859,0.06188525486371815,14.588153552597898,0.012677526546599477,17.67367265182228,1.59,bl384370,bl,G,g
429497394144,2459343.528485,4.447215613089831,0.0731486900469981,14.779845157944159,0.017878477820871232,17.492124228571644,2.05,bk384090,bk,G,g
429497394144,2459345.46596,3.1089962061813092,0.06232541841569431,15.16851514206612,0.021789997646947373,17.66597760449274,1.51,bp301767,bp,G,g
429497394144,2459345.46596,3.906643277310121,0.051785310838147885,14.920556230238125,0.014408375003865135,17.86712414290092,1.40,bo301614,bo,G,g
429497394144,2459345.7502363,3.8011585693842744,0.039880168026155655,14.950275654685834,0.011403893821536601,18.150748162827185,1.49,bl385020,bl,G,g
429497394144,2459345.7502375,2.8531603131680487,0.07632088770967661,15.26175018615721,0.02907564859152263,17.44603207862596,1.48,bk384740,bk,G,g
429497394144,2459346.3300238,3.1549482772672746,0.04655639049109182,15.152585012921024,0.016039810426546293,17.98269235601496,1.51,bp302065,bp,G,g
429497394144,2459346.3300238,2.6154299141931148,0.0586975145458617,15.356207905511434,0.024394324580930424,17.731091331145553,1.49,bo301912,bo,G,g
429497394144,2459346.6232242,3.808442458213415,0.06920500544192368,14.94819712673152,0.01975159998541211,17.552296843609874,1.43,bG234164,bG,G,g
429497394144,2459346.6232254,4.156814492457742,0.051936947136647045,14.853164013446104,0.013580881107836174,17.863949566108186,1.48,bH234820,bH,G,g
429497394144,2459348.4571254,3.1095796791893773,0.04868733897372285,15.168311398384963,0.017018705446842752,17.93410051480889,2.37,bp302772,bp,G,g
429497394144,2459348.4571311,2.5421742801269325,0.05310914749739934,15.387052320955465,0.022707858657676792,17.839717285880916,1.53,bo302620,bo,G,g
429497394144,2459348.6994067,3.82313692837217,0.04204384251240742,14.944015990122768,0.011953489941384966,18.09338460984072,2.07,bl385967,bl,G,g
429497394144,2459348.6994084,2.972966457364208,0.06050036856218562,15.217090599071275,0.02211974844633524,17.698245560594653,1.42,bk385687,bk,G,g
429497394144,2459349.6050344,3.949427468420805,0.054835465261117426,14.90873026633466,0.01509174863059428,17.8049867797692,1.43,bG235100,bG,G,g
429497394144,2459349.6050405,4.280993151196729,0.04979456983204346,14.82120428967371,0.01264298505383125,17.909685649149424,1.40,bH235756,bH,G,g
429497394144,2459350.607454,4.2996539147029775,0.0488926598646109,14.816481872277247,0.012360110036596532,17.929531450318756,1.50,bl386631,bl,G,g
429497394144,2459350.6074558,3.300329058053338,0.06330620613522932,15.103672514275196,0.02084976752767698,17.64902489255341,1.46,bk386351,bk,G,g
429497394144,2459351.6383556,3.4470443555324293,0.03157890241884548,15.056448442744783,0.009957775529762767,18.404148033306665,1.45,bk386805,bk,G,g
429497394144,2459351.638365,4.1233559543053335,99.99,14.861938553579908,99.99,99.99,1.48,bl387085,bl,G,g
429497394144,2459352.2501185,3.1629706025241426,0.03609758883418043,15.149827733562223,0.01240495550956375,18.258945126829175,1.48,bp303365,bp,G,g
429497394144,2459352.250119,3.8041591659862473,0.04035240658391169,14.949418923475111,0.011529830795836476,18.137967009463253,1.43,bo303213,bo,G,g
429497394144,2459352.5889635,3.8788678521984097,0.06398777457189363,14.928303162221656,0.01793098696133033,17.63739809613639,1.52,bk387197,bk,G,g
429497394144,2459352.5889667,4.634089392248706,0.056212233400557816,14.735154604438293,0.013184953617523854,17.778063509343582,1.46,bl387477,bl,G,g
429497394144,2459352.7353594,3.228637064897482,0.0555547954005581,15.127517551835295,0.018703138804620358,17.79083673020252,1.42,bG236325,bG,G,g
429497394144,2459352.7353636,3.5540298106872052,0.056977026781614884,15.023262956572827,0.017425726329967486,17.763391154414677,1.47,bH236981,bH,G,g
429497394144,2459353.325673,3.213679416830635,0.049278975952717394,15.132559244298541,0.016667531931127542,17.92098642557972,1.49,bp303796,bp,G,g
429497394144,2459353.3256747,4.033509567212898,0.062360190768828275,14.885857893788604,0.016804922592488416,17.665372023721265,1.51,bo303645,bo,G,g
429497394144,2459353.6074355,4.184242562560512,0.052310018758123286,14.84602349015804,0.013588771490017094,17.856178422033697,2.04,bH237286,bH,G,g
429497394144,2459353.6074706,3.5882429303118704,99.99,15.01286102762685,99.99,99.99,1.99,bG236630,bG,G,g
429497394144,2459354.8566891,3.0205588841794717,0.14180947803018062,15.199847356065755,0.05103053537431659,16.773377465237015,1.67,bG236846,bG,B,g
429497394144,2459354.8566919,3.324850675207266,0.08439916747215317,15.09563525937973,0.027591682897906727,17.33679520471315,1.70,bH237502,bH,B,g
429497394144,2459356.8542497,2.7631575827634114,0.06658593533578623,15.296551488734107,0.02619322803766776,17.59418434974457,1.61,bk388023,bk,G,g
429497394144,2459356.8542497,3.7443525593716744,0.05161264652691573,14.966623786953479,0.014982751185177279,17.87075028935502,1.47,bl388303,bl,G,g
429497394144,2459357.5227717,4.674421257444953,0.11149699342053805,14.72574600151063,0.025926714234352662,17.034482720077577,1.50,bG237435,bG,G,g
429497394144,2459357.522773,5.681411258699547,0.12092700690092192,14.513925053366812,0.02313551912019771,16.94633235229646,1.47,bH238091,bH,G,g
429497394144,2459358.5146797,5.472236727821549,0.12945144195880526,14.55465343076395,0.02571308517599029,16.87237338043878,1.44,bH238503,bH,G,g
429497394144,2459358.5146904,4.917752025123594,0.14831664143781792,14.670649057531907,0.03278199874041609,16.724665905160137,1.46,bG237847,bG,G,g
429497394144,2459359.6587775,3.9851866190159564,0.13423041589413193,14.898943963716544,0.036611240556636615,16.833013271966408,1.53,bl389448,bl,G,g
429497394144,2459359.6587892,3.168566609469864,0.163168538682471,15.14790851908976,0.05597392421339351,16.62104955128257,1.51,bk389168,bk,G,g
429497394144,2459360.2828079,3.500643766946779,0.16396302833491622,15.039695826604175,0.05091083093215652,16.615775784010122,1.54,bp305044,bp,B,g
429497394144,2459360.7175349,3.5909393796814206,0.19374924228299864,15.012045438130421,0.0586467718372355,16.434540579598973,1.62,bG238812,bG,G,g
429497394144,2459360.7392471,3.473082130358181,0.1803778912183665,15.048277988552108,0.056452141895399065,16.51218234813745,1.59,bl389940,bl,B,g
429497394144,2459361.7241222,3.110489989157818,0.15528870962695324,15.16799360242767,0.05426542964929209,16.674790908453033,1.55,bG239234,bG,G,g
429497394144,2459361.7241244,3.45571001479345,0.13601431933547942,15.053722393276495,0.04278184535702272,16.818679030203782,1.46,bH239890,bH,G,g
429497394144,2459363.5271517,4.290915054624241,0.0785334615283014,14.818690829584387,0.019893765571271968,17.41500376063868,2.02,bk390396,bk,B,g
429497394144,2459363.5271539,5.120231309182536,0.07088287856652357,14.62684167002211,0.015047485647640867,17.526287246405662,2.07,bl390676,bl,G,g
429497394144,2459366.6599525,3.305118026403326,0.05418164880690639,15.102098190186137,0.017818757472130076,17.818010069054896,1.43,bG240877,bG,G,g
429497394144,2459366.6599529,3.703849694376531,0.05101095297873264,14.97843223653621,0.014970015685178853,17.883482018868925,1.53,bH241536,bH,G,g
429497394144,2459367.7107441,3.378470356863391,0.04889902773285201,15.078265340478076,0.015732302340006967,17.929390051284212,1.43,bG241339,bG,G,g
429497394144,2459367.7107491,3.637638487679513,0.04891466934709295,14.998016781702725,0.014616108509851483,17.929042806112342,1.41,bH241998,bH,G,g
429497394144,2459368.6410186,3.6705899733575937,0.04892423821889699,14.988225937414068,0.014487730906785262,17.92883043107979,1.49,bG241707,bG,G,g
429497394144,2459368.6410195,4.0156611930896995,0.041641081858745974,14.890672963146674,0.011271380557833303,18.103835600941753,1.39,bH242366,bH,G,g
429497394144,2459369.6763339,3.2458152304693617,0.04681626584474435,15.121756137832353,0.015677801066963138,17.97664868499156,1.42,bk393123,bk,G,g
429497394144,2459369.6763394,4.011012834794834,0.04438439181985731,14.891930493087491,0.012027860826949092,18.03456492817354,1.52,bl393396,bl,G,g
429497394144,2459369.7137123,3.168137545626511,0.06193376688904085,15.14805555140757,0.021248860210897603,17.67282187357822,1.49,bG242186,bG,G,g
429497394144,2459369.7137143,3.5760940993836554,0.04920371554495807,15.016543277128156,0.014955506767734928,17.922645863683073,1.55,bH242846,bH,G,g
429497394144,2459370.7041622,3.278165979697845,0.04845595042027421,15.11098827494193,0.01606676161383374,17.939272820719765,1.52,bG242524,bG,G,g
429497394144,2459370.7041631,3.5094714935402735,0.05191244925110276,15.036961324508699,0.016078368317508675,17.864461812547628,1.62,bH243183,bH,G,g
429497394144,2459370.717138,3.769111092595068,0.05853710282035046,14.959468276674944,0.01688124443965009,17.734062551262287,1.48,bl393798,bl,G,g
429497394144,2459370.7171475,3.29813209725617,0.052210677584219635,15.1043955070791,0.017206932539724364,17.858242287763314,1.50,bk393525,bk,G,g
429497394144,2459373.6696313,3.909174250920588,0.044305905360963814,14.9198530485765,0.01231937736526205,18.036486572704177,1.51,bH244421,bH,G,g
429497394144,2459374.6126859,3.263746694848522,0.06518440996936306,15.115774509714324,0.021708982392460083,17.61728126451565,1.44,bk395199,bk,G,g
429497394144,2459374.6126878,4.363473748257079,0.04430273530530258,14.800484703564676,0.011035965803670956,18.036564259127942,1.52,bl395474,bl,G,g
429497394144,2459374.6847486,3.643809574443963,0.03862235258601018,14.996176440641475,0.011521133904116848,18.185543800857815,1.40,bH244856,bH,G,g
429497394144,2459374.6847499,3.307544573269494,0.05356374533119752,15.101301358391478,0.01760262364626801,17.83046327013841,1.50,bG244194,bG,G,g
429497394144,2459375.6127077,4.187904512309308,0.033430856675242995,14.845073695167514,0.008676866338206923,18.34227184730418,1.56,bl395906,bl,G,g
429497394144,2459375.6127159,3.7563580397642253,0.05055884707727065,14.963148170696456,0.014629933563441699,17.893147706646808,1.52,bk395631,bk,G,g
429497394144,2459376.6243899,4.088040997326457,0.040940958414934156,14.871277515997283,0.010885664254459899,18.122245598586073,1.53,bH245654,bH,G,g
429497394144,2459376.6243905,3.7436618645058934,0.051110128145356995,14.966824083689541,0.014839611355191348,17.88137318684945,1.52,bG244991,bG,G,g
429497394144,2459377.5961447,4.428971876301784,0.05089930400300519,14.784308315906372,0.01249168700620562,17.885861001853765,1.49,bl396778,bl,G,g
429497394144,2459377.5961544,3.7354064661356117,0.08491432743430584,14.969220956706138,0.02470900632382743,17.3301881761536,1.46,bk396503,bk,G,g
429497394144,2459378.6723665,3.8007197458850572,0.030742506198738712,14.950401004380048,0.008791957797862652,18.433292438250174,1.44,bH246538,bH,G,g
429497394144,2459378.672368,3.2952661721841694,0.04372766563702749,15.105339372042083,0.014423742684522265,18.050749877605405,1.55,bG245876,bG,G,g
429497394144,2459383.5303606,5.432494082783238,0.08035897783680958,14.562567467412876,0.01607856607093807,17.39005460168771,1.42,bl398685,bl,G,g
429497394144,2459383.5303614,4.647676611647004,0.08446381787792295,14.731975867427696,0.01975363291484693,17.33596384087719,1.56,bk398407,bk,G,g
429497394144,2459384.5984732,4.231840886179855,0.07068312887004505,14.833742296756682,0.01815509844737522,17.529351196928967,1.49,bl399076,bl,G,g
429497394144,2459384.5984732,3.2278511460077284,0.08457523739203895,15.127781875278302,0.028480125539435828,17.334532547763082,1.48,bk398798,bk,G,g
429497394144,2459385.6215042,3.943967060734815,0.06854768767799535,14.910232424434376,0.018891728816277726,17.562658588195262,1.43,bH248717,bH,G,g
429497394144,2459385.6215042,3.7180072131680237,0.07510676713921768,14.974290052293908,0.02195740505278721,17.463442939410548,1.46,bG248055,bG,G,g
429497394144,2459385.629372,3.8669658651910552,0.08989098877256411,14.931639776159946,0.025267250836487558,17.268350217551326,1.54,bl399537,bl,G,g
429497394144,2459385.6293785,3.9508275613484765,0.10573667087778306,14.908345435315463,0.029090402507560353,17.092076530167905,1.49,bk399259,bk,G,g
429497394144,2459387.557545,4.1233559543053335,99.99,14.861938553579908,99.99,99.99,1.49,bl400359,bl,G,g
429497394144,2459387.5575505,3.824763979440096,0.10766123489529275,14.943554020675364,0.030596157576514776,17.07249221906626,1.62,bk400081,bk,G,g
429497394144,2459388.7239259,2.8555357046014116,0.14304387640518335,15.260846635286578,0.05444949404867031,16.763967434599323,1.60,bG249385,bG,B,g
429497394144,2459388.7239369,3.3112658807028534,0.15122094414098608,15.10008048685776,0.04963980464857871,16.703610748361633,1.44,bH250047,bH,B,g
429497394144,2459390.5521051,4.75852393859336,0.25518621724940893,14.70638497616246,0.058290412463318876,16.135497575956634,1.56,bl401343,bl,B,g
429497394144,2459390.5521069,3.8886291973019804,0.21751300582815242,14.92557429054067,0.06079962070233652,16.308927536485328,1.46,bk401065,bk,B,g
429497394144,2459392.6472403,3.3197660386182943,0.09577996727881496,15.097296927869579,0.03136024011167939,17.19945390059429,1.51,bG250313,bG,G,g
429497394144,2459392.6472428,4.056911151372114,0.06967630798977878,14.87957688099242,0.018668172546637964,17.544927785940384,1.43,bH250975,bH,G,g
429497394144,2459396.7131164,3.193645741489736,0.06371797695293081,15.139348772526374,0.021686397367512888,17.641985665218883,1.43,bG252023,bG,G,g
429497394144,2459396.713117,3.7581940300677825,0.05485001159341168,14.962617626449692,0.015863890299950917,17.80469880217793,1.54,bH252685,bH,G,g
429497394144,2459399.5986191,4.3513667199719634,0.07587183186800286,14.80350140764451,0.0189525240625437,17.452439186685965,1.41,bH253852,bH,B,g
429497394144,2459399.5986252,3.450387857468025,0.08297931275030948,15.055395830330658,0.026140511991474196,17.355216027436366,1.46,bG253172,bG,B,g
429497394144,2459402.270022,2.67511942890292,0.03804533796328108,15.331707683346394,0.015458610099481436,18.20188699552646,1.40,bo312274,bo,G,g
429497394144,2459402.2700259,3.2481288404595,0.043048153503325415,15.120982503132446,0.014405669694016,18.067754292265047,1.55,bp312070,bp,G,g
429497394144,2459403.5575454,4.799701232091175,0.06180995407341663,14.697030110766427,0.013997690572757735,17.67499455919572,1.52,bl406589,bl,G,g
429497394144,2459403.5575454,3.819713971985681,0.07190851296042629,14.944988514112325,0.020462638748384047,17.510689841921526,1.43,bk406311,bk,G,g
429497394144,2459405.5998507,4.317911938137956,0.05380429475512129,14.811881170159989,0.013544261652282232,17.825598253409716,1.52,bH256068,bH,G,g
429497394144,2459405.5998566,3.8091417818724684,0.05320895245227117,14.947997777175628,0.015183424822394759,17.83767883927962,1.43,bG255375,bG,G,g
429497394144,2459408.7060328,3.6549194821721462,0.047305855545809496,14.992871087538301,0.014068547461244727,17.965353358232,1.44,bH257375,bH,G,g
429497394144,2459408.7060372,3.2509741127688208,0.05864396634985596,15.120031844132821,0.019607489777990393,17.732082271752322,1.52,bG256682,bG,G,g
429497394144,2459410.5194446,5.396086962889949,0.06890822182733193,14.569868272006941,0.013880473319234886,17.556963003653774,1.47,bH258064,bH,G,g
429497394144,2459410.5194513,4.820126462037778,0.07457723214480994,14.692419540666071,0.01681744441592598,17.47112495908351,1.42,bG257371,bG,G,g
429497394144,2459411.5325982,4.613892654118096,0.07312997311338398,14.739896907041956,0.017228207756253836,17.49240207705807,1.46,bG257798,bG,G,g
429497394144,2459411.5326008,4.945813096376046,0.06736094540352695,14.66447137171067,0.014804121686386932,17.58162017691697,1.42,bH258491,bH,G,g
429497394144,2459412.5996725,4.2291433970276175,0.056531796526229236,14.83443459487135,0.014529562880984788,17.771908643589228,1.45,bH258948,bH,G,g
429497394144,2459413.5618761,4.531869419661781,0.08780025011489513,14.759372153029197,0.021058650555698166,17.29390122875654,1.53,bl410640,bl,G,g
429497394144,2459413.5618761,3.891893942721229,0.09063600267416447,14.924663130083914,0.025313483784751994,17.259388752546162,1.43,bk410362,bk,G,g
429497394144,2459415.6183486,3.384303874730265,0.09110984823282418,15.076392244348247,0.02926227886058952,17.253727303422217,1.48,bk411269,bk,G,g
429497394144,2459416.6701207,3.6978801153308503,0.1260835441022859,14.980183554044139,0.03706105289292248,16.900994591518813,2.11,bH260654,bH,G,g
429497394144,2459416.6701252,3.4383292381846875,0.15002719891753155,15.059196971450621,0.047427989295103494,16.71221560931991,2.19,bG259961,bG,G,g
429497394144,2459417.6762832,3.3772865618462737,0.16435545356410797,15.078645842363422,0.05289667573758923,16.61318031342053,1.53,bG260380,bG,G,g
429497394144,2459417.6762862,3.5913683804836216,0.16735085632854424,15.011915735611696,0.05065008248483936,16.593570764018867,2.06,bH261073,bH,G,g
429497394144,2459419.6806725,3.4394818320130467,0.23283559328639739,15.058833072864932,0.07358148086728702,16.235017183672223,1.49,bk413018,bk,G,g
429497394144,2459420.4960355,4.857847250148007,0.10722584412423214,14.683955985395574,0.023992073971915554,17.07689192678616,1.48,bG261431,bG,G,g
429497394144,2459420.496037,5.217366204534905,0.088045437791394,14.606437320476708,0.018342887783792013,17.29087346830334,1.46,bH262124,bH,G,g
429497394144,2459422.4232782,3.9340766193596197,0.11706183317282377,14.91295858751747,0.0323433261029499,16.981602309378296,1.59,bo317311,bo,G,g
429497394144,2459422.4232782,3.045290021057479,0.1400174262792777,15.190993973827968,0.049976473044935056,16.78718538535456,2.24,bp317023,bp,G,g
429497394144,2459423.5071874,5.008295867075966,0.07757088916968467,14.650840679582311,0.016835304087040495,17.428393687322043,2.10,bG262699,bG,G,g
429497394144,2459424.553072,4.701355896174581,0.061397243892378855,14.71950780015381,0.014195082469704393,17.682268420934406,1.40,bH263834,bH,G,g
429497394144,2459424.5530752,4.2971497857797925,0.06745624515805575,14.817114391898471,0.017062939218274602,17.58008520336353,1.57,bG263141,bG,G,g
429497394144,2459425.5889245,3.818823346479656,0.05390533366594901,14.94524169985217,0.015343143337263904,17.823561264936888,1.43,bG263576,bG,G,g
429497394144,2459425.5889288,4.457229663290632,0.0512518232982806,14.777403091963508,0.012498459310701027,17.878367311059446,1.42,bH264269,bH,G,g
429497394144,2459426.5376262,4.425134913135819,0.0697142683941893,14.785249332360198,0.017124083260014817,17.544336426215736,1.47,bG263947,bG,G,g
429497394144,2459426.5376381,5.042878522153655,0.07175585796237861,14.643369355857116,0.015466463735454947,17.512997207617445,1.45,bH264640,bH,G,g
429497394144,2459427.5361159,5.074919225214087,0.062447180281240196,14.636492786766382,0.013375064086473184,17.663858528523676,1.67,bH265046,bH,G,g
429497394144,2459427.5361252,4.276308102036137,0.06567170381486721,14.822393152342546,0.016692503218208768,17.60919490155173,1.45,bG264353,bG,G,g
429497394144,2459429.6449033,4.018855465807282,0.05572645926926149,14.88980965353707,0.015072012131689443,17.787486986785364,1.44,bH265942,bH,G,g
429497394144,2459429.64491,3.5822643526297204,0.044903042846575425,15.014671543812245,0.01362480555969783,18.021951181723374,1.50,bG265249,bG,G,g
429497394144,2459430.6350869,3.910888808987426,0.0547419054486989,14.919376950677062,0.015214462503549384,17.806840835943024,1.52,bH266336,bH,G,g
429497394144,2459430.6350871,3.6963910308750982,0.05061464127925902,14.980620852838149,0.014883683564439476,17.891950203383068,1.49,bG265643,bG,G,g
429497394144,2459431.5973058,4.309670365942867,0.0479331543539759,14.813955488485274,0.012089382785354588,17.95105058718672,1.46,bl418281,bl,B,g
429497394144,2459431.5973068,3.6867624943090282,0.06096247467005338,14.98345272045122,0.017973373529284034,17.68998414106711,1.45,bk417997,bk,B,g
429497394144,2459432.5444553,4.518915545554207,0.06756817792624296,14.762480060192619,0.01625249928187195,17.5782850921839,1.47,bk418364,bk,B,g
429497394144,2459432.5444599,4.997391210491102,0.059709138195679745,14.653207250723383,0.012987023515983484,17.712538604211304,1.45,bl418648,bl,B,g
429497394144,2459434.2967785,3.0246791180212464,0.05469473096173783,15.198367352219703,0.01965524017718645,17.807776885392038,1.45,bp319530,bp,G,g
429497394144,2459434.2967792,3.889299493795203,0.05876045340386867,14.925387154555933,0.0164219953103582,17.729927765922056,1.49,bo319818,bo,G,g
429497394144,2459438.3482637,3.6896179181965514,0.05540390375776522,14.982612135482416,0.016321916213141593,17.793789695978216,1.44,bo320713,bo,G,g
429497394144,2459438.3482637,3.0842070801744694,0.057021910029784746,15.17720679776664,0.020096036153769,17.762536210124736,1.58,bp320426,bp,G,g
429497394144,2459441.4748095,4.766958141961966,0.09262690282167531,14.704462276130847,0.0211206839062108,17.23579775461568,2.05,bk421794,bk,B,g
429497394144,2459444.5030243,4.76890352421952,0.10707871416103397,14.704019280615109,0.024406009915208852,17.078382742979947,1.52,bG270451,bG,G,g
429497394144,2459444.5030243,5.766518050691659,0.10753028485868045,14.497781482731755,0.020268859541259916,17.073813620703987,1.44,bH271144,bH,G,g
429497394144,2459447.5094314,5.4761547675159745,0.10754251619716304,14.553876338031868,0.021346007245475723,17.073690127570757,1.50,bH271651,bH,G,g
429497394144,2459447.5094314,4.735149752037272,0.12123529563215067,14.711731326312554,0.027829636263486942,16.94356792187653,1.52,bG270958,bG,G,g
429497394144,2459452.3571344,1.9261638975459474,0.26479912126855026,15.688332525940007,0.14942920079664493,16.095349262514464,1.48,bo322845,bo,B,g
429497394144,2459452.3585254,3.3586388567764707,0.4565691239379102,15.084657351991279,0.14775949664482232,15.503874265352465,2.17,bp322558,bp,B,g
429497394144,2459453.5514174,4.0832464951512275,0.06989518842851981,14.872551627377558,0.018606035905689617,17.54152241137936,1.52,bk424648,bk,B,g
429497394144,2459453.5514174,5.071598622848022,0.069583478758571,14.637203434181217,0.014913289017231341,17.54637526872725,1.51,bl424932,bl,B,g
429497394144,2459454.5300933,4.288491856702303,0.10341957293929306,14.819304147920324,0.026212613440353253,17.11613376128107,1.49,bG272648,bG,G,g
429497394144,2459454.5300933,4.969070221553798,0.08089668402989673,14.659377786980164,0.01769570047771844,17.38281381102809,1.43,bH273341,bH,G,g
429497394144,2459457.2955765,2.6158908851376688,0.04883267292546064,15.356016560776773,0.020290981023656063,17.93086436979764,1.51,bo323475,bo,G,g
429497394144,2459457.2955765,3.2751645756607752,0.035054775713834176,15.111982802298204,0.011633924402888098,18.290772629517306,1.54,bp323188,bp,G,g
429497394144,2459458.5155039,5.6026909243856915,0.07574303162458317,14.529073959713234,0.014694614304404253,17.45428390187921,1.45,bl426992,bl,B,g
429497394144,2459458.5155039,4.49987927909075,0.09963942134579894,14.767063465137202,0.02406813875149407,17.156562619656768,1.40,bk426690,bk,B,g
429497394144,2459459.4928253,5.816352926811053,0.07717700080359205,14.4884387449535,0.014422791293327518,17.43392086812372,1.43,bH275032,bH,G,g
429497394144,2459459.4928253,5.1885413457352385,0.08658037798179728,14.61245241770719,0.01813787348525367,17.309091917767518,1.48,bG274263,bG,G,g
429497394144,2459461.5324371,4.9712266867050525,0.06464542349001412,14.658906704004,0.01413469332448243,17.62629614932091,1.44,bH275731,bH,G,g
429497394144,2459461.5324371,4.500456702482031,0.06522243449560237,14.766924152675195,0.01575261250699285,17.616648098271252,1.50,bG275038,bG,G,g
429497394144,2459462.5435162,4.828208585117954,0.0600300573875487,14.690600562438423,0.013514342064444228,17.706718715109645,1.49,bl428388,bl,G,g
429497394144,2459462.5435162,4.071935687639708,0.0899968999121536,14.875563346998145,0.02402364005717436,17.267071737128134,1.55,bk428104,bk,G,g
429497394144,2459466.3214761,3.6901496510708216,0.06402017720802189,14.982455674827406,0.01885754121623798,17.63684843159702,1.54,bo325527,bo,G,g
429497394144,2459466.3214761,3.029134695448186,0.05307391979743802,15.196769158833492,0.019044726979217153,17.840437701887648,1.58,bp325240,bp,G,g
429497394144,2459467.496019,5.183757583451493,0.08935176978473805,14.613453912999631,0.01873573123992194,17.274882714018105,1.52,bk429922,bk,G,g
429497394144,2459467.496019,5.598960704503865,0.07304715653133645,14.529797073600594,0.014181039549423125,17.493632323832273,1.49,bl430206,bl,G,g
429497394144,2459468.5077611,4.708569087579058,0.20503104850962947,14.717843254558138,0.047330692444217407,16.37309152983482,1.52,bk430328,bk,B,g
429497394144,2459471.5013751,4.58117824637451,0.14677531984023265,14.74762264774768,0.03482475087210249,16.736008022871808,1.59,bk431169,bk,G,g
429497394144,2459472.5486098,4.820124772634597,0.11664041262077172,14.692419921205158,0.02630285795012596,16.98551799315937,1.47,bH279465,bH,G,g
429497394144,2459472.5486112,4.18644403827136,0.11043624666578011,14.845452396757402,0.028673355585884505,17.044861516199056,1.43,bG278772,bG,G,g
429497394144,2459475.2258143,2.8999584219498153,0.12766192637439133,15.244086194127263,0.04784998377912147,16.887487127699647,2.33,bo327016,bo,G,g
429497394144,2459476.5030428,5.9786816426020994,0.11800449908614306,14.458552051301778,0.02145385346532976,16.972894197180327,1.48,bH280924,bH,G,g
429497394144,2459476.5030428,4.95736155154113,0.11494545296445441,14.661939136945321,0.025203065873847953,17.001411121352486,1.49,bG280231,bG,G,g
429497394144,2459476.5221028,4.9900990322031085,0.15786521398183614,14.654792710772572,0.0343866169360456,16.656924504915573,1.47,bl433415,bl,G,g
429497394144,2459479.2869888,2.780904171446597,0.15001440899397048,15.289600563398537,0.058635296348962584,16.7123081730358,1.51,bp328025,bp,G,g
429497394144,2459479.2869888,2.2135341882953394,0.15085372653494616,15.537350037042446,0.0740767604823338,16.70625050392546,1.52,bo328310,bo,G,g
429497394144,2459480.519656,4.999659806176959,0.08123483508456213,14.652714486105445,0.017660948386623538,17.37828485358554,1.48,bH282122,bH,G,g
429497394144,2459480.5196589,4.667193623081976,0.07728323334498803,14.727426076309014,0.017998720706588155,17.432427402376515,1.48,bG281429,bG,G,g
429497394144,2459481.5129693,4.784726482997314,0.07356888683935055,14.70042283090818,0.01671280095764777,17.485905149335967,1.49,bG281787,bG,G,g
429497394144,2459481.5129693,5.311603472765361,0.07104610065265958,14.58700150684249,0.014538740108236687,17.523789994506362,1.49,bH282480,bH,G,g
429497394144,2459485.5031897,5.434141314115602,0.07441758925708963,14.562238302286133,0.014885274287030927,17.473451618865766,1.47,bl436704,bl,G,g
429497394144,2459485.5031897,4.69205583333082,0.09818478753377398,14.721657693829506,0.022745380476354164,17.17253009976306,1.50,bk436420,bk,G,g
429497394144,2459489.2461943,3.2143068931899483,0.06051520378133736,15.132347273155402,0.02046394373662877,17.697979361223656,1.97,bp330455,bp,G,g
429497394144,2459489.2461943,3.8746840112868504,0.06409964295999634,14.929474895660345,0.01798173083367848,17.63550158526352,1.59,bo330741,bo,G,g
429497394144,2459493.2534158,4.052968826478727,0.12219007043037639,14.880632463865782,0.03276987799125338,16.935050823609327,2.03,bo331411,bo,G,g
429497394144,2459493.2534158,3.492067170905851,0.10258206568511012,15.042359150052647,0.031930154791661225,17.124962011033034,2.11,bp331125,bp,G,g
429497394144,2459495.2417722,3.0872057847428698,0.11054139714034208,15.176151673941746,0.03891988449155409,17.0438282380463,2.26,bp331808,bp,B,g
429497394144,2459495.2417722,3.548632625892629,0.11505104567391931,15.024913019521883,0.035240470798725325,17.000414185865573,2.04,bo332094,bo,B,g
429497394144,2459499.2340383,3.4286081543203806,0.2057868510738027,15.062270988045853,0.06523969780010255,16.36909655719983,2.42,bp332977,bp,B,g
429497394144,2459580.8649861,2.8119666018905463,0.3057016939643746,15.277540226772633,0.11816799308280355,15.939395998292794,1.52,bl466514,bl,G,g
429497394144,2459582.8628451,3.631576727664351,0.14424513558567922,14.999827561448155,0.0431735861890594,16.754887670805488,1.47,bH311638,bH,G,g
429497394144,2459584.8585973,3.229105613967323,0.11674564834883056,15.127359998115665,0.03929801593002608,16.984538858010882,1.57,bG311030,bG,G,g
429497394144,2459584.8585973,3.465369202360317,0.10665043681825949,15.05069184381166,0.03345224738737111,17.082734015017216,1.44,bH312230,bH,G,g
429497394144,2459587.8508174,3.2936646723434535,0.06720331740249393,15.105867168261,0.02217805739197255,17.584163831559223,1.37,bH312989,bH,G,g
429497394144,2459590.5998085,3.582997993565499,0.10016522345975083,15.014449209865612,0.030386632391800478,17.150848200854888,1.47,bo346575,bo,G,g
429497394144,2459590.5998085,3.503722096626957,0.08868905967481255,15.038741492046492,0.027513926379393528,17.282965485648074,1.54,bp346287,bp,G,g
429497394144,2459593.8754572,2.478380851171492,0.432698382462716,15.414645509985812,0.18977080481456543,15.562177432197565,2.16,bH314272,bH,G,g
429497394144,2459593.8754572,2.39916189958324,0.49034679689699645,15.426382254707022,99.999,15.426382254707022,1.58,bG313072,bG,G,g
429497394144,2459597.831587,2.7547808942821916,0.18788215745376102,15.29984796657071,0.07413284184838842,16.467926765066704,1.48,bG313723,bG,G,g
429497394144,2459597.8315968,3.5579926564264213,0.17114792132649248,15.022053003832065,0.05228519764702715,16.569211539463787,1.45,bH314923,bH,G,g
429497394144,2459598.6075043,3.3424239075786946,0.12078031071536957,15.089911799646014,0.03927776669263145,16.947650255129364,1.53,bp347467,bp,G,g
429497394144,2459598.6075043,4.178183998501264,0.17873875930507815,14.847596718562706,0.04649897184611905,16.522093763934617,1.45,bo347755,bo,G,g
429497394144,2459600.8312398,3.5385364055905564,0.09662293992699285,15.02800645197139,0.02968033182796241,17.189939992583586,1.60,bG314632,bG,G,g
429497394144,2459600.8312398,3.5722371950481215,0.10269384711568949,15.017714901919806,0.031247574214728534,17.123779552199558,2.08,bH315832,bH,G,g
429497394144,2459600.8778554,3.028780014810398,0.4376301597484268,15.19689629486245,0.1570549706225752,15.549872500883728,1.43,bk471501,bk,G,g
429497394144,2459602.8074565,3.578946352626007,0.05834268826090318,15.015677651057928,0.017719171860302137,17.737674520767822,1.60,bH316197,bH,G,g
429497394144,2459602.8074565,3.080972630133081,0.07377523122645809,15.17834602160102,0.026027647224164785,17.482864163090557,1.49,bG314997,bG,G,g
429497394144,2459604.8650288,3.5144875800390225,0.15740126859638054,15.035410590062025,0.04868087638225449,16.6601200407145,1.52,bH316841,bH,G,g
429497394144,2459604.8650288,3.0511912963299115,0.11592851399930874,15.18889203013779,0.041298378931089445,16.992164938929644,1.52,bG315641,bG,G,g
429497394144,2459604.8663271,3.6481137486222295,0.20018515739477585,14.994894694229007,0.05964522418408783,16.399060926842047,1.48,bH316842,bH,G,g
429497394144,2459606.8371653,3.0036935824156923,0.07108589827994298,15.205926555657586,0.025724088898883942,17.52318197201658,1.38,bG316243,bG,G,g
429497394144,2459606.8371653,3.4432601076190767,0.06158431972769686,15.057641044727,0.019440726483824878,17.678965240227836,1.55,bH317443,bH,G,g
429497394144,2459607.8061367,3.3640223591514085,0.06284073255719053,15.082918438040815,0.020304604664141725,17.657037513628204,1.49,bG316530,bG,G,g
429497394144,2459607.8061367,3.4134652826615035,0.06501463343883183,15.067076896956326,0.020702738704791158,17.62011281574011,1.49,bH317730,bH,G,g
429497394144,2459608.8376468,2.901101570369485,0.09110431655623834,15.243658286936386,0.034134079292776176,17.253793225207726,1.52,bk474053,bk,G,g
429497394144,2459608.8376468,3.726894359879885,0.0667983861106809,14.971697915532761,0.019481888782861344,17.59072568697835,1.48,bl474321,bl,G,g
429497394144,2459610.8077861,2.8904313956898005,0.07193468867495163,15.247658957617729,0.027051283455856823,17.510294690521444,1.45,bG317485,bG,G,g
429497394144,2459610.8077871,3.558112537488482,0.058285811048090684,15.022016422245422,0.017805547681832398,17.73873350128181,1.57,bH318685,bH,G,g
429497394144,2459613.860591,3.4505629432281157,0.06679321480740733,15.055340737357472,0.02104042779028778,17.59080974422677,1.46,bl475764,bl,G,g
429497394144,2459613.860591,2.5440190272725096,0.0638185773551472,15.386264734353324,0.027267099074593473,17.64027281477933,1.49,bk475496,bk,G,g
429497394144,2459614.8279041,3.556773579445145,0.06648445322831963,15.02242507397015,0.020317770703316914,17.595840357828127,1.49,bl476058,bl,G,g
429497394144,2459614.8279041,2.5145147009557482,0.07984775181152715,15.39893017468128,0.0345160179595523,17.396983879748518,1.47,bk475789,bk,G,g
429497394144,2459616.8321401,2.8329527721884347,0.11855707487638735,15.269467286006659,0.045488363590210974,16.967821922571567,1.45,bk476188,bk,G,g
429497394144,2459616.8321401,3.4468037240320784,0.08513017229901819,15.056524238535182,0.026845971916540874,17.327431830485715,1.49,bl476457,bl,G,g
429497394144,2459617.6112043,3.416915557920795,0.05002704684735036,15.065980006703368,0.015914126033353078,17.904628444567162,1.53,bp351470,bp,G,g
429497394144,2459617.6112043,4.013171383439261,0.048682794014010065,14.891346355334473,0.013185601957687193,17.93420187293918,1.48,bo351759,bo,G,g
429497394144,2459619.6187334,2.8087679628389988,0.08046559964464754,15.27877596511221,0.031139136257092425,17.388614981254566,1.47,bo352367,bo,G,g
429497394144,2459619.6187334,3.10318433498439,0.07594841880438377,15.170546686634122,0.026602554094039988,17.451343770016244,1.45,bp352078,bp,G,g
429497394144,2459619.7759731,3.137007500350343,0.06434447555553696,15.158776729620694,0.022295020759486247,17.631362447744394,1.56,bG319843,bG,G,g
429497394144,2459619.7759731,3.2943835604398637,0.06843100789511446,15.10563021710067,0.02257828481600522,17.564508269924918,1.49,bH321043,bH,G,g
429497394144,2459620.7881777,2.582121727957004,0.06566976483138796,15.37012384181149,0.02764400236894669,17.609226958823296,1.49,bG320183,bG,G,g
429497394144,2459620.7881777,3.3643240041154603,0.05425278557442456,15.082821086673633,0.01752816287328418,17.816585507281605,1.41,bH321383,bH,G,g
429497394144,2459621.7757716,3.4540105712990545,0.044065219449184276,15.054256466208681,0.013867061687695631,18.04240076820887,1.47,bH321701,bH,G,g
429497394144,2459622.8205646,2.61494178222084,0.06409850780303387,15.356410561302381,0.02664391672654461,17.635520813013763,1.46,bG320869,bG,G,g
429497394144,2459622.8205762,3.3608122058937986,0.05908628177087625,15.08395500774246,0.01910973163080666,17.72392395842561,1.50,bH322069,bH,G,g
429497394144,2459623.8062373,3.5963317265582972,0.07577690853535077,15.010416261424878,0.022902838556707297,17.453798402886807,1.52,bl478817,bl,G,g
429497394144,2459623.8062373,2.4156214510717833,0.11111554149324449,15.44249342840243,0.04999862972696709,17.038203593867024,1.52,bk478551,bk,G,g
429497394144,2459624.7913383,3.2986357536594353,0.11905422054977227,15.104229717405975,0.039230388297217325,16.963278621351037,1.52,bH322717,bH,G,g
429497394144,2459624.7913383,2.2494871408955106,0.12359859242816382,15.519856835078706,0.05972307806306762,16.922606799126577,1.44,bG321517,bG,G,g
429497394144,2459624.8498928,2.068637439381488,0.08975882386095363,15.61085467096063,0.047163382583111584,17.269947728323185,1.57,bk478925,bk,G,g
429497394144,2459625.8870966,3.254857427029118,0.07361487690474541,15.118735697633545,0.024583617667601292,17.485226635899252,1.44,bk479306,bk,G,g
429497394144,2459625.8870966,3.8480576321895175,0.08848510268981961,14.936961702722746,0.024994287674098756,17.285465213347447,1.45,bl479571,bl,G,g
429497394144,2459627.7543382,3.517420323659123,0.1830915579471705,15.034504950751655,0.05657912466344792,16.495969811057726,1.56,bl480163,bl,G,g
429497394144,2459627.7543382,2.711989413064675,0.1721510978973137,15.316845647731768,0.06899759920986616,16.562866119512474,1.53,bk479900,bk,G,g
429497394144,2459628.7486239,3.725851314351668,0.13968675902041264,14.972001822938193,0.04075134000462931,16.789752508771382,1.47,bH323990,bH,G,g
429497394144,2459628.7486239,2.8546050148130266,0.13296629404382473,15.261200561277983,0.05062997498162969,16.8432867001141,1.49,bG322790,bG,G,g
429497394144,2459629.7490382,2.6283153306639835,0.13343665500418836,15.350871951653453,0.05518357736749035,16.839452745148805,1.45,bk480589,bk,G,g
429497394144,2459629.7490382,3.6402004548777978,0.14529970604908285,14.99725237328989,0.04338619948393228,16.746978772211072,1.47,bl480854,bl,G,g
429497394144,2459630.7559402,3.78459353581111,0.12137879379362182,14.955017514167142,0.03486067136837999,16.942283568047266,1.43,bl481224,bl,G,g
429497394144,2459630.7559518,3.0914910595173812,0.15473432146230073,15.174645635101093,0.05440400008033123,16.67867397443899,1.41,bk480960,bk,G,g
429497394144,2459630.7989721,3.1192383745786167,0.10051338599065822,15.16494420942889,0.035025755426398845,17.147080853201334,1.52,bG323501,bG,G,g
429497394144,2459630.7989775,3.5412083120480395,0.09864503638962378,15.027186934932274,0.030278610065411157,17.167452518055292,1.44,bH324701,bH,G,g
429497394144,2459631.8153629,2.738365002252205,0.1479729079030621,15.306337283149867,0.05873582124868378,16.72718509027305,1.43,bk481369,bk,G,g
429497394144,2459631.8153629,3.8208712414263215,0.12237544752546965,14.944659615394524,0.03481320944458184,16.93340487888332,1.47,bl481633,bl,G,g
429497394144,2459632.7467443,3.0204651424623323,0.12498090324957503,15.199881051934454,0.04497612171389824,16.91053146386046,1.43,bk481683,bk,G,g
429497394144,2459632.7467443,3.624568186387138,0.09362042637264772,15.00192493669732,0.028075436239807697,17.224214074717136,1.50,bl481945,bl,G,g
429497394144,2459632.7989806,3.4829795710666516,0.08267367543596722,15.045188304353008,0.025800521897333024,17.35922249756276,1.54,bH325400,bH,G,g
429497394144,2459633.8540398,2.817787064810545,0.0798648271940537,15.27529519441546,0.030807719951678466,17.39675172068872,1.42,bG324580,bG,G,g
429497394144,2459633.8540408,3.3962884373307602,0.09742686324547872,15.072554205880643,0.031180733424540447,17.18094381085922,1.43,bH325780,bH,G,g
429497394144,2459634.7935721,2.399994927452763,0.12427522693844484,15.449539812775718,0.05628418913148381,16.916679199254677,1.45,bk482420,bk,G,g
429497394144,2459636.7667771,2.7848407441075893,0.10596532248301965,15.288064711418883,0.04135952786342115,17.089731201069455,1.46,bk483135,bk,G,g
429497394144,2459636.7667771,3.7340880335438666,0.059113232766802866,14.969604241013615,0.017207284161423295,17.723428835029317,1.49,bl483397,bl,G,g
429497394144,2459637.7250558,3.462950074217604,0.04150319747716486,15.051450046489794,0.013027092566739853,18.107436719469455,1.45,bH326969,bH,G,g
429497394144,2459638.7270866,3.7647073130457205,0.045732635551869516,14.960737578158367,0.013204050763034625,18.00207503568283,1.47,bl484112,bl,G,g
429497394144,2459638.7270866,2.747498318046525,0.07710072398938007,15.302722034205228,0.030502342520322582,17.4349944710127,1.52,bk483851,bk,G,g
429497394144,2459638.7512705,3.3826642135069322,0.048750966699106245,15.076918400099341,0.015665220621985363,17.932682531718616,1.51,bH327353,bH,G,g
429497394144,2459638.7512706,2.844019650845397,0.07447781606247197,15.26523414018271,0.028464693579007907,17.472573278442482,1.40,bG325422,bG,G,g
429497394144,2459639.8070835,3.4059868550790657,0.0607863814891838,15.069458203451859,0.019398828182223653,17.69312488310337,1.47,bH327753,bH,G,g
429497394144,2459640.7129006,2.963923600740677,0.06502005569768653,15.22039811001634,0.023844735257946805,17.62002226847472,1.55,bG326112,bG,G,g
429497394144,2459640.7129006,3.411922959030839,0.06106826687866737,15.067567581610287,0.01945487977076954,17.688101624278445,1.45,bH328043,bH,G,g
429497394144,2459643.7086166,3.4792185342314865,0.054114079631696434,15.046361351771317,0.01690599518106314,17.819364920449846,1.45,bl485601,bl,G,g
429497394144,2459643.7086166,2.9502935095547977,0.05623145874855665,15.225402562642605,0.020716972943777303,17.777692236288132,1.42,bk485352,bk,G,g
429497394144,2459644.7064987,3.248431229679105,0.04574955992515039,15.120881429665767,0.015308245430287196,18.001673309315688,1.48,bG327296,bG,G,g
429497394144,2459644.7065123,3.5026442471421193,0.03755299514434207,15.039075548292136,0.011653616554488842,18.216029158705204,1.56,bH329239,bH,G,g
429497394144,2459646.700892,3.576195349720249,0.05183265197146799,15.016512536997467,0.015754127946010825,17.86613203719641,1.55,bl486617,bl,G,g
429497394144,2459647.7017152,3.3551246261371284,0.053426425425969426,15.085793980588694,0.017308508035013683,17.833250316341875,1.43,bH330270,bH,G,g
429497394144,2459648.6977289,2.9324632788976563,0.06345652732393581,15.231984166112094,0.023521005946781227,17.646449857620496,1.53,bG328680,bG,G,g
429497394144,2459648.6977401,3.5170676116670267,0.04412678668002035,15.034613829232509,0.013637468442781934,18.04088485343749,1.44,bH330623,bH,G,g
429497394144,2459649.6932247,3.484283526539033,0.03876430571479916,15.044781903256206,0.012092906500420057,18.18156058650139,1.47,bH330972,bH,G,g
429497394144,2459649.6932344,3.100286415042468,0.04512280043239688,15.171561079046077,0.015819997136766215,18.01665049844349,1.43,bG329029,bG,G,g
429497394144,2459650.7088224,3.1453119842062898,0.055245093689461636,15.155906298068107,0.01909159256104853,17.796906325377723,1.50,bG329395,bG,G,g
429497394144,2459650.7088224,3.421212148236728,0.059044952321163156,15.064615608588156,0.01875922720382655,17.72468367082601,1.43,bH331338,bH,G,g
429497394144,2459650.7269761,2.65547506876335,0.05301542520734858,15.339710051407174,0.02170062255893696,17.841634988960642,1.42,bk487859,bk,G,g
429497394144,2459650.7269761,3.4726829443282665,0.05851781376630829,15.048402787108042,0.018316189623671004,17.73442038030748,1.47,bl488111,bl,G,g
429497394144,2459651.7388051,3.483917112661638,0.04770819566228938,15.04489608734291,0.014884606245960455,17.956158132124585,1.42,bH331721,bH,G,g
429497394144,2459651.7388051,3.011155368076065,0.06013793754526021,15.203232710785882,0.021708386127058804,17.704769287151983,1.48,bG329778,bG,G,g
429497394144,2459652.742213,3.4522414392667216,0.0628582115011839,15.054812718930876,0.019791241179985933,17.656735561649544,1.46,bl488854,bl,G,g
429497394144,2459653.7175296,3.2013881235719976,0.09862790352446844,15.136719798599943,0.033486799732912104,17.167641107245935,1.42,bk488951,bk,G,g
429497394144,2459653.7175296,3.1985356018069178,0.10670851224850712,15.137687649622295,0.03626269260472542,17.082142949125114,1.49,bl489203,bl,G,g
429497394144,2459654.6715633,3.623138583255952,0.10164527371334267,15.002353257529668,0.03049400143766784,17.134922637232204,1.46,bl489533,bl,G,g
429497394144,2459655.6707413,3.732277317640277,0.13643185609125655,14.97013085865396,0.03973324679022652,16.81535114258142,1.54,bH332995,bH,B,g
429497394144,2459655.6707413,3.6353488721342893,0.1317992408292604,14.998700384863728,0.03940750927036167,16.852858339678324,1.44,bG331052,bG,B,g
429497394144,2459656.6521039,2.8428466031973603,0.12230351023976048,15.265682056579031,0.04676249430313251,16.934043306629867,1.50,bp361041,bp,G,g
429497394144,2459656.6521039,4.232033675920291,0.16542972171886838,14.8336928350593,0.04248900851969502,16.606106763472205,1.47,bo361330,bo,G,g
429497394144,2459658.6595011,3.997855091665924,0.13826409855713281,14.895498001272712,0.03759192371988453,16.80086704516431,1.41,bH334074,bH,G,g
429497394144,2459658.6595031,3.0079203830462573,0.14095832836620084,15.204399780566069,0.05093737692482389,16.779913759510748,1.48,bG332131,bG,G,g
429497394144,2459659.6526933,3.2174145629258866,0.13570733006910612,15.131298064221113,0.04584673954240989,16.821132345966586,1.39,bG332485,bG,G,g
429497394144,2459659.6526975,3.6115739153042004,0.14802862983865397,15.005824353136639,0.04455140290093717,16.726776313183255,1.42,bH334428,bH,G,g
429497394144,2459659.6594868,3.2231034148210562,0.12487182035749265,15.129380021574924,0.04211166135559736,16.911479504378633,1.51,bl491395,bl,G,g
429497394144,2459660.6908668,2.9905655818333967,0.0944661002268115,15.210682295416884,0.034334824271549914,17.214450643760223,1.54,bG332880,bG,G,g
429497394144,2459660.6908668,3.60196351654166,0.10942288315033509,15.008717348189546,0.033020300156163425,17.054870227227955,1.44,bH334823,bH,G,g
429497394144,2459660.7265392,3.552577710213227,0.09089946546508126,15.023706655785103,0.02781185237013174,17.256237288047554,1.54,bl491828,bl,G,g
429497394144,2459660.7265392,3.166615924819387,0.11543085126511822,15.148577143554663,0.03962220855681325,16.996835865313084,1.97,bk491576,bk,G,g
429497394144,2459660.7277799,3.7587606989734192,0.09888720438444663,14.962453929056188,0.028596151851747537,17.164790363357806,1.52,bl491829,bl,G,g
429497394144,2459661.6923321,3.4159289595287974,0.09184694345348844,15.066293546869094,0.029225910541870785,17.244978841121533,1.52,bl492173,bl,G,g
429497394144,2459661.6923321,3.0325450334156887,0.17078278229340219,15.195547475089688,0.06121375180551909,16.571530400066216,1.50,bk491921,bk,G,g
429497394144,2459661.6935725,3.4057467174649965,0.13010925224213588,15.069534755506943,0.041524843740716216,16.866870159145986,1.51,bl492174,bl,G,g
429497394144,2459663.6650251,2.921256664059561,0.05980188545532491,15.236141331964241,0.022251399614312196,17.710853419450466,1.42,bk492600,bk,G,g
429497394144,2459663.6650251,2.463341587808787,0.05762648567286498,15.421254024866514,0.025427851637395114,17.75108527363838,1.44,bl492852,bl,G,g
429497394144,2459664.8184143,2.7697109233587858,0.07222703980476533,15.293979512745185,0.02834507070741391,17.505891071827115,1.49,bk493117,bk,G,g
429497394144,2459664.8184143,3.4157434006201455,0.05945666926887856,15.066352527456763,0.01892027791401449,17.717139169933468,1.48,bl493369,bl,G,g
429497394144,2459664.8402013,3.3984363395490105,0.0486573687981851,15.071867774757413,0.015562582041148939,17.93476906077132,1.42,bH335748,bH,G,g
429497394144,2459664.8402114,2.836445226087225,0.0690423213678213,15.268129618719176,0.02645776509151406,17.55485214901502,1.47,bG333805,bG,G,g
429497394144,2459665.6875123,3.4795328909634184,0.03627734298663358,15.046263257022865,0.011332525309099954,18.253551933698343,1.44,bH336006,bH,G,g
429497394144,2459665.6875123,3.078370839506441,0.042917413934755407,15.179263281196134,0.015153912704045615,18.071056749205916,1.48,bG334063,bG,G,g
429497394144,2459666.6371134,3.1769182192788454,0.04993798231110408,15.145050534044282,0.017085871215114082,17.906563133487154,1.44,bG334392,bG,G,g
429497394144,2459666.6371134,3.4884325662865985,0.044768846964368295,15.04348979179186,0.01394947136113374,18.025200838598426,1.49,bH336335,bH,G,g
429497394144,2459666.6383886,3.170272266033609,0.051187345045695616,15.147324218663387,0.01755004424195413,17.87973410041605,1.47,bG334393,bG,G,g
429497394144,2459667.850565,2.671578421579962,0.048517464669547115,15.33314580478937,0.01973978162678226,17.937895365745316,1.43,bk494313,bk,G,g
429497394144,2459669.7390802,2.755599539118829,0.04719185321716065,15.299525363674139,0.018615002615275347,17.967973030545956,1.50,bk495007,bk,G,g
429497394144,2459669.7390802,3.6706291689493367,0.0452822848124294,14.988214343679513,0.013409111226075549,18.012819781517486,1.49,bl495259,bl,G,g
429497394144,2459669.7403322,3.471055620673095,0.08572518243463693,15.048911689977897,0.026844728609257004,17.319869566380625,1.50,bl495260,bl,G,g
429497394144,2459670.6340467,3.311895350850154,0.04684625353149066,15.099874108511557,0.015374833864248628,17.97595345025889,1.48,bG335886,bG,G,g
429497394144,2459670.6340535,3.5910903838679458,0.04240609973794728,15.01199978231506,0.012835540669971845,18.0840697852906,1.37,bH337829,bH,G,g
429497394144,2459671.6485669,3.493333949310685,0.03971766749908063,15.041965361014926,0.012358216632827415,18.15518127208163,1.40,bH338220,bH,G,g
429497394144,2459671.6498723,3.277529827594079,0.05766048403037954,15.111198990445903,0.01912246187228848,17.75044490207131,1.51,bG336278,bG,G,g
429497394144,2459671.6534581,2.5033733581291995,0.042639642391610215,15.403751557307626,0.018513993221059524,18.07810672716522,1.50,bk495719,bk,G,g
429497394144,2459672.6966878,3.1308128429214555,0.05158598191858953,15.16092285560011,0.017909636343642166,17.87131135749567,1.47,bG336695,bG,G,g
429497394144,2459672.6966878,3.248775387879005,0.051445228039845185,15.120766406382643,0.01721224752529709,17.87427786982228,1.45,bH338638,bH,G,g
429497394144,2459672.7159685,2.7239422313435897,0.05814885157158475,15.312070889946462,0.02320360274901961,17.741287756646397,1.50,bk496161,bk,G,g
429497394144,2459672.7159685,3.5854208910791416,0.0486383325105636,15.013715260666078,0.014745201284572566,17.935193917916305,1.55,bl496413,bl,G,g
429497394144,2459673.6433935,2.952545433972829,0.0490802126190099,15.224574149056181,0.018068496620149525,17.925374522807275,1.55,bk496502,bk,G,g
429497394144,2459673.6433935,3.558655090831465,0.048403169909228404,15.021850878043503,0.01478427660529204,17.940456100461006,1.51,bl496754,bl,G,g
429497394144,2459673.6634437,3.0373549264542317,0.05269285498831501,15.193826762675792,0.018856815803698374,17.848261286386165,1.52,bG337054,bG,G,g
429497394144,2459673.6634437,3.443750584456046,0.048525630121078335,15.057486397526871,0.015316222484195442,17.93771265256215,1.51,bH338997,bH,G,g
429497394144,2459674.6314242,3.6233015767093812,0.049954788711621664,15.002304414818033,0.014985968524185217,17.90619779538513,1.45,bl497146,bl,G,g
429497394144,2459674.6314242,3.123324570855656,0.04168678836823965,15.163522827887322,0.014507530504523759,18.10264451764652,1.46,bk496894,bk,G,g
429497394144,2459674.6822774,3.424094869589536,0.04702722856871843,15.063701149932658,0.014928486136896334,17.97176714782055,1.45,bH339396,bH,G,g
429497394144,2459674.6822774,3.127115470698054,0.0513233495314666,15.162205826945048,0.017839523360572165,17.876853131138425,1.54,bG337453,bG,G,g
429497394144,2459675.6875111,2.9374066130940695,0.043825620743350134,15.230155451582858,0.016217211493261045,18.04832042111902,1.42,bk497341,bk,G,g
429497394144,2459675.6875111,3.755759679920127,0.035187933183850016,14.963321134159443,0.010183759537436629,18.286656214829456,1.56,bl497593,bl,G,g
429497394144,2459676.67711,3.08864441253596,0.05483083148593949,15.1756458422721,0.01929608006480976,17.80507853188681,1.42,bG338230,bG,G,g
429497394144,2459676.67711,3.599870775542996,0.037929805847392105,15.009348344305602,0.011452647165620302,18.205189062266413,1.42,bH340173,bH,G,g
429497394144,2459677.6399195,3.6236442654947068,0.044608137540600536,15.002201731665828,0.013380757731684331,18.029105383573807,1.48,bH340538,bH,G,g
429497394144,2459677.6482542,2.608182645443992,0.05953133596793728,15.359220620189431,0.02480960219224886,17.71577653932314,1.49,bk498129,bk,G,g
429497394144,2459677.6482542,3.719627910315352,0.05224065485557642,14.973816877805394,0.015265860420532665,17.857619080591792,1.52,bl498381,bl,G,g
429497394144,2459678.6393651,2.898546184570592,0.046751499315766054,15.244615060580495,0.01753183970393858,17.978151753414284,1.49,bk498529,bk,G,g
429497394144,2459678.6393651,3.663042513710276,0.03881290246557769,14.99046072436327,0.011517184773226262,18.180200309175273,1.49,bl498781,bl,G,g
429497394144,2459679.633762,3.337113692054708,0.05643032321659485,15.091638115091687,0.018380347061642537,17.773859266965843,1.45,bG339376,bG,G,g
429497394144,2459679.6337661,3.5772686151710875,0.05281746570434517,15.016186741502654,0.016048637937222703,17.845696713974466,1.43,bH341319,bH,G,g
429497394144,2459679.6350758,3.5194380558291045,0.06410653696632096,15.033882307858946,0.019798904636563593,17.635384819093996,1.43,bH341320,bH,G,g
429497394144,2459679.6729382,3.500857313859408,0.06082690615856354,15.039629596345307,0.018885717531108695,17.692401292725854,1.54,bl499217,bl,G,g
429497394144,2459679.6729382,2.745402504448034,0.07137790832076249,15.303550558471827,0.028259857282001356,17.518731068660266,1.50,bk498965,bk,G,g
429497394144,2459680.7423638,3.052896164250001,0.047710081285962734,15.188285539197004,0.016986750028958573,17.95611522022224,1.48,bG339836,bG,G,g
429497394144,2459680.7423656,3.474466820832481,0.04500590967064425,15.047845200352759,0.014079704759301136,18.01946675095722,1.46,bH341779,bH,G,g
429497394144,2459681.7534736,3.6203363845613343,0.055161673734707345,15.003193309781098,0.016561538665764403,17.798547023396956,1.44,bH342183,bH,G,g
429497394144,2459681.7534809,3.107955979169898,0.058502959643833015,15.168878475128471,0.020460448588107,17.73469601784051,1.46,bG340240,bG,G,g
429497394144,2459681.7682693,3.6160431462735634,0.04969862129018341,15.0044816127983,0.014939047557681237,17.911779759044,1.51,bl499924,bl,G,g
429497394144,2459681.7682693,2.734120007435022,0.05217526782559409,15.308021689951632,0.020742413457454326,17.858978893793275,1.62,bk499665,bk,G,g
429497394144,2459681.7695096,3.612398172535272,0.05216029620773949,15.005576587527688,0.015694829703409078,17.859290488939394,1.50,bl500018,bl,G,g
429497394144,2459682.7581358,2.6202750302772833,0.07212876400237413,15.35419842655635,0.029920840190988132,17.50736938597006,1.43,bk500245,bk,G,g
429497394144,2459682.7581396,3.698247607719985,0.060391785815874774,14.980075659803498,0.017749824353298957,17.70019593117396,1.48,bl500497,bl,G,g
429497394144,2459682.7848349,3.462920601797031,0.057866892506918975,15.051459286995588,0.01816351093078265,17.746565208770456,1.37,bH342600,bH,G,g
429497394144,2459682.7848382,3.237579919132644,0.06606989531249743,15.124514378006902,0.022181723816652576,17.60263156476499,1.46,bG340657,bG,G,g
429497394144,2459683.8064257,3.4314215540336175,0.05009102259340646,15.06138043502255,0.015867115955043008,17.90324086700875,1.53,bH343016,bH,G,g
429497394144,2459684.9117402,6.1799247604598495,0.07974839142424982,14.422607653134634,0.01402655170033869,17.398335781887713,1.55,bl501398,bl,G,g
429497394144,2459684.9117402,4.969760869132675,0.0873476251147945,14.659226891754058,0.019104152750415944,17.299512857708663,1.48,bk501146,bk,G,g
429497394144,2459686.8383903,3.6478561488365706,0.12309910970055003,14.994971362696031,0.036680004542385285,16.927003331541524,2.01,bl502179,bl,G,g
429497394144,2459689.3390216,2.782608606374547,0.49630583694209285,15.288935312201415,0.19386947377564173,15.413267154272795,1.95,bo366611,bo,G,g
429497394144,2459691.7715114,2.3385826816174786,0.09258997598786736,15.4776837993121,0.043035159303443336,17.23623068277192,1.49,bk503443,bk,G,g
429497394144,2459691.7715114,3.429201177027224,0.06408658025407328,15.062083211981063,0.02031357239399726,17.635722867277238,1.46,bl503695,bl,G,g
429497394144,2459692.7519132,3.4693031613116863,0.056985116196801334,15.04945999264531,0.017853828510263927,17.763237016018742,1.50,bl504078,bl,G,g
429497394144,2459692.7519132,2.886834770874746,0.0783585699662922,15.249010803341479,0.029503717884485987,17.417424357499122,1.47,bk503826,bk,G,g
429497394144,2459693.7994146,2.6987122526519607,0.04818269339593213,15.32217417019757,0.01940647535512545,17.94541292831083,1.47,bk504257,bk,G,g
429497394144,2459693.7994146,3.5905449278370494,0.04194405667225581,15.012164708919178,0.012697617454843673,18.095964532696364,1.54,bl504509,bl,G,g
429497394144,2459694.8456452,3.3865836471671957,0.04973679742868831,15.075661104875344,0.015963502446116235,17.910946067824046,1.43,bH347107,bH,G,g
429497394144,2459694.8456484,3.026562523444694,0.06347245980628755,15.19769149703372,0.0227954333019183,17.646177288313787,1.43,bG345164,bG,G,g
429497394144,2459695.7064848,2.7021953147219615,0.047512578145938504,15.3207737807001,0.019111907418017923,17.960619119156746,2.39,bk504989,bk,G,g
429497394144,2459695.7064848,3.521054515232175,0.04788831027500592,15.03338374940993,0.014783216489067167,17.952066828043606,1.54,bl505241,bl,G,g
429497394144,2459695.79258,3.590118789678919,0.04697538357847067,15.012293575454432,0.014222426201775483,17.972964773873038,1.40,bH347453,bH,G,g
429497394144,2459695.7925817,3.1299970105063193,0.04877439057300259,15.161205815413897,0.016937920946640372,17.932160982264293,1.40,bG345510,bG,G,g
429497394144,2459696.7344307,2.23368344431462,0.0622355094991065,15.527511559026825,0.030285084981935842,17.667544988173276,1.50,bk505220,bk,G,g
429497394144,2459696.7344307,3.648607336056721,0.050854515042441976,14.994747804758397,0.01515006732541517,17.88681681854259,1.50,bl505472,bl,G,g
429497394144,2459697.3909774,3.7400609184483082,0.06026593449597779,14.967868932068143,0.017514808439613297,17.702460873419316,1.48,bo368026,bo,G,g
429497394144,2459697.8209904,3.636026069067395,0.04641900506642834,14.99849815152104,0.01387653425227981,17.98590104229661,1.47,bl505944,bl,G,g
429497394144,2459697.8209904,2.5578104640779307,0.04167800696165862,15.38039472291742,0.01771131290464666,18.102873254274524,1.44,bk505692,bk,G,g
429497394144,2459698.6679265,3.5857049174287665,0.052158660108967976,15.013629255288599,0.01581117160395663,17.859324545485464,1.55,bl506240,bl,G,g
429497394144,2459698.6679265,2.8470704392623127,0.046156480030446784,15.264070091924065,0.017621652874389486,17.992058907955723,1.56,bk505988,bk,G,g
429497394144,2459699.3359235,2.695813278302211,0.07110507183365557,15.323341102003944,0.028669686502544547,17.52288916268348,1.47,bo369001,bo,G,g
429497394144,2459699.3371522,4.190589297356107,0.11357955650843213,14.84437787358113,0.029460305203606634,17.014390190015312,1.49,bo369002,bo,G,g
429497394144,2459699.3383925,3.407986370460455,0.13161269994579014,15.068820999215212,0.04197707003459739,16.854396115256097,1.44,bo369003,bo,G,g
429497394144,2459700.8331626,2.52235255244843,0.03746553876690208,15.395551151342492,0.016145011792116255,18.218560655747066,1.49,bl507182,bl,G,g
429497394144,2459700.8331626,2.2695117468784645,0.04948781223336246,15.510234534854622,0.023701617904221154,17.916394974286487,1.47,bk506930,bk,G,g
429497394144,2459702.6165685,2.6287332193842783,0.05709253570271758,15.350699338861382,0.023607227833955892,17.761192281064975,1.45,bk507433,bk,G,g
429497394144,2459702.6165685,3.9490198054568446,0.036756318978987436,14.908842342651525,0.01011707274147546,18.23931058202101,1.53,bl507685,bl,G,g
429497394144,2459703.6646947,2.346035262742589,0.05501276341358149,15.474229283247533,0.02548831337742991,17.80148195875117,1.46,bk507883,bk,G,g
429497394144,2459703.6646947,2.4879428514626065,0.04147848209990858,15.41046462152335,0.018121520196426842,18.108083473809245,1.45,bl508135,bl,G,g
429497394144,2459704.8575883,3.0829868242407827,0.06679620108337612,15.17763645056631,0.02355007352743185,17.590761202837232,1.47,bG348788,bG,G,g
429497394144,2459704.8575883,3.424228889447953,0.06697739291152183,15.06365865480025,0.02126070317863587,17.587820014785798,1.49,bH350731,bH,G,g
429497394144,2459706.5382257,3.146517653293065,0.22360941910944257,15.15549019061768,0.07724530519284814,16.278915377928822,1.48,bk509020,bk,B,g
429497394144,2459706.5407182,4.56219272919734,0.1583219148819562,14.752131552186844,0.03772068567244564,16.65378802653568,1.61,bl509274,bl,B,g
429497394144,2459708.6326831,3.905703567891801,0.050323407418816725,14.920817426153402,0.014004994219144872,17.898215512210797,1.46,bl509845,bl,G,g
429497394144,2459708.6326831,2.5383441792620878,0.05564441531849315,15.388689350718423,0.02382776166563027,17.789086652841217,1.45,bk509593,bk,G,g
429497394144,2459708.6339234,2.596671867702798,0.08287614127280565,15.364022940208997,0.03469162329422212,17.356566806324317,1.49,bk509594,bk,G,g
429497394144,2459708.635152,2.440819775371077,0.08253327473415457,15.431226339093042,0.03675407833793796,17.361067918250853,1.47,bk509595,bk,G,g
429497394144,2459710.5194582,4.089201971731463,0.06406670223080067,14.870969218455546,0.017029660138455194,17.636059687205695,1.43,bH352493,bH,G,g
429497394144,2459710.5194617,3.6507394643795656,0.06857621997630478,14.994113520885488,0.02041760861511642,17.562206755247146,1.47,bG350550,bG,G,g
429497394144,2459711.7112729,3.568456162281765,0.060564811374503195,15.018864707504234,0.018448122582322053,17.69708968900359,1.51,bH353020,bH,G,g
429497394144,2459711.7112729,2.95443160009436,0.07409991506893933,15.223880772764337,0.027261888866178807,17.478096335930843,1.47,bG351077,bG,G,g
429497394144,2459713.6372838,2.9043402292301477,0.1182198496324755,15.242446896084132,0.04424407142929669,16.97091460489097,1.53,bG351808,bG,G,g
429497394144,2459713.6372906,3.545788485515475,0.11184577603456128,15.025783558864227,0.03428616686707608,17.03109164347905,1.41,bH353751,bH,G,g
429497394144,2459713.6398817,2.885940620280803,0.16667450692557984,15.249347144742046,0.06277604640832325,16.59796766388483,1.48,bG351810,bG,G,g
429497394144,2459713.6883186,3.5928152737203933,0.11191010475776512,15.011478401470912,0.0338568528988136,17.030467355746676,1.53,bl511904,bl,G,g
429497394144,2459713.6883186,2.57095353592433,0.09722162329899113,15.37483005268404,0.04110369013763993,17.183233441023855,1.49,bk511652,bk,G,g
429497394144,2459714.6749226,3.4745974646862763,0.09158536860979866,15.047804376219844,0.028650603334073193,17.248075367217265,1.56,bl512317,bl,G,g
429497394144,2459714.6749226,2.4992204410449297,0.10585376039334583,15.405554211550825,0.04603772973385746,17.090874884720545,1.50,bk512065,bk,G,g
429497394144,2459716.7328584,3.5428304199672267,0.1157156894214879,15.026689709721264,0.03550210096857797,16.994159993509097,2.00,bG353019,bG,G,g
429497394144,2459716.734145,3.885880531632993,0.2395776171072852,14.926342011222744,0.06701452894848768,16.20402500891934,1.97,bG353020,bG,G,g
429497394144,2459716.7354317,3.510143022088328,0.2208960553465502,15.036753591489244,0.06840302702040121,16.292170710135284,1.99,bG353021,bG,G,g
429497394144,2459716.8199733,3.291113831949487,0.14484556694357878,15.106708362814476,0.04783816108270703,16.750377591474386,1.97,bl513285,bl,G,g
429497394144,2459716.821225,2.9599792039304536,0.26369805975836497,15.221843972717634,0.09683457419015172,16.099873275575735,1.58,bl513286,bl,G,g
429497394144,2459717.5008343,3.8511428224603867,0.2356304740836053,14.93609155965408,0.06650495510889155,16.222061968836076,1.52,bp370646,bp,G,g
429497394144,2459717.5021365,4.441619221041772,0.3788835362924098,14.78121231266777,0.09272067465882984,15.706376275957943,1.43,bp370755,bp,G,g
429497394144,2459717.661915,3.7405570902976253,0.0987306446517598,14.967724903395446,0.02868982226687525,17.1665106796792,1.55,bl513584,bl,G,g
429497394144,2459717.661915,2.9037014110351906,0.10542999933581904,15.24268573323038,0.039466118978178866,17.095230101987053,1.48,bk513332,bk,G,g
429497394144,2459718.8787092,3.948599805203274,0.1042916326464383,14.90895782288588,0.028709030000580654,17.107016945870832,1.62,bG353645,bG,G,g
429497394144,2459718.8787092,4.687301733458744,0.10848748383843838,14.722758344648593,0.02515758207830275,17.064191519746853,1.48,bH355588,bH,G,g
429497394144,2459719.6918014,3.5858050632920286,0.06645895695799849,15.013598931970414,0.020145544840955997,17.59625680906967,1.46,bl514168,bl,G,g
429497394144,2459719.6918014,2.7894678274715288,0.07004485735074024,15.28626223026091,0.027293992697053706,17.539199973529104,1.47,bk513916,bk,G,g
429497394144,2459722.6143063,3.371149657203829,0.0669861348631128,15.080620540256653,0.021598274641995534,17.587678312734297,1.64,bp371333,bp,G,g
429497394144,2459722.6143063,2.717707240997081,0.09107990690186758,15.314558943523732,0.03642772750241355,17.254084166378718,1.52,bo374923,bo,G,g
429497394144,2459723.497455,4.452801742982721,0.05395512481624382,14.778482224812011,0.013170780597336963,17.822558857582933,1.57,bl515513,bl,G,g
429497394144,2459723.497455,3.1986324406881024,0.07055643558913843,15.137654778364688,0.023976427187671075,17.53129902959753,1.51,bk515261,bk,G,g
429497394144,2459724.2906859,2.2343197797072185,0.09624031765383842,15.527202296770671,0.04681918939185734,17.194247991991517,1.49,bo375311,bo,G,g
429497394144,2459724.2906859,3.205704714248274,0.11683623865041785,15.135256832600827,0.03961559872064549,16.983696693608255,2.15,bp371722,bp,G,g
429497394144,2459725.2567679,3.1298598903738286,0.05513945310782433,15.161253380811836,0.01914916010937477,17.798984475671766,1.52,bp372084,bp,G,g
429497394144,2459725.2567679,3.797741162666041,0.06650658158686705,14.951252217762425,0.019034936689490647,17.595479046852812,1.47,bo375673,bo,G,g
429497394144,2459726.7262438,2.5489996485801676,0.049839135350024294,15.384141183294924,0.021252640515946452,17.908714363388366,1.46,bk516703,bk,G,g
429497394144,2459726.7262438,3.6937513008982803,0.045906101619513716,14.981396494334575,0.01350874286820963,17.99796457714306,1.48,bl516955,bl,G,g
429497394144,2459726.7287361,2.835879784586726,0.07019813984553755,15.26834608033223,0.026906050931274617,17.53682660125734,1.52,bk516705,bk,G,g
429497394144,2459727.6865182,2.4101055631856725,0.044460379611565445,15.444975459304612,0.020051611147650587,18.032707695263483,1.43,bk517101,bk,G,g
429497394144,2459727.6865182,3.6799932733927805,0.040365966499497724,14.985448060198348,0.01192286161503786,18.137602222838815,1.47,bl517353,bl,G,g
429497394144,2459727.6877708,3.7761480349425103,0.05884810246599139,14.957443093665734,0.016939306450774717,17.728309452067688,1.50,bl517354,bl,G,g
429497394144,2459731.3079711,3.8249902482574663,0.05907783496414732,14.943489791619166,0.01678828803126024,17.72407918327981,1.43,bo377093,bo,G,g
429497394144,2459731.3079711,3.04221473922847,0.06535520766694447,15.192090956988428,0.02335083986254579,17.614440114018496,1.52,bp373506,bp,G,g
429497394144,2459731.3104516,2.369768456379996,0.05129543781136964,15.46330083640144,0.02352799933445973,17.877443759162365,1.49,bp373337,bp,,g
429497394144,2459733.3212198,3.795430473600214,0.06733703695960258,14.951913021698996,0.019284355750140005,17.582005606052363,1.42,bo377716,bo,G,g
429497394144,2459733.3212198,3.122992891200517,0.055577194208045085,15.163638133141175,0.019343621906604623,17.790399066904186,1.50,bp374127,bp,G,g
429497394144,2459737.5472595,4.240627460317505,0.0698237737347727,14.831490319012532,0.017897211425350282,17.54263231835412,1.59,bo379340,bo,G,g
429497394144,2459737.5472595,3.607966569100578,0.0616777397693202,15.006909360336413,0.01858138655234381,17.677319485787663,1.53,bp375753,bp,G,g
429497394144,2459737.5485034,3.8537315585005794,0.07059130333396084,14.935361973573844,0.019910488411592462,17.530762610466898,1.41,bG357877,bG,G,g
429497394144,2459737.5485034,4.03564431070394,0.08319150485423579,14.885283417608017,0.02240671917363082,17.352443160598014,1.46,bH359810,bH,G,g
429497394144,2459738.5975619,2.4082516113991104,0.08103503317026674,15.445810973403272,0.03657489831081058,17.380958575874132,1.42,bk518486,bk,G,g
429497394144,2459738.5975619,3.8487879696750076,0.04546679363868213,14.936755656273828,0.012840517133581102,18.008404790374463,1.53,bl518738,bl,G,g
429497394144,2459738.648429,3.1139603578602704,0.053690924916654066,15.166782923532518,0.01874131147785852,17.82788839773733,1.66,bG358372,bG,G,g
429497394144,2459738.6484316,3.549935334745295,0.05074158447730124,15.024514517122716,0.015536591788350661,17.889230550059366,1.68,bH360305,bH,G,g
429497394144,2459739.6211795,2.5750558513022344,0.062427010432341966,15.37309898966511,0.026351058012118678,17.66420926769978,1.43,bk518920,bk,G,g
429497394144,2459739.6211795,3.7060246706432,0.05082903976737057,14.977794857161417,0.01490787600701328,17.887360848088008,1.48,bl519172,bl,G,g
429497394144,2459739.6432621,3.5255560670680217,0.057116888999515975,15.031996558103257,0.01760958379853672,17.760729249988355,1.48,bH360699,bH,G,g
429497394144,2459739.6432621,2.9843433191989215,0.06341391512498924,15.212943664877706,0.023096594875894147,17.647179193910453,1.39,bG358766,bG,G,g
429497394144,2459740.6974412,3.5557629084996876,0.11474184708896133,15.022733633946137,0.03507528545044767,17.003336019493357,1.46,bH361163,bH,B,g
429497394144,2459740.6974412,2.996372534008807,0.1099694238651063,15.20857610354675,0.03989223005663846,17.04946073701386,1.47,bG359230,bG,B,g
429497394144,2459741.6933997,3.3091331871561875,0.1139891746426836,15.100780004410595,0.03744221515967579,17.01048158871902,1.53,bl520099,bl,G,g
429497394144,2459741.6933997,2.1919257555455385,0.12713823703738114,15.548001022960067,0.06304672298346277,16.891950148964966,1.56,bk519847,bk,G,g
429497394144,2459741.7210513,2.9573153581780742,0.09570855054705593,15.222821525530756,0.035177524410995684,17.200263763616594,1.42,bG359668,bG,G,g
429497394144,2459741.7210513,3.535913830657661,0.07780492308566794,15.028811440229045,0.023917598850435935,17.425122917126856,1.51,bH361601,bH,G,g
429497394144,2459742.7534135,2.529706452196646,0.13537703858847897,15.392390301148666,0.058168391379838466,16.823778087569984,1.49,bk520323,bk,G,g
429497394144,2459742.7534135,3.7184632717379342,0.11122219195380545,14.974156881779088,0.03251173349624266,17.037161986818408,1.50,bl520575,bl,G,g
429497394144,2459746.6967882,3.835778089580401,0.11698794408470657,14.940431937074782,0.033151242282015006,16.982287839283178,1.50,bl522233,bl,G,g
429497394144,2459746.6967998,2.3377469093706345,0.13741809989525247,15.47807189351262,0.06389378563069367,16.80753076349567,1.51,bk521981,bk,G,g
429497394144,2459746.699294,1.8599488703195792,0.23699778303287197,15.726313108032166,0.13850181046161408,16.21577990275757,1.58,bk521983,bk,G,g
429497394144,2459746.738929,3.0826799628036694,0.11325374122813504,15.1777445234103,0.03993340019874044,17.017509217889003,1.49,bG361762,bG,G,g
429497394144,2459746.740239,2.9793110381053154,0.12017869392386951,15.21477600818444,0.04384537682165402,16.953071911731964,1.47,bG361763,bG,G,g
429497394144,2459746.7402432,2.716842803442062,0.1749206162304475,15.314904345130298,0.06998237231739313,16.545538114797132,1.49,bH363696,bH,G,g
429497394144,2459750.2315191,4.021881513192793,0.05712875214279525,14.888992442535777,0.015439656667342743,17.760503766651258,1.44,bo381271,bo,G,g
429497394144,2459750.2315191,3.1516853621007055,0.056473525021814304,15.153708485647705,0.019476647975781542,17.77302836940019,1.51,bp377684,bp,G,g
429497394144,2459751.7388283,2.9963498583042174,0.06840635781225561,15.20858432012407,0.02481510513412902,17.564899442139634,1.45,bG363652,bG,G,g
429497394144,2459751.7388283,3.5758909786472737,0.05614540666512979,15.016604948268428,0.017066408429332106,17.779355031924744,1.49,bH365585,bH,G,g
429497394144,2459755.4761773,3.654340982456065,0.06199165545750551,14.993042951187313,0.0184389564401441,17.67180752611012,1.46,bG363956,bG,B,g
429497394144,2459755.5350552,4.077776828585935,0.06436605567154391,14.874006987979165,0.01715716846011652,17.630998370100585,1.61,bH365929,bH,B,g
429497394144,2459755.7392961,2.2033284052522966,0.15065685701467377,15.542367538779684,0.07432276227477216,16.70766835396331,1.47,bk524588,bk,B,g
429497394144,2459756.22105,2.701161196707285,0.052783742412938824,15.321189366597443,0.02124035882326484,17.846390164368092,1.47,bo381633,bo,G,g
429497394144,2459756.22105,3.2648763064036213,0.05163292905013598,15.115398791840986,0.017189854591875896,17.870323705069072,1.51,bp378046,bp,G,g
429497394144,2459756.2223019,2.5110224428115355,0.07673213025842608,15.400439136452084,0.033215350045994234,17.440197473015907,1.42,bo381634,bo,G,g
429497394144,2459758.6382132,3.266267150189351,0.047757083901856276,15.114936364553577,0.015892721390948137,17.955046110317973,1.57,bG365013,bG,G,g
429497394144,2459758.6382132,3.5064515661214193,0.04660558070503408,15.037896011137676,0.014447152325223934,17.981545802319836,1.41,bH366946,bH,G,g
429497394144,2459759.6596055,3.556762016980485,0.041064877376436014,15.022428603519227,0.012549542551803431,18.11896428563885,1.53,bl526173,bl,G,g
429497394144,2459759.6596055,2.5092220923126156,0.0408886816797166,15.40121786577017,0.017712349717167283,18.123632840464403,1.42,bk525921,bk,G,g
429497394144,2459759.6608458,2.48645231321959,0.0892791169827435,15.411115286108641,0.039028505772486746,17.2757658959054,1.40,bk525922,bk,G,g
429497394144,2459759.7194227,3.104240367792805,0.05526142877800905,15.170177266747624,0.019349909573396995,17.79658533804092,1.47,bG365486,bG,G,g
429497394144,2459759.7194227,3.5340580638514427,0.041746787426186475,15.029381420784961,0.012839897374266223,18.10108296020221,1.44,bH367419,bH,G,g
429497394144,2459759.7220088,2.938248294793627,0.09759810955895298,15.22984439032597,0.03610481179636494,17.179037097400105,1.49,bG365488,bG,G,g
429497394144,2459760.712484,3.578055041616808,0.05043888302039845,15.015948079575148,0.01532253478791807,17.895726960278424,1.49,bl526630,bl,G,g
429497394144,2459760.712484,2.3794460940824367,0.060247806697196746,15.458875946322495,0.02752184492553066,17.70278750849682,2.09,bk526378,bk,G,g
429497394144,2459760.7137486,2.272432770881185,0.06943321230657726,15.50883801319322,0.03321149206656896,17.54872246588151,2.09,bk526379,bk,G,g
429497394144,2459761.7163497,2.4393375332912983,0.04631295769059837,15.43188587682428,0.020636820741614374,17.988384318227112,1.45,bk526810,bk,G,g
429497394144,2459761.7163497,3.6619332630684056,0.038480127858950566,14.99078955919575,0.011421897377396469,18.18954934541701,1.49,bl527062,bl,G,g
429497394144,2459762.7497139,3.431159090180136,0.0513590277024798,15.061463484395103,0.01627002090085548,17.876098628085593,1.46,bH368655,bH,G,g
429497394144,2459762.7497166,3.109041948239714,0.0552259753508545,15.168499167957354,0.01930763079957886,17.79728212463065,1.42,bG366722,bG,G,g
429497394144,2459762.7511978,3.618714821575419,0.058859293705368874,15.003679724263165,0.017679617298540493,17.728102995477872,1.47,bl527513,bl,G,g
429497394144,2459762.7511978,2.41480657313111,0.07058809318129988,15.442859748938254,0.031773223203156134,17.530811985645617,1.49,bk527261,bk,G,g
429497394144,2459764.503377,3.1152092070401545,0.06630168620280961,15.166347577930532,0.02313393593521063,17.598829177335855,1.43,bk527932,bk,G,g
429497394144,2459764.503377,4.175393729479923,0.05117200665138613,14.848322035620571,0.013321317692147422,17.88005949228056,1.44,bl528184,bl,G,g
429497394144,2459765.6523102,2.469567624402718,0.04831220974802871,15.41851331481455,0.0212641561001794,17.942498356194754,1.45,bk528472,bk,G,g
429497394144,2459765.6523102,3.5515965791394413,0.03931957496922642,15.024006549760617,0.012033649512965514,18.16611857490494,1.51,bl528724,bl,G,g
429497394144,2459765.7109753,3.010939948882461,0.05333862080137653,15.20331038754305,0.019255369660276783,17.835036157021523,1.52,bG367928,bG,G,g
429497394144,2459765.7109753,3.4730463696436455,0.049112962855754526,15.048289167931376,0.015370844381634765,17.924650274530457,1.48,bH369861,bH,G,g
429497394144,2459766.7047188,3.582043744717854,0.0625132213503865,15.014738409165826,0.018969381304157297,17.66271091399119,1.56,bH370277,bH,G,g
429497394144,2459766.7047249,3.0331194991969204,0.07828000412626158,15.195341819700872,0.02805262404904738,17.41851351174642,2.23,bG368343,bG,G,g
429497394144,2459766.7435088,3.377038632369261,0.12108322718777505,15.078725550106771,0.038972667414419376,16.94493064260801,1.44,bH370306,bH,G,g
429497394144,2459767.6632809,2.3703579066702516,0.08932236698969706,15.46303080667003,0.04095986056089448,17.27524005369761,1.46,bk529338,bk,G,g
429497394144,2459767.6632809,3.404050019021866,0.07589774093116373,15.070075789854272,0.024235115239023587,17.452068487768393,1.50,bl529590,bl,G,g
429497394144,2459769.6221131,3.4381684278449276,0.062380163277882095,15.059247752419797,0.019721118009493846,17.665024343509344,1.53,bl530073,bl,G,g
429497394144,2459769.6221131,2.358960689483098,0.057217739015352334,15.46826386299196,0.026364659173499262,17.758813880275042,1.54,bk529821,bk,G,g
429497394144,2459772.6101795,3.8837947487666655,0.11653173585492248,14.926924946788493,0.03261370347063609,16.986530072077148,1.54,bl530504,bl,G,g
429497394144,2459776.4133473,5.474264532799188,0.1465097986740937,14.55425117231567,0.029090625820755327,16.737973932519253,1.55,bp383220,bp,G,g
429497394144,2459776.4133473,4.254932940007203,0.1469705619763984,14.827833822872506,0.03754480108061136,16.734564724427354,1.51,bo386806,bo,G,g
429497394144,2459782.2050527,3.943565431996374,0.15495702804428582,14.910342994593794,0.04271047485492936,16.677112415543878,2.49,bo388012,bo,G,g
429497394144,2459785.2569583,3.0332858687396733,0.06229578757489379,15.195282267651502,0.02232325455349874,17.666493909514585,1.45,bp385178,bp,G,g
429497394144,2459785.2569583,3.803999521401635,0.05940092940876928,14.949464488220158,0.016973248091902277,17.718157511028668,1.47,bo388766,bo,G,g
429497394144,2459786.3261238,3.915685708721618,0.03624771414227585,14.918046057231312,0.010062015242266608,18.254439050843438,1.56,bo389213,bo,G,g
429497394144,2459786.3261238,3.171679646747412,0.03812306794011764,15.14684233414551,0.013065038699198391,18.199671003781795,1.47,bp385625,bp,G,g
429497394144,2459788.2837098,3.0180649000042217,0.05754305949449986,15.200744185927624,0.020724141418656014,17.752658238747987,1.56,bp386287,bp,G,g
429497394144,2459788.2837098,3.8990157168168094,0.06284126875888496,14.922678157732978,0.017518710329179402,17.657028249396465,1.50,bo389875,bo,G,g
429497394144,2459789.5198915,3.5474201058137447,0.04647992168695295,15.025284064386181,0.014241801788505216,17.98447714231916,1.46,bG373243,bG,G,g
429497394144,2459790.56695,3.3848219449565433,0.04250841141812483,15.076226052252736,0.01365058362628115,18.081453423314755,1.57,bG373675,bG,G,g
429497394144,2459790.5871489,3.9100063153252744,0.053633875081669787,14.919621975142498,0.014909871136950583,17.829042671067498,1.56,bl534776,bl,G,g
429497394144,2459790.5871489,2.579752619703519,0.06700990593364387,15.371120466917475,0.028234046055187534,17.58729309072298,1.45,bk534524,bk,G,g
429497394144,2459791.6787967,3.005017646383702,0.057758813531697366,15.205448055641186,0.020892163189705416,17.7485949527533,1.44,bG374032,bG,G,g
429497394144,2459791.6787967,3.552651775887438,0.04737560320676114,15.023684020123811,0.014494868657385083,17.963753729848825,1.49,bH375965,bH,G,g
429497394144,2459792.6362512,3.660688768240716,0.04210936944926378,14.99115860544675,0.012503399400216367,18.09169376571363,1.51,bH376345,bH,G,g
429497394144,2459792.6362529,3.087156442659773,0.054434838971093746,15.17616902714652,0.019165955573820104,17.812948255117004,1.44,bG374412,bG,G,g
429497394144,2459793.626664,2.4171791215968392,0.06738673896997932,15.441793536355458,0.03030245245282579,17.581204511008952,1.44,bk535700,bk,G,g
429497394144,2459793.626664,3.655374548235866,0.0601951998039766,14.992735913303308,0.01789955150721821,17.703735960613393,1.53,bl535952,bl,G,g
429497394144,2459794.6227444,2.3168484243382927,0.06258337783770085,15.487821567831869,0.029361183053043964,17.661493111960503,1.54,bk536120,bk,G,g
429497394144,2459794.6227444,3.7115724157834764,0.05633155299688852,14.976170776261226,0.01649703738751825,17.7757613004281,1.58,bl536372,bl,G,g
429497394144,2459796.4963581,3.684252750855636,0.06526271188391039,14.98419208113538,0.019254306125475122,17.61597782090526,1.47,bG375746,bG,G,g
429497394144,2459796.4963581,4.23277507631134,0.05670316724543186,14.83350264405265,0.014561103845470042,17.76862231699663,1.47,bH377679,bH,G,g
429497394144,2459797.5251813,3.8412447482749665,0.08023185427287574,14.938885673531663,0.022703197262369076,17.39177353772979,1.46,bl537382,bl,G,g
429497394144,2459797.5251813,2.826420852669874,0.07751464343758908,15.27197355087874,0.029809802434475504,17.429181227324648,1.48,bk537130,bk,G,g
429497394144,2459797.5276735,2.8553852085020606,0.13325119290775259,15.26090385865432,0.05072459321051922,16.84096284729068,1.48,bk537132,bk,G,g
429497394144,2459798.4092427,5.293452857626048,0.17300693459294875,14.59071799803754,0.03552520838850654,16.557481833459885,1.62,bp388350,bp,B,g
429497394144,2459798.4092427,4.092072303543297,0.20988920151570184,14.870207375448993,0.05575180972060671,16.34766537304694,2.04,bo391938,bo,B,g
429497394144,2459800.4775646,4.457170718449485,0.07940943219244372,14.777417450427425,0.01936533412370711,17.40296038478753,1.50,bH378747,bH,G,g
429497394144,2459800.4775762,3.932682939431472,0.0839243797131175,14.913343286899817,0.023195908052346514,17.342920261311875,2.22,bG376815,bG,G,g
429497394144,2459800.478863,3.7586610790194497,0.11874020851383446,14.962482705142975,0.03433814364301419,16.966146093357512,2.23,bG376829,bG,G,g
429497394144,2459800.4801588,4.388956801033135,0.15350022412801095,14.79416235663896,0.03801542764446546,16.687368076608074,1.52,bH378772,bH,G,g
429497394144,2459800.644564,2.734769572885873,0.13365788216333616,15.307763774072985,0.053123417833690095,16.837654173050424,1.42,bk537888,bk,B,g
429497394144,2459800.644564,3.8315055723972713,0.10530722973866877,14.941641968495512,0.029874517467844783,17.09649514103245,2.04,bl538143,bl,B,g
429497394144,2459804.5914964,2.5309663788587637,0.09540427533383095,15.391849682117824,0.040972610360261924,17.203721018699575,1.50,bk539543,bk,G,g
429497394144,2459804.5914964,3.54214575621105,0.0920540716849864,15.026899552129198,0.028248067825889782,17.24253310459431,1.56,bl539795,bl,G,g
429497394144,2459806.5084393,3.705613141341786,0.03539162197581369,14.977915427613905,0.01038131959657481,18.2803894450996,1.54,bG379215,bG,G,g
429497394144,2459806.5084393,4.22188023759815,0.04635059486338115,14.836300848578842,0.011933327933978168,17.987502330816618,1.55,bH381148,bH,G,g
429497394144,2459808.3332486,4.485887065933769,0.05862213512563191,14.770444782679773,0.014204484231663211,17.73248653096295,1.49,bo393669,bo,G,g
429497394144,2459808.3332486,3.877992295857127,0.04866689810674928,14.928548267381458,0.013640770340481811,17.934556445445736,1.53,bp390080,bp,G,g
429497394144,2459812.2520078,2.530303407139274,0.05673495607381645,15.39213412157003,0.02437195094510004,17.768013804059756,1.46,bo393973,bo,G,g
429497394144,2459812.2520078,3.0298745613193376,0.049677048848054205,15.196504000246362,0.017821461295953238,17.912251141662704,1.54,bp390383,bp,G,g
429497394144,2459813.5452902,3.6785120552718933,0.04571799145890343,14.985885163140013,0.013509122229421619,18.002422756033685,1.42,bH383709,bH,G,g
429497394144,2459813.5452902,3.362733886180603,0.04660046945592549,15.083334371581245,0.015062947561620682,17.981664881890413,1.45,bG381776,bG,G,g
429497394144,2459815.2965968,3.7339602409255073,0.06229230509576823,14.969641399068133,0.018133301617916115,17.66655460638519,1.51,bo395133,bo,G,g
429497394144,2459815.2965968,3.0206380483532214,0.06498765853204735,15.19981890097299,0.02338537691150221,17.6205633867707,1.54,bp391543,bp,G,g
429497394144,2459816.5242544,2.889714449069659,0.04171484359635407,15.247928298540005,0.015690900294658094,18.101914062442518,1.45,bk543024,bk,G,g
429497394144,2459816.5242544,4.089668031316206,0.044522198833978545,14.870845480637218,0.011833159565566109,18.03119909931369,1.44,bl543276,bl,G,g
429497394144,2459817.5848862,3.236801797400141,0.051624624773062226,15.12477535580455,0.017336162697538987,17.87049834128616,1.49,bG383294,bG,G,g
429497394144,2459817.5848862,3.7876794543507315,0.04797261999721581,14.954132576798074,0.013766780636886043,17.95015701679603,1.54,bH385227,bH,G,g
429497394144,2459817.5874949,3.9657752779068405,0.06809025437622337,14.904245369501428,0.01866246594289525,17.56992821982127,1.55,bH385229,bH,G,g
429497394144,2459819.3119024,3.575217606641709,0.0674335270803996,15.016809421283808,0.020501496722254785,17.580450921819978,1.47,bo395922,bo,G,g
429497394144,2459819.3119024,3.016526878108321,0.0636393960627886,15.201297623891168,0.022931423914036693,17.643325487582302,1.55,bp392332,bp,G,g
429497394144,2459820.4885017,3.6870917983653,0.03650429737319718,14.983355746108547,0.010761485276524192,18.246780627314166,1.42,bG384367,bG,G,g
429497394144,2459820.4885091,4.319445101421686,0.05656863365997685,14.811495725655423,0.01423507970094254,17.77120138878679,2.07,bH386300,bH,G,g
429497394144,2459821.5225841,3.7227645513434773,0.04549266735154757,14.972901697654725,0.013282750167809663,18.007787108007804,1.47,bG384791,bG,G,g
429497394144,2459821.5225917,3.936573446016716,0.04416845567148828,14.912269725691054,0.012195680229426107,18.039860074869445,1.46,bH386724,bH,G,g
429497394144,2459821.5251691,3.8785671239526542,0.07212405531546832,14.928387342506861,0.020212544940959767,17.507440266967414,1.47,bG384793,bG,G,g
429497394144,2459822.5493959,2.716674951213259,0.05704787906479176,15.314971426255326,0.02282516875019139,17.762041854481218,1.56,bk545494,bk,G,g
429497394144,2459822.5493959,3.9624755304589026,0.04543262808817196,14.905149138961866,0.012462737251141517,18.00922096227493,1.50,bl545746,bl,G,g
429497394144,2459823.5632126,2.4988002213375293,0.06551111268403859,15.405736782925445,0.02849676839719005,17.611853171844388,2.30,bk545918,bk,G,g
429497394144,2459823.5632126,3.837608315841214,0.04164716473839345,14.939914005917155,0.01179605983692416,18.10367700947311,1.48,bl546170,bl,G,g
429497394144,2459825.5026549,3.6282060251884745,0.06036766392490431,15.000835771776506,0.018085253579810744,17.70062968622598,1.43,bG386348,bG,G,g
429497394144,2459825.5026549,4.098308750550562,0.05823189231850166,14.868553938919309,0.015444306171491617,17.739738353236774,1.48,bH388281,bH,G,g
429497394144,2459827.4770303,3.97394828523417,0.07355163705560569,14.902010094426483,0.020117884241029848,17.486159753035384,2.05,bG387072,bG,G,g
429497394144,2459827.4770303,4.534108671493439,0.08786118178539068,14.75883581005325,0.021062857436516095,17.29314801022005,2.14,bH389005,bH,G,g
429497394144,2459827.4783169,4.494973478869928,0.09115221242003275,14.768247788123807,0.022042063702189914,17.253222575970973,2.14,bH389006,bH,G,g
429497394144,2459828.5546455,3.3024151810062317,0.08097417054496607,15.102986442178235,0.02665182841711912,17.381774341366448,1.49,bG387521,bG,G,g
429497394144,2459828.5546455,3.898708514719903,0.09047356963735301,14.92276370588243,0.02522395203207577,17.261336297051418,1.55,bH389454,bH,G,g
429497394144,2459830.3214492,3.514860506820352,0.18733105723631052,15.035295387313889,0.05793137849771894,16.47111615107646,1.53,bp394542,bp,G,g
429497394144,2459830.3214492,4.085175832626922,0.20676334617070227,14.87203873724934,0.05501422136641111,16.363956731464512,1.43,bo398132,bo,G,g
429497394144,2459836.2427221,3.164641205945873,0.06195862737422219,15.149254425743788,0.021280875056509423,17.67238614175865,1.60,bp396338,bp,G,g
429497394144,2459836.2427221,2.523509769024183,0.07799837493584953,15.395053146492172,0.03359639949179175,17.422426725348846,1.51,bo399927,bo,G,g
429497394144,2459838.2850559,2.4802856535793163,0.0960258401277574,15.413811369179275,0.042082214615771954,17.196670322727748,1.40,bo400686,bo,G,g
429497394144,2459838.2850559,3.4223062256107633,0.06980520109284495,15.064268453992808,0.022170785890335748,17.54292115510742,1.49,bp397097,bp,G,g
429497394144,2459840.5101752,2.9417569421653442,0.08230499202781891,15.228548654767984,0.03041106033405822,17.364075168478763,1.44,bk551281,bk,G,g
429497394144,2459840.5101752,2.8332531989930847,0.040474059976261696,15.269352152790304,0.015527572145014542,18.13469868417657,1.99,bl551530,bl,G,g
429497394144,2459841.5218822,3.2663098342616417,0.047213332724200655,15.114922176081627,0.015711565197920108,17.96747896703401,2.13,bG392225,bG,G,g
429497394144,2459841.5218838,3.9262813382180424,0.04444897151679712,14.915112082760826,0.012305307570421588,18.032986320209634,2.38,bH394159,bH,G,g
429497394144,2459842.5383385,4.035240837249055,0.05579106601634598,14.885391972179162,0.015028214053906983,17.786228962236315,1.52,bH394555,bH,G,g
429497394144,2459842.5383442,3.0421553175642124,0.044116802785747686,15.192112164196942,0.015762852813393645,18.041130534185253,1.49,bG392621,bG,G,g
429497394144,2459843.5114299,4.177752957148055,0.05351775730350045,14.847708734056797,0.013924106074860533,17.831395847072752,1.48,bl552581,bl,G,g
429497394144,2459843.5114299,2.814680112194961,0.04908442631392657,15.276493010994711,0.018955133504013177,17.925281312845332,1.44,bk552332,bk,G,g
429497394144,2459846.2319431,3.2220261477462495,0.11749313780285413,15.129742970950836,0.039636528860492806,16.977609355590506,1.52,bp398597,bp,G,g
429497394144,2459846.2319431,3.9178985946923146,0.0981362711293355,14.917432644421481,0.027226294235307508,17.173066731118396,2.20,bo402186,bo,G,g
429497394144,2459849.2710855,2.665968645399507,0.0704549006335492,15.335428028914386,0.028725549291163034,17.53286259461772,1.42,bo402924,bo,G,g
429497394144,2459849.2710971,3.1196400644244773,0.06105375158833833,15.164804399296797,0.021272573788998314,17.688359723129167,1.52,bp399335,bp,G,g
429497394144,2459851.49572,4.353722610330911,0.05888531387253229,14.802913734061267,0.014701390436893226,17.727623125722744,1.53,bl555460,bl,G,g
429497394144,2459851.49572,3.1036218516668437,0.06342706392327113,15.170393619923537,0.02221355051651597,17.64695409116366,1.55,bk555211,bk,G,g
429497394144,2459855.5012856,4.052229647257474,0.09479480553430045,14.880830498163684,0.025427441451210918,17.21067926149358,1.45,bl556964,bl,B,g
429497394144,2459855.5012856,3.256457433016642,0.10917788977046293,15.11820210818171,0.03644193782867547,17.05730387181455,1.61,bk556715,bk,B,g
429497394144,2459859.2464315,3.4450423743128087,0.34923338904412893,15.057079201943766,0.11018776217703127,15.794851215264295,1.39,bp402258,bp,B,g
429497394144,2459859.2464315,3.0723058006279396,0.40904595607911276,15.18140452022177,0.1447170947502478,15.623210352729666,1.56,bo405847,bo,B,g
429497394144,2459860.2453936,3.3181569737223664,0.1709080486910065,15.097823303377185,0.055985783558033055,16.570734322109896,1.72,bp402501,bp,B,g
429497394144,2459860.2453936,2.1488812709908514,0.17573951899447887,15.569534570498673,0.08889333202213937,16.5404670279749,2.19,bo406090,bo,B,g
429497394144,2459948.8626992,5.486525275936132,0.17263452605540633,14.551822161540795,0.034201286704407065,16.559821469381312,1.43,bH423713,bH,G,g
429497394144,2459948.8626992,4.92062937485601,0.13533051171050536,14.670013985005179,0.02989422106157549,16.824151301515084,1.49,bG421777,bG,G,g
429497394144,2459951.8549239,5.698125553682395,0.15164639921485448,14.510735586422888,0.028927590498303252,16.70056035490601,1.59,bG422496,bG,G,g
429497394144,2459951.8549325,6.032918861975606,0.14004224468052742,14.448746911192954,0.025231539600822465,16.78699295324351,1.52,bH424432,bH,G,g
429497394144,2459951.8562223,5.244587307329746,0.24238367143850612,14.600787323370575,0.05023474622396903,16.191382212589097,1.62,bG422497,bG,G,g
429497394144,2459959.6009322,3.543929762504245,0.0843506733724284,15.026352857345081,0.025871143244797428,17.337419226649693,1.60,bo425154,bo,G,g
429497394144,2459959.6009322,3.2772545062560803,0.08991403451873077,15.111290199043946,0.029821500292225092,17.268071898284624,1.60,bp421565,bp,G,g
429497394144,2459966.8777401,5.347612677377814,0.14129763797131178,14.579665761825085,0.028720178211291397,16.777303356583694,1.50,bl590844,bl,G,g
429497394144,2459966.8777401,4.236327053426912,0.21033034882542714,14.832591919321768,0.053966547316153426,16.345385756206806,1.51,bk590594,bk,G,g
429497394144,2459968.8105443,4.005884796873579,0.05219791998021975,14.893319483553789,0.014163380232002129,17.858507618261772,1.47,bG426920,bG,G,g
429497394144,2459968.8105497,4.272974263145135,0.0513964648920605,14.823239929794418,0.013074200607901926,17.875307489570186,1.45,bH428856,bH,G,g
429497394144,2459968.8131342,4.203100132415828,0.0685968850733292,14.841141280960262,0.017739722883686967,17.56187962342089,1.49,bH428858,bH,G,g
429497394144,2459969.8103428,4.256091146330238,0.05927595122684163,14.827538322229456,0.015138393317506937,17.720444281398077,1.45,bH429214,bH,G,g
429497394144,2459969.8103539,3.8418275530160377,0.0536731098399871,14.938720954996139,0.015185568841265252,17.82824871344173,1.62,bG427278,bG,G,g
429497394144,2459969.8353241,5.769787541248309,0.07815116044452966,14.497166068319364,0.014722710831096594,17.42030203364393,1.56,bl591849,bl,G,g
429497394144,2459969.8353241,4.856375827264545,0.08988670808394593,14.684284900450656,0.020118488981224435,17.268401922503568,1.45,bk591599,bk,G,g
429497394144,2459969.8365656,4.635632288257216,0.10258356418957594,14.734793174369553,0.024053649466883105,17.124946150866272,1.44,bk591600,bk,G,g
429497394144,2459970.5707675,3.2411854164181384,0.044757325812958625,15.123305931909414,0.01500971432907446,18.025480286069193,2.05,bp424048,bp,G,g
429497394144,2459970.5707675,3.9463261815962447,0.05535027471756868,14.909583175305524,0.015245405299968992,17.794841159605507,2.11,bo427637,bo,G,g
429497394144,2459970.5720078,3.3041426302154515,0.05136432057972677,15.102418656579541,0.016897207380903202,17.875986741770447,2.04,bp424049,bp,G,g
429497394144,2459971.8079615,4.159381785980377,0.0620154973128658,14.85249365802856,0.016206290434872095,17.671390034613957,1.50,bl592577,bl,G,g
429497394144,2459971.8079615,3.1118911912201828,0.07802506966584823,15.16750461411567,0.027253478068810465,17.422055198682546,1.45,bk592327,bk,G,g
429497394144,2459971.834301,6.143496197758103,0.08097514670541371,14.4290266377252,0.014326771105083687,17.38176125266984,1.44,bH429917,bH,G,g
429497394144,2459971.834301,5.497224233467085,0.07834528061111495,14.549706991450932,0.015491075148307125,17.4176085103969,1.49,bG427981,bG,G,g
429497394144,2459974.7933326,3.553281649308199,0.048265898888588385,15.02349153974489,0.014764642590256472,17.943539614536455,1.49,bH430926,bH,G,g
429497394144,2459974.7933438,3.1882706136017327,0.0665286828362955,15.141177681590188,0.022681194432844564,17.595118298490345,1.57,bG428990,bG,G,g
429497394144,2459974.794631,3.591057725239743,0.06278076639576297,15.012009656423613,0.019002747573237524,17.65807407883416,1.42,bH430927,bH,G,g
429497394144,2459976.8776209,4.73892303857604,0.07205132832396675,14.710866483047521,0.016526257249629386,17.508535631965803,1.47,bG429714,bG,G,g
429497394144,2459976.8776209,5.097060381169599,0.0683859807332599,14.631766176306613,0.014583423031077887,17.56522291248617,1.40,bH431650,bH,G,g
429497394144,2459977.8001824,3.3818325723139515,0.051461960135195196,15.077185365399416,0.01654041469952365,17.873924801349897,1.64,bG430047,bG,G,g
429497394144,2459977.800189,3.8357807766316765,0.047115913923387834,14.940431176491725,0.013351375612684952,17.969721562208466,1.46,bH431983,bH,G,g
429497394144,2459978.7961429,3.3862433172742494,0.09320281413183629,15.0757702198693,0.029917344140109416,17.229068047738643,1.65,bG430424,bG,G,g
429497394144,2459978.7961517,3.631116320661885,0.08558033109341018,14.99996521852628,0.02561804436978766,17.321705705565186,1.50,bH432360,bH,G,g
429497394144,2459978.798752,3.7732305396360175,0.1811375223104026,14.958282270137778,0.05218038207279857,16.50761955406643,1.70,bG430426,bG,G,g
429497394144,2459979.7980545,3.543824922146028,0.11437314215145553,15.026384977241356,0.035080353997295616,17.006830480038417,1.66,bG430694,bG,B,g
429497394144,2459979.7980545,3.985327859215142,0.10509006751135487,14.898905484494591,0.028662217585774346,17.098736433856182,1.38,bH432630,bH,B,g
429497394144,2459980.7882288,3.7380590384570307,0.12696736878329914,14.968450231552117,0.03691969766321033,16.893410312561617,1.55,bl595827,bl,G,g
429497394144,2459980.7882288,2.3283202341984777,0.1603985819428813,15.482458841293024,0.07488071535853046,16.639639300342147,1.65,bk595577,bk,G,g
429497394144,2459980.7894691,2.353161474805307,0.149964053155077,15.470936298168393,0.06927038681730542,16.71267268692476,1.54,bk595578,bk,G,g
429497394144,2459981.7987854,2.767293204823097,0.20831873011761973,15.294927680618342,0.08182486839743301,16.355819812700616,1.54,bk595942,bk,G,g
429497394144,2459981.7987854,3.9563217443282284,0.16252690243623596,14.906836614852846,0.04465250502297617,16.62532746565364,1.56,bl596192,bl,G,g
429497394144,2459983.7741545,3.02822490093576,0.11903635252414808,15.197095306499895,0.042727123622878414,16.96344158422784,1.42,bH434052,bH,G,g
429497394144,2459983.7741545,3.008910473321666,0.11715496429983863,15.204042457286306,0.04232174856277657,16.980738871377174,1.70,bG432116,bG,G,g
429497394144,2459983.8292556,5.829268029811085,0.14676430084644163,14.486030560672685,0.02736645718599655,16.736089536368873,1.43,bl596993,bl,G,g
429497394144,2459983.8292556,4.836787415229132,0.11604568541368208,14.688673122656349,0.026078593858174307,16.99106811645638,1.48,bk596743,bk,G,g
429497394144,2459984.8888227,4.317817211663177,0.11780039200649192,14.81190498933297,0.02965477649424659,16.97477377228449,2.26,bG432578,bG,G,g
429497394144,2459984.8888227,4.8960037099176885,0.12799149463160636,14.675461276728006,0.028415254166403055,16.884687834925828,1.45,bH434514,bH,G,g
429497394144,2459985.8245666,4.946925481918273,0.1225146592985114,14.66422720125122,0.026919368084260258,16.932170469863195,1.46,bk597544,bk,G,g
429497394144,2459985.8245666,5.701726957942565,0.12556442512154134,14.510049581911982,0.023937146024532396,16.905474079854915,1.47,bl597794,bl,G,g
429497394144,2459986.8111305,4.9558547417083485,0.12032765868854342,14.662269200963564,0.026391195903378524,16.951726945520758,1.50,bl598174,bl,G,g
429497394144,2459986.8111305,3.871722246513337,0.13253846807204778,14.930305137528446,0.037209165089763775,16.846785745066995,1.51,bk597924,bk,G,g
429497394144,2459987.7913985,3.6940741174519247,0.13133544141346776,14.981301610224527,0.03864457237212272,16.85668576626201,1.52,bl598537,bl,G,g
429497394144,2459987.7913985,2.6034740926540265,0.1276780135396097,15.361182471433265,0.05330586921957828,16.887350318567957,1.49,bk598287,bk,G,g
429497394144,2459987.7926503,2.3323946239018434,0.14276404319870628,15.480560542995521,0.06653175506170746,16.766093513828142,1.52,bk598288,bk,G,g
429497394144,2459988.812028,4.94214756363626,0.10121871499689175,14.665276351003056,0.022261646575962756,17.139488562682004,1.41,bH435963,bH,G,g
429497394144,2459988.8120372,4.496468736174809,0.09462584838238114,14.76788667697668,0.022874435264466312,17.21261614579577,1.50,bG434027,bG,G,g
429497394144,2459988.814635,4.916457538161571,0.16420697300223774,14.670934890645455,0.03630374895631978,16.61416162302665,1.55,bG434029,bG,G,g
429497394144,2459989.5127645,3.3520305249220153,0.0636300128391073,15.086795710196277,0.02063318246047934,17.643485584274423,1.55,bp429494,bp,G,g
429497394144,2459989.5140282,4.1401739532765065,0.07541394604170196,14.857519150300645,0.019799090909027862,17.459011446737918,1.55,bo433082,bo,G,g
429497394144,2459989.515281,4.22145676487448,0.12838313665520493,14.83640975804629,0.03305657156786024,16.88137065605397,1.53,bo433083,bo,G,g
429497394144,2459993.744605,3.314968054830379,0.049444834141872056,15.098867253233974,0.016212640377787125,17.91733830036918,1.50,bH437446,bH,G,g
429497394144,2459993.7446118,2.959872290345634,0.06256450657184243,15.221883189900682,0.02297561914055206,17.661820552041878,1.47,bG435510,bG,G,g
429497394144,2459993.7459116,2.8952428351387045,0.08870908414391547,15.245853133438034,0.033303913708887495,17.28272037269807,1.50,bG435511,bG,G,g
429497394144,2459995.7410828,3.46514178679076,0.05846373908251302,15.050763097812375,0.018339088669686716,17.735424142776164,1.55,bH438227,bH,G,g
429497394144,2459995.7410869,3.2674117803210407,0.049277851118295864,15.114555945986652,0.016393061313214323,17.921011208712297,1.55,bG436291,bG,G,g
429497394144,2459996.8375296,5.144472346240041,0.0760765401648972,14.621713529671133,0.01607393060320778,17.44951372798119,1.58,bG436772,bG,G,g
429497394144,2459996.8375406,5.724640130713061,0.07439554275861243,14.505695145476365,0.014125729922471759,17.473773320068286,1.46,bH438708,bH,G,g
429497394144,2459998.5070139,4.124923779609042,0.04265929908896903,14.8615258021286,0.0112411297359705,18.077606322635088,1.43,bo434662,bo,G,g
429497394144,2459998.5070139,3.3550808715186515,0.03143558942190192,15.085808139908679,0.010184290705750864,18.409086591823083,1.47,bp431074,bp,G,g
429497394144,2459999.7419768,2.933627134083238,0.06781006711053784,15.231553337522794,0.025124731711482697,17.57440517596339,1.51,bG437938,bG,G,g
429497394144,2459999.7419768,3.348597281532103,0.05044825186542623,15.08790832145661,0.016375530338594284,17.89552530732665,1.43,bH439874,bH,G,g
429497394144,2460000.7603496,2.242911623578151,0.05486836400213665,15.523035218249568,0.026590225607790608,17.80433558362543,1.46,bk603191,bk,G,g
429497394144,2460000.7603496,3.7361980411209132,0.03156347435947515,14.96899090126819,0.009182630022867955,18.404678605762612,1.52,bl603441,bl,G,g
429497394144,2460000.7628312,3.7568027261272525,0.07631179397335885,14.963019646337745,0.02207930737701068,17.446161453261322,1.45,bl603443,bl,G,g
429497394144,2460001.7508613,3.7228376132066154,0.04257174248969849,14.972880389529944,0.012429667352887697,18.079837045185776,1.52,bl603860,bl,G,g
429497394144,2460001.7508613,2.571129623123928,0.05227797887837031,15.374755692063271,0.022100748859228643,17.85684363906277,1.48,bk603610,bk,G,g
429497394144,2460002.8219357,4.8702977034663535,0.0847353107272919,14.681176850138325,0.01891128719935712,17.332479545522943,1.43,bk604099,bk,G,g
429497394144,2460002.8219357,5.823161556539833,0.06944084664810488,14.487168524162923,0.01296189027324441,17.54860309324897,1.46,bl604349,bl,G,g
429497394144,2460004.483067,3.597001448295181,0.0474488121479519,15.010214090575486,0.01433827496439718,17.962077249936808,1.54,bp433174,bp,G,g
429497394144,2460004.483067,4.269750540517264,0.04982147627129619,14.82405936682833,0.012683124702923793,17.909099131272217,1.61,bo436763,bo,G,g
429497394144,2460004.4842958,3.661389132940286,0.07020762357940462,14.99095090175295,0.020842535866750875,17.536679928742196,1.55,bp433175,bp,G,g
429497394144,2460004.4842958,4.31784887626623,0.10249172775451788,14.811897027143232,0.025800822376956134,17.12591857565893,1.55,bo436764,bo,G,g
429497394144,2460006.4558034,4.3490188578002105,0.10671422940403996,14.804087395243048,0.026671240435080117,17.082084779853144,1.48,bo437433,bo,G,g
429497394144,2460006.4558034,3.8114937075908637,0.0870920549203132,14.947327604461563,0.0248367921738305,17.30269426702434,1.49,bp433845,bp,G,g
429497394144,2460006.7933649,3.8496517998478583,0.06103414344441273,14.936511998669054,0.01723310671066092,17.688708476327765,1.49,bk605817,bk,G,g
429497394144,2460006.7933649,5.011209481792627,0.050769360817639005,14.65020922783622,0.011012129515990447,17.888636372180216,1.47,bl606067,bl,G,g
429497394144,2460008.6951507,2.36749413306644,0.08938757565781535,15.464343343674765,0.04103934492030511,17.274447714850275,1.45,bk606546,bk,G,g
429497394144,2460008.6951507,3.5119479553644584,0.06316678779405857,15.036195443936183,0.019550276035607824,17.65141863049269,1.55,bl606796,bl,G,g
429497394144,2460010.6980819,3.5978041216192986,0.10895835635906284,15.009971834830356,0.0329181334055383,17.059489253268694,1.43,bH444030,bH,G,g
429497394144,2460010.6980819,3.276452485151009,0.10975028156920942,15.111555936696314,0.03640943516043691,17.05162650364888,1.50,bG442094,bG,G,g
429497394144,2460012.6865671,3.002221140467649,0.1297756224780871,15.206458925375834,0.04698536603913841,16.869657809740847,1.46,bG442882,bG,G,g
429497394144,2460012.6865671,3.632103447613106,0.1658961244899323,14.999670098865735,0.049646679134119916,16.60305001003855,1.41,bH444818,bH,G,g
429497394144,2460014.6831473,3.5445012576331485,0.13684808397445605,15.026177785329322,0.04196582440003592,16.81204380848615,1.48,bH445529,bH,G,g
429497394144,2460014.6831473,3.1721750534187603,0.1273451818834889,15.146672758710489,0.04363525771099408,16.890184316343827,1.51,bG443593,bG,G,g
429497394144,2460014.898461,3.1594294987345624,0.14193299037652846,15.151043950482887,0.04883001491297596,16.77243222897832,1.46,bk609047,bk,G,g
429497394144,2460014.898461,4.748874875343464,0.1072375249008074,14.70858880522536,0.024545293385449446,17.07677365724579,1.46,bl609297,bl,G,g
429497394144,2460015.7546995,3.328142252039486,0.11403319094693982,15.094560920516555,0.037242735198155595,17.010062418471396,1.44,bl609581,bl,G,g
429497394144,2460015.7546995,2.04126380886672,0.17314600487535653,15.625317783040648,0.0921988517088495,16.556609423426494,1.42,bk609331,bk,G,g
429497394144,2460017.8013097,3.626874988125545,0.0771424153881249,15.001234156065436,0.023119200905286044,17.434407529352548,1.49,bl610441,bl,G,g
429497394144,2460017.8013097,3.512780005515194,0.10171822716044605,15.035938241954245,0.03147458429454755,17.134143655735137,1.52,bk610191,bk,G,g
429497394144,2460018.8015385,4.1301601585686525,0.07452753572973563,14.860148389851904,0.01961381348433141,17.471848707892622,1.43,bk610616,bk,G,g
429497394144,2460018.8015385,3.7867006021478087,0.07633920083362296,14.954413200498973,0.02191284733823295,17.445771588513896,1.49,bl610866,bl,G,g
429497394144,2460019.8112562,4.709197588253636,0.09538226409781618,14.717698339959677,0.022015719679711478,17.20397154366879,1.50,bk611040,bk,G,g
429497394144,2460019.8112562,5.733728316784705,0.07701685471379519,14.503972845348226,0.014600268427426804,17.43617616512864,1.50,bl611290,bl,G,g
429497394144,2460023.4606152,4.169132275276053,0.0779573251639141,14.849951436450679,0.020324666479583878,17.422998287973208,2.03,bo441530,bo,G,g
429497394144,2460023.4606152,2.861995237326248,0.05333488400176978,15.258393355505376,0.02025604349226077,17.835112224244256,2.10,bp437941,bp,G,g
429497394144,2460024.6594114,3.436005909398567,0.05771824300605293,15.059930867084319,0.018258763900011632,17.74935785564798,1.42,bH449487,bH,G,g
429497394144,2460024.6594114,2.598925427355556,0.05707662786096095,15.363081076812328,0.02387133245122591,17.7614948447224,1.55,bG447551,bG,G,g
429497394144,2460026.6473698,3.5297180507840826,0.037771646576393356,15.030715582523051,0.011631562915886766,18.209725817929446,1.51,bH450321,bH,G,g
429497394144,2460026.6473698,3.185704561857327,0.04269572862945705,15.142051878729653,0.014567703873059544,18.07667953778153,2.11,bG448385,bG,G,g
429497394144,2460026.6486681,3.5204870098674323,0.050902086627209644,15.033558756862497,0.015716108275502242,17.885801647147016,1.55,bH450322,bH,G,g
429497394144,2460026.7299672,2.3207690319482395,0.0779595787407835,15.4859858206272,0.036513186524724295,17.422966902152478,1.61,bk613995,bk,G,g
429497394144,2460026.7299672,3.5588434471105987,0.05172455384983791,15.021793412564415,0.015797924796825413,17.86839872807548,1.52,bl614245,bl,G,g
429497394144,2460027.8552199,5.236359387352451,0.06599906668322993,14.60249200763328,0.013699998539692278,17.603796126268918,1.44,bH450905,bH,G,g
429497394144,2460027.8552199,4.61890546368276,0.0641325802102759,14.738717938478525,0.015092174296188438,17.634943828952103,1.98,bG448969,bG,G,g
429497394144,2460027.8767012,5.066086990472645,0.06712562467941857,14.638384015160966,0.01440216791743247,17.585419760629872,1.53,bl614810,bl,G,g
429497394144,2460027.8767128,3.836177270741173,0.07712274207147723,14.940318952726322,0.021852240277937078,17.434684455557008,1.60,bk614560,bk,G,g
429497394144,2460029.6403877,3.1753747925164335,0.04856291276065567,15.145578140168624,0.01662347854629508,17.936878792821624,1.58,bG449675,bG,G,g
429497394144,2460029.6403877,3.4017717015231876,0.05253369364390304,15.070802712182898,0.0167859121444622,17.85154576864007,1.45,bH451611,bH,G,g
429497394144,2460029.6588004,2.4550017856847157,0.06160570722853386,15.424936091406924,0.02727603932464352,17.678588242433534,1.48,bk615283,bk,G,g
429497394144,2460029.6588004,3.5935265517883312,0.058136501686219734,15.011263477001332,0.017584912410758966,17.741518374128997,1.48,bl615533,bl,G,g
429497394144,2460030.642512,3.79893783927817,0.05944300190565138,14.950910153780626,0.01700790097828401,17.717388777875996,1.42,bl615961,bl,G,g
429497394144,2460030.642512,2.2878542314368944,0.07471018310014393,15.501494746476386,0.03549470925427966,17.46919110948757,1.42,bk615711,bk,G,g
429497394144,2460030.6580705,3.636536059839699,0.048138841696199294,14.9983458763155,0.014388645422357758,17.946401520971527,1.46,bH452055,bH,G,g
429497394144,2460030.6580705,3.1964691131862266,0.051722675074386805,15.138389341549134,0.017588250348478593,17.868438165662145,1.57,bG450119,bG,G,g
429497394144,2460031.6408224,3.1369480998633192,0.05549550855250283,15.15879728866301,0.019229264568005094,17.79199602254525,1.57,bG450544,bG,G,g
429497394144,2460031.6408224,3.4834023409914936,0.04355618008878014,15.045056523862062,0.013591216108578497,18.055016149475975,1.38,bH452480,bH,G,g
429497394144,2460034.6283399,3.5453798894711905,0.07191483601565413,15.025908679999542,0.0220479334948432,17.51059437522521,2.07,bl617764,bl,G,g
429497394144,2460034.6283399,2.4670197727082135,0.11044286451969478,15.4196340465477,0.04866057143005799,17.044796455781558,2.03,bk617514,bk,G,g
429497394144,2460035.6425291,3.4613770917874533,0.05816352827849518,15.051943334563074,0.018264761311233287,17.741013752586564,1.62,bl618232,bl,G,g
429497394144,2460035.6425291,2.3074021085183354,0.0746230970458819,15.492257409393934,0.03515298079469915,17.470457437966633,1.49,bk617982,bk,G,g
429497394144,2460035.6450097,2.5921179954614173,0.14742208195728773,15.365928704506315,0.06181871107426584,16.731234260946536,1.50,bk617984,bk,G,g
429497394144,2460036.6838452,3.6263728540534372,0.056818486710532454,15.001384484622925,0.017030577706958337,17.76641645481831,2.04,bH454713,bH,G,g
429497394144,2460036.7437673,3.2252122591818955,0.08329671853807091,15.128669867522255,0.02807254350366111,17.35107087950022,1.56,bl618767,bl,G,g
429497394144,2460036.7437673,2.2851906252862015,0.09947748079799372,15.502759537901209,0.04731670755301487,17.15832866515711,1.50,bk618517,bk,G,g
429497394144,2460037.7464305,2.205590840724504,0.08429944951292018,15.541253248323603,0.0415443493576479,17.338078764864957,1.46,bk618977,bk,G,g
429497394144,2460037.7464305,3.5367544773264106,0.09169747361679954,15.028553342298189,0.028181534119418986,17.24674718528233,1.51,bl619227,bl,G,g
429497394144,2460038.7767907,4.018457795525374,0.0689340753896003,14.889917093675072,0.018646044484582368,17.556555724473544,1.50,bl619713,bl,G,g
429497394144,2460038.7767907,2.7685613011589276,0.081727932416408,15.294430262152765,0.032086957623471475,17.37171433115555,1.46,bk619463,bk,G,g
429497394144,2460039.76078,3.3632546598405515,0.12596294523988502,15.083166240810773,0.04070944923107697,16.90203359477171,1.52,bl620159,bl,G,g
429497394144,2460039.76078,2.4255953481225614,0.1206452994837675,15.438019744656867,0.05406350865264997,16.948864596866837,1.52,bk619909,bk,G,g
429497394144,2460040.7724386,2.956028758417648,0.12222015020452075,15.223293985085089,0.04494137243233486,16.934783578647973,1.47,bG453760,bG,G,g
429497394144,2460040.7942141,3.8736825503183105,0.11946458699092238,14.929755554152324,0.033521800059735,16.959542646426584,1.55,bk620392,bk,G,g
429497394144,2460040.7942141,5.444748197018599,0.12039093567975627,14.560121122876446,0.024034116539501785,16.951156136921192,1.57,bl620642,bl,G,g
429497394144,2460042.7340655,2.6292020249318395,0.13328150849430018,15.350505727059913,0.05510082660493333,16.840715862737923,1.47,bk621273,bk,G,g
429497394144,2460045.7331862,3.45817895136085,0.06733471041235502,15.052946964586347,0.02116429012250034,17.582043119734752,1.52,bl622924,bl,G,g
429497394144,2460045.7331862,1.919092084424454,0.12970003663053215,15.692326086957458,0.07346093594442665,16.8702903645929,1.43,bk622674,bk,G,g
429497394144,2460046.5866096,3.0426208653966715,0.1915742735367618,15.191946024269182,0.0684386636489695,16.446797643051294,1.52,bp444572,bp,G,g
429497394144,2460046.5866096,3.6679979256030384,0.16655077301868607,14.988992918813587,0.049354839507874455,16.598773979592135,1.48,bo448170,bo,G,g
429497394144,2460047.8383791,4.9806615774323895,0.0872153794606596,14.656848038302021,0.019033480598291828,17.30115792474259,1.53,bG456646,bG,G,g
429497394144,2460047.8383791,5.4332516852325785,0.08444654535798184,14.562416063831943,0.01689406796020134,17.336185892383725,1.46,bH459461,bH,G,g
429497394144,2460047.8737969,3.584323781389559,0.1004503268326746,15.014047537971415,0.030461851250300348,17.14776222609348,1.41,bk623731,bk,G,g
429497394144,2460047.8737969,4.914739736326602,0.08110441192413259,14.671314311302314,0.017937261017333853,17.380029412344964,1.52,bl623981,bl,G,g
429497394144,2460048.6807867,3.468196148566202,0.05798420554053296,15.049806493242547,0.01817264874023934,17.744366333601093,1.51,bl624310,bl,G,g
429497394144,2460048.6807867,2.386643973615321,0.05933594643577868,15.45559652682484,0.027023550502270573,17.71934592655689,1.45,bk624060,bk,G,g
429497394144,2460050.4569741,4.129625354199998,0.045838568001795005,14.860288988288854,0.012065145421983647,17.999563006944847,1.52,bo449126,bo,G,g
429497394144,2460050.4569741,3.898611199502677,0.0446309791593688,14.922790807157867,0.012443388526423849,18.028549574105256,1.52,bp445528,bp,G,g
429497394144,2460051.8960615,4.750834153629189,0.06096239059209832,14.708140947423887,0.013947754413668691,17.689985638488977,1.51,bl625919,bl,G,g
429497394144,2460052.7679338,4.815270585311023,0.05058885007168708,14.693513880959161,0.011419478830627671,17.892503592363187,1.51,bH461645,bH,G,g
429497394144,2460052.7679338,4.320751743607167,0.04853548940915481,14.81116733759582,0.012209904636881113,17.937492078431,1.43,bG458830,bG,G,g
429497394144,2460053.8053028,5.413566904408641,0.08026799146979119,14.566356851171577,0.016116512154664333,17.391284621824468,1.46,bG459286,bG,G,g
429497394144,2460053.8053043,5.933327968375649,0.07438015348192557,14.466819735039167,0.013626078542438977,17.47399793598803,1.52,bH462141,bH,G,g
429497394144,2460053.8231296,4.645955747050236,0.07932199612206073,14.732377950261498,0.018557981542760407,17.404156524932258,1.42,bk626577,bk,G,g
429497394144,2460053.8231296,5.968355901064618,0.07185569322747772,14.46042884028462,0.013086353373089093,17.511487652454328,1.48,bl626827,bl,G,g
429497394144,2460056.6047998,2.5336032402975577,0.06333861015578826,15.390719107792656,0.027173282024473867,17.648469287987844,1.50,bk627454,bk,G,g
429497394144,2460056.6047998,3.6459119763514494,0.04903772975079567,14.995550174215442,0.01461962891853708,17.926314721712195,1.50,bl627704,bl,G,g
429497394144,2460057.5805984,3.712251617336552,0.06065449194790284,14.975972109451433,0.017759786348439614,17.695483188050368,1.47,bl628154,bl,G,g
429497394144,2460057.5805984,2.3557045208093923,0.05838100133951002,15.469763583808716,0.026937847930876335,17.73696176231758,1.47,bk627904,bk,G,g
429497394144,2460057.6125616,3.5405151127506422,0.05531033730106086,15.027399490981574,0.016980560719107265,17.79562484406412,1.43,bH463389,bH,G,g
429497394144,2460057.6125616,3.0595746522018232,0.05989362664454986,15.18591298666777,0.021278045314256845,17.70918908386484,1.49,bG460534,bG,G,g
429497394144,2460059.6314003,3.538685222433217,0.051905715818422675,15.027960791161973,0.01594356456649691,17.864602649782583,1.39,bl629059,bl,G,g
429497394144,2460059.6314003,2.510805880720386,0.06640553920573863,15.400532779359782,0.028747715812491116,17.597129842760456,1.51,bk628809,bk,G,g
429497394144,2460060.6322185,3.0935095835457402,0.0485124650198101,15.173936957827785,0.01704566894487668,17.938007254948015,1.40,bG461845,bG,G,g
429497394144,2460060.6322185,3.4803987428867402,0.040124532201759114,15.045993114488308,0.012531214145382509,18.144115656064315,1.43,bH464700,bH,G,g
429497394144,2460061.662052,2.900695849142473,0.05519574196285593,15.243810138576169,0.02068309633927761,17.797876672253373,1.66,bG462313,bG,G,g
429497394144,2460061.662052,3.4076486614958377,0.04528100993152429,15.068928593840846,0.01444353392770236,18.01285034984783,1.41,bH465168,bH,G,g
429497394144,2460062.7622904,3.735094012237276,0.04497937015174305,14.969311778602453,0.01308952855536576,18.020107187202356,1.53,bl630572,bl,G,g
429497394144,2460062.7622904,2.5323464477813653,0.06213093202968866,15.391257820274507,0.026668397537220133,17.669370940095913,1.44,bk630322,bk,G,g
429497394144,2460063.6749572,2.571126697921064,0.04621961260636683,15.37475692731817,0.0195395697129076,17.990574858737112,1.45,bk630726,bk,G,g
429497394144,2460063.6749572,3.60502523640105,0.06030956767293747,15.00779484909482,0.018184027463510968,17.701675073299562,1.49,bl630976,bl,G,g
429497394144,2460063.7291652,3.407374448501722,0.05771516312304945,15.069015966391426,0.018411206020348445,17.749415792784134,1.44,bH466076,bH,G,g
429497394144,2460063.7291652,2.906732762539431,0.058757176700258255,15.241552858034556,0.02197191886244404,17.729988312339472,1.52,bG463221,bG,G,g
429497394144,2460064.7231834,3.087354855074935,0.06760420957847463,15.17609924881677,0.023801227894989885,17.57770626286833,1.40,bG463589,bG,G,g
429497394144,2460064.7231834,3.0992444733078797,0.06734580837569329,15.1719260337162,0.023619293752462123,17.581864185754828,1.42,bH466444,bH,G,g
429497394144,2460064.7754942,3.069156066808417,0.08019351501317286,15.182518190034223,0.028400922679502904,17.392292487111682,1.61,bk631189,bk,G,g
429497394144,2460064.7754942,4.425797233787231,0.058566791382332686,14.785086839754944,0.014383748845151463,17.733512032468333,1.44,bl631439,bl,G,g
429497394144,2460065.7469903,2.3211336375909255,0.08085002904504279,15.485815258865905,0.03786101107238158,17.383440160789764,1.43,bk631648,bk,G,g
429497394144,2460065.7469903,2.33945283534616,0.07737400049522605,15.477279887279193,0.03594950630363462,17.431152981645145,1.57,bl631898,bl,G,g
429497394144,2460065.7927445,4.541672976837049,0.07159993628135368,14.75702597319394,0.017135980087963937,17.515359021897016,1.42,bG464100,bG,G,g
429497394144,2460065.7927445,5.828720590000989,0.07234928739139866,14.48613252941559,0.013491902478249702,17.504054966775083,1.44,bH466955,bH,G,g
429497394144,2460066.8239539,4.453344928700871,0.10177071996445955,14.778349786750395,0.024839833778545012,17.13358349421407,1.42,bk632184,bk,G,g
429497394144,2460066.8239539,5.6874428382950475,0.08558820106676902,14.512773010267788,0.016357202345322005,17.32160586577683,1.47,bl632434,bl,G,g
429497394144,2460066.8633688,4.3276072006448105,0.06058256050744665,14.809446035435975,0.015216401626610872,17.69677154959902,1.52,bG464619,bG,G,g
429497394144,2460066.8633688,4.7753942011376935,0.0572706385410989,14.702542552999809,0.013035718402384705,17.757810548135474,1.54,bH467474,bH,G,g
429497394144,2460068.6760332,3.7211041759644856,0.08362905465665943,14.97338605055196,0.02442854111773777,17.34674764257948,1.42,bl633253,bl,G,g
429497394144,2460068.6760332,2.4361862540345722,0.11761735552504528,15.433289401288945,0.05247749487377398,16.97646208488476,1.43,bk633003,bk,G,g
429497394144,2460069.4002933,3.8424044426696207,0.08944706388588025,14.938557932852984,0.02530318473544765,17.273725388062648,1.43,bp449741,bp,B,g
429497394144,2460069.4002933,4.5626364078569015,0.1072383275767888,14.75202596818585,0.025547378559305008,17.076765530509252,1.47,bo453338,bo,B,g
429497394144,2460069.7398657,3.628627583616103,0.15392735730273305,15.000709628261998,0.04610898777535616,16.684351078274375,1.47,bl633771,bl,G,g
429497394144,2460072.3537725,4.343452887662777,0.0957250621658407,14.805477834302431,0.023955360701755708,17.200076468793032,1.95,bp450959,bp,G,g
429497394144,2460072.3537725,4.867042461237213,0.1195566156582358,14.681902784410994,0.02670057722770385,16.95870657950191,1.47,bo454556,bo,G,g
429497394144,2460072.5336683,3.519455911247287,0.08629990252063692,15.033876799529352,0.02665305212958713,17.312614848538093,1.42,bl635019,bl,G,g
429497394144,2460072.5336683,2.479090413383262,0.12044456216384174,15.414334707422572,0.05280888572891361,16.950672618363598,2.11,bk634769,bk,G,g
429497394144,2460073.3071515,6.329697830637109,0.12834829645773083,14.39660817726223,0.022040391440738924,16.881665339595852,1.50,bo454954,bo,G,g
429497394144,2460073.3071515,5.637524585546468,0.10485427550807705,14.52234450010316,0.02021668142928163,17.101175251865865,1.48,bp451357,bp,G,g
429497394144,2460073.537405,2.412595328709022,0.08504747206860722,15.443854415777006,0.03831678828287596,17.328487088262975,1.57,bk635249,bk,G,g
429497394144,2460073.537405,3.824259823374306,0.07058512661553647,14.943697144950665,0.020062173402445163,17.530857616224253,1.53,bl635499,bl,G,g
429497394144,2460074.7316403,3.2925188324246872,0.06690805102820731,15.106244953027037,0.022088299603865057,17.588944662809315,1.52,bH471001,bH,G,g
429497394144,2460074.7316403,2.8746735063251774,0.1109434262019347,15.253594306199204,0.04194934846998791,17.039886676901492,1.51,bG468146,bG,G,g
429497394144,2460075.5900735,3.7377444718854544,0.08249017511501741,14.968541602684411,0.023988593788339334,17.361635047565084,1.53,bp451938,bp,G,g
429497394144,2460075.5900851,3.891808075627373,0.08955335179658372,14.924687085012401,0.025011664986383922,17.272435998360375,1.50,bo455535,bo,G,g
429497394144,2460075.6160727,3.814201598068549,0.1366044594046847,14.946556512846733,0.03892901416741051,16.813978419022114,1.63,bl636522,bl,B,g
429497394144,2460075.6160727,2.401758287870315,0.19431037176366509,15.448742377235995,0.08793846029250177,16.431400654725167,1.57,bk636272,bk,B,g
429497394144,2460076.6723778,2.4512403926877933,0.06347343512697357,15.426600860983608,0.02814610287683723,17.646160604970373,1.47,bk636800,bk,G,g
429497394144,2460076.6723778,3.7796990170326006,0.05495805476749862,14.956422578010777,0.015804701851241002,17.802562230111302,1.51,bl637050,bl,G,g
429497394144,2460077.8248236,4.463629102912834,0.0768317353702575,14.775845370972307,0.018709609134580297,17.438789005069133,1.60,bl637623,bl,G,g
429497394144,2460077.8248236,4.5383534133580214,0.08425120574182353,14.757819841021822,0.020178551382956388,17.338700299207673,1.51,bk637373,bk,G,g
429497394144,2460078.8030749,5.929795260666419,0.10405604077015451,14.467466375675038,0.019073911858596124,17.109472367949262,1.55,bH472912,bH,G,g
429497394144,2460078.8030749,5.193532465495513,0.09926939924417405,14.611408495280514,0.020776132937350502,17.16060212735208,2.27,bG470057,bG,G,g
429497394144,2460079.785727,4.5372359559016795,0.06844429177978793,14.758087209668505,0.01639676006470151,17.564297526356,1.53,bG470432,bG,G,g
429497394144,2460079.785727,5.388333326623512,0.07222263201461124,14.571429488064462,0.0145690431765919,17.50595733293099,1.44,bH473287,bH,G,g
429497394144,2460080.8046993,5.245098989533317,0.09310220782640466,14.600681399918056,0.019293830714570852,17.230240661527617,1.46,bG470917,bG,G,g
429497394144,2460080.8046993,6.435006316542437,0.09455411786809233,14.378693178432119,0.015971424116524503,17.213439493231814,1.44,bH473772,bH,G,g
429497394144,2460082.7738288,4.533913715414108,0.05413573577351356,14.758882495177012,0.01297845410205219,17.81893050201778,1.43,bH474449,bH,G,g
429497394144,2460082.7738288,4.068504001573604,0.051724565399596405,14.876478753577715,0.013818925500249714,17.86839848563763,1.52,bG471594,bG,G,g
429497394144,2460083.7773001,3.7392567331928133,0.1375995304259637,14.968102411401754,0.03999851244689353,16.806098231885326,1.43,bk639809,bk,B,g
429497394144,2460083.7773001,5.095946122999525,0.11356958926860963,14.632003552872796,0.024224197577286884,17.01448547360625,1.58,bl640059,bl,B,g
429497394144,2460084.7833428,4.068421244808141,0.19229824737510878,14.876500838582489,0.05137615343300964,16.44270229630604,1.53,bk640271,bk,B,g
429497394144,2460085.7811614,5.175673881150726,0.06251692139340695,14.615148363137715,0.013129338707968974,17.66264665315649,1.45,bH475714,bH,G,g
429497394144,2460085.7811729,4.4189831423656125,0.06735549921817925,14.786759760259025,0.016567725377427445,17.581707963090803,1.44,bG472859,bG,G,g
429497394144,2460086.7808328,4.817571823771444,0.07872495646037467,14.69299512691883,0.01776218559441097,17.41235953864784,1.50,bH475922,bH,G,g
429497394144,2460086.7808328,4.505805211064645,0.07620280233365066,14.765634589891427,0.018382759371834517,17.447713254757797,1.52,bG473067,bG,G,g
429497394144,2460089.7879473,5.893014476343145,0.07523257031774559,14.47422185240189,0.013876519951265369,17.46162586212668,1.43,bH477066,bH,G,g
429497394144,2460089.7879473,5.1963647102938,0.07290379607227325,14.610816560491866,0.015249748818307374,17.495765255313945,1.46,bG474211,bG,G,g
429497394144,2460091.508341,3.6785138373904336,0.07597051357804845,14.98588463713653,0.022448371501060178,17.45102795558158,1.52,bl642799,bl,G,g
429497394144,2460091.508341,2.3325795385114576,0.13192806149840564,15.480474468140844,0.06147703196333629,16.851797658631643,1.44,bk642549,bk,G,g
429497394144,2460092.5727002,2.684021705626564,0.08926644059354016,15.3281005631787,0.036150504883095395,17.275920066246165,1.42,bk643094,bk,G,g
429497394144,2460092.5727002,3.4731976604969894,0.07502402807659507,15.048241872743866,0.023479186782973283,17.464639666635,1.48,bl643344,bl,G,g
429497394144,2460094.5724571,4.6120980050909495,0.05835311519478579,14.740319304054951,0.0137523745277647,17.737480496658716,1.50,bl643835,bl,G,g
429497394144,2460094.5724571,3.5146354199031884,0.06613720980588397,15.035364918619639,0.020453976853768503,17.6015259390299,1.47,bk643585,bk,G,g
429497394144,2460096.7830411,5.737636671633874,0.11497663489059082,14.50323301316099,0.02178154705399954,17.001116627277007,1.50,bH479472,bH,G,g
429497394144,2460096.7830411,4.717422527024027,0.14700742832271158,14.715803680800427,0.033872455147720804,16.734292410659247,1.44,bG476617,bG,G,g
429497394144,2460097.7590831,3.7259866703756805,0.16056504371118663,14.971962380068897,0.0468405383231298,16.638513106778042,1.50,bG477076,bG,B,g
429497394144,2460097.7590831,3.920110968350309,0.14733614711392692,14.916819719871338,0.04085292158471563,16.731867339613245,1.50,bH479931,bH,G,g
429497394144,2460101.7703843,4.730515919360226,0.13283548407961848,14.71279435145644,0.030522335872033835,16.8443553545569,1.49,bl647239,bl,G,g
429497394144,2460101.7703843,3.2581360815744285,0.14160280599494807,15.117642573791573,0.04724053557590903,16.774960962943968,1.52,bk646989,bk,G,g
429497394144,2460102.78928,6.4230591483760975,0.3284415867301253,14.38071081892257,0.055581260651619016,15.861495257498266,1.53,bl647631,bl,B,g
429497394144,2460103.5907699,2.4076534074134313,0.07609212382304412,15.446080701201428,0.034352465345622266,17.44929134655957,1.47,bk647722,bk,G,g
429497394144,2460103.5907699,3.57021457162933,0.06607314522914842,15.018329826767689,0.02011605596183086,17.60257815972517,1.45,bl647972,bl,G,g
429497394144,2460104.7904981,5.320119586368563,0.0882926018100873,14.58526213594486,0.018039109422406507,17.287829824402635,1.49,bG480171,bG,G,g
429497394144,2460104.7904981,5.90102579715162,0.09273942768308652,14.472746839228154,0.017082407230136584,17.23447958285662,1.40,bH483026,bH,G,g
429497394144,2460107.757447,2.716508737007668,0.0683427150209335,15.315037856838632,0.027345967562464282,17.565910041864626,1.51,bk648841,bk,G,g
429497394144,2460107.757447,4.083346664044512,0.04157896825082315,14.872524992771934,0.01106801220316958,18.10545634030358,1.44,bl649088,bl,G,g
429497394144,2460108.6250272,3.486307963211639,0.06127258820954925,15.044151252541782,0.019103487144851137,17.68447504716426,1.39,bH483724,bH,G,g
429497394144,2460108.6250272,3.152020788589248,0.05296528446014189,15.153592939435912,0.018264778448839645,17.842662338726626,1.43,bG480838,bG,G,g
429497394144,2460108.6890916,2.3136806385796915,0.0698123385335323,15.489307091484502,0.03279751552637166,17.542810146450613,1.65,bk649268,bk,G,g
429497394144,2460108.6890916,3.7167617245193014,0.04594043501108222,14.974653822074117,0.013435151120236731,17.9971528533838,1.48,bl649515,bl,G,g
429497394144,2460111.7496657,3.6532787582706105,0.056074223706359456,14.993358593025492,0.016683709947154155,17.780732436673066,1.51,bl651017,bl,G,g
429497394144,2460111.7496773,2.559667675376256,0.04721244936733714,15.379606662243761,0.020048649377721335,17.967499281242844,1.48,bk650768,bk,G,g
429497394144,2460113.6500134,3.0175718530498536,0.05383142908866734,15.200921571993781,0.01939056492170223,17.825050837962596,1.43,bG483176,bG,G,g
429497394144,2460113.6500134,3.5253523489177097,0.041637612138904365,15.032059297301776,0.01283794344072327,18.10392607307271,1.45,bH486060,bH,G,g
429497394144,2460114.7834751,5.817025216620882,0.09519096996952763,14.488313256143899,0.017787175019185617,17.206151230985462,1.44,bH486530,bH,G,g
429497394144,2460114.7834751,5.246603966187946,0.08233704755833388,14.600369914230871,0.017058042002225323,17.363652386416902,1.61,bG483645,bG,G,g
429497394144,2460118.7266841,3.607424261326575,0.07963508526241592,15.007072567901824,0.023994925191694425,17.399879487990837,1.53,bl653204,bl,G,g
429497394144,2460118.7266841,2.5158602133831764,0.07824591057189119,15.398349354517325,0.0338054961651323,17.418986489105926,1.58,bk652955,bk,G,g
429497394144,2460119.7298179,2.1782623419110663,0.06581691096763981,15.554790163779675,0.03284274774462433,17.606796872987726,1.47,bk653208,bk,G,g
429497394144,2460119.7298179,3.476136391434211,0.05107330451984656,15.047323601513579,0.01597016203720109,17.88215571576035,1.46,bl653457,bl,G,g
429497394144,2460121.6143927,3.023918585584523,0.059863731666520426,15.198640386614205,0.021518196244026126,17.70973114760303,1.42,bG485436,bG,G,g
429497394144,2460121.6143927,3.5827050819389563,0.05390097993337515,15.01453797289544,0.016353012689228758,17.823648959338563,1.47,bH488321,bH,G,g
429497394144,2460123.6541844,3.581107159304241,0.06674199356967069,15.01502233022566,0.020257881698943422,17.59164267444295,1.47,bl655014,bl,G,g
429497394144,2460123.6541844,2.6877530943998247,0.07557209265426122,15.326592195949031,0.03056217445835207,17.456736990540627,1.49,bk654765,bk,G,g
429497394144,2460124.7494119,2.816971151972317,0.11569406000740898,15.275609623564147,0.04464171135138671,16.994362956764355,1.43,bk655330,bk,B,g
429497394144,2460124.7494119,3.623098860595105,0.09642624624095548,15.00236516117797,0.028928588827193725,17.192152460134643,1.46,bl655579,bl,B,g
429497394144,2460125.7459526,3.703859505889986,0.1367828851284417,14.978429360420236,0.04014111464439281,16.812561211535943,1.53,bl656055,bl,G,g
429497394144,2460125.7459526,2.5865976570880926,0.13055310737281314,15.368243422635953,0.05486185727545305,16.863172578478604,1.57,bk655806,bk,G,g
429497394144,2460128.4334296,2.620487763839519,0.2836081056176421,15.35411028193325,0.11763828256442677,16.020844014005327,1.50,bp460441,bp,G,g
429497394144,2460128.4334296,4.5849700200584556,0.18770126714352134,14.746724371594146,0.04449824438715699,16.468972600219377,1.59,bo464063,bo,G,g
429497394144,2460129.5635663,3.9135274587968882,0.14140748961897598,14.918644658927654,0.03927500054167411,16.776459580469403,1.50,bl657898,bl,G,g
429497394144,2460129.5635663,2.209455451593912,0.17793087711076197,15.53935249860002,0.08753429590752079,16.527012312406807,1.44,bk657649,bk,G,g
429497394144,2460130.7529248,4.397906858264458,0.146381498090049,14.791950553905231,0.03617864796566255,16.73892514274392,1.54,bH492364,bH,G,g
429497394144,2460130.7529248,3.2663341914029216,0.20087856105552254,15.11491407968757,0.06684749606808926,16.39530663955811,1.55,bG489479,bG,G,g
429497394144,2460131.6463431,3.412220765217608,0.1411704327255686,15.067472818377787,0.044969576438881505,16.77828124657837,1.54,bl658939,bl,G,g
429497394144,2460131.6463431,2.6739970145174836,0.14004233109112724,15.33216332717684,0.05692598917374598,16.78699228330932,1.52,bk658690,bk,G,g
429497394144,2460137.3570467,4.823605414766055,0.05121903267038232,14.691636187262256,0.011541752861420939,17.879062181279167,1.59,bo466386,bo,G,g
429497394144,2460137.3570467,4.220859360603201,0.046284786390623105,14.836563418117208,0.011919267174398488,17.989044952059295,1.47,bp462764,bp,G,g
429497394144,2460139.4456528,3.5047473747109676,0.03066832042308792,15.038423824530568,0.009511421888834396,18.435915631133707,1.55,bp463690,bp,G,g
429497394144,2460139.4456528,4.247953234342143,0.03554916241175768,14.829616304887628,0.009096238069063296,18.2755671799477,1.54,bo467312,bo,G,g
429497394144,2460140.640726,2.992131684300398,0.054450068674798575,15.210113864787026,0.019780164611656815,17.812644531834035,1.42,bG493223,bG,G,g
429497394144,2460140.640726,3.5271077501835983,0.04781761801656607,15.031518804276411,0.014736060091850472,17.953670765432083,1.49,bH496110,bH,G,g
429497394144,2460141.7046825,3.355659709880911,0.05038440406381234,15.085620838444543,0.01632038446265576,17.8969002959835,1.42,bH496494,bH,G,g
429497394144,2460141.7046825,2.9111461447827627,0.061903680690224276,15.239905601402883,0.02311344264405422,17.67334943089791,1.45,bG493607,bG,G,g
429497394144,2460142.6169421,2.3065109663601375,0.05535414800457818,15.492676812751158,0.026085959727231916,17.794765184900324,1.49,bk663206,bk,G,g
429497394144,2460142.6169421,3.663557416370364,0.04551263073394299,14.990308116477964,0.013503337105270843,18.00731076283143,1.48,bl663455,bl,G,g
429497394144,2460147.6926283,3.229758308504237,0.05684232802783654,15.127140561973246,0.01912995749496369,17.765960970106093,1.47,bH498150,bH,G,g
429497394144,2460147.6926315,3.0562864285612394,0.06704045029381818,15.187080489903304,0.023842678482689717,17.586798304745535,1.51,bG495263,bG,G,g
429497394144,2460149.5148727,3.651144224407118,0.07199946772518238,14.993993151228743,0.021434456213063214,17.509317396922018,1.49,bH498960,bH,G,g
429497394144,2460149.5148727,3.180885728156926,0.07062613007497615,15.143695453382337,0.02413401148323308,17.530227086580535,1.39,bG496073,bG,G,g
429497394144,2460154.6144638,3.0927553698930765,0.10324210150086192,15.174201698209595,0.03628469184366652,17.117998521294297,1.39,bG497991,bG,G,g
429497394144,2460154.6144638,3.201247326083384,0.0962917816598731,15.136767550477167,0.03269506208167098,17.193667555418877,2.01,bH500935,bH,G,g
429497394144,2460156.5077359,3.548527490737749,0.09440241793863172,15.024945187048662,0.02891659261881768,17.215182816270183,1.52,bl668543,bl,G,g
429497394144,2460156.5077359,2.678481517662376,0.1236223703400498,15.330343987394425,0.05016728351041205,16.92239794515563,1.49,bk668294,bk,G,g
429497394144,2460156.557953,3.078756326484469,0.0905732337426082,15.179127329101016,0.03197692726268679,17.260140927276304,1.49,bG498856,bG,G,g
429497394144,2460156.557953,3.6046341559491286,0.08431200467233214,15.007912638350298,0.02542379597337001,17.33791707251468,1.45,bH501823,bH,G,g
429497394144,2460157.6704371,2.4118565060428114,0.250946928748044,15.4441869578155,0.11309478823872017,16.1536858992625,1.92,bk668907,bk,G,g
429497394144,2460157.6704371,3.889816853344175,0.17702243580471372,14.925242738154644,0.04946651689440222,16.532569830725556,1.46,bl669156,bl,G,g
429497394144,2460158.6478257,3.668545687414203,0.17995117025803614,14.98883079210585,0.053317885280155866,16.514753923189712,1.51,bl669601,bl,G,g
429497394144,2460158.6478373,2.3888378757632878,0.204938758889943,15.454598931510082,0.09325016268061725,16.37358035696941,1.44,bk669352,bk,G,g
429497394144,2460160.4748222,3.603237003903584,0.0446656288529704,15.008333550029977,0.013473883768045014,18.027706979306807,1.43,bH503593,bH,G,g
429497394144,2460160.4748303,3.3241493509055395,0.04476990627183674,15.095864302299113,0.01463921637172113,18.02517514852728,1.47,bG500579,bG,G,g
429497394144,2460164.4134621,4.303883924653119,0.07240176598087245,14.815414247445425,0.018285244931340105,17.503267712993708,1.69,bo473587,bo,B,g
429497394144,2460164.4134621,3.9406027784858844,0.06483746714013372,14.911158974223863,0.017884448578725825,17.623075509193033,1.63,bp469964,bp,B,g
429497394144,2460173.2597977,5.227057629183194,0.08057502850138074,14.60442240154891,0.016755421296661317,17.387139441929435,1.58,bo476351,bo,B,g
429497394144,2460173.2610497,4.67319704822151,0.07572448620234938,14.726030388022837,0.017613043765041553,17.454549773225644,1.57,bp472729,bp,B,g
429497394144,2460185.3122837,4.351441700700342,0.14386974580138323,14.803482698904176,0.03593755110049982,16.7577169207795,1.55,bp474906,bp,G,g
429497394144,2460185.3122837,5.403350566376197,0.12933955234416508,14.568407759188592,0.0260183877045008,16.873312227738687,1.51,bo478529,bo,G,g
429497394144,2460194.3133919,5.514667326149601,0.07317165219669805,14.54626732570674,0.014422339527987462,17.491783457943434,1.41,bo480155,bo,G,g
429497394144,2460194.3133919,4.306473667170453,0.07071841220022325,14.814761132341465,0.01784936941192871,17.528809358565624,1.47,bp476532,bp,G,g
429497394144,2460195.2919478,4.4142599701065635,0.07286811714745169,14.787920855803751,0.017942866006226976,17.496296741803263,1.52,bp476931,bp,G,g
429497394144,2460210.2465316,5.038931245026323,0.09487029106541449,14.64421954089439,0.02046463358566885,17.20981502890822,2.37,bo483540,bo,G,g
429497394144,2460210.2465316,4.225320081278988,0.0771893478487525,14.835416588021866,0.019856830592487374,17.433747182160452,1.45,bp479917,bp,G,g
429497394144,2460215.2721267,6.607699750649347,0.1673010425010565,14.349939870490031,0.027520766091469015,16.59389399347963,1.64,bo484253,bo,G,g
429497394144,2460215.2721267,5.62907421558689,0.16456122575300686,14.523973185830082,0.03177625497676388,16.611821827465786,1.55,bp480636,bp,G,g
429497394144,2460217.5067664,2.470279284470906,0.18574829704867019,15.418200481189901,0.08173177994415846,16.48032850940851,2.00,bk670662,bk,G,g
429497394144,2460217.5067664,2.494905896369638,0.14597209921340473,15.407430198744564,0.0635957153585781,16.74196597738535,1.55,bl670911,bl,G,g
429497394144,2460220.255187,4.286448008183158,0.07049395606065573,14.819821721317052,0.017875841521241036,17.532260902723486,1.64,bp481968,bp,G,g
429497394144,2460220.255187,5.593843556777621,0.09329342760399031,14.530789831592045,0.018128125776182842,17.22801298803146,1.53,bo485585,bo,G,g
429497394144,2460222.5001098,2.8869275894495567,0.04881777499936474,15.248975894912324,0.0183803705732953,17.931195657942393,1.55,bG502931,bG,G,g
429497394144,2460222.5001098,3.6403065382932827,0.05693757169301929,14.997220733019498,0.017000948747775628,17.76414325854245,1.44,bH505950,bH,G,g
429497394144,2460224.4838829,2.618756125504656,0.15555553808357986,15.354827981869303,0.06456580854011493,16.672926917794626,2.14,bk673460,bk,G,g
429497394144,2460224.4838829,2.5719144446341202,0.17034202161388623,15.374424328332656,0.07199087500975623,16.574336118608002,2.27,bl673709,bl,G,g
429497394144,2460227.4891855,2.787098323357115,0.16752886726470645,15.287184897181588,0.06533554748567422,16.59241648131483,1.45,bG504798,bG,G,g
429497394144,2460227.4891961,3.4097286576639836,0.12802578979119716,15.068266073017995,0.0408121821809958,16.884396952247943,1.51,bH507896,bH,G,g
429497394144,2460228.4870972,2.3898290400597326,0.26311843744082697,15.454148536872456,0.1196731217053785,16.10226240800616,1.48,bG505195,bG,G,g
429497394144,2460315.8621146,4.523784562221886,0.12498853898632421,14.761310836813417,0.03003173686217797,16.910465132585983,1.48,bH526702,bH,G,g
429497394144,2460316.6077417,2.3239599404578906,0.5933181014807527,15.219421615479371,99.999,15.219421615479371,1.97,bp500397,bp,B,g
429497394144,2460319.8500659,4.25181346344963,0.05098516509370694,14.82863011528082,0.01303412254252286,17.884031036646114,1.46,bH527869,bH,G,g
429497394144,2460319.8500659,3.2131066121496388,0.04696833944238599,15.13275278264858,0.01588884187008143,17.973127596323476,1.47,bG524757,bG,G,g
429497394144,2460320.8683542,3.5023149727185787,0.18329343875876644,15.03917762031054,0.05688580273412261,16.494773313764718,1.53,bl707395,bl,B,g
429497394144,2460320.8683542,2.606070857919278,0.2712686468141182,15.36010007275008,0.11314244349954956,16.06914160899991,1.49,bk707146,bk,B,g
429497394144,2460322.6031466,3.7715773276570976,0.1473926512713245,14.958758081360529,0.042478090633583675,16.731451034111416,1.52,bo509714,bo,G,g
429497394144,2460322.6031466,2.3042392780743564,0.10088525444172929,15.493746683937676,0.04758962591523475,17.14307137728128,1.49,bp501391,bp,G,g
429497394144,2460323.5991462,2.2062858256715527,0.07233998794493618,15.540911185123713,0.035639272466134256,17.504194531310173,1.50,bp501729,bp,G,g
429497394144,2460323.5991462,3.9173871915581167,0.09106760757200845,14.917574374771583,0.025268508097154193,17.254230792894937,1.45,bo510052,bo,G,g
429497394144,2460324.5989336,3.852767428988486,0.09410120205226406,14.935633637872902,0.026548167559922998,17.21865268355069,1.46,bo510390,bo,G,g
429497394144,2460324.5989336,2.1529874756385605,0.058270203753638984,15.567461863651154,0.02941827516869345,17.73902426971233,1.47,bp502067,bp,G,g
429497394144,2460325.5987262,4.148978518414342,0.0919428016007584,14.855212656659704,0.024087333155223368,17.243846278796923,1.52,bo510749,bo,G,g
429497394144,2460325.5987262,2.295103700868049,0.05850663615446221,15.498059839105252,0.027708625849480632,17.734627788894475,1.52,bp502426,bp,G,g
429497394144,2460327.8634119,3.0895723112543294,0.0763723014783882,15.175319711517712,0.026868887602911822,17.445300915795194,1.63,bk709813,bk,G,g
429497394144,2460327.8634119,3.0895886150129743,0.07191926850949576,15.175313982072808,0.025302112250557927,17.51052745759036,1.50,bl710062,bl,G,g
429497394144,2460328.6062928,3.951688285656036,0.09795172225044158,14.908108923408413,0.02694272817574273,17.175110420332306,1.50,bo511447,bo,G,g
429497394144,2460328.6062928,2.3632081265126783,0.0671607769102487,15.466310693766632,0.030890569327631325,17.584851332998927,1.55,bp503124,bp,G,g
429497394144,2460329.5825617,2.3213119274317093,0.051079776794918,15.485731865002707,0.023918154152442576,17.882018134332732,1.42,bp503468,bp,G,g
429497394144,2460329.5825617,3.966535834849625,0.05225073576376297,14.904037166822699,0.014318357470793732,17.857409585685772,1.52,bo511791,bo,G,g
429497394144,2460329.862899,4.005474070832419,0.05550568603520737,14.893430810518634,0.015062453622882886,17.79179692448117,1.47,bH530818,bH,G,g
429497394144,2460329.862899,3.151945125891943,0.04583257469104022,15.153619002308375,0.015805483274212898,17.99970497429228,1.41,bG527706,bG,G,g
429497394144,2460330.8664896,4.283476999181917,0.06207005363532242,14.82057452420944,0.015750627262968064,17.67043530978333,1.43,bH531173,bH,G,g
429497394144,2460330.8664931,3.145748885946794,0.06422229812687769,15.155755493601852,0.022190851311093853,17.633426005751364,1.46,bG528061,bG,G,g
429497394144,2460331.8696655,3.5138269827122173,0.08477483124852268,15.035614688620843,0.026223987737094216,17.33197327656454,1.53,bl711619,bl,G,g
429497394144,2460331.8696771,2.869863897069023,0.09106869721852895,15.255412370127985,0.03449212851838091,17.254217801869572,2.08,bk711370,bk,G,g
429497394144,2460332.8731891,3.038824011482882,0.11152987375702676,15.193301748896296,0.03989310443475973,17.03416258490767,1.49,bk711760,bk,G,g
429497394144,2460332.8731891,3.0190768717001153,0.08569850365753723,15.200380194369941,0.030853983324177325,17.32020751401307,1.50,bl712009,bl,G,g
429497394144,2460333.8727163,3.1329296681038707,0.10924792903500097,15.160189008759136,0.037903100781370935,17.056607578965238,1.41,bk712148,bk,G,g
429497394144,2460333.8727163,3.1574803585058633,0.08458851137204164,15.151713978148134,0.029119431844559018,17.334362156165536,1.51,bl712397,bl,G,g
429497394144,2460334.8723419,3.0481650199997374,0.164589256567081,15.189969434990529,0.058691496247732386,16.61163690250655,1.40,bk712536,bk,G,g
429497394144,2460335.6219016,4.034673315952265,0.33799648646000185,14.885544682210076,0.09105755448155776,15.830360147130918,1.60,bo513318,bo,G,g
429497394144,2460335.6219016,2.658619921711807,0.242156303162071,15.338424985517493,0.09900376163313172,16.192401166651088,1.93,bp504994,bp,G,g
429497394144,2460336.5844947,2.170015420544474,0.12650291464337018,15.558908572184436,0.06336506496166701,16.897389281873064,1.50,bp505210,bp,G,g
429497394144,2460336.5844947,3.701331839592512,0.25744968363872484,14.979170564473247,0.07560430266138896,16.125909705215836,1.48,bo513534,bo,G,g
429497394144,2460340.8845831,2.8108998065676265,0.19296171174448964,15.277952208219432,0.07461702851754531,16.43896275378954,1.56,bl714755,bl,G,g
429497394144,2460341.8736324,3.8938543871377225,0.06937048480374146,14.924116355275583,0.01936454047246967,17.549703787372465,1.63,bH534581,bH,G,g
429497394144,2460357.6007992,2.289453522667919,0.03684297816020848,15.500736043520229,0.017491822828036352,18.23675378983237,1.51,bp510367,bp,G,g
429497394144,2460358.5144559,2.3661530080605404,0.04019581705086828,15.464958559794411,0.018465038119359158,18.142188459218943,1.56,bp510697,bp,G,g
429497394144,2460359.5097364,2.377060507160271,0.0533468276976231,15.45996503061284,0.024393860444594684,17.834869114101867,1.55,bp511092,bp,G,g
429497394144,2460360.5087856,2.25098543896704,0.04950608832403792,15.519133908100253,0.023905514730606106,17.915994080626547,1.47,bp511491,bp,G,g
429497394144,2460369.8514593,2.844791377387186,0.11463929331804625,15.26493956493752,0.04380213203333817,17.004306860855802,1.45,bk723911,bk,G,g
429497394144,2460369.8514593,3.2262251964700512,0.07405550511009773,15.128328925614813,0.024950246603423504,17.478747240252158,1.53,bl724160,bl,G,g
429497394144,2460373.8340885,3.9006389781812367,0.05569013033993257,14.922226231659966,0.015518675454993459,17.788195025604153,1.43,bH543806,bH,G,g
429497394144,2460373.8340885,3.386114302830007,0.06063419023295598,15.075811586749468,0.019463822724176745,17.695846656541345,1.44,bG540694,bG,G,g
429497394144,2460376.8533777,3.139710765079268,0.09029757647033611,15.157841517159468,0.03126069468987908,17.26345037573827,1.57,bl727119,bl,G,g
429497394144,2460376.8533777,2.9182860128401344,0.10183126905679177,15.237245988283178,0.03792848320255283,17.13293772111564,1.55,bk726870,bk,G,g
429497394144,2460377.837231,2.9468351570200886,0.055336914731356934,15.226676015944545,0.02041132847790323,17.795103257159305,1.47,bk727301,bk,G,g
429497394144,2460377.837231,3.2063283797429527,0.05037621575037055,15.135045624642467,0.017077713123941646,17.897076760725295,1.46,bl727550,bl,G,g
429497394144,2460379.839548,3.1386722884139866,0.042751749332737045,15.15820068980439,0.014805398105597257,18.075255886295672,1.44,bl728428,bl,G,g
429497394144,2460379.839548,2.9962424602214743,0.057806941493522265,15.208623236833423,0.02097081023727695,17.74769063168303,1.43,bk728179,bk,G,g
429497394144,2460380.8310982,3.335902684493598,0.06108952868914217,15.092032190182643,0.019905155485287426,17.68772367512609,1.50,bl728754,bl,G,g
429497394144,2460380.8311098,3.294954565307722,0.052176317679719766,15.10544204625624,0.017212191445501013,17.858957047174876,1.48,bk728505,bk,G,g
429497394144,2460382.7803426,3.9883401791596933,0.06031007455783118,14.898085138083388,0.016436518933302103,17.701665948031565,1.50,bl729524,bl,G,g
429497394144,2460382.7803451,3.727453330693693,0.060472966508393636,14.971535085765149,0.01763442208489773,17.698737427705336,1.40,bk729275,bk,G,g
429497394144,2460385.8139992,3.469887291439787,0.04707527997588618,15.049277201515947,0.014746525833481215,17.970658332385277,1.51,bl730763,bl,G,g
429497394144,2460385.8139992,3.4526284321945018,0.062372094378852175,15.054691015773267,0.01963598345175265,17.665164793004784,1.50,bk730514,bk,G,g
429497394144,2460386.7917918,3.639098626541244,0.05347802712715675,14.997581057387679,0.0159732659982488,17.83220216842625,1.46,bl731180,bl,G,g
429497394144,2460386.7917918,3.446856798000857,0.05853325498712569,15.056507520471028,0.01845829605795533,17.73413392256279,1.46,bk730931,bk,G,g
429497394144,2460388.8017156,3.4875471879431283,0.04617095409256659,15.043765391022777,0.014390004482041616,17.991718488804008,2.03,bl732076,bl,G,g
429497394144,2460388.8017156,3.3393583090103123,0.05904160985155841,15.090908070245863,0.0192179625375836,17.724745134894356,2.00,bk731827,bk,G,g
429497394144,2460390.7430788,4.436059855383183,0.078366671459003,14.782572128743137,0.01920198721529496,17.41731210903325,1.55,bl732906,bl,G,g
429497394144,2460390.7430788,4.375179747200882,0.11967801747230236,14.797575872249881,0.029732447377402788,16.95760464576895,1.49,bk732664,bk,G,g
429497394144,2460395.6999814,4.2252603049638084,0.26894093116318746,14.835431948223558,0.06918558337033039,16.078498350905047,2.20,bl734868,bl,G,g
429497394144,2460395.6999814,3.931888654791411,0.2502859595748167,14.913562595372806,0.06919065618200111,16.156549392837224,2.02,bk734619,bk,G,g
429497394144,2460401.809804,2.744881041645541,0.1048809389746781,15.303756803209845,0.04153222631327844,17.100899194349626,1.54,bG549114,bG,G,g
429497394144,2460401.809804,4.204567779305175,0.06607367765759184,14.840762227601711,0.017081236078224666,17.602569410716683,1.45,bH552201,bH,G,g
429497394144,2460402.8385627,3.084364405441181,0.05397028410842647,15.177151415823374,0.019019591909528864,17.822253850770664,1.47,bk737835,bk,G,g
429497394144,2460402.8385627,3.151505894048595,0.08075827885627244,15.153770313047163,0.027853585187011906,17.3846729750397,1.60,bl738084,bl,G,g
429497394144,2460404.8567845,2.2507568777430693,0.07810932760171911,15.519244157500873,0.03772128561947623,17.420883363366375,1.50,bG550513,bG,G,g
429497394144,2460404.8567845,4.20090344139325,0.04266193941176461,14.841708874014511,0.011038500151357393,18.077539124968887,1.48,bH553600,bH,G,g
429497394144,2460405.8344297,3.0774442125350254,0.04257287614348665,15.179590150164827,0.015036784480078818,18.079808133224425,1.97,bl739437,bl,G,g
429497394144,2460405.8344297,3.169795790855234,0.060843854719809666,15.14748741134465,0.02086400167677732,17.692098809753784,1.47,bk739188,bk,G,g
429497394144,2460408.8168508,3.172416354735214,0.04900857093909276,15.146590171965714,0.016791675444444584,17.926960514123824,1.52,bk740499,bk,G,g
429497394144,2460408.8168508,3.341117493085405,0.042769456380070334,15.090336251728171,0.013914069062152068,18.074806285930862,1.42,bl740748,bl,G,g
429497394144,2460409.8084144,3.2734837852293537,0.058242155646999194,15.112540137175117,0.0193392407215531,17.73954700988511,1.45,bk740944,bk,G,g
429497394144,2460409.8084144,3.2854813440114117,0.043645495579900405,15.10856810859746,0.014439514670074583,18.052792038631267,1.49,bl741193,bl,G,g
429497394144,2460411.8525494,2.994301438485014,0.034923682514033126,15.209326824915868,0.012677589498464625,18.294840532792875,1.52,bl742131,bl,G,g
429497394144,2460411.8525494,2.648358217349797,0.062153587101509325,15.342623803580098,0.02550948221690039,17.668975115545255,1.40,bk741882,bk,G,g
429497394144,2460416.7701905,3.6389960309520344,0.05111363577262319,14.997611667526982,0.015267480173182857,17.881298676622645,1.48,bl743071,bl,G,g
429497394144,2460416.7701905,3.788825967267025,0.06646111909645938,14.953803979239524,0.01906668384034708,17.59622148691102,1.51,bk742822,bk,G,g
429497394144,2460417.676993,3.283615935684466,0.05379813947690301,15.109184735608883,0.017808489088618637,17.825722470086912,1.49,bl743469,bl,G,g
429497394144,2460417.676993,3.117628558751707,0.07562901825442839,15.165504694487739,0.026367943799338812,17.45591945437799,1.43,bk743216,bk,G,g
429497394144,2460417.8583875,4.005685754501805,0.040170722481204034,14.893373432403884,0.010900462857039066,18.14286650468093,1.41,bH557199,bH,G,g
429497394144,2460417.8583875,2.8667828766149936,0.05880996961834721,15.256578617905879,0.022298123984688337,17.729013223836066,1.40,bG554112,bG,G,g
429497394144,2460418.7620562,3.732058435773805,0.06799110010790328,14.970194534237404,0.019802307749015844,17.571510440962903,1.54,bk743758,bk,G,g
429497394144,2460418.7620562,3.859679890851353,0.06261952570574406,14.933687404256798,0.017634804900635473,17.660866176817006,1.97,bl744007,bl,G,g
429497394144,2460419.7770009,3.6176750639568187,0.0750577318404015,15.003991731359609,0.022551635978505617,17.464152020471516,1.51,bk744243,bk,G,g
429497394144,2460419.7770009,3.558948298594073,0.06689076849945005,15.021761424819957,0.020429450209586336,17.589225147605102,1.52,bl744492,bl,G,g
429497394144,2460420.689371,5.189512377437639,0.09800706868252096,14.612249241985333,0.02052782896215015,17.17449711151952,1.42,bH558459,bH,G,g
429497394144,2460420.689371,4.318136392212233,0.10416717258425819,14.811824732792925,0.026220845593433965,17.10831342084067,1.44,bG555372,bG,G,g
429497394144,2460428.4340378,2.7766564781884235,0.4370599349741733,15.291260239485185,0.1710925173649875,15.551288119452405,1.53,bo537391,bo,G,g
429497394144,2460428.4340378,2.9628120969303504,0.3105204201934301,15.220805349348176,0.11391954157744837,15.922415198504307,1.60,bp528692,bp,G,g
429497394144,2460430.3336155,4.881592568456685,0.11828098469718946,14.678661799416968,0.02633695580108247,16.970353282942096,1.48,bo538079,bo,G,g
429497394144,2460430.3336155,2.886925226219958,0.044575372389068654,15.248976783692838,0.016783078164684325,18.029903161389488,1.63,bp529379,bp,G,g
429497394144,2460432.3585328,4.233077393966307,0.09978881741810991,14.833425100243653,0.025623463923398617,17.15493592169359,1.50,bo538455,bo,G,g
429497394144,2460432.3585328,2.756896929839121,0.05019141099754129,15.29901429791267,0.019788872383506278,17.901067099232826,1.46,bp529754,bp,G,g
429497394144,2460433.416206,2.391736726984393,0.04684388786656494,15.453282191004906,0.02128882700412349,17.97600827967894,1.60,bp530029,bp,G,g
429497394144,2460433.416206,4.335345340702239,0.07907606228653198,14.807506377793331,0.019825927316293814,17.40752802438694,1.63,bo538730,bo,G,g
429497394144,2460434.8378103,3.0792012320791993,0.0443731072078502,15.178970442630742,0.01566368503848463,18.03484100877547,1.65,bl749770,bl,G,g
429497394144,2460434.8378103,3.0252615173472166,0.057814948821720336,15.198158314784827,0.02077253001614485,17.747540247597144,1.43,bk749522,bk,G,g
429497394144,2460436.6763457,4.674132739049984,0.05410967293045444,14.725813018263676,0.012583053405728233,17.819453339396173,1.48,bH563819,bH,G,g
429497394144,2460436.6763457,3.459986897545291,0.12397336086429885,15.052379486813695,0.03894629000155177,16.919319674192536,1.47,bG560726,bG,G,g
429497394144,2460437.6623443,2.755338800820448,0.038698876733389016,15.29962810226175,0.01526636086887414,18.183394712820654,1.52,bl751042,bl,G,g
429497394144,2460437.6623443,2.6665440155062496,0.049524603241246884,15.335193730302015,0.020187587441490712,17.915588099089742,1.60,bk750794,bk,G,g
429497394144,2460438.8759281,2.8580478744089755,0.05126125754301721,15.259891874110647,0.019495390087002656,17.878167471175207,1.54,bk750941,bk,G,g
429497394144,2460438.8759281,3.0029178608346245,0.0386609753114181,15.2062069896487,0.013993988913123877,18.184458596689367,1.50,bl751189,bl,G,g
429497394144,2460439.7221472,5.728369586743415,0.08592037407171317,14.504988046525222,0.01630336687137668,17.317400213571197,1.44,bH564740,bH,B,g
429497394144,2460439.7221472,4.408327846562189,0.08978557194379015,14.789380908660728,0.022138329175877422,17.269624227697857,1.40,bG561647,bG,B,g
429497394144,2460440.6948521,4.733191355802164,0.07926695539414769,14.712180465544405,0.01820330674323044,17.404910167766257,1.48,bk751727,bk,G,g
429497394144,2460440.6948521,4.755040194237795,0.07200531902898441,14.707180141358426,0.016459724402183944,17.509229164127408,1.46,bl751975,bl,G,g
429497394144,2460442.6113273,2.3781718376601138,0.10810705312257958,15.459457542568682,0.0494109233726367,17.068005538624313,1.46,bG562958,bG,G,g
429497394144,2460445.2605109,5.101298854877818,0.10932331856773728,14.630863704739106,0.023294007560788692,17.055858595287873,1.54,bo541900,bo,G,g
429497394144,2460445.2605109,3.59762266135145,0.08494046269904547,15.010026596830864,0.025663222238983853,17.329854055422,1.54,bp533199,bp,G,g
429497394144,2460446.571637,3.114697810928128,0.08244768622463229,15.166525828191233,0.028772309766211687,17.362194430683516,2.29,bl754013,bl,G,g
429497394144,2460446.762777,4.574657942890527,0.0601618486599751,14.749169056095099,0.01429468925921996,17.7043376793478,2.05,bH567375,bH,B,g
429497394144,2460448.5548577,2.376078289280388,0.0823874075206949,15.460413757054042,0.03768879599540473,17.362988518552438,1.44,bG564836,bG,G,g
429497394144,2460448.5548577,3.7530451384522756,0.05752487473302849,14.964106152854335,0.016660347916592728,17.753001407402248,1.47,bH567933,bH,G,g
429497394144,2460449.5326543,2.5541503039944073,0.07636470002856334,15.381949495802925,0.03249813004226435,17.445408986127973,1.99,bk754922,bk,G,g
429497394144,2460449.5326543,2.490340672965616,0.07790678499123896,15.40941871812837,0.03400389711866726,17.423702405131888,1.49,bl755170,bl,G,g
429497394144,2460449.845265,3.342125557104819,0.08513050442257472,15.09000871864201,0.027686918220157508,17.327427594644806,1.55,bG565531,bG,G,g
429497394144,2460449.845265,4.022644324696128,0.04053668142448915,14.888786535541193,0.010953394505575227,18.133020131779652,1.52,bH568628,bH,G,g
429497394144,2460479.7290498,5.744538594773345,0.11440742180465278,14.501927743285963,0.021647673040106626,17.006505114454928,1.48,bH577006,bH,,g
429497394144,2460479.7290498,4.129307579720416,0.13995709663395034,14.86037253885413,0.03684086884131943,16.78765329993825,1.49,bG573910,bG,,g
429497394144,2460486.6907173,4.400537495056262,0.09615684107506545,14.791301307839257,0.023751258939117205,17.195190142594043,1.47,bk760988,bk,,g
429497394144,2460486.6907289,5.022868876466992,0.10852018457169257,14.647686019990129,0.0234839342339162,17.063864302090952,1.49,bl761236,bl,,g
429497394144,2460487.7047102,4.285335693266553,0.08965758549449325,14.820103501778362,0.022741251619972293,17.27117301392373,2.06,bk761389,bk,,g
429497394144,2460488.7089673,4.581786891925007,0.10167008029737973,14.747478408737482,0.024119619583299196,17.134657695052407,1.63,bl762083,bl,,g
429497394144,2460488.7089673,4.532203801165741,0.10215207940396233,14.759292045533073,0.02449909002079535,17.129522582589914,1.56,bk761835,bk,,g
429497394144,2460492.6995665,4.748550751079072,0.0860434084327558,14.708662912349261,0.01969557636661979,17.315846597093806,1.49,bG578020,bG,,g
429497394144,2460492.6995665,5.670067164710594,0.07048957339912576,14.51609511389898,0.013512908982392907,17.53232840584695,2.37,bH581116,bH,,g
429497394144,2460494.3850668,4.104427514437349,0.04830063541098534,14.866934146572506,0.01279123348614222,17.942758501247177,1.44,bo551220,bo,,g
429497394144,2460494.3850668,2.653628582621984,0.03659121774946661,15.340465281317057,0.01498817997048426,18.244198454009254,1.46,bp542520,bp,,g
429497394144,2460495.5748192,2.2189220795001305,0.08362513650698125,15.534710493152515,0.040964434194131406,17.346798512180204,1.47,bl764683,bl,,g
429497394144,2460495.5748192,2.243720233226973,0.06517070904824594,15.522643861521953,0.031571550756340834,17.6175094962301,1.45,bk764435,bk,,g
429497394144,2460496.6549311,3.0991251460019904,0.04943262020934597,15.171967837604704,0.017337508616751943,17.917606533585754,1.50,bl765153,bl,,g
429497394144,2460496.6549311,2.957116409314644,0.08289490773413577,15.22289456922878,0.03046994034349331,17.35632098020799,1.97,bk764905,bk,,g
429497394144,2460498.6012495,3.4921624205929054,0.04682612149376757,15.042329535896247,0.014574911477558935,17.97642014244134,1.44,bH583285,bH,,g
429497394144,2460498.6012495,2.6121162016685915,0.08289907549692056,15.357584390027185,0.03449604986943633,17.356266393294025,1.51,bG580189,bG,,g
429497394144,2460499.6406729,2.34410107682033,0.06582967167179943,15.475124786341489,0.030525130360277774,17.606586388852552,1.46,bk765917,bk,,g
429497394144,2460499.6406729,2.4224988256882445,0.04151636229761752,15.439406684288164,0.018628071262515162,18.107092378392405,1.59,bl766165,bl,,g
429497394144,2460500.6460834,2.784718795092629,0.03368447896675132,15.288112257175335,0.013148029222489959,18.33406602631387,1.49,bl766565,bl,,g
429497394144,2460500.6460834,2.7126936247495794,0.044411020280653746,15.316563755454897,0.017795171445356882,18.033913734961043,1.45,bk766317,bk,,g
429497394144,2460501.6751919,4.961427386812298,0.07633482983730236,14.661049023276973,0.01672354237170691,17.445833756898875,1.68,bl767004,bl,,g
429497394144,2460501.6751919,4.697122141888167,0.0860473992582963,14.720485988452623,0.01991214598581814,17.315796240147552,1.56,bk766756,bk,,g
429497394144,2460502.687554,6.133885798995562,0.07548403767254878,14.430726407270951,0.013376164754944514,17.458002804675765,1.43,bH585008,bH,,g
429497394144,2460502.687554,5.04505217136605,0.08585495683237512,14.642901468090129,0.01849745098420126,17.31822717595543,1.43,bG581912,bG,,g
429497394144,2460503.7213528,4.272104760313843,0.08001344185711551,14.823460887542087,0.020357911926999945,17.394733230400135,1.49,bG582369,bG,,g
429497394144,2460503.7213528,5.302493906014586,0.06647158123854642,14.588865177111657,0.01362598807621368,17.596050586501445,1.49,bH585465,bH,,g
429497394144,2460512.663813,3.3716543507364634,0.2070390155696978,15.080458007268575,0.06674539701223432,16.362510126423146,2.20,bl771466,bl,,g
429497394144,2460514.6618897,3.9596787645212244,0.09720614166147014,14.905915736038331,0.026683692267852,17.18340634816399,1.46,bG586709,bG,,g
429497394144,2460514.6618897,5.585204515878093,0.1001241624360765,14.53246792104747,0.0194855194709824,17.151293371131217,1.48,bH589805,bH,,g
429497394144,2460515.5397372,3.524687626351001,0.04750815696412287,15.032264037519267,0.014650745405606395,17.96072015472889,1.48,bH590109,bH,,g
429497394144,2460515.5397372,2.513610271569741,0.07987959428609676,15.399320766301411,0.03454220685887249,17.396550985459697,1.41,bG587013,bG,,g
429497394144,2460516.6917236,5.893229545358138,0.11021643519595237,14.4741822285462,0.020328492572199347,17.047024710844564,1.52,bH590643,bH,,g
429497394144,2460516.6917236,4.660255825416805,0.12966523187704718,14.729041227275433,0.030243075640373783,16.8705817588987,1.45,bG587547,bG,,g
429497394144,2460522.4097179,2.4909606179688653,0.045105200776910465,15.409148468770159,0.019682122549489665,18.017074060600226,1.56,bp545590,bp,,g
429497394144,2460522.4097179,3.8394639630487535,0.06071018122275692,14.939389133069138,0.017187119882130848,17.694486788281147,1.38,bo554290,bo,,g
429497394144,2460523.4059571,2.735814716944318,0.05204574376357584,15.307348918658231,0.020678103770041905,17.861677563356682,1.56,bp545972,bp,,g
429497394144,2460523.4059571,4.016823168085351,0.04868010490366634,14.890358839078983,0.013172886953150742,17.934261847826782,1.49,bo554672,bo,,g
429497394144,2460528.3923127,3.8166998717192375,0.06776899464747489,14.945845596512772,0.019299906510751114,17.575063004111065,1.55,bo555949,bo,,g
429497394144,2460528.3923127,2.674555258860415,0.05691598687363493,15.331936684128237,0.023131024464185492,17.764554935093532,1.49,bp547249,bp,,g
429497394144,2460528.6637008,4.236458146517922,0.08332079943228803,14.832558321747474,0.021377783801282826,17.350757040965174,1.49,bG590970,bG,,g
429497394144,2460528.6637008,5.323847072995722,0.0763872676441275,14.584501692497636,0.015595797100328084,17.445088172225216,1.53,bH594066,bH,,g
429497394144,2460529.374098,4.217456025852563,0.05899039733406447,14.837439214715655,0.015203477335435185,17.72568730794038,1.50,bo556331,bo,,g
429497394144,2460529.374098,2.8882541676400253,0.04933965704871096,15.248477100569307,0.01856833190455992,17.919650295293298,1.57,bp547631,bp,,g
429497394144,2460530.3783772,3.8543192034527993,0.07364668019492131,14.9351964252605,0.020769099578102985,17.48475767461986,1.46,bo556733,bo,,g
429497394144,2460530.3783772,2.6328285689959654,0.04698893067631407,15.34900916760755,0.019399259507292946,17.9726517066237,1.45,bp548033,bp,,g
429497394144,2460530.6513305,3.439015436239053,0.06566582527885755,15.058980309320395,0.020754747504214164,17.60929209447785,1.44,bG591368,bG,,g
429497394144,2460530.6513305,4.448220462080187,0.05899423780427471,14.779599863407821,0.014415690965190655,17.725616625218905,1.45,bH594464,bH,,g
429497394144,2460531.6518658,3.481470365305866,0.06537731810627165,15.045658865380954,0.020411577532753893,17.61407285874568,1.47,bG591787,bG,,g
429497394144,2460531.6518658,4.506484052207522,0.056159910558860535,14.76547102603191,0.013545677813358139,17.779074592796654,1.48,bH594883,bH,,g
429497394144,2460532.6493483,2.7515574393835047,0.12067170906224602,15.301119164189029,0.04766933056792852,16.94862695231958,1.49,bG592203,bG,,g
429497394144,2460532.6493483,4.137473614732624,0.06636574686019531,14.858227529197453,0.017434958645516144,17.597780645999656,1.48,bH595299,bH,,g
429497394144,2460533.6456066,4.112352358953626,0.057208669569222735,14.86483982412286,0.015121110999376502,17.758985991349096,1.46,bH595714,bH,,g
429497394144,2460534.6385071,2.3160235054632285,0.11062240746041119,15.488208215385129,0.05191732594938746,17.043032847122813,1.54,bG593030,bG,,g
429497394144,2460534.6385071,3.5656592693969773,0.06432636865768661,15.019716022022623,0.01960926736112194,17.631668023025288,1.40,bH596126,bH,,g
429497394144,2460538.2555913,4.803717815360254,0.11450065595866268,14.696121902948482,0.025908523256656612,17.005620674699763,1.44,bo557645,bo,,g
429497394144,2460538.2555913,3.296924845381948,0.10881446595019233,15.104793003899566,0.03587482243939951,17.060924024123075,1.54,bp548945,bp,,g
429497394144,2460539.2432283,3.6101408753833524,0.14576053494174393,15.006255248953062,0.04388619988417739,16.743540727706367,1.53,bp549316,bp,,g
429497394144,2460539.2432283,5.4613397987723555,0.23185072131897186,14.556817625486136,0.04614465733559141,16.2396194829851,1.50,bo558016,bo,,g
429497394144,2460540.3799613,3.1316014754790795,0.30459946926492515,15.160649399747124,0.10572430183988779,15.943317755730659,1.53,bo558388,bo,,g
429497394144,2460540.3799613,1.8295548335142193,0.34102550850799035,15.744202046681961,0.20260660886569842,15.820673448492247,1.52,bp549688,bp,,g
429497394144,2460542.3390354,4.17907838234209,0.19339012903922767,14.847364330281378,0.05029976534715148,16.436554853481113,1.61,bo558944,bo,,g
429497394144,2460542.3390354,3.0959794973156063,0.18707709561800004,15.173070432365057,0.06568023765219105,16.472589064333313,1.54,bp550244,bp,,g
429497394144,2460543.623498,2.387601616187406,0.19124977732204,15.455160961789016,0.0870665320931124,16.44863826603315,1.55,bG595817,bG,,g
429497394144,2460543.623498,3.3404953529441634,0.14502113404415554,15.090538442454662,0.04718811157763473,16.749062369131696,1.94,bH598913,bH,,g
429497394144,2460544.6112042,3.3634619358136986,0.07603660449099282,15.08309932940599,0.024572444915268214,17.45008382477478,1.40,bH599220,bH,,g
429497394144,2460544.6112042,2.2090430364122637,0.14808354826656028,15.539555180165545,0.07286430182547592,16.726373581174386,1.55,bG596124,bG,,g
