# "asas_sn_id":481037539135,"ra_deg":151.85774,"dec_deg":13.94954,"name":"DI Leo"
asas_sn_id,jd,flux,flux_err,mag,mag_err,limit,fwhm,image_id,camera,quality,phot_filter
481037539135,2456598.0898057,20.308563181256275,0.19080406720011822,13.190583408477313,0.010212230346700994,16.510887323839796,1.64,bc002260,bc,G,V
481037539135,2456601.0859573,12.36656254029038,0.11050770580409192,13.729158909131838,0.009713052526508016,17.103874986598946,2.03,bc002958,bc,G,V
481037539135,2456631.0405717,14.491949780621775,0.10345321145878617,13.556964353537708,0.007759421236771657,17.175496451552416,1.60,bc008512,bc,G,V
481037539135,2456632.028583,8.781773602976637,0.1176716380971619,14.100825812873158,0.014564706429016003,17.035676895493324,1.42,bc008871,bc,B,V
481037539135,2456633.0094602,9.605526929355001,0.08245212098845497,14.0034784197751,0.009330239902377012,17.421851814018673,2.98,bc009266,bc,G,V
481037539135,2456651.1002421,20.458242710682512,0.17049476166229635,13.182610587898484,0.009058470746093185,16.63307879336309,1.62,bc013389,bc,G,V
481037539135,2456658.9672185,9.855175875172876,0.07616028401948845,13.97562045678972,0.008399943183260065,17.508035006264436,3.33,bc015337,bc,G,V
481037539135,2456700.7917106,16.7405374116866,0.19321271795271341,13.400357915059718,0.012545225920586872,16.497267119082583,1.89,bc020075,bc,G,V
481037539135,2456734.7703453,22.20044554607299,0.20298733665082408,13.093877178271109,0.009938467628731806,16.443684030349733,1.41,bc021775,bc,G,V
481037539135,2456735.7528466,8.948972974796895,0.08978742423024852,14.08034841314671,0.010905723663719261,17.32931761130351,1.36,bc021984,bc,G,V
481037539135,2456740.8455394,8.930213259750289,0.08684423430188663,14.082626828844653,0.010570397828608667,17.365503917720744,1.50,bc022944,bc,G,V
481037539135,2456743.8790222,9.155127109666099,0.08067541973510273,14.055620458470665,0.009578313067060175,17.44550330964405,2.75,bc023538,bc,G,V
481037539135,2456764.8689886,13.123559601874646,0.2481960186434583,13.66465228456693,0.020556791702737196,16.225369367118322,3.18,bc026605,bc,G,V
481037539135,2456765.8629079,12.343151485211498,0.20506333423191744,13.731216256915795,0.018058186256565613,16.432636357386304,2.70,bc026823,bc,B,V
481037539135,2456767.8358197,11.236743294079613,0.06070411062167945,13.833180255960958,0.005872050932352695,17.754311142106282,2.60,bc027119,bc,B,V
481037539135,2456795.7762071,8.703699934964657,0.08522553299575306,14.110521629363406,0.010643341291705893,17.385932078769425,1.66,bc030612,bc,G,V
481037539135,2456796.7767903,9.418228981355846,0.0862671596678964,14.024858291891341,0.009956081127200622,17.372742645680486,1.37,bc030923,bc,B,V
481037539135,2456799.7662556,8.92088289646684,0.09521898669476672,14.083761808350028,0.011601867189878642,17.265547505000345,1.50,bc031911,bc,G,V
481037539135,2456804.7497528,11.411995658352406,0.06828679272346108,13.816377410118264,0.006504101203814367,17.626514605262575,1.45,bc033391,bc,G,V
481037539135,2456931.1452459,9.84869212975215,0.3070621077031082,13.97633500049231,0.03388908457586806,15.994290827095387,1.59,bc064257,bc,G,V
481037539135,2456933.1340622,10.948354591546256,0.1984206630519256,13.861409267651215,0.019699273708089948,16.46838915227977,2.18,bc065011,bc,B,V
481037539135,2456935.1320923,11.041701691256824,0.10435637005392734,13.852191379962564,0.010272948879334116,17.166058983344474,1.60,bc065350,bc,B,V
481037539135,2456940.1207397,22.40807248411341,0.2591315788869983,13.083770152906677,0.01256978974248998,16.178555540673226,1.70,bc066639,bc,B,V
481037539135,2456961.0829461,11.110689350697314,0.06498912205302552,13.845428891747101,0.006357872840104472,17.680254718519684,1.90,bc067713,bc,G,V
481037539135,2456968.0740913,9.19929554560802,0.21521799036925243,14.050394975383782,0.025429403487219594,16.380159964207678,1.71,bc068774,bc,G,V
481037539135,2456970.0596004,15.359765563750512,0.21884867728340757,13.493819936753926,0.015487150247174565,16.361996578450025,1.76,bc069425,bc,B,V
481037539135,2456971.0522036,9.266646020908826,0.14316401293080644,14.04247497049992,0.01679281340652996,16.82277173543959,1.76,bc069747,bc,G,V
481037539135,2456972.0505795,10.475091229330065,0.11304608115732902,13.909386869520894,0.011730320288472405,17.07921761432968,1.87,bc070142,bc,G,V
481037539135,2456979.0277096,9.915410085445345,0.08177130303440686,13.969004702928425,0.008964011610051647,17.430854097836985,1.78,bc071359,bc,G,V
481037539135,2456980.070763,12.790405204942296,0.1056659059161395,13.692570646236126,0.008979719072280899,17.152519191752194,1.55,bc071776,bc,G,V
481037539135,2456981.0668232,22.607839065756856,0.19126206296977397,13.074133772057813,0.009195639888518299,16.50828430416515,1.63,bc072083,bc,G,V
481037539135,2456982.0369801,9.034743416548707,0.10929469984409998,14.069991846353018,0.013149082526180531,17.11585863940361,1.65,bc072396,bc,B,V
481037539135,2456983.0424928,9.85419214220224,0.07751503489133661,13.975728839209893,0.00855021614071602,17.48889152653821,1.62,bc072779,bc,G,V
481037539135,2456984.0564957,13.932955683897045,0.10630233539306577,13.599673265100268,0.008293001094170926,17.145999379189483,1.64,bc073147,bc,G,V
481037539135,2456985.0436358,11.17641073847293,0.07563887395762836,13.839025519690463,0.007356222786465137,17.51549375657166,1.65,bc073538,bc,G,V
481037539135,2456987.0569446,10.036398614951446,0.0761397757339624,13.955836649944251,0.008246048106787515,17.508327410459994,1.61,bc074142,bc,G,V
481037539135,2456989.0008225,8.632471012733008,0.10231422426811174,14.119443582787541,0.012882882916243356,17.18751635407606,1.48,bc074508,bc,G,V
481037539135,2456991.0410005,11.493158102485374,0.059167934488313506,13.808682952024323,0.0055957615562600175,17.78214037212313,1.54,bc075218,bc,G,V
481037539135,2456993.0389616,8.719367797977064,0.09460332059144418,14.108568911165902,0.011793251377571779,17.27259044249193,1.53,bc075926,bc,G,V
481037539135,2456997.9769711,11.250959186242099,0.15302537725003176,13.831807531390867,0.014783800122295958,16.750447746604458,1.91,bc076780,bc,B,V
481037539135,2456999.9673263,8.452852221879839,0.1597126597483017,14.14227321344044,0.02053753130432842,16.70400803819423,1.57,bc077539,bc,G,V
481037539135,2457006.9508238,9.593153369391784,0.08221568904038312,14.004877935125622,0.009315485320692481,17.42496964138688,1.67,bc080041,bc,G,V
481037539135,2457007.9992329,9.413554711788723,0.0840974887899662,14.025397276820943,0.009710499030473876,17.40039882454315,1.44,bc080412,bc,G,V
481037539135,2457013.0114891,10.407867984984815,0.06327006360527335,13.916376967192601,0.0066076749211093876,17.709360716040003,1.50,bc082411,bc,G,V
481037539135,2457017.9105442,9.731941090137179,0.08616458383856239,13.98928272608176,0.009623687143069555,17.374034406727652,1.61,bc083067,bc,G,V
481037539135,2457020.9642565,14.635351650812439,0.11042742045062344,13.54627349975976,0.008201361176789426,17.104664075416892,1.51,bc083814,bc,G,V
481037539135,2457023.9085716,12.424363143955844,0.12834224569326358,13.724096062946074,0.011228136151091438,16.941432308243595,1.68,bc084582,bc,G,V
481037539135,2457035.104327,8.953929389494025,0.10665303778058713,14.079747241458405,0.012947077192156632,17.142423318930685,1.34,bc086457,bc,G,V
481037539135,2457036.0316717,10.960195011861432,0.04073074484816359,13.860235700756093,0.004039394253486448,18.187550513288276,1.39,bc086824,bc,G,V
481037539135,2457038.9803126,9.936341954476001,0.07885205450127901,13.966715081698378,0.008625785554218527,17.47032386013783,1.44,bc088118,bc,G,V
481037539135,2457041.9899856,9.032387826285879,0.09922714103215613,14.070274962649904,0.011940982844486742,17.220780197457103,1.38,bc089261,bc,G,V
481037539135,2457043.9608719,19.581780815145578,0.16041878439636906,13.23015094184733,0.008904616263206828,16.699218341006738,1.41,bc090069,bc,G,V
481037539135,2457045.9597264,9.267162494699834,0.0795575111149321,14.0424144589981,0.009331395193422663,17.460653423293767,1.39,bc090893,bc,G,V
481037539135,2457048.9642442,9.350838239554822,0.08287604782507155,14.032655044048077,0.009633645494835795,17.41628381279133,1.68,bc092096,bc,G,V
481037539135,2457050.9937155,12.904544514612487,0.08486232831748879,13.68292470434002,0.007147998219558365,17.390569035989976,1.41,bc092687,bc,G,V
481037539135,2457051.9553629,14.11213881358812,0.10896445982653606,13.585799305186725,0.008392748385680077,17.119144218047733,1.44,bc093066,bc,G,V
481037539135,2457052.9444224,8.924342180315538,0.11602395030514427,14.083340870004006,0.014131348497627235,17.050987273805248,1.63,bc093366,bc,G,V
481037539135,2457054.8778264,23.356088509796958,0.2050241134830676,13.03878112357542,0.009541507653164019,16.43284403693061,1.57,bc094069,bc,G,V
481037539135,2457065.0376515,10.680051909873326,0.11228465197676046,13.888347995604757,0.011427709882619468,17.086555400559657,1.51,bc095840,bc,G,V
481037539135,2457069.9835478,14.540744949290282,0.1124994436339653,13.553314762508194,0.008409610675134684,17.084480457053964,1.51,bc096920,bc,G,V
481037539135,2457070.9363778,8.224320818399189,0.10073501379836679,14.17203129662473,0.013313510335182728,17.204405268028058,1.45,bc097266,bc,G,V
481037539135,2457072.8826738,13.840541269609052,0.09740356132970122,13.60689871790592,0.0076495155908687,17.240919303391028,1.39,bc097958,bc,G,V
481037539135,2457076.9314069,13.68904555324584,0.10240545239535576,13.61884848275923,0.008131339318714223,17.186548692453965,1.63,bc098623,bc,G,V
481037539135,2457078.8011691,9.685696972034648,0.08477556136143741,13.99445421069234,0.009513755135223179,17.391679708068665,1.49,bc099269,bc,G,V
481037539135,2457080.8931634,17.855947430608133,0.16462531667011596,13.330324157866112,0.010021342317082405,16.6711148352489,1.39,bc099876,bc,G,V
481037539135,2457091.9706761,11.902965654783081,0.06838232661948665,13.77064345333735,0.006244545943126214,17.624996711138586,1.43,bc101454,bc,G,V
481037539135,2457095.8726473,19.654668773111958,0.1622204576747094,13.226117081153156,0.008971231541192433,16.687092337808586,1.42,bc101987,bc,G,V
481037539135,2457097.9323037,8.946233454639614,0.09367289646605104,14.08068083694449,0.01138114338735084,17.28332152045915,1.40,bc102701,bc,G,V
481037539135,2457100.9326552,8.07849177305642,0.1010994133859586,14.191455686918319,0.013602869175454014,17.20048480450113,1.40,bc103659,bc,G,V
481037539135,2457102.8960083,13.470186778300505,0.12388293515114074,13.636347360231266,0.009996547673090786,16.979827677375894,1.53,bc104212,bc,G,V
481037539135,2457104.8754563,9.050680282152857,0.08760728019702435,14.068078345542222,0.010521342218856066,17.35600589943197,1.62,bc104789,bc,G,V
481037539135,2457108.7750089,9.896156546514105,0.08545895151575254,13.971115012653728,0.009386489012621338,17.38296249314204,1.51,bc105825,bc,G,V
481037539135,2457118.8894417,22.539715976983093,0.2950895972927227,13.07741030652018,0.014230417215648982,16.037471644393325,1.50,bc108815,bc,B,V
481037539135,2457119.8965444,9.15131689208285,0.10893025328640582,14.05607241858236,0.012938296271522255,17.11948511002105,1.40,bc109115,bc,G,V
481037539135,2457121.8435611,18.163846343048778,0.15724180390792894,13.311761856184852,0.00940962618928767,16.720936349962795,1.40,bc109579,bc,G,V
481037539135,2457125.8426171,21.680051363864024,0.1778279545171231,13.11963063754758,0.008915627166460098,16.58735631117133,1.38,bc110611,bc,G,V
481037539135,2457131.8325305,10.322632472503276,0.07434992404200261,13.92530524208075,0.007828926879217442,17.534155070750437,1.51,bc111868,bc,G,V
481037539135,2457134.7857025,9.254532235797718,0.10927973493637066,14.0438952232252,0.012835043150376237,17.11600731133923,1.58,bc112691,bc,G,V
481037539135,2457137.7975477,9.100842554429503,0.09351535756186007,14.062077401790997,0.011168979924299148,17.285149046798452,1.67,bc113503,bc,G,V
481037539135,2457144.8156696,12.390978300475426,0.15011554771156396,13.72701741345065,0.013168376995161506,16.771292205779396,1.42,bc114442,bc,G,V
481037539135,2457148.8100718,8.234985848387824,0.12907695245763104,14.170624261560803,0.01703719203203011,16.935234636075243,1.63,bc114942,bc,G,V
481037539135,2457151.7900729,22.457639427369454,0.18424315501416957,13.081371142862938,0.008917424272311548,16.548877988777928,1.60,bc115827,bc,G,V
481037539135,2457159.7727043,8.07208828100766,0.10994079157172612,14.192316647143311,0.01480420632727923,17.109459244793335,1.43,bc117506,bc,G,V
481037539135,2457171.7396324,8.453385193750798,0.2715306614416008,14.142204757421233,0.034914063010434315,16.127809199812894,1.81,bc120109,bc,G,V
481037539135,2457298.1385402,9.283144380488256,0.14722152813550476,14.040543641827174,0.01723806003530791,16.79242809036428,1.92,bc147297,bc,G,V
481037539135,2457299.1378723,9.557127434976845,0.12961124650547842,14.008962962164802,0.014741018223140306,16.930749675269595,1.58,bc147586,bc,G,V
481037539135,2457314.1091675,10.135967882997154,0.07393400419984573,13.945118340105562,0.007928502632503177,17.540245824084504,1.43,bc151386,bc,G,V
481037539135,2457317.1044131,9.193737090806918,0.1007904690073372,14.051051203850625,0.01191624869567109,17.20380772841368,1.42,bc152548,bc,G,V
481037539135,2457321.1090202,8.806746942338332,0.1092208842077823,14.097742611321332,0.01348038647835176,17.116592173464564,1.38,bc154339,bc,G,V
481037539135,2457324.0818991,9.269013075939078,0.13687374569695424,14.042197667454419,0.016050879346191302,16.87155601279431,1.55,bc155471,bc,G,V
481037539135,2457328.1220989,9.299391074441317,0.09059309403386033,14.038645124978402,0.01058894648008409,17.319618662655444,1.60,bc156435,bc,G,V
481037539135,2457334.1469093,15.360235339586405,0.1460427409254746,13.493786730203263,0.010334614424330634,16.801156455729252,1.80,bc158248,bc,G,V
481037539135,2457335.0596815,9.330259541286503,0.08702754583888817,14.035047092637127,0.010138534528642634,17.363214552004777,1.58,bc158559,bc,G,V
481037539135,2457343.0353502,9.241955945191036,0.09290603530304592,14.045371669565046,0.01092678017299121,17.292246575493902,1.50,bc159511,bc,G,V
481037539135,2457350.0199576,8.901083522754849,0.12074817474529571,14.086174213940852,0.014745172954727494,17.00765495720994,1.42,bc160437,bc,G,V
481037539135,2457355.0009089,11.679569907851231,0.2442178642739804,13.791214278330752,0.022728080091319235,16.242912821314814,1.45,bc161447,bc,B,V
481037539135,2457361.1378406,21.11712569079844,0.17407574610919882,13.148194392302916,0.008960157280895768,16.610510730454372,1.41,bc163708,bc,G,V
481037539135,2457363.0889019,11.231626792081263,0.051144456019638164,13.833674744126858,0.004949576855646612,17.940359984312643,1.47,bc164535,bc,G,V
481037539135,2457365.9799063,11.351947960271927,0.05294166071700239,13.822105425626212,0.0050691990123136205,17.90286249247453,1.50,bc165759,bc,G,V
481037539135,2457366.9876279,16.96257640126384,0.13543884671411735,13.38605186256415,0.00867887838794156,16.882998276122386,2.02,bc166201,bc,G,V
481037539135,2457369.9578974,12.758360341108062,0.08256020743581953,13.69529424452689,0.0070337687217811905,17.420429455010087,1.50,bc167133,bc,G,V
481037539135,2457380.1013145,8.297570895239067,0.1026485417249785,14.162403975141816,0.013446646408166901,17.183974433796525,1.53,bc169123,bc,G,V
481037539135,2457380.9314047,11.971755098209778,0.12236611867629797,13.764386844375585,0.01111003772161994,16.993203431441536,1.78,bc169431,bc,G,V
481037539135,2457389.0705852,10.460791588439692,0.07501519304839749,13.910870030310356,0.007794654221348233,17.524483315569196,1.64,bc171948,bc,G,V
481037539135,2457389.9622402,15.836221723879923,0.14298000683689463,13.460652470253134,0.009813770836216316,16.824168109934895,1.50,bc172231,bc,G,V
481037539135,2457392.0489559,9.160632994314138,0.0848420684430939,14.054967694026521,0.01006695057746532,17.390828273577913,1.42,bc173002,bc,G,V
481037539135,2457394.9595895,9.301531071150887,0.08063314247114138,14.038395301674191,0.009422612192218719,17.446072429553674,1.39,bc173823,bc,G,V
481037539135,2457397.001983,15.982347175404863,0.1256070024541176,13.450680003606713,0.008542509369569339,16.964821764871218,1.48,bc174728,bc,G,V
481037539135,2457398.9685928,9.20808007411072,0.0795327306118083,14.049358686283346,0.009388343664960502,17.460991660125128,1.38,bc175549,bc,G,V
481037539135,2457401.9171931,9.144542892306376,0.087375836094634,14.056876401257249,0.010385837324397752,17.358878032392067,1.51,bc176373,bc,G,V
481037539135,2457403.8637226,20.71548133253477,0.1735838803580197,13.169043832621021,0.00910807370561095,16.613582912379425,1.68,bc177177,bc,G,V
481037539135,2457404.9371677,9.589677307834659,0.09258108345839867,14.005271420945036,0.010493743347606312,17.296050746326152,1.58,bc177668,bc,G,V
481037539135,2457406.0739984,8.420721232475692,0.0942226440619041,14.146408178775566,0.01216236883173499,17.276968175725088,1.46,bc178207,bc,G,V
481037539135,2457406.854889,13.689405714720024,0.11678459660055862,13.618819917202451,0.00927284803730772,17.043892481353424,1.38,bc178469,bc,G,V
481037539135,2457408.102623,10.371226029042214,0.06916903989252188,13.92020615622174,0.007249262411510086,17.61257702504095,1.79,bc179082,bc,G,V
481037539135,2457408.8734233,9.487417174986104,0.12308969754262429,14.016911410678045,0.014102167854029086,16.986802132340323,1.66,bc179310,bc,G,V
481037539135,2457410.8448281,16.484956986683645,0.1873211009507246,13.41706185876876,0.012351254085904975,16.530889639636897,1.52,bc180153,bc,G,V
481037539135,2457415.9947314,19.159745948576425,0.1613335433700036,13.25380703904153,0.009152655134988245,16.693044712867536,1.40,bc182429,bc,G,V
481037539135,2457417.9917188,9.020438462717333,0.09568443016807836,14.071712284245674,0.011529906869821333,17.260253206554783,1.44,bc183257,bc,G,V
481037539135,2457418.9125816,16.54035697990201,0.1283622525006944,13.413419208475583,0.00843537945827221,16.941263069953138,1.41,bc183625,bc,G,V
481037539135,2457422.0423459,9.187116886691005,0.08632476732520716,14.051833299787095,0.010213353110558154,17.372017852549938,1.39,bc184980,bc,G,V
481037539135,2457424.0413443,22.250756301069195,0.18463874694239593,13.091419461528117,0.00901966150899484,16.546549283351283,1.52,bc185932,bc,G,V
481037539135,2457428.0445127,22.397351528430026,0.18340340284725584,13.084289738658349,0.008900674018574353,16.553837920520834,1.42,bc187036,bc,G,V
481037539135,2457429.9049379,14.702420540240182,0.10819604690216802,13.541309302216256,0.007998982105349516,17.126827909956145,1.41,bc187757,bc,G,V
481037539135,2457430.8975828,10.482793316010898,0.056621372784563494,13.908588846731911,0.005871046825277292,17.829905407122716,1.93,bc188175,bc,G,V
481037539135,2457431.8840066,9.406299751037409,0.08108835234645065,14.026234368729124,0.009370264158372612,17.439960203739446,1.80,bc188585,bc,G,V
481037539135,2457432.8719912,11.265362960776095,0.04523180955904676,13.830418432271763,0.004364263323024004,18.07374648711403,1.38,bc188879,bc,G,V
481037539135,2457433.8435066,22.14420946371813,0.18115141981682717,13.096630952467548,0.00889188288770559,16.56725203800453,1.53,bc189277,bc,G,V
481037539135,2457434.8248858,9.115799322233178,0.0973425851800788,14.060294514684845,0.011607008235292409,17.2415992040373,1.46,bc189674,bc,G,V
481037539135,2457437.7709385,8.311235499865566,0.13174877926515596,14.160617433838215,0.017230313694726464,16.912989893943905,1.54,bc190456,bc,G,V
481037539135,2457442.9504178,8.30881587468225,0.13507204342899323,14.160933566998434,0.017670079674907937,16.885942718400134,1.53,bc192660,bc,G,V
481037539135,2457445.9779586,20.804615704825736,0.1836362691215106,13.16438215932736,0.009594247891018181,16.55246024176806,1.37,bc193849,bc,G,V
481037539135,2457447.9933657,9.287221643263933,0.08841005334011806,14.040066878808357,0.010347323209955473,17.346102262199473,1.39,bc194588,bc,G,V
481037539135,2457448.9369905,15.05356119986076,0.1202957817761392,13.515683273214854,0.008686069880958878,17.011730396471656,1.38,bc194941,bc,G,V
481037539135,2457449.9144021,8.334321067401007,0.09185055111901935,14.1576058370256,0.01197908680944122,17.30465197744987,1.45,bc195316,bc,G,V
481037539135,2457450.7226114,12.753005176207372,0.12762358611075045,13.695750064619826,0.010877537281143813,16.947529034298007,1.53,bc195579,bc,G,V
481037539135,2457452.7688197,8.220573796851006,0.0966453999603988,14.172526073529108,0.012778833981550367,17.249403424417316,1.66,bc196438,bc,G,V
481037539135,2457454.7848528,11.82902321784221,0.05665916112904286,13.777409193964766,0.005206350817926248,17.829181043036083,1.42,bc197273,bc,G,V
481037539135,2457458.8862692,10.200809811259992,0.05856690609905552,13.938194778396225,0.006240649685692795,17.793225688037545,1.47,bc198596,bc,G,V
481037539135,2457461.8322383,9.032043044377751,0.09215868751554421,14.070316407874849,0.011090789308438308,17.301015690957826,1.34,bc199644,bc,G,V
481037539135,2457464.8608484,8.578992067129272,0.10782315078436215,14.126190738915497,0.01366117091873493,17.13057634733761,1.37,bc200650,bc,G,V
481037539135,2457472.9195855,8.649387137252214,0.11975362467013421,14.117318064276619,0.015049272424919411,17.016634725195004,1.44,bc203327,bc,G,V
481037539135,2457475.8386659,8.07817579288109,0.09917365400084374,14.19149815497245,0.013344281278938476,17.221365606480067,1.36,bc203798,bc,G,V
481037539135,2457478.8619856,19.36657594546667,0.15723019063417526,13.242149296374162,0.008824604907203968,16.72101654121667,1.36,bc204727,bc,G,V
481037539135,2457482.8589005,23.269658144847106,0.18790018788445154,13.042806396761819,0.008777066400618344,16.52753835777981,1.49,bc205669,bc,G,V
481037539135,2457488.7543817,13.89426069570021,0.09645785659865524,13.602692796492386,0.007545957183265761,17.25151237571578,1.56,bc206881,bc,G,V
481037539135,2457490.8735999,8.637979973294259,0.09728209622715848,14.118750922458098,0.012241451041734361,17.24227409324265,1.60,bc207746,bc,G,V
481037539135,2457498.7991369,9.242011870885785,0.11373298529012817,14.045365099487434,0.013376179540236512,17.072640296778594,1.54,bc209984,bc,G,V
481037539135,2457501.8419711,9.294295125135786,0.10996165322774956,14.039240257835628,0.012859881734751014,17.109253242033116,1.47,bc211153,bc,G,V
481037539135,2457503.8347457,11.195119085768908,0.06394879866915504,13.83720961037313,0.006208916871565963,17.697775417897393,1.42,bc211749,bc,G,V
481037539135,2457505.8088112,8.866419938263995,0.08896918001016371,14.090410662409912,0.010906953552750924,17.339257423963662,1.66,bc212470,bc,G,V
481037539135,2457508.81396,23.03825999025363,0.18690567536285088,13.053657216897687,0.008818302374903917,16.533300171512003,1.65,bc213513,bc,G,V
481037539135,2457510.7760478,10.655794699032892,0.047103182003644606,13.890816793198436,0.004804813936418417,18.029730777662245,1.61,bc214013,bc,G,V
481037539135,2457512.8071043,10.136986010270059,0.06190420198348734,13.945009286669345,0.0066377891812060795,17.733056070145057,1.60,bc214779,bc,G,V
481037539135,2457526.7548042,18.730628092767308,0.1621729660536939,13.278400552556553,0.009411054569489236,16.68741024420838,1.55,bc217515,bc,G,V
481037539135,2457530.7525203,22.341741813856352,0.1991274764795628,13.086988832762973,0.00968782608895239,16.4645284186443,1.55,bc218761,bc,G,V
481037539135,2457669.1426327,16.273605397372943,0.17663135255136822,13.431071951996552,0.011797668427569616,16.594686907301252,1.56,bc251383,bc,G,V
481037539135,2457670.1231133,9.058602156814054,0.09204754316748073,14.067128438586291,0.011044935589835627,17.30232589047543,1.45,bc251773,bc,G,V
481037539135,2457672.118025,17.743234785410984,0.14860695189065187,13.337199406168555,0.00910371178011641,16.782258577768165,1.46,bc252580,bc,G,V
481037539135,2457677.1229106,8.758384918175656,0.14662460023672091,14.103721334813859,0.018196798492374763,16.796839291059335,1.49,bc254474,bc,B,V
481037539135,2457679.1372139,12.53446769437837,0.12267405573527272,13.71451666614136,0.01063797587427243,16.990474584300294,1.68,bc255296,bc,G,V
481037539135,2457689.1388594,9.138890202709621,0.100454124280768,14.057547755473177,0.011947759859309832,17.207436963673846,1.54,bc258145,bc,G,V
481037539135,2457692.0999955,9.44584257276664,0.08057915008045306,14.021679646468348,0.009272442560991264,17.446799687935968,2.02,bc259063,bc,G,V
481037539135,2457697.1175329,10.072935430587918,0.07417019551461144,13.951891279390964,0.008003603149133643,17.536782834114124,1.64,bc260916,bc,G,V
481037539135,2457699.0563009,8.694424099233586,0.09288195087688225,14.111679353221112,0.011611883789563498,17.29252807199043,1.58,bc261681,bc,G,V
481037539135,2457700.1240446,8.876456363443651,0.09183228140523282,14.08918234844764,0.011245219160957637,17.30486795941728,1.59,bc262154,bc,G,V
481037539135,2457704.0437948,9.845352806518687,0.09876266716160978,13.976703195464996,0.010903695102179074,17.22587436899196,1.66,bc263637,bc,G,V
481037539135,2457706.0357522,9.995933858144276,0.14444360685127194,13.960222970039123,0.015706778648059243,16.813110582408793,2.06,bc264479,bc,G,V
481037539135,2457708.0886273,10.07176099099819,0.10702455625389612,13.952017876640943,0.011550218428572888,17.138647804090212,2.13,bc265345,bc,G,V
481037539135,2457716.0751026,11.472354023667219,0.08549568649668499,13.810650053618584,0.008100350967763292,17.382495883989378,1.83,bc267769,bc,G,V
481037539135,2457716.8390174,9.127945292587038,0.0963547354430738,14.058848833221758,0.011473930302294145,17.25267373537161,1.92,bg116373,bg,G,V
481037539135,2457718.1220952,8.560755816585516,0.09316137756793239,14.12850113053387,0.011828671333608303,17.28926663922943,2.20,bc268377,bc,B,V
481037539135,2457720.8116593,9.37934202984221,0.0986971725443514,14.029350471370893,0.011437853000025394,17.226594615497653,1.37,bg117628,bg,G,V
481037539135,2457722.0869439,9.27025266896319,0.08171365193299505,14.042052476048678,0.00958109665997098,17.431619842802984,1.86,bc269910,bc,G,V
481037539135,2457728.7930935,10.766061632793447,0.07221605036428769,13.87963925025366,0.007291032653817057,17.565772062842793,1.40,bg119636,bg,G,V
481037539135,2457732.7812431,12.506682826861965,0.10746640862709307,13.716926064140974,0.00933991173696456,17.13417455462154,1.39,bg120474,bg,G,V
481037539135,2457738.0004403,11.29237971317253,0.09640826471022768,13.827817721672208,0.009279850194383325,17.252070728935614,1.37,bc271592,bc,G,V
481037539135,2457744.9460693,10.955987302402754,0.04665951743288042,13.860652603890863,0.0046291461805315634,18.040005786493225,1.46,bc272010,bc,G,V
481037539135,2457746.850734,8.550069723271546,0.10265849240095687,14.129857263805148,0.013050807939427037,17.18386918840904,1.37,bg123909,bg,G,V
481037539135,2457747.7376946,13.325261530609616,0.12336328631102247,13.648092050667092,0.010062881564531887,16.984391568277026,1.38,bg124085,bg,G,V
481037539135,2457751.72315,16.691339964167383,0.16363417705829053,13.403553397497651,0.010656019008345497,16.67767135197604,1.60,bg125072,bg,G,V
481037539135,2457754.7274503,11.678340971342644,0.09133437850235633,13.79132852663565,0.00850090767307959,17.31077069892124,1.46,bg126012,bg,G,V
481037539135,2457757.8981372,8.145353737413593,0.09893993403043656,14.18250653039773,0.013203036973194828,17.22392735253586,1.39,bc275747,bc,G,V
481037539135,2457760.8877912,20.815476474745992,0.18945601697524903,13.16381551323101,0.009893141455772478,16.518585386967278,2.39,bc276822,bc,G,V
481037539135,2457762.0586721,20.467414524621347,0.1658485185126244,13.18212394107123,0.008807664915430008,16.663077402631284,1.38,bc277156,bc,G,V
481037539135,2457762.8848133,9.427064402240767,0.10292469522996552,14.023840219437213,0.011867392006108637,17.18105741946889,1.40,bc277450,bc,G,V
481037539135,2457765.6860112,11.37374561057199,0.22204001567128848,13.820022628435154,0.02121973282896629,16.34627827039757,1.46,bg129380,bg,G,V
481037539135,2457771.0625635,9.155101943103462,0.09161626915014602,14.05562344305902,0.010877312111764579,17.307424888144208,1.65,bc280707,bc,G,V
481037539135,2457772.9269205,9.384372404640219,0.08179179867200317,14.028768320092519,0.009473636078993205,17.43058199666426,2.17,bc281350,bc,G,V
481037539135,2457777.0438469,22.04593403662044,0.17877822570552573,13.101460145436622,0.008814512374607496,16.581569836718874,1.37,bc282726,bc,G,V
481037539135,2457780.0283817,13.944764394343297,0.09707405429147982,13.598753452060047,0.007566658956718176,17.244598472968647,1.59,bc283914,bc,G,V
481037539135,2457783.0411445,10.014311600695748,0.0658601000778206,13.958228653067744,0.007148475916907296,17.665800427903775,1.40,bc285188,bc,G,V
481037539135,2457785.0044279,8.264816613966945,0.09749359445149997,14.166698350621223,0.01282197818373416,17.23991618739864,1.47,bc285917,bc,G,V
481037539135,2457787.9977476,22.41049686298078,0.1835812568876179,13.083652691062122,0.008904079443802292,16.552785546364156,1.56,bc286977,bc,G,V
481037539135,2457789.8047526,15.699737862129714,0.12579402995565142,13.470050401834827,0.008709230845564873,16.96320631751036,1.39,bc287656,bc,G,V
481037539135,2457790.7760539,8.133407120587695,0.10643792923023852,14.18410012549431,0.014224469477787082,17.14461535197342,1.48,bg136802,bg,G,V
481037539135,2457791.6489058,11.15712622148864,0.12611421811983647,13.840900538727741,0.012286378154024098,16.960446264419133,1.41,bg137044,bg,G,V
481037539135,2457798.9481017,22.731829127300138,0.19455924183084375,13.068195447416155,0.00930314210917058,16.489726730643667,1.58,bc290070,bc,G,V
481037539135,2457800.9031543,10.538964244931378,0.05618289202314611,13.902786576759771,0.005794531556940647,17.838346166633766,1.42,bc290780,bc,G,V
481037539135,2457802.927051,9.139948037225798,0.08211683504603663,14.057422087832919,0.009765638604763639,17.42627588766028,1.38,bc291563,bc,G,V
481037539135,2457805.7317096,9.04662131224133,0.11566141026027722,14.068565376234384,0.013896781998140942,17.054385185289163,1.36,bg141605,bg,G,V
481037539135,2457808.0078487,9.06702652384257,0.08365776794646992,14.06611918907503,0.010028905973136769,17.40609071095518,1.54,bc293313,bc,G,V
481037539135,2457816.8656698,19.38019385213805,0.15721019292812446,13.241386112501434,0.008817282520021853,16.721154642011836,1.36,bc294498,bc,G,V
481037539135,2457817.7316808,8.871784555650457,0.09203677672025341,14.0897539375987,0.01127619523089207,17.302452892292553,1.45,bg143975,bg,G,V
481037539135,2457818.5368704,22.044616532403865,0.22945303011565246,13.101525032901618,0.011313667767838329,16.31062190046756,1.38,bg144195,bg,G,V
481037539135,2457825.9132339,9.023891315111136,0.12287492377007937,14.07129676458431,0.0148006769015969,16.988698240152132,1.42,bc296725,bc,G,V
481037539135,2457827.9176896,13.431792949969893,0.10673645781447516,13.639446433101073,0.00863755787190253,17.141574428451275,1.38,bc297499,bc,G,V
481037539135,2457829.6267606,14.194935654727981,0.13487343372898836,13.579447833964961,0.010327736734209496,16.88754035791676,1.36,bg147979,bg,G,V
481037539135,2457830.8610579,11.520476126599421,0.05180831390660282,13.806105333777785,0.004888112614640037,17.926357747497544,1.54,bc298517,bc,G,V
481037539135,2457831.4895486,9.993729431497215,0.19368309418462976,13.960462436386951,0.02106571964126686,16.494627107273452,1.68,bg148630,bg,G,V
481037539135,2457832.9418984,15.426870804879844,0.11692740392006383,13.489086798366497,0.008238547263955573,17.042565625256664,1.56,bc299365,bc,G,V
481037539135,2457833.6923918,13.106722921626183,0.11850940748984452,13.666046108351164,0.009828129741415509,17.02797432669852,1.40,bg149470,bg,G,V
481037539135,2457837.9276655,9.423606516534438,0.07695325680244484,14.024238544967542,0.00887609687477106,17.496788881945665,2.18,bc301102,bc,G,V
481037539135,2457840.9125893,9.077392910621246,0.08508994481144504,14.064878569312748,0.01018894646931098,17.387660788733264,1.38,bc302242,bc,G,V
481037539135,2457841.9090438,9.639581203401566,0.07440313636890125,13.999635989107071,0.008389677166211853,17.53337828602872,1.48,bc302515,bc,G,V
481037539135,2457842.9053628,13.881797654625393,0.09643928478402579,13.603667130262407,0.007551277734762722,17.251721441453604,1.49,bc302813,bc,G,V
481037539135,2457845.8108897,13.30832327701625,0.0927322763830242,13.649473049716521,0.007573903225233519,17.294279091344194,1.44,bc303625,bc,G,V
481037539135,2457854.8452216,10.345890291178545,0.110846231465738,13.922861732525032,0.011645690299327941,17.100554062126815,1.53,bc306768,bc,G,V
481037539135,2457859.8602375,8.92948231091992,0.08527061203736959,14.082715701312413,0.010379711235147469,17.38535794322296,1.35,bc307965,bc,G,V
481037539135,2457868.8395389,14.913828055245634,0.11019808158086049,13.525808575246153,0.008031507605810615,17.106921308614808,1.56,bc309380,bc,G,V
481037539135,2457870.794048,9.253101656526038,0.08034154049285253,14.04406307090591,0.00943767448439128,17.4500060067558,1.55,bc310057,bc,G,V
481037539135,2457873.5799265,10.721743342470225,0.058849584811516774,13.884117887380283,0.00596609506209096,17.78799788565623,1.36,bg162829,bg,G,V
481037539135,2457880.7894982,8.630209377637359,0.10774911235698673,14.119728073847309,0.013570771607408199,17.131322140911735,1.85,bc312088,bc,G,V
481037539135,2457883.7790489,19.742779705189015,0.18074348114104075,13.221260655562926,0.00995099517503363,16.569699787204897,1.42,bc312946,bc,G,V
481037539135,2457889.7695784,9.58354421652001,0.07372337771148645,14.005966027170292,0.00836163577875533,17.543343332061955,1.44,bc314163,bc,G,V
481037539135,2457893.7594994,10.856508550093997,0.04205098993631739,13.870555957689133,0.004210156289746669,18.152915833364737,1.98,bc315412,bc,G,V
481037539135,2457894.4969444,9.015479232188428,0.09458012130799444,14.072309361296007,0.011403107592500968,17.27285672691766,1.48,bg168852,bg,G,V
481037539135,2457896.752889,9.284106022809466,0.08538774715977605,14.040431176075659,0.009996952687087517,17.383867505088958,1.76,bc316464,bc,G,V
481037539135,2457901.5482851,8.393550398720585,0.10325431967526075,14.149917148327882,0.013371332849311201,17.177585819807735,1.70,bg170248,bg,G,V
481037539135,2457907.5366163,13.938091282708386,0.2927983847582671,13.599273143380234,0.022833765930526963,16.045934702230408,1.68,bg172638,bg,B,V
481037539135,2457910.5192002,10.206214502613483,0.1106851174101079,13.937619675517434,0.01178790727919452,17.10213331847154,1.37,bg173808,bg,G,V
481037539135,2457911.5180503,14.073378414081237,0.1367093685909288,13.588785490981671,0.010558739728341888,16.872860700016588,1.50,bg174219,bg,G,V
481037539135,2457913.4731467,9.172225055539593,0.1274090687995541,14.053594648732288,0.015098639361966436,16.949355539741585,1.46,bg174646,bg,G,V
481037539135,2457917.4808282,9.570818923371137,0.08652783805016688,14.007408655507207,0.009826954060425183,17.369466761819513,1.60,bg176422,bg,G,V
481037539135,2457923.4775923,8.384351236486307,0.10173310099677305,14.151107745901907,0.013188791176111254,17.19370068685454,1.44,bg178643,bg,G,V
481037539135,2458033.1282022,24.225045177098572,0.2514493452152862,12.999119915427082,0.011282311495013037,16.211230121083826,1.60,bc352084,bc,G,V
481037539135,2458044.1260436,19.613722775701476,0.1653481963171913,13.228381323012172,0.009163293598063274,16.6663577391233,1.75,bc353920,bc,G,V
481037539135,2458061.9920459,20.729874131827746,0.15141392759907027,13.108573959428018,0.007939283906854814,16.702226049007212,1.56,bs012020,bs,G,g
481037539135,2458062.9761659,7.8454082724081005,0.09875168385787965,14.16352674965767,0.013681733706523359,17.1662793371782,1.52,bs012222,bs,G,g
481037539135,2458063.9568986,8.313558332798292,0.09105445969157112,14.100598251290108,0.011904919029042591,17.25438755731175,1.48,bs012642,bs,G,g
481037539135,2458064.9635591,13.374425401303407,0.12537757827312054,13.584377790484336,0.01018959486443025,16.907090918987628,1.46,bs012941,bs,B,g
481037539135,2458073.0050367,15.536924914762574,0.09252204070909381,13.421652954958851,0.00647280179991136,17.237027603429716,1.47,bs015665,bs,B,g
481037539135,2458075.0468214,9.07826227554612,0.08773932191642271,14.064774590583793,0.010505185384092418,17.354370709463534,1.45,bc360381,bc,G,V
481037539135,2458077.8355536,9.601653612195188,0.08125444119260428,14.003916318582874,0.009198420224448984,17.43773862392725,1.42,bg224452,bg,G,V
481037539135,2458077.990052,7.703393979545792,0.0806756606085007,14.183360347716453,0.011383415631715221,17.385784285720813,1.86,bs017494,bs,G,g
481037539135,2458079.9860277,11.855099369528734,0.0430633063644285,13.715302625809844,0.003948338199574828,18.067372182610875,1.49,bs018068,bs,G,g
481037539135,2458081.9554853,7.391345776808732,0.08072621790897881,14.22825682324013,0.011871436093114782,17.38510409669398,1.46,bs018995,bs,G,g
481037539135,2458082.107722,10.928154258565764,0.04664803375367119,13.863414362636775,0.004639793995872323,18.040273037025162,1.58,bc362302,bc,G,V
481037539135,2458082.9516152,9.165465901578104,0.05766518864877545,13.99467925718129,0.006838665219223785,17.750356318594516,1.55,bs019327,bs,G,g
481037539135,2458083.9364374,17.42554773891245,0.10408479461366804,13.297099526770527,0.0064925159320280475,17.109172387514676,1.44,bs019792,bs,G,g
481037539135,2458084.9327034,6.944138616092676,0.08266489137947512,14.296019668616866,0.012939422406624684,17.359337862880736,1.48,bs020246,bs,G,g
481037539135,2458085.825603,11.044227480657742,0.07510118284184321,13.851943046194148,0.0073913472556799194,17.52323945071246,1.42,bg226688,bg,G,V
481037539135,2458085.9289678,7.783528276819424,0.07600615470737754,14.172124353521971,0.010614130586194308,17.450518708134098,1.71,bs020717,bs,G,g
481037539135,2458087.8488112,7.102845223595995,0.09877363003226701,14.27148474436267,0.015115441482908396,17.16603807436771,1.96,bs021548,bs,G,g
481037539135,2458088.5580369,17.352726237581095,0.15019965589427994,13.301646334129797,0.009408348480925421,16.710968267178377,1.61,bo007376,bo,G,g
481037539135,2458088.8529631,8.039732672720685,0.22417003375726602,14.136961601372679,0.030307360964588453,16.276196718400374,1.59,bs021936,bs,B,g
481037539135,2458089.8361933,11.719504860379253,0.12862523873668727,13.727792463586342,0.011929688478372325,16.879325126818106,1.58,bk026091,bk,B,g
481037539135,2458089.8374117,10.551137152394881,0.13160393437450696,13.841817451303092,0.013557567557770784,16.854468429060468,1.46,bk026092,bk,B,g
481037539135,2458090.5478152,7.95549506105429,0.13768766270891403,14.14839759614274,0.018812217441643193,16.80540304216301,1.80,bo008092,bo,G,g
481037539135,2458104.8471472,10.007810024795486,0.03331829868731072,13.899217990572343,0.00361872796962538,18.345933568499134,1.64,bk030052,bk,G,g
481037539135,2458105.840155,19.04002563486981,0.1407925472701739,13.200896800360278,0.00803756152446098,16.78119144539823,1.53,bk030344,bk,B,g
481037539135,2458106.7870781,7.650016659786454,0.07574468650802897,14.19090966993889,0.010762222443223574,17.454260180261464,1.64,bk030591,bk,G,g
481037539135,2458106.8449081,8.66431767456347,0.10018433939554526,14.11544548655742,0.012568331999392078,17.210356796576768,1.40,bg232361,bg,G,V
481037539135,2458107.7725833,8.741893836115405,0.05740432534096546,14.046051802287423,0.007137584483995959,17.755279068559545,1.63,bk030911,bk,G,g
481037539135,2458108.7923682,13.44336564689967,0.08328850263504908,13.578795594295414,0.006734249703751214,17.3511779754756,1.98,bk031278,bk,G,g
481037539135,2458109.7509927,6.950606305633359,0.08386774218000181,14.295008897243633,0.01311548738592843,17.343653232823215,1.68,bk031598,bk,G,g
481037539135,2458110.7513056,7.8028910799309,0.07363498097704387,14.169426760611465,0.010257483025361341,17.484930164043767,1.71,bk031951,bk,G,g
481037539135,2458114.7729187,8.05071056636284,0.15667347228286282,14.135480088619856,0.021153071033618062,16.665151939933452,1.49,bs029693,bs,B,g
481037539135,2458115.7445389,11.746274148016779,0.06726310219433383,13.725315290562495,0.0062242773054024874,17.583198378363306,1.50,bk033706,bk,G,g
481037539135,2458116.4810807,8.369925501987076,0.09542668776379241,14.093261641044574,0.012392542871282773,17.20346598684979,1.69,bo013983,bo,G,g
481037539135,2458116.7296153,15.425411096275084,0.11637553105668394,13.429473754625237,0.008200438981069572,16.987986421915277,1.61,bk034047,bk,G,g
481037539135,2458116.7762598,20.59185007692961,0.13896086812526542,13.115827203271603,0.007335155477093989,16.7954093149424,2.00,bs030357,bs,B,g
481037539135,2458117.7298328,7.198681368639251,0.10798562148481648,14.256933244666127,0.016305163337040664,17.06922578118589,1.43,bk034243,bk,G,g
481037539135,2458117.7774536,7.630214288285558,0.0979752962591779,14.193723784959536,0.013956998219792504,17.174849147996365,1.56,bs030827,bs,B,g
481037539135,2458118.0151699,14.653815518933822,0.11445476739526783,13.544904605066465,0.008489758568591093,17.065771675935665,1.73,bc368361,bc,G,V
481037539135,2458118.5733543,15.156002671725965,0.09805075211570713,13.448603939379398,0.007031992985354741,17.17401328806836,1.48,bo014777,bo,G,g
481037539135,2458118.7226618,9.305745491048302,0.10141812419318254,13.978187695896354,0.011846132222332089,17.137351677259513,1.71,bk034582,bk,G,g
481037539135,2458121.7971844,7.824109981629505,0.1201337067733005,14.16647825579378,0.016689453032297456,16.953478417418317,1.43,bs032340,bs,B,g
481037539135,2458125.7611308,7.727081788116381,0.09344769360020884,14.180026849518875,0.013145141048777152,17.22621914408024,1.61,bk036624,bk,G,g
481037539135,2458126.1233025,13.695023171129089,0.10535230802084128,13.618374476042225,0.00836167831573534,17.155746257634025,1.70,bc371448,bc,G,V
481037539135,2458127.1235893,21.425849507236634,0.1764743530027501,13.13243627913845,0.008952734819277296,16.595652397819343,1.59,bc371874,bc,G,V
481037539135,2458127.7454815,19.753524004227714,0.14528670089518408,13.160954161101795,0.007994539456665254,16.747075956154358,1.55,bk037154,bk,G,g
481037539135,2458128.0930352,9.204760604498894,0.07877818050791506,14.049750159651317,0.009302627276582206,17.471341528798327,1.61,bc372261,bc,G,V
481037539135,2458128.5494051,8.541867827918443,0.07719105764478358,14.071183504499544,0.009822596792320651,17.43372313263878,1.53,bo017639,bo,G,g
481037539135,2458128.7268358,7.614647362516447,0.07698054080721496,14.195941132832658,0.010988624540815936,17.436688216955332,1.51,bk037497,bk,G,g
481037539135,2458128.8544963,20.687216389964576,0.12623400949955474,13.11081047920996,0.006632641013866986,16.89969966973148,1.64,bs035120,bs,G,g
481037539135,2458129.0867059,10.986613666915371,0.04649239514698626,13.857621771364581,0.0045997077578570945,18.043901592946852,1.49,bc372659,bc,G,V
481037539135,2458129.537338,14.361589090130783,0.0855520234795555,13.507059380648057,0.006475002820752284,17.322064896573682,1.65,bo018015,bo,G,g
481037539135,2458129.7059114,8.470141107923114,0.07012767283964193,14.080339008532828,0.008999346100165206,17.53791704334364,1.53,bk037838,bk,G,g
481037539135,2458130.0831625,17.55630874328191,0.14085038556570462,13.3486983802813,0.008720411985161644,16.840461293259775,1.58,bc373022,bc,G,V
481037539135,2458130.5295733,7.107987676947927,0.09472433885164105,14.270698956778192,0.014485286492003133,17.21148665467136,1.48,bo018387,bo,G,g
481037539135,2458131.0526206,8.944993022730083,0.08495899394907334,14.080831389153705,0.010323846236512283,17.38933299111762,1.55,bc373384,bc,G,V
481037539135,2458131.5440697,7.711887007141035,0.09495981494300343,14.182163977894957,0.013384167851507898,17.208790962448603,1.52,bo018627,bo,G,g
481037539135,2458132.0762987,9.309095300994164,0.07807146203732424,14.037512713577481,0.009115846608006673,17.481125612589523,1.55,bc373807,bc,G,V
481037539135,2458132.7192943,7.884427809755033,0.07440882530629063,14.15814016952222,0.010258088461606847,17.47357949050358,1.61,bk038487,bk,G,g
481037539135,2458132.8446202,7.01758291565302,0.08361186222411018,14.284596740516633,0.012950678322094773,17.34697087080473,1.51,bs036171,bs,G,g
481037539135,2458132.9896059,16.559511530353543,0.1286492088523424,13.412162599783851,0.008444457816422533,16.938838594188578,1.42,bc374154,bc,G,V
481037539135,2458133.7120504,9.223629017678697,0.05117434370817821,13.987811054934847,0.0060306292168419255,17.880009907177364,1.71,bk038842,bk,G,g
481037539135,2458133.8413554,7.605413478708902,0.07590090109660189,14.19725854717088,0.010847665243156973,17.452023281750954,1.42,bs036644,bs,G,g
481037539135,2458133.9637114,8.123598642156232,0.1006492563304223,14.185410258687867,0.013467106192177383,17.205329967790796,1.38,bc374540,bc,G,V
481037539135,2458134.7414185,14.106595408993908,0.09568277878206051,13.526510095958075,0.007372652110584685,17.20055616284474,1.55,bk039225,bk,G,g
481037539135,2458134.9826204,9.153064570043757,0.08073876476389584,14.055865089288428,0.009587993862132074,17.44465114172713,1.40,bc374888,bc,G,V
481037539135,2458135.7292958,7.250703881602917,0.08022250935166292,14.249115199972799,0.012026195132767082,17.391900005082547,1.50,bk039553,bk,G,g
481037539135,2458135.9870365,11.506383131151145,0.052864730993719786,13.807434327639335,0.004993894559971928,17.904441327158484,1.85,bc375304,bc,G,V
481037539135,2458136.7278016,7.8516566529480505,0.07254767668595095,14.162662372353518,0.010043252500248878,17.501081839274423,1.49,bk039910,bk,G,g
481037539135,2458137.0069529,17.47552687350171,0.14043260906762853,13.353705708879692,0.008734737521553994,16.843686482209364,1.72,bc375732,bc,G,V
481037539135,2458137.8247735,7.952142855026079,0.07288848178241661,14.148855189095723,0.00996292597824586,17.495993350783106,1.64,bs037298,bs,G,g
481037539135,2458138.8218495,11.663870700983816,0.04116697219551074,13.732958880632909,0.0038363515899048494,18.116268296215775,1.44,bs037761,bs,G,g
481037539135,2458138.9843807,9.294941066910138,0.07976300949371887,14.03916480316244,0.009327538791115619,17.457852564336633,1.53,bc376344,bc,G,V
481037539135,2458139.6911517,7.741540378030656,0.0749616532739105,14.177997164011947,0.010525044620015515,17.465542720644343,1.67,bk040961,bk,G,g
481037539135,2458139.8819194,17.952519707143765,0.10808544643784503,13.264752091930836,0.0065441610886493645,17.06822255965887,1.42,bs038265,bs,G,g
481037539135,2458140.7242676,7.789198344416185,0.07192581489855837,14.171333715107131,0.010037006393788177,17.510428633891248,1.59,bk041349,bk,G,g
481037539135,2458141.8651526,8.080412469228174,0.07058352780181018,14.131481796912071,0.009494716533803512,17.530882209360097,2.00,bs038868,bs,G,g
481037539135,2458141.9400909,8.951182878624902,0.08335686031301069,14.080080329156052,0.010122157504488794,17.4100030229346,1.45,bc376990,bc,G,V
481037539135,2458146.6384604,7.246279631321587,0.127819256149249,14.24977789905833,0.019173145551095942,16.886149896890274,1.54,bk043458,bk,G,g
481037539135,2458147.3915913,16.5073809709683,0.1392159575647668,13.355870186260749,0.009166911048537155,16.793418064112192,2.02,bo022151,bo,G,g
481037539135,2458147.6372006,7.280588673172848,0.13555149778852044,14.244649383074252,0.02023718014666115,16.822379809644364,1.49,bk043824,bk,G,g
481037539135,2458147.6384228,7.697448163849531,0.13384520554010151,14.184198689883573,0.018900279153366915,16.836133564020134,1.47,bk043825,bk,G,g
481037539135,2458147.942396,20.120644458045405,0.17579008892723988,13.200676687204062,0.009496524031076037,16.59987042908436,1.46,bc377740,bc,G,V
481037539135,2458148.4059092,7.027802379677135,0.14744186342120907,14.28301677046826,0.02280412657682272,16.731088583918666,1.63,bo022477,bo,G,g
481037539135,2458148.6939598,9.380112753379745,0.11797009012376714,13.969545475194824,0.013670236403499495,16.973210833447048,1.95,bs042010,bs,G,g
481037539135,2458148.7000658,9.297881762179108,0.1434793300856392,13.979105574493895,0.016773260572717396,16.76066726079376,1.56,bk044243,bk,G,g
481037539135,2458148.7025055,8.794523473978078,0.15309545134127056,14.039534841175026,0.018921786925280373,16.690234892807776,1.47,bk044245,bk,G,g
481037539135,2458148.9921336,8.478540011991951,0.12154086728179246,14.138978719430854,0.015581649454141873,17.000550566109766,1.42,bc378201,bc,G,V
481037539135,2458153.4486861,7.818572468165208,0.10989725610746993,14.167246957597062,0.015278177663969675,17.05017348848767,1.53,bo023854,bo,G,g
481037539135,2458153.7265097,17.388012250824303,0.11427728228535336,13.299440778523259,0.007143682410322656,17.007740852573825,1.81,bs043097,bs,G,g
481037539135,2458153.7406724,16.139971779800124,0.1378587537910294,13.380308694688818,0.009284184232560298,16.80405474078863,1.46,bk045833,bk,G,g
481037539135,2458153.7646217,16.293887243945516,0.2136620260592111,13.42971963800588,0.01425327972361855,16.388038037943844,1.34,bg244519,bg,G,V
481037539135,2458157.7980212,14.919778913209106,0.08900108446389006,13.465659653161236,0.006484031014308948,17.27915236522839,1.46,bs044750,bs,B,g
481037539135,2458158.6627637,9.102798658350219,0.09387590205230346,14.061844062446376,0.011209632092245849,17.280971085771398,1.37,bg245238,bg,G,V
481037539135,2458158.8059581,7.675442581803042,0.07600095547560584,14.187307054321838,0.010762862640451041,17.45059298089893,1.50,bs045212,bs,G,g
481037539135,2458159.7916202,7.577631256037035,0.07562771235392313,14.201231952926596,0.010848249590109903,17.45593820215143,1.52,bs045660,bs,G,g
481037539135,2458160.7885638,9.986341970185277,0.05418953519550714,13.901549537626616,0.0058982226791974976,17.817852046648433,1.54,bs046093,bs,B,g
481037539135,2458161.7795714,19.584024009278224,0.11867388054211095,13.17031079004592,0.0065866620850865715,16.966752752233138,1.45,bs046445,bs,G,g
481037539135,2458162.0385405,9.37886791813455,0.07695269510081446,14.029405355098888,0.008918372082360009,17.496796807042635,1.47,bc380621,bc,G,V
481037539135,2458162.7743537,7.382033264154732,0.07736183049373759,14.22962562768993,0.011391027807631217,17.43132376834879,1.58,bs046819,bs,G,g
481037539135,2458164.780445,11.471740736099136,0.03244933703630716,13.75099231407618,0.0030746003879546157,18.374626040759512,1.50,bs047437,bs,G,g
481037539135,2458165.7677748,21.04834652222554,0.12908361111456546,13.092020659795782,0.006665999764041284,16.87546284571275,1.54,bs047801,bs,G,g
481037539135,2458166.6439959,8.023865396809134,0.07041197153591151,14.139106535708878,0.009538389278053538,17.53352434959627,1.41,bk049201,bk,B,g
481037539135,2458169.5981872,9.278173819896399,0.08281882140603346,14.04112514338469,0.009702389694078996,17.41703377925411,1.43,bg248511,bg,G,V
481037539135,2458170.7475377,8.043933837478741,0.07654278913651419,14.136394397771335,0.01034303433183317,17.44287990294623,1.52,bs048875,bs,G,g
481037539135,2458171.7879087,8.590805732824593,0.06542799946042288,14.064980876583832,0.008278314389780536,17.61323150787577,1.48,bs049341,bs,G,g
481037539135,2458173.3472738,15.870157801699069,0.10930013984054217,13.398612509543437,0.007486031412615001,17.056088817456832,2.06,bo029452,bo,G,g
481037539135,2458174.3235401,7.887784612743087,0.09923461149338807,14.157678014626791,0.013674778590014758,17.160982677052377,2.05,bo029588,bo,G,g
481037539135,2458174.7746042,7.837842451278567,0.07622318667690194,14.164574298625805,0.010570675588494694,17.447422857828062,1.46,bk051594,bk,G,g
481037539135,2458175.570824,20.179429635312104,0.1666823602846845,13.137793405059394,0.008978275493637711,16.597916507438697,1.45,bk051807,bk,G,g
481037539135,2458175.5960895,21.56581144592891,0.1575282699314319,13.065651112859209,0.007939714245835871,16.659244353056636,1.58,bs050870,bs,G,g
481037539135,2458176.3512128,10.71892648811522,0.09538710361636683,13.824687391080948,0.009672762891001703,17.20391645683207,2.01,bo030282,bo,G,g
481037539135,2458176.6900951,7.715379906503176,0.11051167056251451,14.181672333148928,0.015569081821228653,17.044120251383376,1.56,bs051368,bs,G,g
481037539135,2458176.7401308,23.009210172977,0.18396340413010528,12.995311344559449,0.008690442669578944,16.490812018117904,1.48,bk052321,bk,G,g
481037539135,2458181.7813512,9.084110110063353,0.22278463892406822,14.004359647937674,0.02665723040428056,16.28292750448441,1.63,bk054065,bk,G,g
481037539135,2458182.3669836,7.988379974022694,0.1093439630058732,14.143918836600108,0.014878127240883601,17.055653585980433,1.52,bo032367,bo,G,g
481037539135,2458182.7805809,7.927607998401198,0.12266203994613889,14.152210204367524,0.01681822616811659,16.930865153943884,1.50,bk054449,bk,G,g
481037539135,2458183.3368332,8.653537945156636,0.08807150175170528,14.057081366360167,0.01106251498694301,17.290552106989324,1.39,bo032779,bo,B,g
481037539135,2458183.7564306,14.338966339312046,0.11104125022614345,13.50877100917472,0.008417413658644804,17.03892975416824,1.47,bk054815,bk,G,g
481037539135,2458186.6345881,15.50119768389819,0.10865548978191965,13.424152485338244,0.007619010843523199,17.06251142695997,1.51,bk055844,bk,G,g
481037539135,2458188.6546518,9.261815113361257,0.08795275616104024,14.043041136390016,0.01032203955100105,17.351732760123433,1.39,bg254831,bg,G,V
481037539135,2458190.6518532,16.691481649909143,0.12063768134578318,13.343828398945512,0.00785597811246432,16.948933157759086,1.44,bk057378,bk,G,g
481037539135,2458191.5135824,9.20219701720605,0.09410496383473375,14.05005258655022,0.011115606846596869,17.27832506334533,1.35,bg255804,bg,G,V
481037539135,2458192.7565824,7.642586636861689,0.0761360944203211,14.191964695740564,0.010828352794950712,17.448664124205038,1.46,bk058267,bk,G,g
481037539135,2458193.6595869,10.353927585759772,0.03618411857182495,13.862302814161678,0.0037986129745701753,18.256345616740123,1.46,bk058593,bk,G,g
481037539135,2458194.4988487,7.464189912977064,0.09028443212090936,14.217608920466695,0.013147475271860465,17.26360843463015,1.54,bk058867,bk,G,g
481037539135,2458194.716461,15.829557178646226,0.15809166209982012,13.461109489685851,0.010855563501408974,16.715083980066016,1.45,bg257129,bg,G,V
481037539135,2458194.8689623,10.514439988898518,0.05156593914571684,13.905316037973474,0.005330757882799212,17.931449064289872,1.42,bc384849,bc,G,V
481037539135,2458195.5023349,9.40673032496213,0.08464014271723184,14.026184670227916,0.009780247966000482,17.39341542621742,1.44,bg257344,bg,G,V
481037539135,2458195.8421549,17.432715754171348,0.13895107060986198,13.356368782241606,0.008663812026297974,16.855201650327363,1.36,bc385194,bc,G,V
481037539135,2458196.501313,13.239669063738432,0.12080576088719196,13.655088580275251,0.009917967664284925,17.00713728102164,1.73,bg257734,bg,G,V
481037539135,2458196.87784,9.2275589935918,0.0788528860104054,14.047064328501373,0.009288443321411934,17.470312410914236,1.34,bc385460,bc,G,V
481037539135,2458198.7431843,15.546409915160423,0.11186249325353191,13.420990335667192,0.007821076843043688,17.030929374198877,1.51,bk060682,bk,G,g
481037539135,2458199.2412968,23.025545434149745,0.16425166106463227,12.994540805649013,0.007753753964755098,16.61386618583895,1.48,bo036879,bo,G,g
481037539135,2458199.7178239,6.914277631615516,0.08567104598037092,14.300698587412823,0.013467885889739649,17.320555438069775,1.44,bk061066,bk,G,g
481037539135,2458200.4939864,15.27287429690416,0.18531932607809568,13.499979461218501,0.013189007266675249,16.542554613169575,1.88,bg259263,bg,G,V
481037539135,2458201.6124684,16.112450776751682,0.1076898880197554,13.38216161327816,0.007264830641240802,17.072203298030036,1.43,bs058269,bs,B,g
481037539135,2458202.3134661,9.754659882399531,0.11602774024774513,13.927035293868801,0.012928908899478413,16.991236026386968,1.43,bo037866,bo,B,g
481037539135,2458203.3003591,21.082953988466492,0.1497873606849281,13.09023696990023,0.0077224637809123475,16.713952690456424,1.47,bo038119,bo,G,g
481037539135,2458203.6399334,8.162028091571994,0.09871246685190156,14.120570409361818,0.013145771910834853,17.166710598484514,1.47,bs058696,bs,G,g
481037539135,2458210.5090988,9.076588758981536,0.1255633145024987,14.064974757197678,0.015036691340083013,16.965199465483597,1.41,bg262881,bg,G,V
481037539135,2458210.70748,7.139770283576315,0.13764302113718618,14.26585502497769,0.02095473293322832,16.805755120401514,1.63,bk065499,bk,B,g
481037539135,2458211.2523467,7.054968301830806,0.09152389172125176,14.278827955288381,0.014101054284757638,17.2488044148475,1.45,bo039777,bo,G,g
481037539135,2458211.5272251,12.130632738284143,0.10905440279741588,13.750072768472062,0.009771740427926282,17.1182483841349,1.49,bg263309,bg,G,V
481037539135,2458211.7072276,8.041534604831241,0.11996053737730485,14.136718284362226,0.016214801634411247,16.955044605029823,1.64,bk065927,bk,G,g
481037539135,2458212.701137,10.207763964791472,0.07681143574644396,13.877739074142646,0.008179136127825719,17.43907590407656,1.65,bk066341,bk,G,g
481037539135,2458213.7002994,18.81864018593891,0.1474018153180185,13.213595025813332,0.008513865130160747,16.731383531234606,1.61,bk066629,bk,G,g
481037539135,2458214.6905417,7.593020210722418,0.08800666216006661,14.199029232625124,0.012598335410235327,17.291351737037278,1.48,bk067241,bk,G,g
481037539135,2458215.6592302,8.0741807956112,0.07259015050440515,14.132319447713533,0.009772178689344725,17.50044636932618,1.48,bk067640,bk,G,g
481037539135,2458216.6768209,12.286620660878015,0.07398182379397772,13.676484497276126,0.006544926231756285,17.47982802818212,1.46,bk068076,bk,G,g
481037539135,2458217.6475768,8.34849440092073,0.06623496156175221,14.096045221695842,0.008623653557070976,17.599922389905934,1.50,bk068474,bk,G,g
481037539135,2458218.4714924,11.047556862523228,0.16180707246438422,13.851615790559018,0.015920013344788403,16.689862642743304,1.45,bg266284,bg,B,V
481037539135,2458220.6835536,13.800529521453583,0.09470939162267374,13.550326246164397,0.007459495719651747,17.211657994248995,1.48,bk069288,bk,G,g
481037539135,2458221.6603739,6.894546587084914,0.08587354223916406,14.303801346003231,0.013538353190121168,17.31799216721525,1.56,bk069693,bk,G,g
481037539135,2458223.6694241,9.706936877133986,0.038569858068125545,13.932360108591125,0.004318948325342345,18.187020509632493,1.48,bk070552,bk,G,g
481037539135,2458224.5761438,9.58382001790922,0.04079907934125436,13.946218999371462,0.004627259828341729,18.12601470381088,1.51,bk070917,bk,G,g
481037539135,2458225.6158846,7.660368046670831,0.07851699258799744,14.189441532143817,0.011141051792930136,17.415231469942782,1.52,bk071387,bk,B,g
481037539135,2458227.6637234,11.203183941181635,0.059339905142789064,13.776711955879957,0.005757282682581121,17.719273492081474,1.47,bk072295,bk,G,g
481037539135,2458228.2755153,10.481202482523743,0.0438931940311923,13.849037844678627,0.0045519580021201505,18.046647649324605,2.09,bo043057,bo,G,g
481037539135,2458228.6137821,9.704616255953383,0.038079877875049344,13.932619704763367,0.0042651013199952875,18.200901744190848,1.49,bk072695,bk,G,g
481037539135,2458230.6542447,9.725192529221806,0.09147284851012319,13.990035885036516,0.010223654591040769,17.30912588507098,1.53,bg270541,bg,G,V
481037539135,2458231.2474646,8.092675726238188,0.09122838118468003,14.129835275911898,0.01225321355394103,17.25231569011626,1.68,bo044281,bo,G,g
481037539135,2458235.6279595,28.80755765324641,0.3008479714963955,12.751299522978323,0.011351488682454952,15.956772892555165,1.52,bk075430,bk,G,g
481037539135,2458235.630393,17.664337023427752,0.2802439785030968,13.282322266860183,0.01724452039768384,16.033799886829275,1.60,bk075432,bk,G,g
481037539135,2458241.6163355,8.34842852097238,0.09645900678876922,14.096053789531416,0.012558860179031605,17.191783646939932,1.54,bk077895,bk,G,g
481037539135,2458242.5529139,17.665277871440114,0.13010806861259366,13.282264439298038,0.00800563765475668,16.866880036347418,1.45,bk078289,bk,G,g
481037539135,2458243.3502385,8.259396524884462,0.09857509249462297,14.107694830702552,0.012972720143081795,17.1682226283145,1.51,bo047061,bo,G,g
481037539135,2458243.5517242,7.141468750994695,0.08188758232786697,14.265596771814506,0.012463576438436073,17.369595488767764,1.46,bk078731,bk,G,g
481037539135,2458245.535304,11.93616527588964,0.0984957702070781,13.70790356304865,0.00896943174928706,17.169096659948625,1.52,bk079577,bk,B,g
481037539135,2458246.5587955,21.145847302627963,0.15716554651600856,13.087002892842683,0.008078754818069621,16.661747243792064,1.50,bk080026,bk,B,g
481037539135,2458247.5986913,6.982924537795439,0.09099245332371106,14.28997225031592,0.014163813461526556,17.255127175028957,1.48,bk080504,bk,G,g
481037539135,2458249.5940212,10.690463361161303,0.04384166848506859,13.82757429872841,0.00445761665082715,18.047922927035735,1.44,bk081143,bk,G,g
481037539135,2458250.5859652,22.457033268390944,0.16336959513753121,13.021684666363225,0.007907351107617798,16.619712529492855,1.58,bk081584,bk,G,g
481037539135,2458251.5409904,7.62572137008428,0.07673232518438182,14.194363290029093,0.010937286748315818,17.44019471487668,1.59,bk081994,bk,G,g
481037539135,2458253.5736802,13.188060111637645,0.08565402201684176,13.599613327269699,0.007059582459912834,17.320771209571625,1.52,bk082652,bk,G,g
481037539135,2458254.5772075,11.459164392114598,0.07525900277738178,13.752183247733639,0.007138676179979561,17.46124446298103,1.64,bk083047,bk,B,g
481037539135,2458255.5733688,7.639197937018475,0.07659076142187327,14.192446214656023,0.010897849266223248,17.442199643805722,1.51,bk083494,bk,G,g
481037539135,2458256.5574988,9.548123585520692,0.044773234985181126,13.950270543198076,0.005096976314833411,18.025094425324045,1.52,bk083821,bk,G,g
481037539135,2458258.5493133,7.142234605394254,0.084706306826312,14.265480343206429,0.012891213706107773,17.332851243882953,1.69,bk084722,bk,G,g
481037539135,2458262.5555965,7.724292184053468,0.10209089845814455,14.180418888979753,0.01436615358988852,17.130173046763495,1.52,bk086544,bk,G,g
481037539135,2458263.5296277,8.089335036605076,0.09102453318116853,14.130283564791224,0.012230882950430238,17.25474446060527,1.60,bk086978,bk,G,g
481037539135,2458264.4973705,16.82012447300874,0.21938342690544632,13.395208391120757,0.01417707978433881,16.35934685330325,1.37,bg276953,bg,B,V
481037539135,2458266.5403478,7.466738643478826,0.19237587601777356,14.217238247069076,0.02800475857627898,16.442264085239138,1.52,bk088354,bk,B,g
481037539135,2458268.2872576,7.737753166516604,0.1447815562452358,14.178528443133452,0.020338107639474558,16.750857510157754,1.63,bo052998,bo,G,g
481037539135,2458270.5249511,7.684613926411743,0.10451574548478654,14.186010488509595,0.014783315371077093,17.104686304892923,1.49,bk088918,bk,G,g
481037539135,2458271.4651342,13.11354371380948,0.08402976681202037,13.605765451526183,0.006965066426732534,17.341557715567365,1.47,bk089329,bk,G,g
481037539135,2458276.5055672,14.452699835143491,0.0986846256518545,13.500193164761631,0.007421858799477583,17.16701686641067,1.60,bk090732,bk,G,g
481037539135,2458277.5056043,7.460484165882419,0.07968179110459178,14.218148089878069,0.011609252238758265,17.399242892214758,1.69,bk091193,bk,G,g
481037539135,2458278.5095542,8.89004054646644,0.07116145640518064,14.02780626792574,0.008700681254689023,17.522028541781886,1.43,bk091657,bk,B,g
481037539135,2458282.4868397,10.570204250571026,0.049894884021881115,13.83985717387202,0.005130796747477362,17.90750056777304,2.46,bk092231,bk,G,g
481037539135,2458283.4910006,19.092437251278415,0.13959680140108777,13.197912192442939,0.007947421887515928,16.790451943048325,1.60,bk092710,bk,G,g
481037539135,2458284.491263,7.38559719334479,0.08350268285329175,14.229101577871768,0.012289295412954225,17.348389538611542,1.43,bk093182,bk,G,g
481037539135,2458290.215917,7.913439437326051,0.0947849792250278,14.154152414804454,0.013019263260623977,17.21079181336465,1.69,bo057107,bo,G,g
481037539135,2458290.4695293,14.352323498839858,0.11910922771988301,13.507760085453857,0.009020598781786324,16.962777089503,1.43,bk095966,bk,B,g
481037539135,2458292.2024709,14.150900494296263,0.10091987063307975,13.523105429475912,0.007751839651611559,17.142698898608355,2.23,bo057648,bo,G,g
481037539135,2458292.4661118,7.882959922155877,0.15410686277455188,14.15834232586449,0.021249310055066917,16.683085662946695,1.51,bk096904,bk,B,g
481037539135,2458296.19833,17.902032101061657,0.15445595926712724,13.267809793409757,0.00937809245895169,16.68062893883359,2.05,bo058399,bo,B,g
481037539135,2458393.1429909,16.184280877719832,0.284476930643456,13.437047887026628,0.019105826040928135,16.07723875991137,1.40,bc428331,bc,G,V
481037539135,2458394.1387012,8.291419628073625,0.14213829189830945,14.16320916624291,0.018633497072638547,16.830578663321855,1.41,bc428579,bc,G,V
481037539135,2458401.9836063,8.164034541675768,0.08123439973358901,14.120303538459677,0.010815517760151924,17.37829067224178,1.62,bs103463,bs,G,g
481037539135,2458402.9765999,12.403267865603144,0.08844364829099036,13.666225314815446,0.00775073161024722,17.285973989249946,1.47,bs103780,bs,B,g
481037539135,2458404.9776323,7.531685150361905,0.08081010921340008,14.20783523037793,0.011662340296810727,17.38397637717372,1.79,bs103941,bs,G,g
481037539135,2458415.1026024,13.059222403006917,0.12128616358576787,13.6699881092094,0.010094995125890084,17.00282824602612,1.51,bc432863,bc,G,V
481037539135,2458418.1337433,9.591412682142721,0.10583903675393323,14.005074960918918,0.011994315651589165,17.15074169701979,1.43,bc433728,bc,G,V
481037539135,2458427.9539108,8.300821542341065,0.07961511578807264,14.10226292939965,0.010425253559957316,17.400151783802777,1.87,bs109127,bs,G,g
481037539135,2458431.0872914,16.05133151987776,0.1242060738639672,13.446003742921794,0.008410928517603718,16.976999308642643,1.75,bc435902,bc,G,V
481037539135,2458436.1102116,8.884264429316033,0.09545331237576078,14.088227713728491,0.01167835573039368,17.262878884494043,1.45,bc437917,bc,B,V
481037539135,2458438.907702,7.958321644220143,0.07697005839715555,14.148011903160594,0.010512657152301907,17.436836071295506,1.49,bs112151,bs,G,g
481037539135,2458441.8881619,7.829676178985859,0.09086025559530109,14.165706120262435,0.012613695014777597,17.256705726000874,1.58,bs113489,bs,B,g
481037539135,2458442.1446513,17.168027829778516,0.157886192022383,13.372980382956847,0.009996222502249977,16.71649601784399,1.38,bc439267,bc,G,V
481037539135,2458443.0916178,9.13302136030266,0.08067202074475828,14.05824522107533,0.009601092082355928,17.44554905448966,1.66,bc439655,bc,G,V
481037539135,2458444.0235591,11.172045598183532,0.10115713868517026,13.8394496555538,0.009841833408932101,17.199865052524302,1.43,bc439794,bc,G,V
481037539135,2458444.8356711,7.8145353608016315,0.12113650712738279,14.167807720533327,0.016849385198674228,16.944452993992666,1.48,bk152492,bk,G,g
481037539135,2458445.0104262,17.516988415089322,0.11906944127257167,13.291417015409381,0.007388445014873078,16.96313982212628,1.44,bs114875,bs,G,g
481037539135,2458449.0785966,16.680078939378188,0.16332728944975972,13.40428615044506,0.010643214764786304,16.67970950704538,1.52,bc441570,bc,G,V
481037539135,2458454.5384863,8.012340056134196,0.08712195701642414,14.140667189422658,0.011818991543323026,17.30232155545764,1.43,bo093292,bo,B,g
481037539135,2458455.960671,18.642419927271504,0.12536942681760568,13.223809906308366,0.007309733212625777,16.90716151070117,1.48,bs118383,bs,B,g
481037539135,2458456.9739494,7.059789365696626,0.08354861219968153,14.278086262953106,0.012863515355565605,17.34779251054927,1.48,bs118853,bs,G,g
481037539135,2458457.8121655,11.027044429027326,0.05745169707267931,13.793917811301554,0.005663121901798491,17.7543834567137,1.49,bk156698,bk,G,g
481037539135,2458459.8133075,7.922113467675409,0.09936899305085924,14.152962976104098,0.013633959611408489,17.15951338907244,1.44,bG022769,bG,G,g
481037539135,2458460.8216199,7.8081434938975125,0.10057485126916106,14.168696157371283,0.014000830107105173,17.146417113927534,1.41,bG023095,bG,G,g
481037539135,2458462.779833,7.51825882183633,0.07983583228904463,14.209772440891324,0.011542310610936512,17.397145968509232,1.56,bk158330,bk,G,g
481037539135,2458464.810662,8.74027998718205,0.08809800182520917,14.046252259534747,0.010956021749478354,17.290225466011577,1.44,bG024364,bG,G,g
481037539135,2458469.7828526,20.510498711324303,0.1445017318499977,13.120125071441393,0.007657887896710858,16.752957981108857,1.46,bG025799,bG,G,g
481037539135,2458469.9476324,10.184109056308614,0.07009967391307843,13.88025801902363,0.007481783365664895,17.538350617099006,1.47,bC005598,bC,G,g
481037539135,2458471.7646125,8.098968255090321,0.10894835785521764,14.12899138053647,0.014621878290369563,17.05958888982799,1.43,bG026184,bG,G,g
481037539135,2458472.8035993,11.019324122580148,0.07525590021281561,13.794678228287648,0.007423312956921708,17.461289223554378,1.58,bk161345,bk,G,g
481037539135,2458473.0127859,7.820749713078352,0.07541776558619533,14.16694465374825,0.01048183808028312,17.45895645806613,1.44,bs120627,bs,G,g
481037539135,2458474.4828226,13.541630415479567,0.17242122715509722,13.57088823064543,0.01383986799169041,16.561163782128418,1.60,bo097698,bo,G,g
481037539135,2458475.940984,7.450246459629633,0.11281826106421798,14.219639022865618,0.016459662817801018,17.021692107945587,1.72,bC007872,bC,G,g
481037539135,2458476.9613516,8.155908220827174,0.09526813231033095,14.121384797335937,0.01269660164446018,17.20527148356846,2.05,bC008297,bC,G,g
481037539135,2458481.1242355,7.3803792692472365,0.06692748994936638,14.229868921549523,0.009856847328594506,17.58862926765377,1.40,bC008681,bC,G,g
481037539135,2458481.5913138,8.252241622915623,0.1746237705982837,14.108635783565708,0.023000834800498794,16.54738220750575,1.53,bo099554,bo,B,g
481037539135,2458482.5842597,12.273738300403277,0.06340225705407455,13.677623474640008,0.005614874222602805,17.647378814975937,1.51,bo099873,bo,G,g
481037539135,2458483.4586479,8.062550357965518,0.08252976487569043,14.133884521741907,0.011126289100396385,17.36111409188752,1.55,bo100096,bo,G,g
481037539135,2458486.9853909,6.77856423968163,0.06744854367225958,14.322221331867855,0.01081551075332325,17.580209169043933,1.51,bC010369,bC,G,g
481037539135,2458489.0378484,8.358078056985704,0.04294877502515599,14.09479956540922,0.0055854289462254824,18.070263657694692,1.67,bC010684,bC,G,g
481037539135,2458490.0245948,14.009426936926705,0.08866216283711892,13.53401469577741,0.00687907625066958,17.283294808111012,1.76,bC011137,bC,G,g
481037539135,2458490.9824422,6.308855866850523,0.07186553111409502,14.400189108390236,0.012381755009360838,17.51133901261711,1.54,bC011516,bC,G,g
481037539135,2458491.7344187,16.76961109103661,0.11676321711469859,13.338758145101433,0.007568245897479449,16.984375480529057,1.50,bG032460,bG,G,g
481037539135,2458493.0317184,9.810160238786187,0.03985675844172429,13.92087536931343,0.004416091324617718,18.151385675086853,1.43,bC012212,bC,G,g
481037539135,2458494.7199539,11.049136240332055,0.05236188476965988,13.791744800695408,0.005151089723482692,17.855102434892306,1.73,bk168475,bk,G,g
481037539135,2458495.7837909,16.011647934157704,0.11454312179474065,13.388975541721912,0.007775801327079479,17.005218073095165,1.52,bk168868,bk,G,g
481037539135,2458497.5554085,13.49164973702867,0.0733482725428823,13.574902977924218,0.005909313149449107,17.489165886339137,1.46,bo102637,bo,G,g
481037539135,2458498.0012876,20.275916845930304,0.13319079697653716,13.132614368634595,0.0071401262152215655,16.841455067381755,1.42,bC014439,bC,G,g
481037539135,2458498.7138097,12.919830356580205,0.12202912929272668,13.621923594265528,0.010266416374369938,16.93648183022531,1.52,bs127485,bs,B,g
481037539135,2458498.7162438,13.145523092661996,0.15111885161670838,13.603120941205448,0.012495480032605243,16.70434399985953,1.50,bs127487,bs,B,g
481037539135,2458499.4243592,8.790348774453475,0.11207523151519665,14.040050355014301,0.013858483542189135,17.02886649977654,1.51,bo103178,bo,G,g
481037539135,2458499.8683999,10.264261042332185,0.04968519666240477,13.871746400896718,0.005261523291677829,17.912073078515995,1.45,bC015127,bC,G,g
481037539135,2458501.4349856,9.565567263890784,0.09614509749810819,13.948288797384787,0.01092517964442244,17.195322750999203,1.49,bo103559,bo,G,g
481037539135,2458502.7204964,12.075334277160687,0.07095706027929596,13.695317717260235,0.00638717220275185,17.525151575038535,1.45,bG035949,bG,B,g
481037539135,2458503.6741515,9.048239713436214,0.18627588116909746,14.008655377887845,0.0223771463060146,16.477249045233076,1.72,bk171419,bk,G,g
481037539135,2458503.6753686,7.7918623648275585,0.17878706577995904,14.170962440841148,0.024940605731095994,16.521800369246225,1.73,bk171420,bk,G,g
481037539135,2458503.6765857,7.298623309033457,0.24998976564122374,14.241963247897003,0.03723003566925409,16.157835037927317,1.63,bk171421,bk,G,g
481037539135,2458504.6912819,7.79025318672117,0.09921701698179432,14.171186690613965,0.013843527429851604,17.161175197501205,1.49,bG036585,bG,B,g
481037539135,2458509.7166643,11.189628730059098,0.08197012792303367,13.778026429902724,0.007962548828307879,17.3685015793184,1.57,bk173532,bk,G,g
481037539135,2458510.4997666,8.024780359983456,0.10103839681382196,14.138982736023781,0.013685651125170029,17.14142449492045,1.47,bo106266,bo,G,g
481037539135,2458515.7814395,7.392417826747323,0.08234338082883809,14.228099358136536,0.012107496750266377,17.363568876055023,1.49,bk175667,bk,G,g
481037539135,2458516.7805512,7.809559452317048,0.10043935377061423,14.168499283691457,0.013979432679501767,17.14788083697217,1.45,bG040630,bG,G,g
481037539135,2458517.6277721,22.77604250703351,0.16494295771284942,13.006369960618592,0.00787168462412018,16.609306166569617,1.50,bk176981,bk,G,g
481037539135,2458518.801742,21.486870919954736,0.15267494769962603,13.069632685129005,0.007723368876115478,16.693221161702468,1.46,bG041329,bG,G,g
481037539135,2458519.7236163,7.862726543019112,0.07905419785171845,14.161132693170941,0.01092858507232102,17.40782827063461,1.40,bk175975,bk,G,g
481037539135,2458520.4863312,16.43514917733455,0.10826710516632568,13.360631496264105,0.007160363120563994,17.066399299398626,1.46,bo108537,bo,G,g
481037539135,2458522.7688122,8.135147498898803,0.07052510892229118,14.124152043366443,0.009423028543713994,17.53178119751038,1.47,bs134253,bs,G,g
481037539135,2458523.7730366,7.840111795604347,0.07766601933150814,14.1642599834704,0.010767650823197573,17.4270629950945,1.53,bs134641,bs,B,g
481037539135,2458524.496549,7.991866998100663,0.0862376225132786,14.143445003078634,0.01172899226580757,17.313398674105837,1.42,bo109536,bo,G,g
481037539135,2458525.5937402,11.7645846561611,0.06780782113926487,13.723624124297167,0.006264917595169468,17.574441137772816,1.71,bk179069,bk,G,g
481037539135,2458526.5926293,7.395553300539071,0.0977111732494508,14.227638943731279,0.014361034623674607,17.17778004136913,1.45,bk179401,bk,G,g
481037539135,2458526.8256754,14.449581887175624,0.07882818776602565,13.500427420938284,0.005929778000372732,17.410936755464437,1.49,bs134962,bs,G,g
481037539135,2458527.6806762,8.781247932459255,0.08976426599590419,14.04117502395535,0.011111160406109719,17.26988190143759,1.45,bG044321,bG,G,g
481037539135,2458529.6393133,7.021729886121538,0.11676960470049697,14.283955325061012,0.01807581399862303,16.98431608645237,1.48,bk180503,bk,G,g
481037539135,2458530.4662739,11.861344056659105,0.0690641678402326,13.714730863599156,0.006328941079007118,17.554508653117367,1.41,bo110237,bo,G,g
481037539135,2458530.6528411,8.06379935100039,0.08963269431689275,14.133716340227224,0.012082002218558397,17.271474483171275,1.46,bk180881,bk,G,g
481037539135,2458530.83559,7.275255333863774,0.10592001504990763,14.245445022246596,0.015824936151080757,17.090195526933595,1.43,bG045498,bG,G,g
481037539135,2458531.7806789,7.992113325002322,0.1194155662676152,14.1434115388188,0.016240951957687353,16.959988255440972,2.02,bs136579,bs,G,g
481037539135,2458535.7905708,15.125012943041183,0.6201495438246354,13.450826234865351,0.04456694309302177,15.171399540008583,2.01,bk182871,bk,G,g
481037539135,2458535.7917879,12.92818636163208,0.4918574105508795,13.62122161255243,0.04135364429388586,15.4230425638033,1.54,bk182872,bk,G,g
481037539135,2458537.5418895,7.96805728882236,0.12824346345634527,14.146684502477441,0.01749423528490848,16.88255251532923,1.50,bo112275,bo,G,g
481037539135,2458538.5357556,11.927224020535904,0.07956266048492927,13.708717181347982,0.0072507360096624035,17.400867368919613,1.46,bo112652,bo,B,g
481037539135,2458539.5228644,17.64734929118982,0.13960669133721618,13.28336691803804,0.008598821337047261,16.790375025230308,1.43,bo113003,bo,G,g
481037539135,2458540.4903623,7.870219440173175,0.09958014119545827,14.160098518091148,0.01375301981487382,17.157208767118664,1.45,bo113235,bo,G,g
481037539135,2458540.8997114,9.839791395052886,0.0591307281840433,13.91760089371855,0.006531899717624474,17.723107543220397,1.45,bs138750,bs,G,g
481037539135,2458541.4389431,11.232269855389427,0.06585343496448581,13.773896800181976,0.006372694169133264,17.606194528907068,1.48,bo113431,bo,B,g
481037539135,2458542.4185655,22.225391268043918,0.1521050493954466,13.032942084109484,0.007438860060364835,16.697281532782732,1.48,bo113674,bo,G,g
481037539135,2458543.5050164,6.870461594517985,0.09653756861506015,14.307600831592005,0.015272938849218647,17.190899720127774,1.49,bo114102,bo,G,g
481037539135,2458543.542722,10.260772947631732,0.04279724517929493,13.872115428372162,0.004533649170245024,18.07410107453634,1.42,bk185698,bk,G,g
481037539135,2458543.8311814,8.456832655564808,0.07078517241633173,14.082046280220482,0.009098016708386898,17.52778487583975,1.43,bs139562,bs,G,g
481037539135,2458544.4221489,8.396376015602323,0.08107508323487578,14.0898359238032,0.010495610285787006,17.380422103419505,1.40,bo114397,bo,G,g
481037539135,2458544.7626614,20.853556500537792,0.15218203344158193,13.102115289734337,0.00793223226630834,16.696732154431984,1.51,bk186226,bk,G,g
481037539135,2458545.4359898,13.18567759864404,0.0710968082998842,13.5998094906388,0.005860839450855596,17.523015349732436,1.46,bo114759,bo,G,g
481037539135,2458545.5798297,8.343834193340337,0.10217410758853565,14.096651459009541,0.013310285178590488,17.12928847850408,1.56,bs140199,bs,B,g
481037539135,2458546.514636,18.70666493911844,0.12637300746992777,13.220074703457602,0.007342942480034555,16.898504808671294,1.43,bo115136,bo,G,g
481037539135,2458546.5766528,13.688613822553997,0.13755146608045485,13.559166943454915,0.010922396165825462,16.806477552340425,1.53,bs140609,bs,B,g
481037539135,2458547.5388973,7.07399121389797,0.08545935997674899,14.275904332100382,0.013131286972463452,17.323241521517236,1.63,bk187037,bk,G,g
481037539135,2458548.3618805,11.108375377818712,0.023913286571689316,13.785939254417258,0.0023399193771590486,18.70604244051077,1.47,bo115391,bo,G,g
481037539135,2458548.573875,8.043231269720167,0.12242096488793483,14.136489231540638,0.016543881646606858,16.933001116030294,1.66,bs140851,bs,B,g
481037539135,2458549.3485322,23.833289364201498,0.16251645711775795,12.957105657610393,0.007411831420106751,16.625397246254362,1.42,bo115729,bo,G,g
481037539135,2458549.5337907,10.447736696306135,0.0376746432440963,13.852510074816486,0.003919576111909857,18.212517740186787,1.52,bk187805,bk,G,g
481037539135,2458554.5136853,14.460705072097532,0.09995400883372942,13.499591950491734,0.007513164899921006,17.153140069047367,1.74,bk189737,bk,G,g
481037539135,2458555.2828349,10.984902196157051,0.040309864515678265,13.798075135927068,0.003988662743038847,18.13911226529003,1.42,bo116578,bo,G,g
481037539135,2458556.5382744,8.483080834997333,0.07918476899091013,14.078681608784311,0.010146125299430002,17.406036476260308,1.46,bk190544,bk,G,g
481037539135,2458556.8787377,19.84141142826615,0.14612332787629664,13.156134215626835,0.008004959969082468,16.74084172528181,1.67,bs142322,bs,B,g
481037539135,2458557.3073371,12.619672222417117,0.0659011862716029,13.647445435060321,0.005676195304107826,17.605407530701687,1.57,bo117391,bo,B,g
481037539135,2458557.8594471,7.7382656945643244,0.07789293920626676,14.178456529256561,0.010941242083113572,17.423895381982707,1.55,bs142685,bs,G,g
481037539135,2458559.5990853,7.828137511387366,0.1008816423485966,14.165919507285324,0.0140076689908744,17.143110251649198,1.66,bk191782,bk,G,g
481037539135,2458565.8048247,7.776839849306713,0.09977001126630848,14.173057733541237,0.013944695598890106,17.15514055829201,1.49,bs144650,bs,G,g
481037539135,2458566.8304947,10.866824966753404,0.06022530976118343,13.809808942572566,0.006024049657462671,17.70319300540647,1.52,bs145070,bs,G,g
481037539135,2458567.6162535,7.520902665737884,0.11782137171243948,14.209390701912648,0.01702810341722746,16.97458042489575,1.40,bG058976,bG,G,g
481037539135,2458568.5461655,11.485642923942583,0.04040275862413583,13.749677346243999,0.0038235597496427856,18.136613064115025,1.43,bG059319,bG,G,g
481037539135,2458568.7287995,7.65022047587666,0.09173418181118861,14.190880743523397,0.013033750791953276,17.24631263197583,1.41,bk195545,bk,G,g
481037539135,2458569.5381554,23.815951315481342,0.1717771084185676,12.957895787643006,0.007839882010494363,16.56522739183538,1.49,bk195771,bk,B,g
481037539135,2458570.9130142,8.373976236122779,0.04206696188952056,14.09273631201893,0.005460364023762368,18.092787741327243,1.46,bC021027,bC,G,g
481037539135,2458571.7030583,7.766529672849991,0.10345140575818794,14.174498107648322,0.014478433085118182,17.115799620219192,1.41,bG060561,bG,B,g
481037539135,2458573.6573951,14.938582640183636,0.09242650824739404,13.46429213741037,0.006725108957180525,17.238149245769783,1.44,bG061136,bG,G,g
481037539135,2458575.5796434,8.134279141610051,0.09891922889294998,14.124267942588807,0.013218245784139115,17.164438805847272,1.50,bG061866,bG,G,g
481037539135,2458576.6637759,9.995817321347923,0.031337341198507625,13.900519845846958,0.0034076580528273337,18.412485245964007,1.44,bk198113,bk,G,g
481037539135,2458577.6775525,16.829827172696163,0.09850174413229969,13.334866481827188,0.006361747633450591,17.169030810316748,1.51,bs148363,bs,G,g
481037539135,2458579.3168341,14.85464128953767,0.09016505811412,13.47041020001706,0.006597634775547025,17.265044944091233,1.46,bo124339,bo,G,g
481037539135,2458581.7707698,13.484390227909122,0.07172068561209224,13.575487341832364,0.005781297163019989,17.513529530099238,1.45,bs149683,bs,G,g
481037539135,2458582.8823347,15.747314650047258,0.10343174996133975,13.407049359047257,0.007139364245511656,17.116005930010452,1.45,bC025071,bC,G,g
481037539135,2458583.7803667,7.595348407432587,0.0785969749740625,14.198696371665086,0.011247870400971161,17.414126033155167,1.51,bs150451,bs,G,g
481037539135,2458586.3653781,14.221691553622733,0.09375190368709066,13.517687484196383,0.007165409455964726,17.222690373712,1.44,bo126809,bo,G,g
481037539135,2458590.7408396,11.750167574699919,0.0836341767388611,13.724955471454646,0.007736631266631937,17.346681145836047,1.50,bC026829,bC,G,g
481037539135,2458593.7166997,7.981313715849893,0.09958591790672564,14.144879668157689,0.013562374164936143,17.15714578465471,1.51,bs153212,bs,G,g
481037539135,2458594.6311451,7.945685867977911,0.10343004924313422,14.149737144124865,0.01414905754350377,17.116023782812054,1.59,bk205552,bk,G,g
481037539135,2458595.8424684,7.680438648905914,0.06688242684395469,14.18660056134434,0.00946538256094693,17.589360553466754,2.32,bC028827,bC,G,g
481037539135,2458598.7586656,7.5396607716424295,0.05481257752818682,14.206686106519603,0.007902064883565813,17.80544004897522,1.57,bC029934,bC,G,g
481037539135,2458599.6500662,13.526829217288217,0.09420289213427979,13.572075605070854,0.007569730224816922,17.21748002063097,1.50,bk207227,bk,G,g
481037539135,2458600.6020036,6.814033055208581,0.08831722744432849,14.316555032230225,0.014088130417734294,17.287527044620255,1.51,bk207633,bk,G,g
481037539135,2458601.6275824,7.728067928593234,0.07762206015236695,14.17988829525835,0.010917580602685103,17.42767769873123,1.47,bk208097,bk,G,g
481037539135,2458602.6349283,9.399485863679619,0.04960931476400339,13.967305374632312,0.0057368210350851575,17.91373254064004,1.42,bk208547,bk,G,g
481037539135,2458604.487374,7.75913444173668,0.07364667900585886,14.17553243000777,0.01031696752401281,17.484757692149614,1.51,bk209316,bk,G,g
481037539135,2458605.6126361,7.683984039435488,0.10278137670921005,14.186099487011205,0.014539187894462331,17.12285453503542,1.47,bG073176,bG,G,g
481037539135,2458606.5306992,15.949288445548362,0.11387358407920603,13.393212341270257,0.007760574102805788,17.011583136608333,1.53,bk210240,bk,G,g
481037539135,2458606.6539771,9.884039937221925,0.04738617623503951,13.912729393447803,0.005211099269741803,17.963511448209307,1.46,bs156207,bs,G,g
481037539135,2458607.6708436,16.99075939665314,0.1016653989762677,13.324533647386584,0.0065038804842491305,17.134707688096775,1.49,bs156351,bs,G,g
481037539135,2458608.742734,17.56895621011201,0.10922237232838625,13.288200721340555,0.006757371838278494,17.056861598313397,1.44,bs156765,bs,G,g
481037539135,2458610.8016151,7.573113857139617,0.0534196114081383,14.201879406717545,0.007667228580500595,17.83338880020311,1.49,bC032633,bC,G,g
481037539135,2458611.6998945,17.806843573822228,0.10828735648602048,13.273598263259078,0.006610023155782969,17.066196231857248,1.44,bs157652,bs,G,g
481037539135,2458618.3417663,7.75521673582084,0.23565156737745824,14.176080773305426,0.03302847834488861,16.221964779676235,1.80,bo134879,bo,B,g
481037539135,2458619.5358046,7.79882505186872,0.12517909271291386,14.169992677070827,0.017446760288216217,16.908811112691268,1.51,bk218250,bk,G,g
481037539135,2458621.7783589,6.840099149751158,0.08084374314839957,14.31240962972254,0.012846836271394236,17.38352457746798,1.62,bC036177,bC,G,g
481037539135,2458625.4950496,23.220046933298125,0.16434763050531237,12.98540788923969,0.0076932974908827485,16.61323199397103,1.44,bG078182,bG,G,g
481037539135,2458629.7498845,9.36427029335897,0.03852773458310955,13.971380770223718,0.004472102049707442,18.18820692792989,1.61,bC039354,bC,B,g
481037539135,2458630.6548538,13.75387458809443,0.07553260349336584,13.554002972286646,0.005969274726564501,17.45730447538721,1.50,bs161830,bs,G,g
481037539135,2458632.6218342,9.915502114715915,0.07461752510007728,13.909278843546435,0.008179717436920338,17.470538510575512,1.74,bs162300,bs,G,g
481037539135,2458633.6465233,14.929890418953608,0.08423780592727269,13.464924071927875,0.006132853621846046,17.33887299490672,1.63,bs162567,bs,G,g
481037539135,2458636.4689241,21.559832780557908,0.15705859976202874,13.065952152002273,0.007918237170211267,16.66248630836515,1.48,bk220440,bk,G,g
481037539135,2458638.2678192,15.665221609423867,0.1061349112205163,13.412724264667355,0.007364341010403787,17.08799495902726,1.70,bo140555,bo,G,g
481037539135,2458640.5140096,21.43821016091164,0.15804441470594388,13.072094312184586,0.008013141302359745,16.655692730273188,1.49,bk222319,bk,G,g
481037539135,2458645.4697723,7.751927460504341,0.11562272576173215,14.176541372021331,0.016212338991597474,16.99503260272514,1.52,bG084705,bG,G,g
481037539135,2458648.2338318,8.776764417832714,0.13451349964040185,14.041729518867792,0.01665879574014969,16.83072593172751,1.46,bo142758,bo,G,g
481037539135,2458649.2375822,15.09623963085587,0.1421226353367474,13.452893669769546,0.010233086460172439,16.77098248173649,1.46,bo143210,bo,G,g
481037539135,2458650.5049656,10.094082122883844,0.11790295039845168,13.88989853797862,0.01269609057145938,16.973828928947576,1.45,bG086581,bG,G,g
481037539135,2458651.4876468,20.048067077052078,0.19029327692618558,13.144884355482358,0.010317229965515567,16.45408199917756,1.51,bk227012,bk,G,g
481037539135,2458655.2194299,7.934560724194592,0.09166045509855622,14.151258401782254,0.012556577852022877,17.247185588424546,1.57,bo145645,bo,B,g
481037539135,2458657.4658758,8.76706882900288,0.06813302401516177,14.042929581903342,0.008447251440994081,17.569246448724087,1.52,bk229615,bk,G,g
481037539135,2458667.1961888,10.93948592249269,0.09700637023757343,13.80257333791723,0.009638634532466675,17.1856399750501,1.60,bo147339,bo,B,g
481037539135,2458766.9984957,10.559202736237971,0.09932820968699453,13.840987801296198,0.010224772457623677,17.159959092129267,1.56,bs191473,bs,B,g
481037539135,2458770.1326071,6.737968302963315,0.12355533544205254,14.328743213223834,0.01993171704226346,16.922986851159852,1.59,bC079058,bC,B,g
481037539135,2458771.1282126,8.340721022668426,0.12469249368696228,14.097056633987904,0.016249832461318496,16.913039835573652,1.55,bC079473,bC,G,g
481037539135,2458775.1220527,8.859673015231825,0.05692195040673455,14.031521388191297,0.006983517915202936,17.764441179978935,1.46,bC080688,bC,G,g
481037539135,2458776.1436326,12.945881182950071,0.11083883919431209,13.619736580397849,0.009306203063482643,17.040910689429616,1.51,bC081097,bC,B,g
481037539135,2458783.0950658,12.242236586788728,0.07473747463613856,13.680413701825707,0.006635747062896195,17.468794563840873,1.43,bC083506,bC,G,g
481037539135,2458785.9385428,14.259571725590533,0.14783054763397235,13.514799417189298,0.01126859775000423,16.728230147099193,1.49,bs197730,bs,G,g
481037539135,2458787.9759745,7.666901430970679,0.08378875686558754,14.188515922750193,0.01187894960479935,17.344676243828893,1.51,bs198362,bs,G,g
481037539135,2458788.9797875,8.650544476739334,0.07594324359771741,14.057457013793142,0.009542405582969385,17.451417755765803,1.52,bs198806,bs,B,g
481037539135,2458789.9866972,13.563964495681802,0.07013359310494742,13.569099011479224,0.005620198021212031,17.537825388012504,1.68,bs199253,bs,G,g
481037539135,2458790.9688149,7.064766352083906,0.08734300147136168,14.277321113996514,0.01343824273106541,17.299570331394257,1.47,bs199659,bs,G,g
481037539135,2458793.0693864,7.634471451262749,0.059691042658509906,14.193118183747353,0.008498501634496846,17.712867698855213,1.42,bC085761,bC,G,g
481037539135,2458797.0565576,8.253466983783074,0.07028108553714091,14.108474576471625,0.009255805400276235,17.535544459351694,1.43,bC087042,bC,G,g
481037539135,2458797.9438622,22.294021816663474,0.2524134235401269,13.029594567812504,0.012306546532863465,16.147359493189576,1.51,bs201832,bs,B,g
481037539135,2458800.0937924,7.3580829658638915,0.0848977454052923,14.233153921286464,0.012541331550261528,17.33040021890185,1.49,bC088193,bC,G,g
481037539135,2458800.860993,22.434137750151258,0.23161309318604853,13.022792166776822,0.011221887150846748,16.240732844942244,1.68,bk280182,bk,G,g
481037539135,2458803.8890723,11.328955374204986,0.3818348567561409,13.764590957097289,0.036635141905794595,15.69795168261113,1.73,bs203645,bs,B,g
481037539135,2458805.120591,8.537939507169849,0.06716306440727737,14.071682938720574,0.00855046241732796,17.584814353437913,1.45,bC090016,bC,G,g
481037539135,2458810.9831825,7.771303018083927,0.0762392913420228,14.173831014109034,0.010663436330322535,17.447193484433644,1.51,bs206200,bs,G,g
481037539135,2458811.975618,10.659556080844881,0.041785005112727924,13.83071782529643,0.004260823196924598,18.100089462335728,1.50,bs206645,bs,B,g
481037539135,2458812.8168234,7.684950594784072,0.10590197058848926,14.185962922680337,0.014978734889240793,17.090380507968923,1.44,bG141145,bG,G,g
481037539135,2458817.0004933,21.82692527004364,0.13430286444677375,13.052584218454026,0.00668813278061749,16.83242742265645,1.70,bs207895,bs,G,g
481037539135,2458818.944639,9.090748038702191,0.06487267943771455,14.003566569971483,0.007756653434603657,17.622486021504,1.57,bs208370,bs,B,g
481037539135,2458824.5477671,17.48559486016974,0.1191968245837854,13.293364593280634,0.0074096287194133775,16.961978896675532,1.53,bo186173,bo,G,g
481037539135,2458824.9805366,6.668548325366073,0.08167152215605886,14.339987365414311,0.013312251680056139,17.372463986833097,1.43,bC094973,bC,G,g
481037539135,2458825.5520248,6.941181531558483,0.10075255911319803,14.296482115827834,0.015777378924911805,17.14450039637891,1.44,bo186491,bo,G,g
481037539135,2458825.9771336,7.115654407118729,0.07080825708583216,14.269528504474135,0.010816362407289976,17.527430850066636,1.48,bC095417,bC,G,g
481037539135,2458826.9730934,8.97536272599847,0.04058223411168848,14.017435599848158,0.004914689843862196,18.131800731678254,1.47,bC095862,bC,G,g
481037539135,2458827.9850601,14.138261879075078,0.09469511112691319,13.52407556799437,0.007280206682870102,17.211821716347185,1.43,bC096319,bC,G,g
481037539135,2458828.5319108,23.391292805796354,0.2152213511464925,12.977430058897902,0.010000997088464395,16.320427227586208,1.54,bo186730,bo,G,g
481037539135,2458828.9697437,6.76756908183751,0.09184800907387318,14.323983878166008,0.014751942871116497,17.244966244339572,1.59,bC096754,bC,G,g
481037539135,2458829.5470415,7.873877157737479,0.22285946302079118,14.159594034847782,0.030764836929629672,16.28256291206095,1.48,bo187050,bo,B,g
481037539135,2458830.7888235,9.875716940258199,0.19266333021159543,13.913644038271224,0.02120521118014123,16.44064295430818,1.57,bk289559,bk,G,g
481037539135,2458837.1307226,8.995010902026639,0.03372193968572472,14.015061387156365,0.0040749569585105914,18.33285924322567,1.53,bC098817,bC,G,g
481037539135,2458837.5766591,7.766311812432561,0.09129501942126082,14.174528564270572,0.012777457197042166,17.251522898079166,1.47,bo188712,bo,G,g
481037539135,2458840.5921734,9.262660699238102,0.10253293772507605,13.983226233056158,0.012032055256273256,17.125482109563205,1.48,bo189575,bo,G,g
481037539135,2458841.9038272,13.020046843920772,0.07244773554974965,13.61353425540001,0.006048176291915606,17.502578572521767,1.40,bs217212,bs,B,g
481037539135,2458843.0203757,15.64898738245034,0.09092769239421321,13.413850021320837,0.00631570885956609,17.25590018769891,1.55,bs217650,bs,G,g
481037539135,2458845.5338803,8.237017389586864,0.08088772970453877,14.110640665167612,0.010673941934633962,17.382933996094327,1.65,bo190653,bo,G,g
481037539135,2458847.0589038,15.342310905973436,0.10070575398892673,13.435338674011724,0.007134699377803749,17.145004897961606,1.50,bC100996,bC,G,g
481037539135,2458847.5000447,7.866273169334354,0.08918981889106191,14.160643062459403,0.012324191294843526,17.2768524063255,1.53,bo191140,bo,G,g
481037539135,2458850.9641972,7.833839665652128,0.07045881293048806,14.165128925670507,0.00977626164147642,17.532802306341665,1.55,bs220621,bs,G,g
481037539135,2458854.7970804,7.619764566426947,0.1073739422286384,14.195211740219719,0.015316852082870461,17.0753933651886,1.45,bG152370,bG,G,g
481037539135,2458855.8608189,8.935618486437704,0.0717107311659804,14.022254077421794,0.00872311715611509,17.513680234914155,1.48,bs222257,bs,G,g
481037539135,2458856.8023505,22.113953143620265,0.19088022413847028,13.03839965966187,0.009382244013580787,16.450738270715007,1.49,bk296952,bk,G,g
481037539135,2458856.8308181,18.43982063105087,0.1285338931018846,13.235673891676342,0.007576578762179189,16.880096456743775,1.50,bs222688,bs,G,g
481037539135,2458866.8981335,7.791461982030604,0.07757066421806588,14.17101823254372,0.010821581310660335,17.428396835906177,1.84,bs226151,bs,G,g
481037539135,2458867.8600065,13.158883892892622,0.06168348304346884,13.602017984899275,0.0050952090407832456,17.67721838950247,1.51,bs226577,bs,G,g
481037539135,2458871.7863149,22.10801392142086,0.14521280217531296,13.038691298819362,0.007139492625863444,16.74762834620344,1.61,bs227282,bs,B,g
481037539135,2458872.7731941,7.771485575241689,0.07812965060763516,14.173805509172846,0.01092758037661642,17.420600906021992,1.51,bs227722,bs,G,g
481037539135,2458874.7736269,13.355696298739126,0.06687720618223995,13.585899285095744,0.005442817340967907,17.589445306412188,1.48,bs228451,bs,G,g
481037539135,2458877.7676513,9.346165474402564,0.05439196667045807,13.973481957368755,0.006325771041032318,17.813803706328958,1.59,bs229172,bs,G,g
481037539135,2458879.7978461,7.584052267896761,0.07866319485725634,14.200312328736702,0.01127411437192573,17.41321165885448,1.54,bs229863,bs,G,g
481037539135,2458880.7904217,7.881512622040579,0.07585291900184601,14.158541683773148,0.010461040786947309,17.452709866103937,1.48,bk303618,bk,B,g
481037539135,2458881.7930056,9.82502318467777,0.041979788359668785,13.919231662585773,0.0046442846882978565,18.095039999531547,1.46,bk303973,bk,B,g
481037539135,2458882.7970969,17.60436980044284,0.1313429562443253,13.286014415152538,0.008109582137423367,16.856623643727307,1.42,bk304329,bk,G,g
481037539135,2458886.7787412,23.012905992191982,0.202153949816788,12.995136963845525,0.009548231510754675,16.388435033232863,1.45,bG160809,bG,B,g
481037539135,2458892.9060002,7.808303283284866,0.0912567143810992,14.168673938600847,0.012703410363344885,17.251978540637822,1.46,bs232774,bs,G,g
481037539135,2458893.9034072,9.44100120953912,0.0734563246942863,13.962520489100319,0.008457135998326957,17.48756762366652,1.52,bs233158,bs,G,g
481037539135,2458894.9146999,16.695199203087668,0.10525272087093078,13.343586608986605,0.00685257659940278,17.09705728262048,1.45,bs233584,bs,G,g
481037539135,2458895.8909267,7.382819447736766,0.08504334582063428,14.229510003376424,0.012520747666203867,17.32853976620139,1.50,bs233827,bs,G,g
481037539135,2458896.8575552,8.103785018610989,0.0721770730069136,14.128345843989704,0.009681073726009728,17.50664244604454,1.51,bs234189,bs,B,g
481037539135,2458898.5545341,8.681375280312748,0.07532446776325846,14.053594296282558,0.009431042759719647,17.460300432277883,1.50,bk309044,bk,G,g
481037539135,2458899.5916896,12.779837070439871,0.08160488726120539,13.633752329639414,0.006940696029648261,17.373350188607347,1.49,bk309379,bk,G,g
481037539135,2458904.6900085,20.105473040516365,0.1264117663772775,13.141779883239845,0.006834163693211775,16.89817186180384,1.48,bs234812,bs,G,g
481037539135,2458905.6850578,7.627119871965114,0.1042507721851115,14.19416419215551,0.01485699171183363,17.107442410253572,1.43,bG166299,bG,G,g
481037539135,2458906.7276005,7.695054259806409,0.10390159332112815,14.184536406031313,0.01467650658025748,17.111085092759343,1.41,bG166652,bG,G,g
481037539135,2458907.3461897,7.690948606150711,0.08927918020115995,14.185115849173606,0.012617765654754944,17.2757651270974,1.59,bo204119,bo,G,g
481037539135,2458908.735909,19.386619073697403,0.12871247439168476,13.181310429866928,0.007216568445347805,16.87858901308294,1.53,bs236256,bs,B,g
481037539135,2458919.7718343,17.130522095695664,0.3545152406974396,13.315639123825791,0.022494507218132218,15.778553335574504,1.59,bk316573,bk,B,g
481037539135,2458919.774292,21.393726784537193,0.7256860296189406,13.074349509266408,0.036870114803905917,15.000768705343004,1.88,bk316575,bk,B,g
481037539135,2458920.6424294,7.58082006778749,0.10169898431498936,14.200775150533696,0.014581849096398048,17.134349072512858,1.49,bk316843,bk,G,g
481037539135,2458923.5395582,7.898089598987965,0.10240752604362564,14.156260481698954,0.01409360161254083,17.12681092494249,1.44,bG172514,bG,G,g
481037539135,2458924.5599665,8.118441415410294,0.0698916746315479,14.126383969640237,0.009357610367407074,17.54157699528669,1.45,bk318204,bk,G,g
481037539135,2458925.2979208,7.864220783367717,0.09084846738492382,14.16092637838953,0.012556658419724625,17.256846598564437,1.58,bo206781,bo,B,g
481037539135,2458929.2716348,7.5368123879909525,0.09079285358722015,14.207096360729523,0.013094114494767415,17.257511446355835,1.49,bo208087,bo,G,g
481037539135,2458931.8366962,16.24247754897746,0.10156462004093755,13.373434934437052,0.006796766429171011,17.135784491103166,1.45,bs239735,bs,B,g
481037539135,2458932.8188498,7.292341462861458,0.08924816287553707,14.242898131689772,0.013302842877675072,17.276142398535626,1.54,bs240018,bs,B,g
481037539135,2458941.8728632,6.912939912862911,0.07986977391606971,14.300908667232765,0.01255832869114994,17.396684473703385,1.45,bC118634,bC,B,g
481037539135,2458959.7476993,7.869970232262883,0.06183614304742345,14.160132898115325,0.008540464192488391,17.674534628501068,1.44,bC122511,bC,G,g
481037539135,2458962.8339542,6.389707230903369,0.10051619157049185,14.386363222940997,0.017098863221700275,17.147050548013034,1.45,bC123609,bC,B,g
481037539135,2458964.7372942,14.46562099296227,0.08163746659546794,13.499222916878413,0.006134294322889823,17.37291681378311,1.48,bs243584,bs,G,g
481037539135,2458965.7318137,6.868705198014706,0.08542465035127572,14.307878429689866,0.013518250986145357,17.323682586745935,1.46,bs243933,bs,G,g
481037539135,2458966.7339274,7.638232383900472,0.08018516339151853,14.192583454487224,0.011410727235641084,17.392405565210304,1.45,bs244287,bs,G,g
481037539135,2458967.7287802,9.917740152804587,0.052723199091360376,13.909033808573533,0.005778314839504942,17.847636226143212,1.44,bs244635,bs,B,g
481037539135,2458969.823739,20.101943226667053,0.13710440727249118,13.141970517061061,0.007413538480514407,16.810012072510727,1.53,bC126182,bC,G,g
481037539135,2458973.7098161,7.972738943449121,0.16505697559243984,14.146046762430016,0.022502901117332174,16.608555903722305,1.60,bs245317,bs,B,g
481037539135,2458974.6974241,8.774068978848932,0.12057646044229142,14.042063011374871,0.014937353508607,16.949484284258915,1.51,bs245648,bs,B,g
481037539135,2458979.3061018,11.197288643522961,0.12989993830460647,13.77728343831002,0.012609801319659367,16.868618249425037,1.47,bo211284,bo,B,g
481037539135,2458980.7264493,6.935404843001645,0.08636760089850419,14.297386078820285,0.0135360269787742,17.31176347138646,1.58,bs247436,bs,G,g
481037539135,2458982.658205,12.48585710154929,0.055429703833146056,13.659019721783912,0.004825433896086364,17.79328421615055,1.44,bs247736,bs,G,g
481037539135,2458983.6871595,22.538421411785162,0.1386308318554683,13.017756885171945,0.006685724969213225,16.797991038357523,1.44,bs248011,bs,G,g
481037539135,2458985.6697621,8.381448972071809,0.07089306855611889,14.091767859066458,0.009193837899620933,17.526131174224545,1.51,bs248457,bs,G,g
481037539135,2458986.6762816,13.202628392277845,0.06370314097988275,13.598414623314973,0.005244603005250867,17.642238495415402,1.46,bs248790,bs,G,g
481037539135,2458988.6748533,7.986897573480523,0.07539188862890277,14.144120334938826,0.01026026742893423,17.459329054234768,1.47,bs249220,bs,G,g
481037539135,2458991.7549915,21.24471625616097,0.14050221116913553,13.081938284684094,0.007188601293028406,16.78343271381101,2.32,bC131641,bC,G,g
481037539135,2458993.6626981,10.888178967669948,0.03014266795390102,13.807677495533767,0.003009113793260986,18.454686387781493,1.45,bs250252,bs,G,g
481037539135,2458996.6457467,8.079917701963716,0.07416207900089543,14.1315482790602,0.009976705012250864,17.477185871506926,1.44,bs251034,bs,G,g
481037539135,2459000.6400871,9.407077428131634,0.0888320515359324,13.966428825664156,0.010264248220993503,17.281216381295117,1.55,bs252205,bs,B,g
481037539135,2459002.6373466,7.1319900577308175,0.11560166424502814,14.267038799581025,0.01761836203610888,16.99523039545172,1.62,bs252755,bs,B,g
481037539135,2459003.2537419,9.184028306279888,0.2422442294883176,13.992482588272754,0.028670310708423123,16.192007010202566,1.49,bo217941,bo,B,g
481037539135,2459004.6307505,10.455399095644026,0.0793930810212049,13.8517140846998,0.008253805178313586,17.40318397140852,1.62,bs253337,bs,B,g
481037539135,2459008.2334261,8.089430517932524,0.11125248345847662,14.13027074953239,0.01494871761204916,17.036866325449665,1.49,bo220026,bo,G,g
481037539135,2459015.2447029,8.040886509658273,0.09113942812564683,14.136805791136089,0.012320108693208837,17.253374863494948,1.50,bo221245,bo,G,g
481037539135,2459018.2304411,7.2292694631189836,0.09902965501772626,14.252329590030035,0.014889599829725165,17.163227446109453,1.77,bo222435,bo,G,g
481037539135,2459024.2053477,12.007306495301831,0.06782212045323699,13.701451631131485,0.00613956978392011,17.5742122018497,1.72,bo224310,bo,G,g
481037539135,2459125.988997,7.627591541427364,0.1580003710338935,14.194097051113225,0.022515565077093132,16.655995344407657,1.59,bs278135,bs,G,g
481037539135,2459129.120311,14.66103950241113,0.1197348276430895,13.484653712522825,0.008877034385219626,16.95708937800752,1.44,bC173871,bC,G,g
481037539135,2459132.1451068,8.934649101705116,0.25411652513585736,14.022371870409096,0.03091488105843937,16.140058341358973,1.55,bC175007,bC,G,g
481037539135,2459145.1497185,9.661309621541987,0.11898452113931045,13.937475621238683,0.013386487578248127,16.963914443696712,1.54,bC179153,bC,G,g
481037539135,2459146.8760384,7.8936520259506615,0.410492642031986,14.156870678338326,0.05652486997345914,15.619377169152779,1.66,bG173851,bG,B,g
481037539135,2459157.0572325,7.878711457162936,0.09413795575615518,14.158927633381463,0.012987385755739888,17.218228703461264,1.45,bC181985,bC,G,g
481037539135,2459168.831739,22.649932842502608,0.16636894027421187,13.012398325634582,0.007983944407399919,16.599959985740973,1.76,bG178566,bG,G,g
481037539135,2459171.8196928,14.365818594509525,0.10644493872199609,13.506739677170751,0.00805391071791868,17.08482807071148,1.52,bk326801,bk,B,g
481037539135,2459174.0193944,22.183477089738297,0.1448851029872853,13.034991573595471,0.0070991489277271455,16.750081276870745,1.65,bC186370,bC,G,g
481037539135,2459180.0009464,8.854100430095274,0.08373856767424404,14.032204512840611,0.010280003369425715,17.345326791122105,1.55,bC187234,bC,G,g
481037539135,2459183.5418878,7.932142566471525,0.14587508573482774,14.15158934405312,0.01998953932937925,16.742687800691193,1.66,bo259685,bo,B,g
481037539135,2459184.8152856,7.648183100320801,0.1389868929019716,14.19116993087628,0.01975275796806164,16.795205995856332,1.55,bG183375,bG,B,g
481037539135,2459187.0179898,6.636010064618866,0.08751353316310732,14.345298032199674,0.014334427568041447,17.297452566783672,1.52,bC189560,bC,G,g
481037539135,2459191.9719851,16.202732612933108,0.11214140964198459,13.376094959592603,0.007522980195950344,17.028225584009252,1.49,bC191666,bC,G,g
481037539135,2459194.0196333,6.6991219881939355,0.06751015507495774,14.335020906824811,0.010953764309959755,17.57921784746476,1.51,bC192586,bC,G,g
481037539135,2459196.743646,9.177458842944064,0.09222518817569864,13.993259508403016,0.010922933185722286,17.240516736363443,1.44,bG186819,bG,G,g
481037539135,2459198.9120786,13.897674607832938,0.07101010958891081,13.542710274429648,0.005553799747446554,17.524340154217498,1.56,bs302853,bs,G,g
481037539135,2459200.8341742,8.03134884943039,0.07444802439172597,14.13809439648591,0.01007573785677603,17.473007667744728,1.54,bs303655,bs,G,g
481037539135,2459201.7505783,18.813816538470714,0.13949755511797168,13.213873360483973,0.008059384282401865,16.791224121236755,1.48,bk336283,bk,G,g
481037539135,2459205.9137951,10.673567287232723,0.07596890833140692,13.829291641612727,0.0077363919801206075,17.451050897282613,1.46,bC195131,bC,G,g
481037539135,2459207.9113035,7.857483443127425,0.08086092337187549,14.16185693586155,0.011185808872404746,17.383293870573674,1.49,bC196016,bC,G,g
481037539135,2459208.9672961,7.6240000754915105,0.10996696987931098,14.194608392455788,0.015678031729098804,17.049484965666323,1.45,bs306879,bs,G,g
481037539135,2459209.8493752,16.56531335830398,0.11740838323644297,13.352066483177808,0.007703917523644409,16.97839284226064,1.45,bG190620,bG,G,g
481037539135,2459209.9202765,11.745535391746323,0.09908822295600336,13.725383577718341,0.009169832330099973,17.162585511787036,1.48,bC196868,bC,G,g
481037539135,2459213.0089374,7.903180110107456,0.09911829747513967,14.155560923686703,0.01363214280369189,17.16225602722269,1.61,bs308440,bs,G,g
481037539135,2459219.8736777,7.698477643491361,0.05817641502910113,14.184053489999545,0.00821399199369576,17.740773222784778,1.51,bC200191,bC,G,g
481037539135,2459222.876507,7.335968019048527,0.06665449219290773,14.236422048854223,0.009876070179718125,17.593067051191714,1.54,bC201469,bC,G,g
481037539135,2459223.7239851,14.168475209229332,0.09771647552462819,13.521757835733696,0.007496470776450899,17.177721125732933,1.53,bk342968,bk,G,g
481037539135,2459224.7152628,7.206331677641308,0.08351357658814497,14.255780004718986,0.012596648445684108,17.34824790303197,1.50,bk343268,bk,G,g
481037539135,2459228.8554991,17.495428628855,0.11764063302703638,13.292754154939663,0.00730878082514435,16.976247229466615,1.66,bC203476,bC,G,g
481037539135,2459229.8220982,7.997313101251482,0.07373013308310458,14.142705373959739,0.01002104681769098,17.48352806692566,1.48,bk344915,bk,G,g
481037539135,2459230.8362167,8.149807181772005,0.07237439603836392,14.122197287819722,0.009652721840681104,17.50367822999379,1.44,bs314316,bs,G,g
481037539135,2459231.7676452,16.446266188411286,0.11842301090510894,13.359897334322453,0.007826740887727708,16.96905036438277,1.58,bk345506,bk,G,g
481037539135,2459236.01802,7.328226412659942,0.11336520160640842,14.237568425241838,0.016814852364752532,17.016441199687772,1.42,bC205346,bC,B,g
481037539135,2459237.8731804,7.367105515342507,0.12122233120084232,14.231823397080731,0.01788536939029447,16.943684032494644,1.48,bk347414,bk,B,g
481037539135,2459240.709169,7.780627175399484,0.10920846049488896,14.172529108009478,0.015256462710271812,17.05699989913044,1.51,bs317327,bs,G,g
481037539135,2459246.9748371,7.985392576352146,0.07607132138449035,14.144324943026941,0.010354684269506201,17.44958821103704,1.51,bC208296,bC,G,g
481037539135,2459249.9238848,7.956703320904538,0.08323873374246805,14.148232709879359,0.011371152203824666,17.35182694907692,1.54,bs320290,bs,B,g
481037539135,2459250.6950814,10.356302943187195,0.07027972183995196,13.862053757390832,0.007376281132274229,17.535565526609886,1.43,bG201961,bG,G,g
481037539135,2459250.7370419,23.48811828125675,0.17208091147675122,12.972945059137817,0.007963365424029223,16.56330886705987,1.46,bk350980,bk,G,g
481037539135,2459253.7439814,13.035836255983147,0.08653987587280457,13.612218380719376,0.007215884015669961,17.309599941594026,1.45,bk352011,bk,G,g
481037539135,2459254.7886008,22.79953900236195,0.1653614457745997,13.005250457714697,0.007883523518185706,16.606554959633073,1.44,bk352379,bk,G,g
481037539135,2459255.9105533,19.43882138672199,0.1452521768958342,13.17839079909367,0.008122035684816635,16.74733398672492,1.48,bs322778,bs,B,g
481037539135,2459257.052491,15.18320515035697,0.09943319584117787,13.44665697200988,0.007118362666290616,17.158812116146752,1.49,bC210355,bC,G,g
481037539135,2459260.7429336,9.937605304886908,0.041852881620024485,13.906861262941293,0.004577789239434792,18.098327198833328,1.47,bk354433,bk,G,g
481037539135,2459264.4624205,7.594367188920262,0.08596546699649726,14.198836643477069,0.01230395142501369,17.316830544518346,1.43,bo279449,bo,G,g
481037539135,2459267.8029448,7.668913911220761,0.07666201557856538,14.188230965917752,0.010865720852709898,17.441190027865975,1.43,bk356990,bk,G,g
481037539135,2459268.7800817,11.086142448443702,0.05935141587840053,13.788114485672427,0.005819193543966705,17.719062901748018,1.54,bk357346,bk,G,g
481037539135,2459269.7916591,21.246629974773402,0.17800549682480524,13.081840486248932,0.009106584710557123,16.52655707752639,1.42,bG208412,bG,B,g
481037539135,2459276.4815667,8.383220424762712,0.1407064612318317,14.09153840863315,0.018243801061821968,16.781855509772477,1.44,bo282746,bo,G,g
481037539135,2459280.446964,8.159782651151279,0.09068138708396775,14.120869145331032,0.012079577276162169,17.258845225000904,1.46,bo283974,bo,G,g
481037539135,2459283.8696868,8.881963621807223,0.07422322550134458,14.02879314706963,0.009083286360813207,17.47629105280082,2.05,bs328347,bs,B,g
481037539135,2459287.7632864,13.297982530303189,0.07696970117361565,13.590601227085715,0.006291384311591967,17.43684111028649,1.67,bG214508,bG,G,g
481037539135,2459291.8983094,8.480971345762196,0.04081138642264633,14.078951632576215,0.00523055683420948,18.125687239831393,1.47,bC215846,bC,G,g
481037539135,2459295.566329,7.822523304538979,0.0820838238117555,14.166698458151288,0.011405724744815144,17.366996662659272,1.68,bk366501,bk,G,g
481037539135,2459296.8410531,13.384978751589829,0.07579374914387438,13.583521407059948,0.006154997439141134,17.453557136420862,1.53,bs331351,bs,B,g
481037539135,2459297.7271241,8.269913210279416,0.09864982924387755,14.106313242746245,0.012966046019902713,17.16739976680531,1.49,bk367411,bk,B,g
481037539135,2459301.7547579,7.550847367941948,0.12375531476556262,14.205076393351186,0.017814774942401055,16.921230963664684,1.57,bC218438,bC,G,g
481037539135,2459302.819052,10.65387047595425,0.12242655764889321,13.831297090878685,0.012490516528324606,16.932951515666808,1.72,bs333052,bs,B,g
481037539135,2459304.7073555,8.160063749152837,0.18217457378799848,14.120831743229331,0.02426645761124955,16.501421206113918,1.47,bk369874,bk,B,g
481037539135,2459305.6980377,10.94403919397952,0.10098039283650949,13.802121522978972,0.010029322320209222,17.14204797177652,1.52,bk370260,bk,B,g
481037539135,2459306.5537287,7.76105937147751,0.07607022369027891,14.17526310786565,0.010653832394863127,17.449603878110047,1.45,bk370548,bk,G,g
481037539135,2459310.8213944,13.988360860994451,0.08815685718142344,13.535648553838852,0.006850171496259294,17.289500363806496,1.42,bC220680,bC,G,g
481037539135,2459311.6056879,7.96018644655906,0.07863617036206402,14.14775752210782,0.010737700529185795,17.413584724226908,1.48,bk372519,bk,G,g
481037539135,2459312.5756144,11.723415658813135,0.06831877934277165,13.727430213884126,0.006334292404625034,17.566290366004246,1.64,bk372909,bk,B,g
481037539135,2459313.5846552,16.94669396744733,0.11830988358333373,13.32735315527602,0.007588365010551522,16.970088043904358,1.52,bG223240,bG,G,g
481037539135,2459315.357472,21.715743191221662,0.15294878915995613,13.058128879583533,0.007655675534822204,16.691275503485834,1.53,bo293197,bo,G,g
481037539135,2459315.6352574,7.778122278099966,0.07913802664269622,14.172878706506314,0.011059172265655936,17.40667756980622,1.44,bk374188,bk,G,g
481037539135,2459317.7782351,12.176056335052191,0.05287267199085827,13.686299000320432,0.004719943310116995,17.844562464918575,1.52,bs337757,bs,G,g
481037539135,2459317.8386477,10.201308389275336,0.04501808361752298,13.87842593067121,0.004796708198303973,18.019173102686825,1.41,bC222972,bC,G,g
481037539135,2459318.6727989,7.420920644831772,0.11019985286544406,14.223921153502605,0.016141184429752438,17.04718807478454,1.45,bG225312,bG,G,g
481037539135,2459320.41624,7.420041786815871,0.09476656032812397,14.224049744619553,0.01388228446023915,17.211002817330435,1.46,bo295189,bo,G,g
481037539135,2459322.801876,12.021294640910632,0.07007864566793584,13.700187517773037,0.006336459026982001,17.538676361155765,1.46,bC224841,bC,G,g
481037539135,2459324.7502464,10.848060182951196,0.05929718769957638,13.811685407502436,0.005941473756952318,17.72005537025404,1.40,bs338844,bs,G,g
481037539135,2459329.8016546,16.905707174500556,0.12895001219441157,13.329982266669182,0.008290872146683618,16.87658714258251,2.23,bC227018,bC,G,g
481037539135,2459331.5430167,18.221011378892264,0.19160986350234002,13.248634423938734,0.011430298046171069,16.446595957696758,1.54,bG229764,bG,B,g
481037539135,2459337.4713688,9.72118670996193,0.05417923771768959,13.930767411064975,0.006057951311618004,17.818058385508188,1.44,bk382156,bk,G,g
481037539135,2459338.5996212,10.395494745045573,0.04985978113162001,13.857952714248622,0.005213355939536134,17.908264692044572,1.57,bk382672,bk,G,g
481037539135,2459340.6689741,8.06666261047381,0.07358130874547449,14.133330890075335,0.00991484177299641,17.485721841210697,1.45,bs342054,bs,G,g
481037539135,2459343.7973797,9.105375626622939,0.02637513939640997,14.00182095584981,0.003148538946035694,18.599653702390448,1.40,bC230185,bC,G,g
481037539135,2459345.4717167,12.120798772134554,0.07532456071216004,13.691237519303204,0.006754878457469744,17.460299092501735,1.53,bk384518,bk,G,g
481037539135,2459351.5257092,7.780831590975829,0.0787561130605182,14.172500583512464,0.011001969354694455,17.41192992702103,1.45,bk386715,bk,G,g
481037539135,2459351.5368035,7.820178011310127,0.11360102962091477,14.167024024655053,0.015789842615366083,17.014184942409276,1.44,bG235758,bG,B,g
481037539135,2459356.7484627,6.7250540530622,0.08856366263190023,14.330826173885223,0.01431436088502733,17.28450168921551,1.82,bC234639,bC,G,g
481037539135,2459360.5387744,9.706518721139208,0.15293356504197148,13.932406881006322,0.01712582447846724,16.691383580175238,1.47,bG238682,bG,G,g
481037539135,2459363.7470655,8.515040338487005,0.06793397241163025,14.074598848041607,0.008671864304237477,17.572423085122523,2.31,bC237185,bC,G,g
481037539135,2459368.2633822,7.854312432899081,0.10566476923887042,14.16229519011135,0.014622923524301083,17.092815089143816,1.46,bo306301,bo,B,g
481037539135,2459369.52546,11.84674580437068,0.07686118399295268,13.716067947533947,0.007052127781699222,17.438372935983267,1.50,bk393003,bk,G,g
481037539135,2459370.461594,7.519734944429031,0.08603744924699032,14.209559290151724,0.012436471134145328,17.31592179550723,1.68,bk393393,bk,B,g
481037539135,2459371.5328413,8.933911736476922,0.09852785244881035,14.02246147853502,0.011987525168277311,17.168743069336323,1.41,bG242816,bG,G,g
481037539135,2459373.5145591,7.232381020968281,0.08829548383500781,14.251862377651195,0.013269952414885999,17.287794384652692,1.56,bk394681,bk,G,g
481037539135,2459374.5173135,7.930692775547527,0.11005459313814059,14.151787806744807,0.015083746293600396,17.048620179977004,1.51,bG244068,bG,G,g
481037539135,2459375.4802178,11.624932959274865,0.07399613352118849,13.736589479775304,0.006918799462853192,17.47961804300266,1.50,bk395537,bk,B,g
481037539135,2459376.5113961,20.444806822223995,0.14944815977237294,13.123608093852932,0.007945472575945897,16.71641418211776,1.41,bG244904,bG,G,g
481037539135,2459377.4831655,7.566938251674484,0.10686717782131971,14.202765147237258,0.01535098768210958,17.080529760016493,1.46,bG245306,bG,G,g
481037539135,2459383.4980284,14.479868569926088,0.11868465356779195,13.498154072535298,0.008909269970433117,16.966654195304745,1.43,bG247224,bG,G,g
481037539135,2459385.2088203,16.061277608564566,0.14579550407820158,13.385615400641534,0.009866797515132938,16.743280282010844,1.98,bo310390,bo,G,g
481037539135,2459387.4757383,19.884902536874606,0.16714360740877438,13.153756955551446,0.009136470938344726,16.59491618350277,1.46,bG248779,bG,G,g
481037539135,2459388.4675219,7.580336786448184,0.1451684786165267,14.200844369004608,0.02081593852997072,16.747959797960526,1.44,bG249195,bG,G,g
481037539135,2459390.4691998,12.288775442826358,0.2580369844174341,13.676294101583558,0.022823672250122957,16.123435716909484,1.70,bG249734,bG,G,g
481037539135,2459392.477548,7.722754652109492,0.11436765112112225,14.18063502791178,0.01609693300668733,17.006882607254994,1.53,bG250191,bG,G,g
481037539135,2459394.4525528,13.960628089684203,0.10169194583406192,13.537803228113837,0.00791760392316105,17.13442421778671,1.70,bk402335,bk,G,g
481037539135,2459505.1451965,17.867492405258808,0.12955089158574473,13.269906606851231,0.007881138735774633,16.871539595936945,1.65,bC282625,bC,G,g
481037539135,2459508.1435391,10.478338507333316,0.1229994038337265,13.849334561250295,0.012759179718571502,16.927883095289836,1.49,bC283873,bC,G,g
481037539135,2459509.1124382,11.08934870251199,0.09458923264449008,13.787800522286078,0.009271453722610288,17.21303635577663,1.64,bC284268,bC,G,g
481037539135,2459513.0832987,6.0527802569036595,0.08393100507154974,14.445178353883836,0.015072305530105268,17.342834551919445,1.48,bC285933,bC,G,g
481037539135,2459514.8619248,7.549734469792463,0.1713214396389064,14.205236428749595,0.02466562988067117,16.568111323493714,1.47,bG292490,bG,G,g
481037539135,2459520.1428792,19.272704019590115,0.13244086776807878,13.187708992830771,0.0074695001188714695,16.847585567348013,1.41,bC288936,bC,G,g
481037539135,2459522.8451442,7.733827130787302,0.11541747453962124,14.1790794714243,0.01622143533233205,16.996961693344446,1.47,bG294769,bG,G,g
481037539135,2459523.9686688,7.809980156728072,0.08047817470907148,14.168440796178752,0.011200576070904368,17.38844531700002,1.44,bs385290,bs,G,g
481037539135,2459528.0356095,6.84103594284848,0.07464399426858168,14.31226094174061,0.011860013170038998,17.47015343430163,1.56,bC292282,bC,G,g
481037539135,2459530.0353858,12.733467726223385,0.07738008239014023,13.637698892551615,0.0066053322641608445,17.431067641945123,1.41,bC293056,bC,G,g
481037539135,2459533.9665296,22.033788221427308,0.13688416862819602,13.042342695085537,0.006752680851700515,16.811757554931035,1.48,bs389299,bs,G,g
481037539135,2459537.8250692,7.546478085962056,0.09819524775761886,14.20570483416758,0.014143546663506498,17.172414435828767,1.51,bk453696,bk,G,g
481037539135,2459540.8038446,7.168362181159892,0.17569003227387486,14.261515772490842,0.02664031497830188,16.540772804904446,1.54,bk454666,bk,G,g
481037539135,2459541.8087659,8.1593705685713,0.22044389656588761,14.120923978197727,0.029366595013202584,16.294395413917936,1.53,bk455006,bk,B,g
481037539135,2459547.8099999,21.58586153640102,0.16251193689701574,13.064642154958097,0.008183292076287487,16.625427445261,1.44,bk456789,bk,G,g
481037539135,2459555.7759356,7.135043834033228,0.11427467564933692,14.266574008431224,0.017408667256422088,17.007765618225548,1.48,bG304866,bG,G,g
481037539135,2459559.7606107,7.871179614096105,0.10672106854305961,14.159966065367133,0.01473745577500311,17.082015199039503,1.47,bG306058,bG,G,g
481037539135,2459560.7571082,8.372422821660534,0.07555985316631711,14.092937740197211,0.009809618664778598,17.456912848201235,2.19,bk460693,bk,G,g
481037539135,2459562.7540165,13.79135325557466,0.10417200685861447,13.551048415400693,0.00821024885225495,17.108263034286328,1.49,bG306479,bG,G,g
481037539135,2459563.8748658,14.88619678846168,0.08490612600202689,13.468106232630019,0.006199653860886823,17.33029304681886,1.54,bs398057,bs,G,g
481037539135,2459565.8966894,9.218159415837135,0.09161248732340177,13.98845508628143,0.010802459154463628,17.247753924924716,1.50,bs398864,bs,G,g
481037539135,2459570.7380359,9.175832497526795,0.22022133072424696,13.993451929704769,0.026087116533710587,16.295492154925824,2.03,bk463695,bk,G,g
481037539135,2459570.7392878,7.408496651641313,0.18689204385058053,14.225740399950514,0.027420343893863906,16.47366357770266,2.05,bk463696,bk,G,g
481037539135,2459575.7786528,7.9046628107122725,0.07780130272989147,14.155357249885004,0.010698322677022047,17.425173438901556,1.46,bs402102,bs,G,g
481037539135,2459577.9353246,11.664426369562122,0.043972541491444105,13.732907157226643,0.004097607480835247,18.044686693025604,1.52,bs402777,bs,G,g
481037539135,2459579.525355,21.979917778172872,0.15429110906625815,13.045000463545877,0.007630043430484289,16.681788359387248,1.46,bo344424,bo,G,g
481037539135,2459581.4451741,10.401272006243266,0.07447521630046247,13.857349487614112,0.007782829063323198,17.472611178385748,1.46,bo344877,bo,G,g
481037539135,2459583.7506047,9.891005387717728,0.04967472545819384,13.911964526214959,0.0054589260328816135,17.91230192260763,1.53,bs403927,bs,B,g
481037539135,2459584.8366273,12.337242843093605,0.05269154245225866,13.672020338886249,0.004642318906856769,17.848288331526646,1.56,bs404428,bs,G,g
481037539135,2459586.8924386,11.517645171437835,0.06220728298815457,13.746656384978674,0.005870697606775221,17.668037528476937,1.51,bC300373,bC,G,g
481037539135,2459588.5378855,7.7833059746493785,0.09063354485542485,14.172155363232813,0.012657182306568378,17.259418195360215,1.71,bo346379,bo,G,g
481037539135,2459590.5401299,16.39100662252935,0.107857630532272,13.363551557882282,0.007152492682495875,17.07051342326919,1.42,bo346532,bo,G,g
481037539135,2459591.833474,9.574156664735417,0.051930092528232843,13.947314298051879,0.0058956370492647524,17.864092870404903,1.41,bk469262,bk,G,g
481037539135,2459592.8526218,16.18294738070827,0.10215816283461089,13.377421567255174,0.006861635197204013,17.12945792600849,1.50,bs407030,bs,G,g
481037539135,2459593.9427493,21.911070931149737,0.1410288013545567,13.048406610361013,0.006996106026358613,16.779371074625917,1.54,bs407548,bs,G,g
481037539135,2459596.9468209,11.127311575884733,0.0832006449582824,13.784090000033185,0.008127343521709235,17.35232387922687,1.42,bC304004,bC,G,g
481037539135,2459602.8415074,8.231607163916806,0.05650597747622239,14.111354031129428,0.007461427581755416,17.77240463137915,1.68,bC306275,bC,G,g
481037539135,2459605.9312568,6.349345100167468,0.07468954838770693,14.393243290962177,0.01278624652542939,17.469491027757662,1.46,bC307616,bC,G,g
481037539135,2459605.9484627,6.973824651960143,0.08588963299602755,14.291388063808911,0.013386957859425414,17.317788743899214,1.51,bs411639,bs,G,g
481037539135,2459607.3757111,10.859911585979056,0.05075723638096811,13.81049989844061,0.005080235568490046,17.88889569220633,1.44,bo349875,bo,G,g
481037539135,2459608.662576,7.78386000985151,0.07806424544122091,14.17207808056254,0.010901074863831982,17.42151019586111,1.49,bk473915,bk,G,g
481037539135,2459609.4508642,8.943733128447239,0.0707490657881986,14.021268542664929,0.008598328836628024,17.528338837548855,1.47,bo350533,bo,G,g
481037539135,2459613.0272556,16.513444075701784,0.10441322369843592,13.355471472274221,0.006872741624009071,17.105751850035723,1.48,bC310252,bC,G,g
481037539135,2459613.6530298,13.305836989299028,0.09403216099811487,13.58996012585271,0.007681506299252308,17.21944956906057,1.50,bk475349,bk,G,g
481037539135,2459614.0213929,5.900856581700003,0.07759324742633894,14.472777973810985,0.01429292258933009,17.42808079067691,1.47,bC310602,bC,G,g
481037539135,2459614.6300369,7.452715347524996,0.11306687609136958,14.21927928752808,0.016490469933350977,17.019302128255728,1.52,bG318391,bG,G,g
481037539135,2459614.9404477,7.58195611694433,0.0602928657633248,14.200612456092092,0.00864364322939394,17.701975794728714,1.38,bC310931,bC,G,g
481037539135,2459617.4440992,8.123315207035171,0.11394898990874205,14.125732358819633,0.015247173668655262,17.01086441202601,1.44,bo351639,bo,G,g
481037539135,2459618.781072,16.892758402910765,0.11765034479106903,13.330814195016806,0.007570155595990461,16.976157600753044,1.48,bC312302,bC,G,g
481037539135,2459619.8744208,20.25386697426523,0.12282835251807238,13.133795739176575,0.006591782151706127,16.929394044574046,1.47,bs414371,bs,G,g
481037539135,2459621.3953242,7.800767511888302,0.09296664310352924,14.169722285498503,0.012953943169255445,17.231822737764684,1.45,bo352869,bo,G,g
481037539135,2459622.328627,10.792424868058871,0.05866013646556933,13.817268037335575,0.005907941790363007,17.731782938996602,1.51,bo353160,bo,G,g
481037539135,2459624.7722335,7.771965367452802,0.07854282686910409,14.173738480586149,0.010984690984177696,17.41487429119813,1.49,bC314836,bC,G,g
481037539135,2459629.4441898,8.743515765173193,0.1977174129365225,14.045850378683994,0.024579383994338216,16.41252831335744,1.42,bo354626,bo,G,g
481037539135,2459630.5588282,7.8276009343530975,0.15371449480138133,14.165993931256441,0.02134510612018129,16.685853556299737,1.45,bo355048,bo,G,g
481037539135,2459632.7553008,10.55585484399214,0.09411860351936108,13.841332098519882,0.009691572252963918,17.218451924625885,1.48,bG324167,bG,B,g
481037539135,2459633.593224,7.917174261581385,0.07923619391344751,14.153640111988556,0.010878413798461118,17.405331596032806,1.48,bk481927,bk,G,g
481037539135,2459634.3066054,17.13373240826798,0.11977158789165343,13.315435672581978,0.007598257371818292,16.956756093130906,1.50,bo356260,bo,G,g
481037539135,2459634.7200278,7.717750244042996,0.1133651446554527,14.181338821893645,0.015966179187549483,17.016441745126137,1.43,bG324818,bG,G,g
481037539135,2459634.7459299,7.696091448663214,0.08215970023223292,14.184390073390972,0.011603815077726154,17.365993496377495,1.60,bk482383,bk,G,g
481037539135,2459635.7498178,7.907362266774118,0.07205834751691446,14.154986532384415,0.009905236175704895,17.50842986541164,1.49,bk482753,bk,G,g
481037539135,2459636.6711067,17.52530562743019,0.13091055181020939,13.290901621142112,0.0081193493043488,16.8602039777189,1.53,bk483060,bk,G,g
481037539135,2459637.8779988,13.686717381455757,0.07057320284971855,13.559317373398464,0.005604704251543555,17.531041042371694,1.62,bs420557,bs,G,g
481037539135,2459639.5945918,13.840273376900852,0.08272272941660301,13.547203951007305,0.006496693221790411,17.358578472871017,1.47,bG325662,bG,G,g
481037539135,2459640.6013207,8.724349890385543,0.09906672914128072,14.048232935650438,0.012342607607490215,17.162821050820174,1.43,bG326028,bG,G,g
481037539135,2459643.8757284,6.798618202468537,0.06661788435028888,14.319013990525395,0.010650803104771754,17.593663520799893,1.41,bC321558,bC,G,g
481037539135,2459644.8275686,10.905781669460994,0.01619418107580337,13.805923624806894,0.0016140402648862908,19.129243133826478,1.46,bs422201,bs,G,g
481037539135,2459645.8738447,19.675558816337684,0.12181748119828273,13.165247932677103,0.006729684624782287,16.93836657290062,1.57,bs422542,bs,G,g
481037539135,2459647.715101,11.860654372993405,0.046299665816344,13.714793996098562,0.004243081547676541,17.98869597054101,1.49,bs423078,bs,G,g
481037539135,2459648.3628764,9.237079232212956,0.06754519515791874,13.986228950145808,0.00794825816076203,17.57865445938015,1.44,bo359607,bo,G,g
481037539135,2459651.6567399,16.579647829602685,0.10348730322980393,13.351127368761764,0.006784595204850378,17.11542293685073,1.52,bs424469,bs,G,g
481037539135,2459652.706545,7.743162129175042,0.097074149864455,14.177769740341626,0.013626910883072612,17.184881621787206,1.62,bs424886,bs,G,g
481037539135,2459656.9435449,10.690208624176988,0.0939812040900058,13.82760017042849,0.009555798796620076,17.22003809915092,1.43,bC326555,bC,G,g
481037539135,2459657.9357859,18.572301323829222,0.13901699216683186,13.227901319271542,0.008136063680725416,16.794970892223052,1.45,bC326962,bC,G,g
481037539135,2459661.5393047,12.680500402071125,0.07812400613412522,13.642224641893863,0.00669669139855124,17.420679347824596,1.51,bk491801,bk,G,g
481037539135,2459663.8101863,14.985896792339382,0.08549499761940955,13.46085877905126,0.00620112006149629,17.322788850055762,1.44,bs428053,bs,G,g
481037539135,2459664.6535993,7.812759473179064,0.09912959378546785,14.168054486914354,0.013791485432562669,17.162132295131126,1.52,bG333665,bG,G,g
481037539135,2459665.7161933,8.278443016591936,0.0684387905112213,14.10519396295479,0.008985988009703657,17.56438479684054,1.48,bk493423,bk,G,g
481037539135,2459665.8077903,8.012451990359981,0.07563631582596675,14.140652021545142,0.010260702574726005,17.45581469491436,1.43,bs428782,bs,G,g
481037539135,2459665.809019,8.28223997309906,0.07235298509797192,14.10469609783383,0.009495565121872142,17.503999477198686,1.42,bs428783,bs,G,g
481037539135,2459666.8169111,9.647164201042962,0.0539211544687466,13.93906644587413,0.006075355336355818,17.823242656424153,1.53,bs429146,bs,G,g
481037539135,2459669.5067312,22.95381748890559,0.16581723353073913,12.997928311924358,0.007852119739563667,16.60356644852478,1.47,bk494827,bk,G,g
481037539135,2459670.2588748,10.313087779651188,0.04501580035805517,13.866593836645558,0.004744477970704297,18.019228171231248,1.46,bo363185,bo,G,g
481037539135,2459671.2813557,16.849195808384323,0.11677744216967674,13.333617678895251,0.007533416063405333,16.984243215275793,1.45,bo363371,bo,G,g
481037539135,2459672.8046016,7.6654548472611275,0.07760749617995609,14.188720797758682,0.011004692583739942,17.427881430965627,1.43,bs430790,bs,G,g
481037539135,2459674.6634958,19.360250673908762,0.11869236541191829,13.182788181794665,0.006663831106226128,16.966583649062212,1.50,bs431385,bs,G,g
481037539135,2459675.6477728,7.702488606085698,0.10195574008969728,14.18348796088501,0.01438774690710697,17.131611407684368,1.45,bG337814,bG,G,g
481037539135,2459675.6533495,7.668320991685617,0.07610756831645417,14.188314912497459,0.010787970120835003,17.44907099597303,1.61,bk497314,bk,G,g
481037539135,2459676.644425,9.231331413014917,0.04828686767469774,13.986904765268513,0.005685607350134716,17.943068026379695,1.50,bk497719,bk,G,g
481037539135,2459676.6532275,8.474316926532582,0.08911042408588811,14.079803867481829,0.011429730260835007,17.277819335127223,1.44,bG338212,bG,G,g
481037539135,2459677.791047,9.275153722563266,0.06353102101850532,13.98176283187241,0.007445208963040893,17.645176023901307,1.53,bs432372,bs,G,g
481037539135,2459683.8283426,6.646734318675357,0.10639316683381317,14.343544823210298,0.01739873161976176,17.085356271376963,1.53,bC334889,bC,G,g
481037539135,2459685.6071829,17.04784353301517,0.1572260394514756,13.32089199547756,0.01002460332522593,16.661329424906885,1.46,bG341697,bG,G,g
481037539135,2459687.7534917,7.562003655709827,0.11711251163187687,14.203473414836864,0.01683366130078515,16.981132373709634,1.53,bs434783,bs,B,g
481037539135,2459688.780197,8.990071706922105,0.13550911253665343,14.015657732827806,0.016383908652629106,16.822719358816187,1.65,bs435096,bs,G,g
481037539135,2459689.6491285,14.229117464482359,0.11000284989191297,13.517120710826138,0.008403073163065997,17.049130769539826,1.46,bG343102,bG,G,g
481037539135,2459690.7521118,7.159935964685559,0.08350119970145836,14.26279277681569,0.012676394598527345,17.34840882333257,1.50,bs435742,bs,G,g
481037539135,2459691.6418995,9.294893828306149,0.06490807049607183,13.979454538853243,0.007590431030460256,17.621893863508987,1.43,bk503341,bk,G,g
481037539135,2459692.6467428,15.051123105700661,0.09484250507233619,13.456143352455944,0.006849301457603972,17.21013307027918,1.42,bG344280,bG,G,g
481037539135,2459693.7457691,20.174801926325124,0.12363012911293232,13.138042423366514,0.006660812612361056,16.922329804444054,1.50,bs436747,bs,G,g
481037539135,2459695.6332669,10.753835013570177,0.03721948047249276,13.82115719927691,0.003762002763132145,18.225714844580533,1.45,bs437225,bs,G,g
481037539135,2459696.7592951,11.321833477877671,0.054168868220974706,13.765273714858568,0.005200500846710312,17.818266207102212,1.47,bC338648,bC,G,g
481037539135,2459698.68788,7.736982215742007,0.07652763532470547,14.178636625812908,0.010751247707435109,17.44309487644268,1.47,bs437958,bs,G,g
481037539135,2459699.5604465,16.091830007543905,0.11463113265242551,13.383552032080468,0.0077430010864199305,17.004384152378123,1.54,bk506319,bk,G,g
481037539135,2459700.6214441,19.51891521441409,0.14318828266996675,13.173926428285105,0.007973774975456205,16.76287191043685,1.48,bk506765,bk,G,g
481037539135,2459702.7137272,8.032531722213433,0.07604240335787214,14.137934498906645,0.010290004336986352,17.45000102518515,1.47,bs439293,bs,G,g
481037539135,2459703.5431369,22.63854487858346,0.162797471921888,13.012944350831642,0.007816481791439745,16.6235214703003,1.48,bk507787,bk,G,g
481037539135,2459703.6140163,15.018748018136908,0.09706847140774008,13.458481295185244,0.007025166673312355,17.18494513495092,1.46,bG348203,bG,G,g
481037539135,2459704.5233704,7.81591678096858,0.07138291375137704,14.16761580568921,0.009927194188112358,17.51865493324493,1.45,bk508187,bk,G,g
481037539135,2459704.6137489,7.267703555626247,0.10526461207783386,14.246572611183904,0.015743357682464237,17.096934625605158,1.43,bG348605,bG,G,g
481037539135,2459704.6150472,7.279033481289428,0.11012991837185004,14.244881329772001,0.016445374694399037,17.047877318129004,1.45,bG348606,bG,G,g
481037539135,2459705.5114617,8.142625532699627,0.07011353382078475,14.123154465553633,0.009359433581051848,17.538135969650543,1.42,bk508597,bk,G,g
481037539135,2459706.6073696,10.195294928729858,0.03550315154371804,13.87906613844674,0.0037851167997103377,18.27697334589627,1.45,bk509074,bk,G,g
481037539135,2459706.6662995,8.411041894593495,0.0722389271958038,14.08794113188195,0.009335415757397327,17.50571239208506,1.42,bs440452,bs,G,g
481037539135,2459711.2297652,10.713032205871805,0.19402165192112414,13.825284596020118,0.01968565909833399,16.43301511670471,1.42,bo371937,bo,G,g
481037539135,2459713.5623146,8.93096690429339,0.1298141070871517,14.022819422298518,0.01579921769100826,16.869335885342963,1.49,bG351751,bG,G,g
481037539135,2459715.78403,11.813100331397585,0.12116275529917321,13.719155890925254,0.011148525227901598,16.944217759347314,1.42,bC343589,bC,G,g
481037539135,2459716.3277441,14.526605962474902,0.23947550716702723,13.494655231401468,0.01791880808114374,16.204487857213465,1.53,bo373875,bo,G,g
481037539135,2459716.3290074,14.367240602521216,0.43969957961487954,13.506632210327599,0.0332655614874632,15.544750485436046,1.62,bo373876,bo,G,g
481037539135,2459717.5749938,9.603855864124911,0.128877528001401,13.943951538562814,0.014586252808106309,16.877197618210037,1.49,bG353306,bG,G,g
481037539135,2459719.6715538,22.58691603919418,0.1399597076705145,13.015423278557217,0.006735320429277842,16.78763304465606,1.53,bs444106,bs,G,g
481037539135,2459720.5683547,8.12425285035405,0.08590034194544366,14.125607043659112,0.011492741377830499,17.31765337984069,1.98,bk514174,bk,B,g
481037539135,2459721.563209,11.44257376237187,0.061065523446722086,13.753756320519726,0.005800755174688052,17.688150401007327,1.47,bk514479,bk,G,g
481037539135,2459722.5619504,23.22204358111281,0.17161178505397953,12.985314532855519,0.008032650025832828,16.5662728396044,1.42,bk514887,bk,B,g
481037539135,2459723.5436388,7.7216034586614635,0.07888045459261181,14.180796885387313,0.011103862690722747,17.410217099430863,1.49,bk515297,bk,G,g
481037539135,2459724.5123336,9.214836080267423,0.08539000602258533,13.988846587032187,0.010072368420784666,17.324123000973415,1.48,bG355596,bG,G,g
481037539135,2459725.5197279,15.974668695649914,0.11331691803643343,13.391485972442927,0.007710367296482372,17.016903725985763,1.47,bk516113,bk,G,g
481037539135,2459727.6316699,7.59959170378143,0.08103454153905656,14.198089972355909,0.011590231007830376,17.380965162943976,1.49,bs445510,bs,G,g
481037539135,2459728.6435418,7.759635157060938,0.08465243583421674,14.175462367139378,0.0118579695241698,17.333541963329232,1.55,bs445815,bs,G,g
481037539135,2459730.2907163,9.258162307479921,0.07135325584331115,13.983753646647802,0.008377244231670754,17.5191061246297,1.50,bo377088,bo,G,g
481037539135,2459732.6328742,8.441827844346902,0.08311004247545202,14.083974394116419,0.01070111880464409,17.35350685077367,1.54,bs446903,bs,G,g
481037539135,2459733.2787401,8.16229469370193,0.08668776981249973,14.120534945766964,0.011544037588525471,17.307746036079465,1.76,bo377684,bo,G,g
481037539135,2459739.2170604,7.371996730252413,0.1392803184157264,14.23110278747787,0.020536044167058787,16.79291623401013,1.69,bo379746,bo,G,g
481037539135,2459740.4858055,18.458680112526782,0.15834544266538902,13.234564013322922,0.009324318453084327,16.65362669025817,1.44,bG359068,bG,G,g
481037539135,2459740.4994289,17.6028998540953,0.14679034615187136,13.28610507676789,0.00906411587866875,16.735896874924524,1.48,bk519258,bk,G,g
481037539135,2459741.5131356,6.832378769820276,0.13551187812356547,14.313635785938793,0.021558453455501593,16.82269720040085,1.49,bG359512,bG,G,g
481037539135,2459742.4806699,7.895660340948581,0.11043912151126256,14.156594478809822,0.015203607829891183,17.04483325298574,1.57,bk520118,bk,G,g
481037539135,2459743.4994483,10.981874871815851,0.128057907238398,13.798374394726064,0.01267482821082496,16.88412461101094,1.50,bk520557,bk,G,g
481037539135,2459746.5191701,8.070565529344695,0.1604798710483724,14.13280570193667,0.02161368268551146,16.639089194680956,1.60,bG361597,bG,G,g
481037539135,2459747.5153886,11.579782136673703,0.07599790512766179,13.740814650774862,0.007133676406173943,17.45063655850454,1.52,bk522240,bk,G,g
481037539135,2459748.4731191,9.233788529213506,0.068835167117932,13.986615811821128,0.008102939934905792,17.558114683614143,1.72,bk522640,bk,B,g
481037539135,2459748.4884257,14.001841459151995,0.12456159386296177,13.534602732558556,0.009669659323207838,16.91418021960969,2.18,bG362375,bG,G,g
481037539135,2459748.4897241,13.607226268315104,0.1538649789357309,13.565641605955143,0.012290862151008785,16.68479115714835,2.13,bG362376,bG,G,g
481037539135,2459749.4814604,7.689237875286506,0.07728187285727064,14.18535738102314,0.010924624400606755,17.432446515756077,1.52,bk523017,bk,G,g
481037539135,2459751.4802973,15.85208810163217,0.10558803534373158,13.399849428880955,0.007240030644459634,17.09360383864149,1.48,bG363474,bG,G,g
481037539135,2459759.2381043,7.8008238629825275,0.1027304013735746,14.169714442398178,0.014314318809807429,17.123393149114868,1.53,bo382857,bo,G,g
481037539135,2459761.5020654,7.871732899283963,0.10851848433379147,14.1598897488965,0.014984613398987386,17.063881312975283,1.48,bG366137,bG,G,g
481037539135,2459853.1396175,9.617192523813038,0.13825132997997272,13.94244484690839,0.015625473274944835,16.80096731665071,1.51,bC382685,bC,G,g
481037539135,2459855.1383519,6.65674576225514,0.12997210811196996,14.341910696088329,0.021222686820568756,16.868015203611993,1.47,bC383479,bC,G,g
481037539135,2459857.984126,7.818099354883418,0.09668903162414305,14.16731265907433,0.013442752353723508,17.189197584851154,1.48,bs474030,bs,B,g
481037539135,2459859.1282272,7.518418461539245,0.07811193868279,14.20974938704746,0.011292837930114787,17.420847069392835,1.75,bC383948,bC,G,g
481037539135,2459875.8754052,7.8546713907359615,0.24222332498708965,14.162245570922236,0.03351969926107688,16.19210070801011,1.57,bG403899,bG,G,g
481037539135,2459876.875615,12.832123103196935,0.6701230324428507,13.62931932902204,0.05676337380989515,15.08725424869861,1.60,bk564060,bk,G,g
481037539135,2459879.8699622,8.854831213946019,0.20195141039463949,14.032114903992262,0.024790128382926758,16.389523385051884,1.52,bk565047,bk,G,g
481037539135,2459882.1131083,7.770754520759462,0.0676186467567869,14.1739076479012,0.00945835168092284,17.577474423848322,1.42,bC388997,bC,G,g
481037539135,2459883.1203227,9.546519543042015,0.041833952659356015,13.950452957395129,0.004763169180998023,18.09881835992082,1.45,bC389372,bC,G,g
481037539135,2459883.8722153,72.84497412858346,7.102603755549835,11.74406663879546,0.10598152536640705,12.524096644795254,1.99,bk566390,bk,B,g
481037539135,2459884.1352799,15.853440089029512,0.10255746732988864,13.399756832936315,0.007031628929825184,17.125222393072292,1.84,bC389782,bC,G,g
481037539135,2459885.0802329,7.665119125945365,0.07083193470983111,14.188768350418869,0.01004436227476838,17.527067850644904,1.38,bC390123,bC,G,g
481037539135,2459886.0761566,8.003506860014589,0.06486064208466012,14.141864818477607,0.008808725868697551,17.622687502355713,1.50,bC390514,bC,G,g
481037539135,2459886.077398,6.985674148646208,0.09076050362833443,14.28954481272461,0.014122147588900145,17.257898368663362,1.52,bC390515,bC,G,g
481037539135,2459890.0634321,8.922907930167117,0.08992086156119941,14.023799592783355,0.010953835641842897,17.26798946303602,1.48,bC391103,bC,G,g
481037539135,2459891.0592456,15.149466055464615,0.15749517232221497,13.449072306399588,0.011300094938745982,16.659472496540136,1.41,bC391389,bC,G,g
481037539135,2459894.032898,11.190132412153448,0.09214344379082261,13.77797755843514,0.008950378197058656,17.241479512330965,1.49,bC392093,bC,G,g
481037539135,2459903.1046527,23.306414796320524,0.14945237779907253,12.981376943406456,0.006970108365348782,16.716383538718198,1.46,bC393540,bC,G,g
481037539135,2459907.9900612,7.8853442209780695,0.06395162173100874,14.158013981161034,0.008815421415768169,17.638011706180407,1.46,bC394401,bC,G,g
481037539135,2459914.78691,11.415347476248616,0.0477771505330597,13.756342783062504,0.004549286429525974,17.954590000140204,1.43,bG413907,bG,G,g
481037539135,2459914.7882198,11.339873956688372,0.052116368463021874,13.763545053839511,0.00499548996810758,17.86020524672926,1.44,bG413908,bG,G,g
481037539135,2459917.0046896,16.496079718523063,0.1145261343429402,13.356613755520586,0.007546334084082379,17.00537910641575,1.52,bC396744,bC,G,g
481037539135,2459918.8160089,11.809074813732012,0.06023620223585997,13.71952593731496,0.005544391402189233,17.702996654655895,1.49,bG415093,bG,G,g
481037539135,2459919.5631272,7.599591883074661,0.13303307128144867,14.198089946740698,0.019027490773340604,16.842741567489618,1.49,bo417688,bo,G,g
481037539135,2459920.8401758,7.949459553769292,0.0922913803582475,14.149221612211523,0.012619312935951466,17.2397377575138,1.65,bk577532,bk,G,g
481037539135,2459921.5720798,21.73002505128444,0.21316777246319202,13.057415054797957,0.010662854734710661,16.330836743991014,1.62,bo418285,bo,G,g
481037539135,2459922.7763212,16.28276980847392,0.19383088825048944,13.370744914170373,0.012939183601841039,16.43408314653053,1.54,bG416066,bG,B,g
481037539135,2459922.7804731,17.295184909097856,0.2720968286478086,13.305252598344474,0.017100564347692616,16.065831911428504,1.70,bk578091,bk,G,g
481037539135,2459922.7817022,16.97299490419905,0.29303099471967065,13.325669420199247,0.01876580724733807,15.985356713084208,1.73,bk578092,bk,G,g
481037539135,2459923.78948,6.9264036596085505,0.13734334809499285,14.298796127453883,0.021553212210242024,16.80812153588029,1.61,bk578411,bk,G,g
481037539135,2459934.7117945,7.234838415467536,0.1120572049966824,14.25149353245401,0.016835387714893624,17.02904114691056,1.55,bG418980,bG,G,g
481037539135,2459934.7130937,6.966447674912166,0.1308663464167755,14.292537173614301,0.02041873209299313,16.860570667040058,1.53,bG418981,bG,G,g
481037539135,2459944.4695366,8.33827263094748,0.08394834018171239,14.09737539513251,0.010943297237730019,17.34261032711376,1.63,bo421845,bo,G,g
481037539135,2459946.5041858,11.860249320435432,0.06554046722324947,13.714831075649387,0.006006588593664173,17.611366778829503,1.48,bo422449,bo,G,g
481037539135,2459952.442033,8.046638410000266,0.239989184848545,14.136029407354895,0.032418234339173575,16.202161434938493,1.73,bo423518,bo,G,g
481037539135,2459957.5328141,9.797306460258739,0.10005571768410658,13.922298889743539,0.011100623963860036,17.15203583284206,1.48,bo424684,bo,B,g
481037539135,2459959.4878255,7.858112675012991,0.09361553994648372,14.161769992950244,0.012949168062265325,17.224270745130454,1.53,bo425102,bo,G,g
481037539135,2459963.8316625,10.803365504880539,0.05738349215155273,13.816167948261596,0.00577351206030367,17.75567317568256,1.51,bG425726,bG,G,g
481037539135,2459967.9084539,9.93002303441862,0.05179175055079951,13.907689982486552,0.005669209511231884,17.8669891356109,2.40,bs494584,bs,G,g
481037539135,2459972.37231,16.27850766621703,0.11690698202602236,13.371029151309912,0.007806170513636204,16.983039488267593,1.46,bo428206,bo,G,g
481037539135,2459974.7534141,11.892256711327224,0.0779882741735727,13.711904933532066,0.007128156185142052,17.42256733691243,1.73,bs497091,bs,B,g
481037539135,2459974.8213822,9.843086668634701,0.08021225587138678,13.917237349540281,0.008857712786440918,17.39203878516254,1.54,bG429011,bG,G,g
481037539135,2459975.7388476,14.468355721404883,0.08879073571230321,13.499017677638852,0.006670534724946075,17.281721475118353,1.55,bG429318,bG,G,g
481037539135,2459975.7601891,22.98073356530303,0.16542720071014974,12.996655903190247,0.007824474974829826,16.606123309297622,1.47,bk593795,bk,G,g
481037539135,2459976.8229055,7.173974329259894,0.08362273713627673,14.260666076531582,0.012670003449166245,17.346829664548075,1.48,bk594165,bk,G,g
481037539135,2459986.7771431,17.90916403886777,0.1616547839440419,13.26737733630007,0.009811274345187974,16.631169207774818,1.66,bG433273,bG,G,g
481037539135,2459987.776132,7.235267386205333,0.10053793556815283,14.25142915848642,0.015103846052233636,17.146815703337875,1.60,bk598275,bk,G,g
481037539135,2459988.7521027,7.9178495310519645,0.08396290536320834,14.153547511620888,0.011526365487344566,17.342421966353676,1.54,bk598626,bk,G,g
481037539135,2459988.7533321,7.768382339486206,0.09065297730604607,14.174239141617457,0.012684216686532608,17.259185431059638,1.54,bk598627,bk,G,g
481037539135,2459990.5846058,7.633081395563924,0.07982343077839596,14.193315888489975,0.01136691647525127,17.39731463732147,1.70,bk599283,bk,G,g
481037539135,2459991.706694,7.6660728384481995,0.07837745173963194,14.188633268920052,0.011112975851000654,17.417162763198064,1.50,bk599744,bk,G,g
481037539135,2459991.7079458,7.3541333417628625,0.08736903741424393,14.233736872202222,0.012913329226189704,17.29924673416304,1.50,bk599745,bk,G,g
481037539135,2459993.81907,10.802365978251373,0.06233407996563649,13.816268405147355,0.006272184712281407,17.66582672696638,1.44,bG435566,bG,G,g
481037539135,2460001.4738712,8.342343504619882,0.07372172779637459,14.096845451276366,0.009605491883398239,17.483651848667982,1.74,bo435729,bo,G,g
481037539135,2460003.590088,12.451485856012159,0.08434623301571133,13.662012673308634,0.007363031940183113,17.33747638307484,1.54,bk604350,bk,G,g
481037539135,2460006.7380414,7.818850126859269,0.10907756838440001,14.167208400847073,0.01516368422558505,17.058301991811657,1.55,bG440731,bG,G,g
481037539135,2460007.545138,19.19412873788793,0.455637796371555,13.19214461389356,0.025802602508302467,15.506091254472159,1.45,bo437730,bo,B,g
481037539135,2460012.6352987,8.657982767525361,0.14552205468846127,14.056523829589644,0.01826939954117182,16.745318566219073,1.68,bG442845,bG,G,g
481037539135,2460012.6378838,9.289285683484097,0.16612496818472836,13.980109823748206,0.019438590193554053,16.60155333449897,1.58,bG442847,bG,G,g
481037539135,2460013.6377672,7.759408255272006,0.12382442105948782,14.175494115937372,0.01734562193318494,16.920624846148723,1.47,bk608537,bk,G,g
481037539135,2460015.6999735,12.59241891112817,0.10481693150951671,13.649792715032799,0.009047622073013269,17.101562007227013,1.64,bk609289,bk,G,g
481037539135,2460018.7511483,7.782516227318727,0.1134718005568249,14.172265535025746,0.01584820513650456,17.015420745817615,1.51,bG445207,bG,G,g
481037539135,2460019.7474756,12.17583593448201,0.06254731715082718,13.686318653567577,0.005583699933229239,17.662118895976082,1.57,bG445601,bG,G,g
481037539135,2460020.745565,20.919694886422086,0.15077625579984158,13.09867725713228,0.007834112086950947,16.706808225562483,1.49,bG446004,bG,G,g
481037539135,2460020.7468634,21.083399552821106,0.15682141180011097,13.09021402433768,0.008084941703894236,16.664127213151172,1.52,bG446005,bG,G,g
481037539135,2460021.7527154,7.798300071030312,0.07566686790467453,14.170065766271405,0.010546733877822278,17.455376217710953,1.63,bk611842,bk,G,g
481037539135,2460022.6948836,9.434121217150047,0.043303683410150125,13.963311992009515,0.004989253372367459,18.061328513938314,1.60,bk612230,bk,G,g
481037539135,2460024.8188501,21.263294536894723,0.13942014997187643,13.080989234708673,0.007127006636287231,16.791826747532426,1.52,bs511871,bs,B,g
481037539135,2460025.6195598,8.290554839221109,0.06460801182525513,14.10360663138642,0.008470615196685391,17.626924669560154,1.53,bk613472,bk,G,g
481037539135,2460025.6489733,8.27910436241526,0.09784275774924196,14.105107229444302,0.012845691874991015,17.1763188988982,1.52,bG447966,bG,G,g
481037539135,2460027.7853348,14.10158130642506,0.07482898295759491,13.526896082816116,0.005767853212590082,17.46746600513009,1.78,bs513068,bs,G,g
481037539135,2460029.9103534,6.636084514209317,0.07450140776864231,14.345285851361858,0.012202947518145154,17.472229413451426,1.49,bC408212,bC,G,g
481037539135,2460033.8204073,7.694068086332653,0.08039112500742873,14.184675559417972,0.011357016423079314,17.3896203456982,2.15,bC409653,bC,B,g
481037539135,2460039.3136151,14.582220922256832,0.13396273118697138,13.490506438385948,0.009985561534828867,16.83518062842349,1.47,bo445637,bo,G,g
481037539135,2460041.7624153,8.268261063268724,0.1349075306698907,14.106530170661188,0.017735122194531702,16.827550128717302,1.59,bs518258,bs,G,g
481037539135,2460044.4129798,23.69233648306413,0.1839088012129669,12.963545892418605,0.008437364167377658,16.49113432767865,1.48,bo447277,bo,G,g
481037539135,2460045.8965239,7.543364726639738,0.06458872594092585,14.206152855664504,0.009306872918974479,17.627248816800627,1.44,bC413277,bC,G,g
481037539135,2460046.67864,10.979618227678786,0.08778086800272202,13.798597523475864,0.00869010060103447,17.29414093404173,1.49,bG456064,bG,G,g
481037539135,2460048.808632,7.634857369337448,0.06341828476020242,14.193063301803193,0.009028710673031647,17.647104382133023,1.44,bC413807,bC,G,g
481037539135,2460049.6621706,17.220944383553405,0.12510956308766535,13.309923211903945,0.007896701394607887,16.909414342854745,1.46,bk624522,bk,G,g
481037539135,2460051.7523309,7.573510417631972,0.062366197378259186,14.201822554434658,0.008950848581200545,17.665267449325597,1.44,bC415128,bC,G,g
481037539135,2460052.6178081,12.959322872220646,0.08257170656819982,13.618609846945153,0.006925659299516715,17.360562460037993,1.42,bk625934,bk,G,g
481037539135,2460053.6258369,22.16924544621302,0.15810294984367881,13.03568834305067,0.007751776345105022,16.655290679039226,1.46,bG459151,bG,G,g
481037539135,2460054.7277959,7.035500834030204,0.08733778975190828,14.281828075135492,0.013493336495098786,17.29963511874107,1.44,bs523047,bs,G,g
481037539135,2460056.7254242,9.930690592786306,0.05245961061330391,13.9076169949492,0.005741928554842551,17.85307795476179,1.45,bs523841,bs,G,g
481037539135,2460057.6530686,17.486022649478564,0.128755579504542,13.293338030806623,0.008003633511073853,16.87822546676045,1.46,bk627961,bk,G,g
481037539135,2460059.838572,7.696913262371149,0.06523857701950331,14.184274141132926,0.009212978546478297,17.616379412285742,1.43,bC417724,bC,G,g
481037539135,2460061.6636359,7.980658680222147,0.08614021376171495,14.144968779437825,0.011732197915484913,17.314625748557816,1.52,bs525522,bs,G,g
481037539135,2460068.3498506,8.696790453155122,0.15995078667787319,14.051668107304502,0.019991231440300357,16.642674660457214,1.47,bo452872,bo,B,g
481037539135,2460069.6129472,7.997257515045062,0.20772776002185075,14.142712920515162,0.028233559201668326,16.35890426636456,1.62,bk633421,bk,G,g
481037539135,2460073.7819827,8.66700379433721,0.050137111672324736,14.05539315554682,0.006287854696568063,17.90224233330324,1.46,bC420517,bC,G,g
481037539135,2460074.6107895,9.655258316383726,0.1054765726065334,13.93815587886337,0.01187419794774613,17.094750588365976,1.43,bG468056,bG,G,g
481037539135,2460074.7900752,7.501566988905501,0.06457028605333281,14.212185642618953,0.009356057693016952,17.62755883548842,1.42,bC420921,bC,G,g
481037539135,2460075.3330064,8.2457049451303,0.08423292976048084,14.10949614616568,0.011103663417209739,17.338935845357344,1.53,bo455444,bo,G,g
481037539135,2460075.7865753,8.988144962143089,0.04701076833650278,14.015890451857778,0.00568511761331733,17.97214723822711,1.37,bC421355,bC,B,g
481037539135,2460076.7831366,15.99437197864534,0.10347381528639758,13.390147641985822,0.007031944643087254,17.115564454722396,1.41,bC421761,bC,G,g
481037539135,2460077.7759402,6.799093966073151,0.07311202084950656,14.318938013954597,0.011688261447252282,17.492668641023986,1.43,bC422190,bC,G,g
481037539135,2460078.7955102,7.542034677422183,0.06382450310990467,14.206344310004514,0.009198374559288293,17.640172005452857,1.52,bC422604,bC,G,g
481037539135,2460079.7765633,10.267773394100699,0.0350695979724364,13.871374933809232,0.003712501899663105,18.29031364322782,1.39,bC423023,bC,G,g
481037539135,2460080.2549892,16.68372616929613,0.11589684521090493,13.344332989435797,0.007550761171255688,16.9924615755915,1.41,bo455977,bo,G,g
481037539135,2460080.7730431,20.433342230248712,0.1326261612351928,13.124217100043047,0.007055080333084773,16.846067612744026,1.46,bC423450,bC,G,g
481037539135,2460081.2506779,7.101452235087068,0.08999978130626653,14.271697696543686,0.013775470989243718,17.267036976110457,1.56,bo456420,bo,G,g
481037539135,2460081.7775634,7.5418511682730625,0.06612029372005239,14.206370727935433,0.00952947530715786,17.601803676117637,1.40,bC423799,bC,G,g
481037539135,2460082.766084,7.738005195685693,0.06370398338128631,14.17849307980105,0.008948489752327494,17.64222413788701,1.63,bC424226,bC,G,g
481037539135,2460084.2420257,21.014010375485793,0.14926497943339226,13.093793266405472,0.007720779611475384,16.717745797804234,1.40,bo457005,bo,G,g
481037539135,2460085.242155,7.821464655090944,0.0823599186823098,14.166845404574232,0.011445637702060314,17.36335083857336,1.47,bo457424,bo,B,g
481037539135,2460086.7560387,8.697891991578961,0.05104059759281919,14.05153059629755,0.006378431748829533,17.882851235083375,1.53,bC425069,bC,G,g
481037539135,2460088.7491306,6.840278438189388,0.07899119755850663,14.312381171451232,0.012552120227569255,17.40869386627814,1.60,bC425650,bC,G,g
481037539135,2460094.6359647,19.064818367439358,0.13352281158051113,13.19948394213351,0.007612634332580578,16.83875193975212,1.52,bs534787,bs,B,g
481037539135,2460095.632651,7.950030887317924,0.10998436499671024,14.14914358234996,0.015037453881244318,17.049313232143575,2.33,bs535159,bs,G,g
481037539135,2460096.6293789,7.809286413059549,0.13894458500415593,14.168537244064428,0.019339375564205296,16.795536546516562,1.61,bs535471,bs,G,g
481037539135,2460097.6272044,11.498318371919131,0.15200135215102495,13.748479798615218,0.014368958632874143,16.69802198320662,2.46,bs535793,bs,B,g
481037539135,2460098.5264006,7.373954971222444,0.14650870007874633,14.230814419093875,0.02159608889172747,16.737982073880623,1.62,bk645447,bk,G,g
481037539135,2460101.5172089,23.062173215287046,0.1930888794030987,12.992815048001692,0.009100582793445397,16.438247456161786,1.44,bG478680,bG,G,g
481037539135,2460103.5147937,8.554371730789615,0.07166655243872797,14.069595325716477,0.009106270923843087,17.514349328984988,1.46,bk647662,bk,G,g
481037539135,2460104.5069007,13.863162823598252,0.09257684992532564,13.54540981208089,0.00725858969333516,17.236384613599228,1.43,bk648151,bk,G,g
481037539135,2460107.5069315,9.328964055344644,0.0561756742606531,13.97548207294453,0.0065452621682819965,17.77876987685296,1.44,bk648649,bk,G,g
481037539135,2460108.5054053,16.791071781404796,0.11466047804485628,13.33736957671167,0.007422453790865509,17.004106241162077,1.44,bG480749,bG,G,g
481037539135,2460108.5066803,16.777092861760572,0.1293254035983617,13.338273851354018,0.0083787514336398,16.873431005371554,1.47,bG480750,bG,G,g
481037539135,2460109.5041062,6.872797946523405,0.1214325251217479,14.307231681613253,0.01920496952760012,16.941803046385516,1.57,bG481227,bG,G,g
481037539135,2460110.5167525,7.903833572040661,0.08368550341939261,14.155471155018947,0.011508656259983195,17.346015028891305,1.44,bk650091,bk,G,g
481037539135,2460112.4733744,23.173236833127937,0.16945084504061492,12.987598871796816,0.007948207773365325,16.58003126399761,1.51,bk651048,bk,G,g
481037539135,2460116.2357603,7.875048240784849,0.09696865979579947,14.159432565130519,0.013384136064523041,17.186062128277143,1.76,bo461427,bo,G,g
481037539135,2460121.4516786,8.00292730809987,0.1342760673245721,14.141943441922407,0.018237357590916256,16.832644078562126,1.67,bk653987,bk,G,g
481037539135,2460124.4600219,7.4199782913895564,0.10900262666779437,14.224059035615497,0.015967852100153047,17.059048202976307,1.59,bk655105,bk,G,g
481037539135,2460126.4517986,11.809529523824155,0.18929138819190822,13.719484131694042,0.017422498372113113,16.45981347095701,2.18,bG487326,bG,G,g
481037539135,2460128.4559992,8.037894603578454,0.3554973516557171,14.137209854201156,0.04807355456877249,15.775549687143348,1.68,bG488294,bG,G,g
481037539135,2460221.1339762,9.062910040094067,0.08291442103453157,14.006896449438969,0.009944308206856347,17.356065430089437,1.46,bC471417,bC,G,g
481037539135,2460222.129557,17.107987055128902,0.12225004981620842,13.317068339849438,0.007767160946665803,16.934517999521546,1.64,bC471884,bC,G,g
481037539135,2460223.12558,7.214066185041897,0.09831176718939319,14.254615316255318,0.014812813435477148,17.17112685451269,1.50,bC472313,bC,G,g
481037539135,2460224.1245721,7.670842415561944,0.08454025119628719,14.18795796979569,0.011979333221713297,17.33498177663329,1.51,bC472738,bC,G,g
481037539135,2460225.1201737,11.112612030593413,0.08639505181957681,13.785525241549543,0.008450548328579098,17.311418437796803,1.48,bC473208,bC,G,g
481037539135,2460235.9511043,19.51688285743435,0.12531016674065973,13.174039483668363,0.006978916867715596,16.907674841773094,1.64,bs573523,bs,G,g
481037539135,2460237.1288506,16.57007625388371,0.10885857837057315,13.351754354769689,0.0071408568007894175,17.060483965477395,1.63,bC478668,bC,G,g
481037539135,2460241.0839664,17.59060513813532,0.11512172274549799,13.28686367235483,0.007113587414953912,16.99974741143871,1.83,bC480402,bC,G,g
481037539135,2460242.8724156,18.988774746938564,0.19602699256949477,13.203823265443733,0.011220988233833924,16.421850918805486,1.65,bG509665,bG,G,g
481037539135,2460243.8689672,7.513479610993042,0.15849743267295738,14.210462841730958,0.022929431773623974,16.65258503157192,1.50,bG509962,bG,G,g
481037539135,2460244.8706456,9.54206571839514,0.34146586774034093,13.95095961398495,0.03889708610748274,15.819272364040046,1.65,bk681544,bk,B,g
481037539135,2460245.8660476,24.760424783751738,0.9547159542304712,12.915670394629224,0.041911023010404454,14.70295516117227,1.68,bk681945,bk,B,g
481037539135,2460250.0546855,8.085110398565263,0.098087896957878,14.13085073633284,0.013186867469485759,17.173602053458172,1.45,bC484764,bC,G,g
481037539135,2460251.8547775,7.358689351940891,0.16068500132212504,14.233064448499357,0.02373488019122288,16.637702259717948,1.63,bk683657,bk,G,g
481037539135,2460252.9237627,8.291807025318993,0.09434863119642391,14.10344265670112,0.012367974759056532,17.215801601863156,1.48,bs578168,bs,G,g
481037539135,2460258.0342429,9.593709312851857,0.0416245531286522,13.945099234012194,0.004716015256690745,18.10426665130052,1.42,bC488244,bC,G,g
481037539135,2460260.039927,7.12179872593679,0.07133368039762326,14.268591383242386,0.010887222752515,17.519404032354135,1.46,bC489211,bC,G,g
481037539135,2460260.8419485,12.200480569662979,0.08109451786385932,13.684123278250627,0.007224815003483689,17.380161871165477,1.45,bk686739,bk,G,g
481037539135,2460263.5805438,20.808043262578742,0.1484650105624127,13.104487516926145,0.007755415030835732,16.723580327648353,1.48,bo496431,bo,G,g
481037539135,2460264.8267673,15.735277433335806,0.11679848587244573,13.40787961105385,0.008068168895411508,16.984047579447807,1.48,bk688337,bk,G,g
481037539135,2460267.0077038,8.410969633648653,0.06027393345946698,14.08795045969912,0.007789249981659694,17.702316775629583,1.42,bC492067,bC,G,g
481037539135,2460267.6046794,14.212663191293004,0.4731772704032424,13.51837696143393,0.03618766680678187,15.465080924846696,1.52,bo497235,bo,G,g
481037539135,2460268.0112844,7.819359350008075,0.06357513892005089,14.167137691727852,0.008837477442387803,17.644422316843634,1.47,bC492581,bC,B,g
481037539135,2460269.0267527,8.778998957509025,0.08728610195331833,14.041453128648948,0.010807177245897113,17.300277863732767,1.49,bC493003,bC,B,g
481037539135,2460270.8019655,7.7407443247889605,0.10575010603541543,14.178108814694358,0.014849446333177163,17.09193858265846,1.45,bG517148,bG,G,g
481037539135,2460271.0554682,10.981606574336151,0.051916606596485754,13.798400920601582,0.0051386920251262295,17.86437486616516,1.45,bC493651,bC,G,g
481037539135,2460271.566977,7.139774107257646,0.09432092174548934,14.265854443515265,0.014359381611736215,17.21612052088152,1.48,bo498001,bo,G,g
481037539135,2460272.0192014,7.796397179554053,0.08381165559270784,14.170330733028571,0.011684836411766604,17.344379562253142,1.42,bC493971,bC,G,g
481037539135,2460272.8151262,22.796079172838002,0.16385730433116022,13.005415230661484,0.00781299995613126,16.61647609677984,1.44,bG517922,bG,G,g
481037539135,2460273.0868394,8.113108875667365,0.05879143320307322,14.127097361961575,0.007876602264531341,17.729355492837172,1.45,bC494488,bC,G,g
481037539135,2460274.0950198,12.939506152420254,0.08911915871037131,13.62027136873251,0.007486271085703224,17.277712916227564,1.64,bC494850,bC,G,g
481037539135,2460274.522507,13.037779391376452,0.3198249211324882,13.612056551805452,0.026663726498516845,15.89035985778346,1.78,bo498981,bo,B,g
481037539135,2460274.8216728,7.917504263314526,0.13380447542257082,14.153594857539115,0.018369380345311083,16.836464012114895,1.46,bG518423,bG,G,g
481037539135,2460276.5460146,9.601727388163026,0.24475744754004503,13.944192193938063,0.027707587717586007,16.180800822702295,1.51,bo499716,bo,G,g
481037539135,2460276.8062255,7.203088878912094,0.16706888568172473,14.25626868835906,0.02521093629749395,16.595401671552253,1.62,bG519020,bG,G,g
481037539135,2460277.7990389,8.109970726254566,0.1493937192878198,14.127517405820015,0.02002281918984864,16.716809762589435,1.56,bG519256,bG,G,g
481037539135,2460278.8679493,8.511333867464472,0.14087016848971104,14.075071555829645,0.017990100111534686,16.780593026326574,1.60,bs584888,bs,G,g
481037539135,2460285.0211912,15.266383962147486,0.09649343078705278,13.440725169663878,0.0068702689621214395,17.191396241814452,1.60,bs587263,bs,G,g
481037539135,2460285.5259378,22.513753550933288,0.19734669918281283,13.018945852955163,0.00952783289712952,16.414565944464865,2.14,bo501373,bo,G,g
481037539135,2460285.8303717,8.284587184098479,0.07290812218140219,14.104388440615567,0.009565710050699667,17.495700829670763,1.75,bs587655,bs,G,g
481037539135,2460287.7686878,8.32428179173396,0.1048380777742965,14.099198688710864,0.01368940110563327,17.10134298774903,1.52,bG520005,bG,G,g
481037539135,2460287.9607736,11.561832389532503,0.06193157672466986,13.742498949355129,0.005822341040284633,17.67286026915656,2.26,bC498539,bC,G,g
481037539135,2460291.9425186,14.396636239968547,0.09144096246471191,13.504413043618994,0.006903859266040522,17.249788639963576,2.05,bC499980,bC,G,g
481037539135,2460299.477349,12.944797305245315,0.0873569822721459,13.619827486108704,0.0073352436010475745,17.29939655391254,1.50,bo505306,bo,G,g
481037539135,2460301.8287574,10.789000166854354,0.06396620047185654,13.817612622747653,0.006444385735330734,17.637764224374443,1.70,bs593576,bs,G,g
481037539135,2460302.4792034,9.183021170551674,0.17805429120525867,13.992601658428871,0.0210755555774862,16.526259499268132,1.56,bo506295,bo,G,g
481037539135,2460303.0014563,10.266970659207367,0.06967101282249699,13.871459820023027,0.0073760181340023585,17.545010301410326,1.53,bC501577,bC,G,g
481037539135,2460304.9297359,7.293641712226652,0.13270137784065383,14.242704558476667,0.019776215199311244,16.845452031005166,1.60,bC502501,bC,G,g
481037539135,2460305.9143958,9.344954348411736,0.17202363237357154,13.97362266197619,0.020008894867794363,16.563670326957944,1.67,bC502983,bC,G,g
481037539135,2460312.8832782,8.371952137946302,0.05810614143934699,14.092998780200306,0.007544100629090297,17.742085519181423,2.11,bC505386,bC,G,g
481037539135,2460313.7269921,8.725300637585901,0.0935369734887869,14.048114622603837,0.01165239200118921,17.225182327358723,1.42,bG522813,bG,G,g
481037539135,2460314.456697,13.681215102384074,0.10554497356757962,13.559753944460661,0.008385424576510994,17.09404672277693,1.44,bo507967,bo,G,g
481037539135,2460316.0875157,21.943363732554555,0.1461640285600707,13.046807617226374,0.00724018186196916,16.74053935020301,1.49,bC506973,bC,G,g
481037539135,2460317.9160547,13.532719082629816,0.08026506287613933,13.571602955633207,0.006446940413697462,17.39132423584876,1.48,bC507627,bC,G,g
481037539135,2460327.6691227,17.69065400404489,0.13298076860326627,13.280705900791185,0.008170659697835536,16.843168514539176,1.46,bk709674,bk,G,g
481037539135,2460330.8001507,7.783701838435563,0.10084612851753917,14.172100143417923,0.014082676772510232,17.143492535678625,1.43,bG528025,bG,G,g
481037539135,2460339.7277191,23.267227480827557,0.2761708843994648,12.983204032513438,0.012901655092331819,16.04969588466231,1.49,bG530604,bG,G,g
481037539135,2460340.8257683,2.8847477407695266,0.7926159519559363,14.904983590018785,99.999,14.904983590018785,1.62,bs603598,bs,B,g
481037539135,2460341.877011,8.795389594895042,0.14992365130768387,14.039427918663886,0.018527944532032405,16.712965234755607,1.47,bs603976,bs,G,g
481037539135,2460342.9191884,8.028156790631066,0.1469072417104796,14.138526008009883,0.019890217472367102,16.735032599887184,1.48,bs604480,bs,G,g
481037539135,2460348.8485592,7.498950617112728,0.07958194347436183,14.212564388164132,0.011535228979203196,17.400604259277884,1.46,bs606227,bs,G,g
481037539135,2460351.6014875,7.546665432065175,0.07968484462255579,14.205677880412486,0.011477116923487893,17.39920128607818,1.52,bk717349,bk,G,g
481037539135,2460352.6005206,10.610593805780084,0.04475623365297804,13.835716399249575,0.0045848593347418455,18.025506780326364,1.44,bk717755,bk,G,g
481037539135,2460353.8325648,8.487884234182989,0.06991887722742396,14.078067003248353,0.008953795492280462,17.541154497225047,1.48,bs607359,bs,G,g
481037539135,2460354.8331424,13.583130239941685,0.06872915470937618,13.567565960072141,0.005499881222172162,17.559788104910876,1.62,bs607840,bs,G,g
481037539135,2460360.7988791,7.836323094969762,0.11709595235175912,14.16478478768217,0.016242082866606226,16.98128590368607,1.74,bk720770,bk,B,g
481037539135,2460366.7754439,6.8705868733696445,0.17303563821570683,14.307581034007379,0.02737498541512674,16.55730171364252,1.51,bk722856,bk,B,g
481037539135,2460366.7766727,7.651379551217929,0.23349401450211882,14.190716257448447,0.03317020677790454,16.231951231114255,1.52,bk722857,bk,B,g
481037539135,2460367.6656993,8.551983356007717,0.13323320992517895,14.069898504853695,0.01693393221335933,16.841109383261056,1.51,bk723203,bk,G,g
481037539135,2460370.4369329,12.199506059815246,0.19931205346535702,13.68421000457882,0.017758385898016347,16.403806702433034,1.49,bo522542,bo,B,g
481037539135,2460371.8671615,7.868088461667792,0.08596749583238217,14.160392537059822,0.011876192128218941,17.316804920803875,1.47,bs613115,bs,G,g
481037539135,2460373.8360434,15.949367776676386,0.09158563787364946,13.393206940874878,0.006241602035785913,17.248072175123525,1.47,bs613745,bs,G,g
481037539135,2460374.8383562,7.219232743791289,0.08278280189225384,14.253838013691924,0.012464109358714026,17.357790307495854,1.54,bs614209,bs,G,g
481037539135,2460375.5277183,18.551979803347717,0.13167205647823413,13.229089965195788,0.007714637577062976,16.853906565171766,1.48,bG541295,bG,G,g
481037539135,2460375.8108802,7.9732558143409396,0.07750825890907395,14.145976376674954,0.010566336948368291,17.429270658159165,1.42,bs614531,bs,G,g
481037539135,2460377.5250908,7.816799984026137,0.07872310439464819,14.167493123809766,0.010946754670475798,17.412385081735536,1.53,bk727051,bk,G,g
481037539135,2460380.7931488,13.061852579307956,0.06203141972456122,13.610053677654388,0.005162013260596874,17.671111308800327,1.45,bs615747,bs,G,g
481037539135,2460381.5140133,8.494461514355596,0.06528850235859879,14.07722598968344,0.008354356931669863,17.615548845156034,1.43,bk728685,bk,G,g
481037539135,2460384.5378599,7.346384212838281,0.08952009832122261,14.234881527222266,0.013245217222226857,17.27283923516097,1.42,bk729949,bk,G,g
481037539135,2460396.7746162,7.889605233511752,0.35232434640451227,14.157427439099187,0.04853997567143176,15.78528397408375,1.89,bs618718,bs,G,g
481037539135,2460397.7906676,5.109568488197699,0.3130808562304461,14.62910506035428,0.0666015690556661,15.913499329238459,1.42,bs619153,bs,B,g
481037539135,2460398.8098254,6.3808243672995175,0.3590806595853779,14.387873645290743,0.061168438794045564,15.764660575802889,2.44,bs619513,bs,G,g
481037539135,2460399.7990733,12.922626031802675,0.22392184007406668,13.621688681161912,0.018834662848660998,16.277399475740715,1.52,bs619834,bs,G,g
481037539135,2460402.7808729,10.116336840922305,0.06570565753626555,13.887507418535687,0.007059787954598238,17.60863369701771,2.08,bs620379,bs,G,g
481037539135,2460403.7402497,19.998579682187412,0.12714595337103907,13.147567740383801,0.006910596923664829,16.89188425495237,1.47,bs620769,bs,G,g
481037539135,2460404.7292285,7.76296402807326,0.07573479773797184,14.174996687933035,0.01060425270891202,17.454401936694556,1.48,bs621192,bs,G,g
481037539135,2460405.7225841,9.061981085067083,0.06258814393897671,14.007007743912329,0.007507253722932986,17.66141042975548,1.46,bs621617,bs,G,g
481037539135,2460407.7127805,7.510636902245955,0.07987731566031134,14.21087370540343,0.011560027508456343,17.396581957347088,1.74,bs622203,bs,G,g
481037539135,2460408.7130097,7.685815560966127,0.07789115058119662,14.18584072641618,0.01101565519474342,17.42392031360439,1.45,bs622629,bs,G,g
481037539135,2460409.7274781,9.66417891202159,0.05442416810133857,13.937153218772824,0.006121234405583048,17.81316111301417,1.46,bs622907,bs,G,g
481037539135,2460411.7035355,7.891111456758639,0.07529327090632985,14.157220178408988,0.010371227463098492,17.460750200782254,1.46,bs623389,bs,G,g
481037539135,2460412.6925253,8.343999557726754,0.07120704074915422,14.096629941285432,0.009276002089952632,17.52133326754211,1.45,bs623794,bs,G,g
481037539135,2460413.7039666,11.626513370734418,0.0593506634729835,13.736441883800556,0.005548661810675642,17.719076665850658,1.48,bs624038,bs,G,g
481037539135,2460414.6412345,7.140890161617078,0.0957951234574119,14.265684739837036,0.014581534211591841,17.199282107781354,1.41,bs624384,bs,G,g
481037539135,2460416.6051277,11.596672406200822,0.0882472933985768,13.73923214984951,0.00827142198430301,17.28838712601176,1.52,bs624725,bs,G,g
481037539135,2460423.631238,7.6945879245992685,0.13148494667009641,14.184602205744136,0.018573888776639874,16.85545052504944,1.65,bs626422,bs,G,g
481037539135,2460424.7138268,10.08299402032204,0.22051825173582099,13.891091848200563,0.02377208113023421,16.294029259584356,2.20,bs626898,bs,B,g
481037539135,2460426.8346317,22.014101019950488,0.15226532005227705,13.043313234614455,0.007518171308268612,16.696138112212065,1.78,bC540307,bC,G,g
481037539135,2460428.5456378,21.919747290880203,0.16085113949564256,13.047976764951322,0.007976286988340481,16.636580256788044,1.50,bk747613,bk,G,g
481037539135,2460431.7526422,7.628260450694715,0.06914134479249738,14.19400184056581,0.009852001793826344,17.553296055756228,1.41,bC541998,bC,G,g
481037539135,2460432.7044781,13.171602846646884,0.06598516041880902,13.600969054069523,0.0054452750580378925,17.604024919286722,1.43,bs629566,bs,G,g
481037539135,2460433.7155752,12.109503331217324,0.047970461810828674,13.69224979475801,0.004305858373373641,17.950205862862955,1.43,bs629942,bs,G,g
481037539135,2460434.7474132,7.795954687992824,0.09484560009913981,14.170392356715947,0.013223915185756968,17.210097639668994,1.54,bs630360,bs,G,g
481037539135,2460436.5246089,7.384503187936327,0.1032392685354445,14.22926241649191,0.015196228287571346,17.11802831432715,1.48,bG560609,bG,G,g
481037539135,2460437.5514801,8.099677363453534,0.09820799668056769,14.128896322635747,0.013179268468214995,17.172273481260767,1.65,bG561079,bG,G,g
481037539135,2460437.7962701,22.961069399127393,0.15292779633545853,12.99758534422562,0.007239465318123961,16.691424535289595,1.42,bC544288,bC,G,g
481037539135,2460438.7077511,7.996536872277048,0.07920991935171723,14.142810761956099,0.010766878187515054,17.405691683669016,1.45,bs631471,bs,G,g
481037539135,2460439.5964455,15.495233547783368,0.10902588868089896,13.42457030625069,0.0076479260783429885,17.058816523098297,1.54,bk751187,bk,G,g
481037539135,2460440.5767878,7.011688336823764,0.10874428286850696,14.285509112643188,0.016857610005996386,17.061624527465778,1.44,bG562021,bG,G,g
481037539135,2460440.6936169,21.454174978468522,0.1345643921933438,13.071286076355872,0.006817584168825407,16.830315226206043,1.52,bs632230,bs,G,g
481037539135,2460442.5880731,10.527337403429197,0.041101970162909944,13.844269266307897,0.004243813303670616,18.117984012325415,1.53,bk752567,bk,G,g
481037539135,2460449.3305371,22.595796687600412,0.2337553460314826,13.014996476311904,0.01124465321462802,16.230736731292843,1.55,bo542932,bo,G,g
481037539135,2460450.5663178,14.636516027296327,0.12367605680281907,13.486471340685702,0.009184596680938113,16.921926536275897,1.47,bG565785,bG,B,g
481037539135,2460452.6609373,7.964587292499754,0.1327897606652895,14.147157430958107,0.018122307041726623,16.844729141068644,1.71,bs635976,bs,B,g
481037539135,2460453.6557904,8.513600804489904,0.12840185582344132,14.074782415734324,0.016393443596403077,16.881212359585653,1.57,bs636268,bs,G,g
481037539135,2460456.553974,7.685309665579457,0.13137391424083417,14.185912194045155,0.018580608860827894,16.85636776204198,1.49,bG567038,bG,G,g
481037539135,2460457.5191369,13.1084544877995,0.08610556068200008,13.606186895914984,0.007139895922010846,17.315062613890298,1.53,bk756803,bk,G,g
481037539135,2460488.4521754,7.897410277076609,0.11312069687012279,14.156353870879428,0.01556931638255603,17.01878543170694,2.37,bk761631,bk,,g
481037539135,2460491.4528682,20.736469303585693,0.16540219939508502,13.108228589365394,0.008669990860565437,16.606287410994604,1.71,bk762677,bk,,g
481037539135,2460493.4532271,7.873872606780451,0.11679434775958593,14.15959466238364,0.01612299110481274,16.984086047228534,2.26,bk763499,bk,,g
