# "asas_sn_id":661428910087,"ra_deg":318.49817,"dec_deg":48.01806,"name":"ASASSN-V J211359.56+480105.0"
asas_sn_id,jd,flux,flux_err,mag,mag_err,limit,fwhm,image_id,camera,quality,phot_filter
661428910087,2457102.1489641,6.954009790379948,0.15524000921259873,14.354193160066425,0.02426501335702857,16.73484724407482,1.55,bc104098,bc,G,V
661428910087,2457105.1391341,7.214163592539642,0.12132539250731048,14.3143164385008,0.018280071549078375,17.002477131170345,1.55,bc104926,bc,B,V
661428910087,2457106.1486804,10.58805454839727,0.2301663670784847,13.897740979345558,0.023628593207317004,16.307251736399962,1.60,ba195966,ba,G,V
661428910087,2457107.1456873,9.495659985604812,0.1583091335777542,14.01596851628801,0.018121451847904493,16.713591463627985,1.76,ba196312,ba,G,V
661428910087,2457109.1459928,9.68837651647876,0.15554931858110027,13.994153883718198,0.0174513599875302,16.732686111367233,1.63,ba196732,ba,G,V
661428910087,2457110.1345377,6.168835477826641,0.1442073326251805,14.48427343498778,0.02540951225607463,16.814888034020612,1.61,bc106381,bc,G,V
661428910087,2457110.1364332,8.864193149615193,0.09534895667929204,14.090683377747737,0.011692002707327903,17.26406653042391,1.64,ba197070,ba,G,V
661428910087,2457111.1366803,6.141661160521233,0.08905395071141012,14.489066773376342,0.015760845475263442,17.338223416461048,1.61,bc106729,bc,G,V
661428910087,2457111.1398809,9.24971854490126,0.09224622383221112,14.044460109495347,0.010840074118309275,17.299984901108672,1.66,ba197419,ba,G,V
661428910087,2457133.0757409,6.5273041163837995,0.1070604952422022,14.42294678560435,0.017828203106400254,17.13828327363038,1.54,bc112354,bc,G,V
661428910087,2457133.1258679,9.309670773622452,0.09962201835396532,14.037445597264284,0.011631432001383616,17.216468052818286,1.65,ba203095,ba,G,V
661428910087,2457134.0590107,6.9328507695962855,0.07947990920944445,14.357501774364206,0.012461137349343286,17.46171298782721,1.50,bc112555,bc,G,V
661428910087,2457136.0844187,9.756954324539725,0.10275746373313283,13.986495724712704,0.01144751647357639,17.182822952576984,1.64,ba203714,ba,G,V
661428910087,2457137.0802041,9.3479371703645,0.10222299369019486,14.032991942674716,0.01188625336673318,17.188484904924486,1.65,ba204051,ba,G,V
661428910087,2457138.0966206,9.334176953680963,0.1096102875545073,14.034591329986139,0.01276401952719455,17.11272810095017,1.76,ba204398,ba,G,V
661428910087,2457148.1113119,8.68368348201341,0.1665425212965446,14.113021441639857,0.020846508287078257,16.658543555725696,1.67,ba205506,ba,G,V
661428910087,2457149.0807077,6.702231183877133,0.1544370197528422,14.3942328942057,0.02504633475224272,16.740477863080514,1.65,bc115110,bc,G,V
661428910087,2457156.0412855,6.679337899657861,0.09602486408035125,14.397947868379156,0.015626526735022312,17.256397140902322,1.55,bc116823,bc,G,V
661428910087,2457156.0543092,9.402744155862543,0.09288170630305177,14.026644856202692,0.010737118307469188,17.292530930920606,2.09,ba207554,ba,G,V
661428910087,2457157.0300018,9.442280114759225,0.09946067597983416,14.022089204341984,0.011449504685195412,17.218227877256,2.14,ba207809,ba,G,V
661428910087,2457161.0324458,9.480760764661959,0.11033101566383843,14.017673434948623,0.012649303152223072,17.10561235332482,1.71,ba208480,ba,B,V
661428910087,2457161.0388479,6.863935752113181,0.10786661030372767,14.368348380087754,0.017081499562613733,17.130138815449058,1.49,bc117761,bc,B,V
661428910087,2457162.1043927,9.876293503008045,0.10351556742672734,13.973296435054278,0.011392626300720857,17.174842225978978,1.70,ba208849,ba,B,V
661428910087,2457163.0256209,7.306252472582808,0.07575636752412221,14.300544715817168,0.011270330179885229,17.51380853789067,1.72,bc118402,bc,G,V
661428910087,2457164.0248327,9.871646352192725,0.08217277096400893,13.973807433165405,0.009047956756358647,17.42553656330361,1.80,ba209398,ba,G,V
661428910087,2457164.0661145,6.963252234760025,0.077852739446915,14.352751086483126,0.012152732663431639,17.484171646350873,1.54,bc118701,bc,G,V
661428910087,2457167.0099195,6.232758979669897,0.0960538303178709,14.473080571814199,0.01675122327729785,17.25606967415097,1.43,bc119338,bc,G,V
661428910087,2457167.0130687,8.92145314064171,0.09788736034633702,14.083692407712675,0.011926230295329018,17.235539850232104,1.73,ba210064,ba,G,V
661428910087,2457178.0204672,8.974635387001754,0.17141307426502556,14.07723937075872,0.02076057142706593,16.62724653371415,1.77,ba212233,ba,G,V
661428910087,2457178.0426562,6.603059547679203,0.15766876755217238,14.4104183699094,0.025954497900240785,16.717992211450227,1.55,bc121512,bc,G,V
661428910087,2457180.976211,9.304841883145464,0.10965082874698602,14.038008910570838,0.01280899610304251,17.112326597558212,1.72,ba213119,ba,G,V
661428910087,2457182.0588425,6.2559198191885645,0.09819524233303319,14.469053469951415,0.017061273504539398,17.232130278042696,1.51,bc122721,bc,G,V
661428910087,2457183.9379885,6.705458011713108,0.08975859535056337,14.393710286047863,0.0145498921069991,17.329666274657438,1.53,bc123102,bc,B,V
661428910087,2457184.0471642,10.027070235626201,0.08372593899270205,13.956846261987948,0.009076076390041023,17.405206326465716,1.72,ba213905,ba,G,V
661428910087,2457186.0031197,9.873437354086954,0.07864024029931893,13.97361046711212,0.00865742284059711,17.47324431395052,2.21,ba214403,ba,G,V
661428910087,2457190.0382816,9.299352812669603,0.12108004669112801,14.038649592182324,0.014152462978293921,17.004674944281774,1.85,ba215188,ba,B,V
661428910087,2457190.9491739,6.3421523494210525,0.11038065364573076,14.454189728722701,0.018917705653193197,17.10512398988533,2.06,bc124465,bc,B,V
661428910087,2457191.0471943,8.809891047167211,0.10541483613480339,14.097355060815662,0.013005988724642573,17.15510204869522,1.62,ba215502,ba,G,V
661428910087,2457192.9969063,9.466490721916703,0.0757232868674348,14.019308870567599,0.008694660241679952,17.514282751637168,1.63,ba215917,ba,G,V
661428910087,2457193.9660339,7.016467512715349,0.08768493926310184,14.344485107759699,0.013583718077167229,17.355043879948802,1.49,bc125230,bc,G,V
661428910087,2457196.9649393,10.130061002913163,0.12644520587348418,13.945751252826852,0.013567582774408372,16.95760047401051,1.69,ba217089,ba,G,V
661428910087,2457198.0177907,7.012019468888619,0.09813176088362734,14.345173621409275,0.01521173150694484,17.232832413859196,1.55,bc126418,bc,G,V
661428910087,2457200.9119761,9.345806156454712,0.09061318924374605,14.033239482070574,0.010538694613952328,17.319377853158002,1.63,ba217975,ba,G,V
661428910087,2457201.8836765,7.21101500557273,0.16634975774436916,14.314790406278025,0.025074827043104368,16.65980096182445,1.63,bc127287,bc,G,V
661428910087,2457204.0337075,8.937866098917057,0.13144570097149308,14.08169679435199,0.015985444438784698,16.91549042679292,1.65,ba218938,ba,G,V
661428910087,2457206.9736518,7.422766413920136,0.17448847389839517,14.283366919490426,0.02555130716716223,16.607939533027075,1.49,bc128766,bc,G,V
661428910087,2457209.9626044,6.85516215679832,0.11177994280462825,14.369737073636138,0.017723860508627818,17.091446686024746,1.68,bc129358,bc,G,V
661428910087,2457211.0467921,10.043234363654454,0.15066507174864394,13.95509741131891,0.016306139676291742,16.76732493682866,1.98,ba220677,ba,G,V
661428910087,2457212.9211862,8.851406346300402,0.10403902010981363,14.092250708022513,0.012776036597955608,17.16936576081182,1.66,ba221024,ba,G,V
661428910087,2457213.0273439,6.683982316795455,0.11413877602765811,14.397193173893408,0.018561372712617475,17.06877336602361,1.64,bc130116,bc,G,V
661428910087,2457217.8536742,6.698174996897273,0.10092269072489621,14.394890180131574,0.016377382932769257,17.202384341594886,1.51,bc130868,bc,B,V
661428910087,2457218.003926,9.496495138618325,0.09258111622732958,14.015873028876715,0.010596714535656103,17.296050362031572,1.71,ba221937,ba,G,V
661428910087,2457222.9424484,6.465557597023154,0.07732819546092541,14.433266442315924,0.013000021283434263,17.491511704792877,1.58,bc131737,bc,G,V
661428910087,2457223.019776,10.079546783088746,0.08363510828701756,13.951178892206697,0.009019029164233378,17.406384834809813,1.62,ba222760,ba,G,V
661428910087,2457227.9400056,6.9322595414904695,0.06971899109879477,14.3575943690491,0.010931718815538456,17.60397865912094,1.62,bc132499,bc,G,V
661428910087,2457228.8156394,8.905744441551725,0.07327638913379655,14.085605833271266,0.00894346896895648,17.5499462429112,1.61,ba223691,ba,G,V
661428910087,2457229.8202319,8.84598319064506,0.09560314399611416,14.092916130073723,0.01174730480781795,17.26117595697959,1.67,ba223986,ba,G,V
661428910087,2457230.8382736,8.735098961633476,0.1456910340024547,14.106611830633502,0.018129138577987217,16.80377432967876,1.66,ba224256,ba,G,V
661428910087,2457233.8037098,7.014240346930824,0.17726547328155992,14.344829796647922,0.02746981180176907,16.59079600734664,1.61,bc134160,bc,G,V
661428910087,2457235.9425152,8.421123900060266,0.22093976768972073,14.146356261569146,0.028517799316567675,16.351671661108046,1.67,ba225555,ba,G,V
661428910087,2457239.9992927,8.87322302411729,0.13111923552857457,14.089577910928636,0.016061909837706487,16.9181903724777,1.81,ba226275,ba,B,V
661428910087,2457241.0289785,6.333108381186416,0.08340323790991643,14.455739103622687,0.014314565285137424,17.409399115430524,1.47,bc135571,bc,G,V
661428910087,2457242.8693835,6.708023529216456,0.07958760733738822,14.393294961322095,0.012896238134557043,17.460242772196775,1.58,bc136041,bc,G,V
661428910087,2457243.010959,9.424431499539427,0.08488126183394466,14.02414349911538,0.00978968769929112,17.390326825908687,1.64,ba227113,ba,G,V
661428910087,2457243.8840088,9.270263956904156,0.0799778219673664,14.042051154000708,0.009377555545996712,17.454932461588598,1.64,ba227378,ba,G,V
661428910087,2457245.8270723,6.5632361910116215,0.08106839848096342,14.416986320810805,0.01342597186377469,17.440227409812373,1.53,bc137054,bc,G,V
661428910087,2457246.7448002,7.440749356956323,0.13615969832973276,14.280739715785707,0.01989042568127515,16.877234942338983,1.46,bc137330,bc,G,V
661428910087,2457249.0047953,6.507504549681947,0.09237924340526207,14.426245203477725,0.015430219114880801,17.298420391146383,1.47,bc138010,bc,G,V
661428910087,2457250.7368721,6.393465665404208,0.13926305157601723,14.445440561408866,0.02367618597952926,16.85276662532238,1.56,bc138165,bc,B,V
661428910087,2457255.9495369,7.50744480406967,0.0731984310628321,14.271051034815663,0.010597948316807783,17.551101962480992,1.55,bc138827,bc,G,V
661428910087,2457262.8590498,9.19826779233392,0.19894425723409434,14.050516281550248,0.023509182679305043,16.4655278756035,1.67,ba230707,ba,G,V
661428910087,2457263.8437138,7.335553944978854,0.19747978807012898,14.296199116511193,0.02926185877229027,16.47354976248978,1.54,bc140123,bc,B,V
661428910087,2457264.9089551,7.121850162981819,0.12662827594742299,14.328299323798024,0.019326358632628965,16.956029658763303,1.60,bc140579,bc,G,V
661428910087,2457270.9383998,7.001922274156163,0.09583699909432623,14.346738190748239,0.014877436096937988,17.25852337775571,1.48,bc141766,bc,G,V
661428910087,2457270.9576989,9.588176895110054,0.09662559222827836,14.005441309859954,0.010953888188378847,17.249625971750767,1.58,ba232762,ba,G,V
661428910087,2457274.910031,6.881229267931272,0.05435514603814598,14.365616334876055,0.008585919488482259,17.87425472638503,1.53,bc142916,bc,G,V
661428910087,2457274.9291197,9.319052921688444,0.05201447091904797,14.036351959411093,0.006066868475302741,17.922045930455994,1.63,ba233907,ba,G,V
661428910087,2457275.7238504,6.832860246607941,0.11301255736503543,14.37327505918901,0.017977791412801772,17.079539636929823,1.51,bc143183,bc,G,V
661428910087,2457275.740578,8.823200945890552,0.07963148785219805,14.095715978835504,0.009810041229657233,17.459644318038222,2.00,ba234177,ba,G,V
661428910087,2457277.9271484,6.998674595929381,0.06685234257346177,14.347241900972623,0.010382764444574559,17.64956481872446,1.48,bc143991,bc,G,V
661428910087,2457296.8688806,7.16403047392635,0.08704774897845531,14.32188784312465,0.01320724678645685,17.362962531404158,1.55,bc146748,bc,G,V
661428910087,2457297.7254791,6.403900648331412,0.07641537881124698,14.443669940643112,0.012970250308566711,17.504404467763223,1.47,bc146974,bc,G,V
661428910087,2457297.8663525,9.988541619314216,0.09029768213194332,13.96102619569367,0.009826224711469081,17.323164887500777,1.65,ba238080,ba,G,V
661428910087,2457300.7602696,8.992536767671249,0.09565450561047577,14.075075849045666,0.011562064342158264,17.26059281517373,1.99,ba238350,ba,B,V
661428910087,2457303.8485506,6.0801418303406525,0.10914317874949923,14.499997129272701,0.01951169779512547,17.11736489798511,1.47,bc148384,bc,G,V
661428910087,2457303.8662828,9.642814546465981,0.0687578258037869,13.999271868620603,0.0077505137963500195,17.619051055240146,1.69,ba239393,ba,G,V
661428910087,2457307.7978287,9.90205019303062,0.07199804808587446,13.970468595968192,0.007903287338869455,17.569054587217686,2.11,ba240519,ba,G,V
661428910087,2457307.8054172,6.811855123952809,0.07043495336932906,14.37661789772369,0.011239189696500385,17.59288581513109,1.62,bc149530,bc,G,V
661428910087,2457311.7405796,9.290914755835235,0.06052356113950125,14.039635215912405,0.007080732223717814,17.757545209900268,1.69,ba242012,ba,G,V
661428910087,2457311.7785643,6.588120821019244,0.08507535931754436,14.41287751653135,0.01403635712849575,17.387846913618265,1.53,bc151047,bc,G,V
661428910087,2457315.8034036,9.1208081601686,0.0776689311699517,14.059698101472327,0.009256060404862858,17.48673807189354,1.68,ba243114,ba,B,V
661428910087,2457315.8110612,6.365654269301436,0.08361862665620082,14.450173785585857,0.014278157081377462,17.406598817515256,1.47,bc152125,bc,G,V
661428910087,2457319.7787525,7.132972230053329,0.10645166636403984,14.326605071423813,0.01622161551630295,17.14447523330302,1.56,bc153685,bc,G,V
661428910087,2457319.8055167,9.59594574974951,0.13445330698172622,14.004561944421274,0.015229858807506868,16.890927672439425,1.73,ba244701,ba,G,V
661428910087,2457322.8081764,7.102887340555163,0.19212127306231225,14.331194088646104,0.029400363641918982,16.50341775427044,1.72,bc154920,bc,B,V
661428910087,2457323.7889048,6.8223646106946765,0.11125453890686379,14.374944089800534,0.01772535675509463,17.096562048319942,1.54,bc155246,bc,G,V
661428910087,2457324.8034214,9.690104650943155,0.11481564874299198,13.993960236120802,0.012879078471743579,17.06235368354886,1.68,ba246683,ba,G,V
661428910087,2457327.7678165,6.593122838671726,0.06631703858472768,14.412053486255747,0.01093317072287668,17.65829358274613,1.45,bc156161,bc,G,V
661428910087,2457328.7941795,9.198017762326714,0.10679063115952228,14.050545794750649,0.012619759604608347,17.141023510405276,1.69,ba247613,ba,G,V
661428910087,2457330.7881932,9.91917772842829,0.0926105028577321,13.96859222483906,0.010148380522939031,17.29570578781175,2.18,ba248342,ba,B,V
661428910087,2457333.7620853,6.854427499358343,0.0578062092787029,14.36985343659104,0.009166751880939008,17.80742016654254,1.49,bc158073,bc,G,V
661428910087,2457333.7658566,9.734234875229447,0.06364104851371925,13.989026851940217,0.00710636774425201,17.70301307812103,1.72,ba249081,ba,G,V
661428910087,2457353.7028681,7.071511921604906,0.0777595858530847,14.336000709836982,0.0119523646297639,17.485471546488107,1.48,bc160893,bc,B,V
661428910087,2457355.6993068,9.7679136532529,0.07033471466057988,13.985276874861643,0.007826725288415971,17.594432068881986,2.15,ba252529,ba,G,V
661428910087,2457359.6958919,9.032036469817365,0.11646403945621642,14.070317198198898,0.01401581444650407,17.04687677075644,2.25,ba253946,ba,G,V
661428910087,2457463.1534475,6.785843623748399,0.14462934803665164,14.380771786184443,0.02316673088857283,16.811715322464725,1.71,bc200216,bc,G,V
661428910087,2457464.1516829,6.345288805790752,0.11890186994394324,14.453652920037179,0.02036805052350031,17.024384681857924,1.51,bc200539,bc,G,V
661428910087,2457466.142687,6.327653468131897,0.07900920548683481,14.456674686652217,0.013572104037280073,17.46816215724748,1.66,bc201138,bc,G,V
661428910087,2457467.1390369,7.029581489099286,0.09983082555589994,14.3424577300845,0.015436447685663105,17.21419473730836,1.58,bc201664,bc,G,V
661428910087,2457472.1439698,10.383651178273823,0.2321065976142778,13.918906178790202,0.024296827357162817,16.298137680120615,2.42,ba294178,ba,G,V
661428910087,2457481.1374702,9.504425272210511,0.10426427803123438,14.014966753447593,0.011923996848271712,17.167017542821878,2.02,ba296676,ba,G,V
661428910087,2457484.107716,6.803649145678169,0.07450767255030213,14.377926630563923,0.01190340637268149,17.531853900575143,1.53,bc206250,bc,G,V
661428910087,2457488.1022474,8.917613428381332,0.07982066312473679,14.084159799284448,0.009729238775572623,17.457068065067652,2.03,ba298341,ba,G,V
661428910087,2457490.0901742,6.804684458042208,0.06418720412466992,14.377761426483575,0.010253039735450734,17.6937352460877,1.54,bc207527,bc,G,V
661428910087,2457498.097061,8.877165195891179,0.12536064245430276,14.089095650074665,0.015349671305900755,16.96695337077777,1.61,ba301413,ba,G,V
661428910087,2457499.0662638,5.903072481584118,0.1634029516152367,14.532086115039826,0.03008804389302401,16.679206650905773,1.49,bc210191,bc,G,V
661428910087,2457504.1105345,6.939466743632826,0.09773947475612253,14.35646615748491,0.015309326125815306,17.237181391587715,1.50,bc211963,bc,G,V
661428910087,2457505.0700992,9.841318336193867,0.1266365719813938,13.977148204225315,0.013986789483236898,16.95595852923613,1.57,ba303878,ba,G,V
661428910087,2457511.0811568,6.379104106034598,0.08021404304590728,14.44788217994213,0.013667934520982621,17.451730376848815,1.48,bc214249,bc,G,V
661428910087,2457513.1048738,9.174568450950295,0.07717751643395021,14.0533172913562,0.009143602259659633,17.49362939642697,2.01,ba306589,ba,G,V
661428910087,2457522.0056395,6.482763470017865,0.07484496237039624,14.43038096393716,0.012549157522725075,17.52694995774297,1.50,bc216607,bc,G,V
661428910087,2457524.0633114,9.172904863579891,0.08031390992756762,14.053514181359724,0.009516911979404224,17.45037947065391,1.73,ba308635,ba,G,V
661428910087,2457527.9892627,6.532335496606551,0.14302672430209656,14.422110200200784,0.023799119142596015,16.82381341308134,1.58,bc217904,bc,G,V
661428910087,2457528.003819,9.414867035926914,0.18715100690939024,14.025245927137934,0.02160678496402994,16.53187597355985,2.01,ba309495,ba,G,V
661428910087,2457532.0661377,9.590242114175336,0.12680666494669268,14.00520747587004,0.014372247313763326,16.95450119211745,2.03,ba310793,ba,G,V
661428910087,2457538.0039655,6.598736131650728,0.10833801583911985,14.411129498848553,0.017845646578256224,17.1254042001256,1.51,bc220455,bc,G,V
661428910087,2457539.0307989,9.792278621546306,0.08165715502205681,13.982571999417226,0.009064057573136336,17.432370781667167,1.65,ba312409,ba,G,V
661428910087,2457542.0810141,7.070382026173605,0.06280076807075259,14.336174204049922,0.009654599167631311,17.717444005398853,1.54,bc221448,bc,G,V
661428910087,2457544.979413,9.363815323572611,0.08172107578242209,14.03114930501198,0.009486224708172779,17.43152120596833,1.59,ba313986,ba,G,V
661428910087,2457549.9583377,9.480756205573536,0.07952259997737096,14.017673957055305,0.009117163947348477,17.4611299666699,1.64,ba315380,ba,G,V
661428910087,2457550.0525637,7.0677900230386905,0.06451044082442249,14.336572308086025,0.009921070680623475,17.688281369667287,1.54,bc223872,bc,G,V
661428910087,2457559.0737662,9.336712406724288,0.12899137182848358,14.034296450280262,0.015016850337605959,16.93595473987841,1.72,ba317309,ba,G,V
661428910087,2457559.097643,6.391279488581413,0.1113641546284899,14.445811880714972,0.0189395557458667,17.0954928320263,1.47,bc225737,bc,G,V
661428910087,2457568.934817,10.0454263253779,0.0650601864716441,13.954860472455852,0.007039780264204682,17.679068134435244,1.66,ba319987,ba,G,V
661428910087,2457572.9120828,9.468359780203777,0.0700133456214242,14.019094524617792,0.008037449399746507,17.59940431588022,1.99,ba320634,ba,G,V
661428910087,2457574.0066965,7.09883174675854,0.07015136076593441,14.331814197396238,0.010741412363833644,17.597266144417645,1.55,bc229188,bc,G,V
661428910087,2457576.9836914,9.220187649520385,0.0717744639925544,14.047932004724043,0.008461402814843536,17.572431498938975,1.76,ba321773,ba,G,V
661428910087,2457577.9874308,6.391418886642288,0.07299126573425045,14.445788200343719,0.01241325810856337,17.554179156744386,1.53,bc230520,bc,G,V
661428910087,2457583.9602437,7.039088970715913,0.08761233546790367,14.340990268236112,0.013528852926538437,17.355943250160664,1.43,bc231972,bc,G,V
661428910087,2457583.9981564,9.731553699322998,0.06722784114265423,13.98932594588755,0.007508948995218906,17.643483480737455,1.61,ba323612,ba,G,V
661428910087,2457586.9208166,8.978961721963298,0.11490755217286906,14.076716104188343,0.013910240081084728,17.061484960789603,1.71,ba324165,ba,G,V
661428910087,2457587.99739,7.080783049360446,0.12537791822219918,14.334578184299787,0.019246507758206764,16.966803757358523,1.54,bc232950,bc,G,V
661428910087,2457595.9382298,7.343054747020436,0.08103385535099032,14.295089489131513,0.011995045739127066,17.440690139065282,1.56,bc234222,bc,G,V
661428910087,2457597.0135457,9.661908728638185,0.07027470694734972,13.997124078015199,0.00790584481545752,17.59535878559882,2.13,ba326193,ba,G,V
661428910087,2457598.9826361,7.253708301381282,0.07683893705270867,14.308381187023421,0.011514191125805245,17.49840302257215,1.82,bc235209,bc,B,V
661428910087,2457599.9974967,9.752767257731907,0.07237306831835968,13.986961753925433,0.00806605720489707,17.56341393041758,1.66,ba327007,ba,G,V
661428910087,2457602.9000804,9.515347753891147,0.08375932793500038,14.013719742235226,0.00956798953755576,17.40477343365506,1.60,ba327903,ba,G,V
661428910087,2457602.9546502,6.679635707302383,0.05109551983280543,14.397899460387451,0.008314616387418018,17.941399338897416,1.40,bc236334,bc,G,V
661428910087,2457604.861376,7.086896484786373,0.06895222328791357,14.333641181373746,0.010575583960073834,17.615985708473936,1.63,bc236987,bc,G,V
661428910087,2457604.8689905,9.818153128011817,0.07560227673166132,13.979706901380549,0.00836984172892469,17.516019207929585,2.02,ba328604,ba,G,V
661428910087,2457608.0127028,6.924864971745165,0.06638131319597498,14.358753130788664,0.010419495772751374,17.657241794581488,1.39,bc237974,bc,G,V
661428910087,2457608.7930717,6.426024010367222,0.09234201995174675,14.439925544696997,0.015619574507531318,17.298857967751914,1.54,bc238137,bc,G,V
661428910087,2457608.9481577,9.816771964171625,0.07426707130695193,13.979859647528691,0.008223179452693777,17.53536564862837,1.65,ba329885,ba,G,V
661428910087,2457610.8253434,6.7235613412874,0.0797323434059218,14.390782975909204,0.012889834160718204,17.458270072202346,1.55,bc238785,bc,G,V
661428910087,2457611.980538,9.773707054878608,0.06812189449375904,13.984633109825777,0.0075759931290611,17.629139600326315,1.74,ba330865,ba,G,V
661428910087,2457612.9723604,6.730505737451955,0.0641544917496607,14.389662157503661,0.010360758303513849,17.694288721876195,1.57,bc239595,bc,G,V
661428910087,2457613.7750399,6.758306782507228,0.09818812007909176,14.385186649545862,0.015791857474348015,17.23220903103757,1.47,bc239807,bc,G,V
661428910087,2457613.8019431,10.164873002352195,0.11409106392859979,13.9420265119422,0.012200056604804672,17.06922731853146,1.61,ba331459,ba,G,V
661428910087,2457617.9826742,6.476914386701849,0.14507103011458541,14.431361013290587,0.024345837058185764,16.808404656475048,1.55,bc240926,bc,G,V
661428910087,2457617.9942083,9.125177686494153,0.17821640301252994,14.059178079911437,0.02122846131775242,16.584987208818962,1.72,ba332567,ba,G,V
661428910087,2457621.8691159,9.132211400122978,0.15267652777337268,14.058341513644233,0.018172241126340784,16.752925707421863,2.29,ba333710,ba,B,V
661428910087,2457622.8871932,8.55697177766082,0.1267821957622744,14.12898115547936,0.016104614822264014,16.954710720875397,1.71,ba334048,ba,G,V
661428910087,2457625.9726029,6.468339329816669,0.08928714676567645,14.432799417092276,0.015004043779376308,17.33538403118413,1.52,bc242693,bc,G,V
661428910087,2457626.9615058,6.520625169718146,0.07438687771069603,14.424058314442203,0.012399930950631098,17.533615568268846,1.55,bc242938,bc,G,V
661428910087,2457627.933483,9.729265972747465,0.06988609907151236,13.989581214434603,0.007807696015040277,17.601379394831703,1.77,ba334927,ba,G,V
661428910087,2457630.8348037,7.134603306002221,0.06303670648043051,14.326356827675088,0.009603639652987586,17.713372608152955,1.46,bc243761,bc,G,V
661428910087,2457633.8873762,9.267796770211167,0.0679287738468733,14.042340150133768,0.007966901473705823,17.632221955181244,2.02,ba335840,ba,G,V
661428910087,2457637.938455,6.567563759322761,0.07548838149983957,14.416270660259755,0.012493611267999824,17.517656108603774,1.50,bc244819,bc,G,V
661428910087,2457638.9487848,9.168246195067503,0.07854468168131336,14.054065737274886,0.009311994048257445,17.47456443375234,1.69,ba336865,ba,B,V
661428910087,2457643.742196,6.677050763047998,0.1083909043311153,14.398319709467271,0.01764494603095187,17.124874294364346,1.56,bc245978,bc,B,V
661428910087,2457647.8444729,10.06980041184815,0.36225675278910774,13.952229247718847,0.039102794880111515,15.814815169038631,1.64,ba338227,ba,B,V
661428910087,2457650.848547,7.365762691137067,0.10534563810511867,14.291737097716727,0.015545725972533668,17.15581499839888,1.59,bc246928,bc,G,V
661428910087,2457650.9180859,9.554089838720706,0.14291097925653146,14.009308102739709,0.016258798436399487,16.824692405895448,1.67,ba338647,ba,B,V
661428910087,2457652.7704357,8.710311197876829,0.08205076944947527,14.109697225635507,0.01023908525662783,17.427149748421886,1.77,ba339320,ba,B,V
661428910087,2457656.8870249,6.597234784875936,0.07347703607082476,14.411376554039357,0.012106033233550627,17.546977320320853,1.55,bc248478,bc,G,V
661428910087,2457657.8982431,9.391768078498211,0.0718101455822283,14.027913005733462,0.00831094905828645,17.571891875720794,1.71,ba340550,ba,B,V
661428910087,2457658.7781526,7.163517607698975,0.07850080039568119,14.321965572744306,0.011911320893540125,17.475171181570005,1.53,bc249111,bc,G,V
661428910087,2457667.822287,6.417575598103305,0.07715993540015816,14.441353921269029,0.013068719443672668,17.493876755247022,1.51,bc250733,bc,G,V
661428910087,2457667.8680722,9.721505780376011,0.0737140429445001,13.99044755766947,0.008241928928749108,17.543480815401647,1.63,ba342436,ba,G,V
661428910087,2457670.8055753,6.581708510218967,0.07552849666272013,14.413934793488714,0.012473386187983054,17.51707929247231,1.49,bc251934,bc,G,V
661428910087,2457670.8132097,9.560068963211652,0.09573802321042416,14.008628841652513,0.010885179710254241,17.259645253758322,1.59,ba343607,ba,G,V
661428910087,2457673.8229337,6.943981808267676,0.09772207771088035,14.355759968486497,0.015296648611502952,17.23737466337633,1.53,bc253018,bc,G,V
661428910087,2457674.6996592,8.902316247009542,0.1901730631542671,14.086023859135226,0.023219782977725142,16.514483889144206,2.46,ba344999,ba,G,V
661428910087,2457676.7483126,8.534523786073336,0.2010894119258794,14.131833171689902,0.025610737426520883,16.4538833835603,1.66,ba345854,ba,B,V
661428910087,2457676.7674394,6.482949729554524,0.13101125910477301,14.430349769552503,0.02196585635331979,16.919084842381906,1.60,bc254200,bc,G,V
661428910087,2457679.8126826,8.811264292590666,0.13161968937245155,14.097185834422891,0.016236589324981097,16.91405423989334,2.22,ba347126,ba,G,V
661428910087,2457680.8150449,6.2485661265899495,0.08937067983859073,14.47033047905807,0.015546293555163135,17.334368739664125,1.65,bc255638,bc,G,V
661428910087,2457685.7946198,6.897612395775197,0.08960976538455317,14.363034439552216,0.014121106450677387,17.33146804302809,2.02,bc256657,bc,B,V
661428910087,2457685.8176852,9.9402759898905,0.08293436830116449,13.966285297843996,0.009068767566710066,17.41552004105173,2.29,ba348344,ba,G,V
661428910087,2457687.7970424,6.8804414612731915,0.07092013551448549,14.365740643941255,0.011203802002237855,17.585432501723574,1.56,bc257487,bc,G,V
661428910087,2457687.8047943,9.727670771703409,0.07366356231542286,13.989759245288486,0.008231064902627748,17.5442246007098,1.81,ba349163,ba,G,V
661428910087,2457690.707784,9.69822441141998,0.062396624704835986,13.993050831456715,0.006993281994750221,17.72445364990804,2.05,ba350331,ba,G,V
661428910087,2457690.7844479,6.212036123258457,0.07503275802888516,14.476696473254389,0.013128923281404036,17.524229117691764,1.57,bc258717,bc,G,V
661428910087,2457693.7719791,9.828838671467581,0.07229371352022342,13.978525887751614,0.007994853310560452,17.56460505922966,1.67,ba351061,ba,G,V
661428910087,2457693.7796393,6.739367331500139,0.06752053581988604,14.388233583555149,0.010890026192474827,17.63876669356747,1.57,bc259393,bc,G,V
661428910087,2457696.7707544,7.166967828342294,0.0649084313989256,14.32144276707161,0.00984414113677385,17.681603608833356,1.49,bc260647,bc,G,V
661428910087,2457696.7861504,9.76106950172167,0.07008770941124969,13.986037891792588,0.0078047075502205715,17.598251726893647,1.66,ba352333,ba,G,V
661428910087,2457699.7434519,6.547189694655129,0.11843983118697822,14.41964409423564,0.019663237655610483,17.028611944389198,1.43,bc261861,bc,B,V
661428910087,2457699.7587686,9.51618331002406,0.2596594222835897,14.013624406390502,0.029658792110999078,16.176346177432205,1.66,ba353548,ba,B,V
661428910087,2457700.6970619,9.890385165419945,0.26013224342662966,13.971748392420068,0.028588617508628695,16.174370927697247,1.71,ba353922,ba,B,V
661428910087,2457701.7007203,9.105920096994783,0.12078489997631345,14.061471816707831,0.014417865889268154,17.007324783685696,1.62,ba354231,ba,G,V
661428910087,2457701.7315364,6.273759211881211,0.0888542702088366,14.465961788583204,0.01539439516661108,17.34066063314439,1.51,bc262580,bc,G,V
661428910087,2457704.7001422,6.910892510920368,0.1184020186432994,14.360946059041893,0.018622463907237485,17.02895862676855,1.52,bc263795,bc,G,V
661428910087,2457704.7078194,10.125897595374742,0.17047993878553297,13.946197577037218,0.018300035087582277,16.633173191768307,1.69,ba355477,ba,G,V
661428910087,2457710.7182909,6.344009606138505,0.07098239021231313,14.453871824713413,0.012161830886140227,17.584479845196313,1.68,bc266293,bc,B,V
661428910087,2457710.737379,9.39771351372523,0.07356931029320962,14.027225900614273,0.008509159329688414,17.54561468221883,1.78,ba357994,ba,G,V
661428910087,2457716.7041622,7.142403368987257,0.10509523903911235,14.325170470924316,0.01599376982449727,17.158398787856463,1.57,bc267866,bc,B,V
661428910087,2457716.7182019,9.85344383173528,0.0744344757244855,13.975811291287641,0.008211041764949509,17.532921059216015,1.72,ba359563,ba,B,V
661428910087,2457718.7031126,7.046829329808068,0.08370534105454139,14.339797021367746,0.012911348083707605,17.40547346803342,1.63,bc268479,bc,B,V
661428910087,2457718.7183572,10.232667127108424,0.0735689115324863,13.934809288072433,0.007814796200654109,17.545620567147285,2.02,ba360178,ba,G,V
661428910087,2457722.7079894,6.471831696129031,0.0633982484356139,14.432213367861541,0.010647857181629998,17.70716324523664,1.66,bc270022,bc,G,V
661428910087,2457831.1545168,6.11927234898652,0.3298670569749918,14.493031947849182,0.05859375566855497,15.916509029247926,1.68,bc298742,bc,G,V
661428910087,2457832.1390776,6.629641868113319,0.0860240483255315,14.406056233166852,0.014103989659466826,17.37580670175683,1.53,bc299122,bc,G,V
661428910087,2457845.1374962,10.153691718018418,0.09432898435963158,13.943221470996583,0.010097953294837663,17.27574349764115,1.74,ba395235,ba,G,V
661428910087,2457848.1149134,7.105893889795792,0.07236605591540791,14.330734609489133,0.01106950900895759,17.56351913514109,1.48,bc304468,bc,G,V
661428910087,2457849.1267015,9.950943296992573,0.0992873622916272,13.965120775702717,0.010845308102778202,17.220121460663417,2.05,ba396588,ba,G,V
661428910087,2457853.0977979,6.593227535513192,0.11937221400524484,14.412036245222698,0.019679649432474897,17.020098271595717,1.58,bc306275,bc,G,V
661428910087,2457853.102884,9.021500656423497,0.29199202990197143,14.071584441871641,0.03518069257932293,16.048928900473996,1.74,ba398016,ba,G,V
661428910087,2457854.1308954,8.322757008242464,0.4389903298251373,14.159113366697074,0.05733237213477275,15.60621900964247,1.76,ba398346,ba,B,V
661428910087,2457859.0992339,9.611649097909398,0.12015517146032154,14.002786636521765,0.013588037381419501,17.013000224900225,1.74,ba399510,ba,G,V
661428910087,2457859.1192714,7.036382928103538,0.08602615079710398,14.341407738924584,0.013289027417134643,17.375780166135048,1.55,bc307787,bc,G,V
661428910087,2457870.0831031,6.854333301860186,0.0756834475649796,14.369868357507034,0.012001840776568368,17.514854126143177,1.46,bc309912,bc,G,V
661428910087,2457877.0513587,9.295368217378178,0.07883235833902516,14.039114909132058,0.009218284205297272,17.470595096034643,1.74,ba402603,ba,G,V
661428910087,2457877.0590389,6.920321137723284,0.06286987700891805,14.359465783582797,0.00987480515366121,17.716249866803402,1.46,bc310847,bc,G,V
661428910087,2457880.0341831,7.263580353415843,0.10618900155731148,14.30690454131964,0.015890624480447372,17.147157550267295,1.53,bc311914,bc,G,V
661428910087,2457881.0412016,9.596366553610968,0.13230242638684298,14.004514333484108,0.014985566088967055,16.908436870949046,2.01,ba404041,ba,G,V
661428910087,2457884.0121274,6.094115151281144,0.17836483518527957,14.497504764090843,0.031813448883191375,16.58408330151286,1.70,bc313124,bc,G,V
661428910087,2457885.0318025,8.483935900978084,0.18682307918532662,14.13828795798108,0.023935655184342645,16.533780079256225,1.97,ba405180,ba,G,V
661428910087,2457890.0730507,6.500551255768825,0.08223558853394253,14.427405937068622,0.013750604488611585,17.424706881485736,1.61,bc314296,bc,G,V
661428910087,2457891.0902915,9.29129179244783,0.09004358485183789,14.039591156311646,0.010533891732367044,17.326224451223695,1.78,ba406427,ba,G,V
661428910087,2457894.0350431,7.067817576400085,0.06481955048418427,14.336568075415894,0.009968569841168552,17.683091356360844,1.52,bc315625,bc,G,V
661428910087,2457895.0431557,9.348768532136061,0.09815006304430852,14.032895386672863,0.01141164750933693,17.232629936440382,1.74,ba407748,ba,B,V
661428910087,2457897.0283074,9.479220752583025,0.09203231671749162,14.017849811373042,0.010553096027390206,17.302505507170828,2.09,ba408415,ba,B,V
661428910087,2457899.0445914,6.225745774249761,0.09054547881915924,14.474302948333815,0.015808387024659306,17.320189469445786,1.49,bc317230,bc,G,V
661428910087,2457900.0410965,8.895626864532675,0.08666065736891625,14.086840010197076,0.01058906450774251,17.36780144599146,1.66,ba409343,ba,G,V
661428910087,2457903.9774853,9.833419355572733,0.08822571337542046,13.978020003365533,0.009752204301564142,17.348368447016277,2.01,ba410271,ba,G,V
661428910087,2457905.9530007,6.831946952035911,0.06690044912237054,14.373420190689153,0.010643800367795263,17.648783810366783,1.56,bc319033,bc,G,V
661428910087,2457906.95621,6.542019806146358,0.09712479185027974,14.420501767943144,0.016137283140755944,17.244031141010932,1.51,bc319373,bc,B,V
661428910087,2457908.0205407,6.409111169891969,0.08446529062408452,14.44278689264533,0.014324934623655035,17.3956606919302,1.45,bc319736,bc,B,V
661428910087,2457909.9677643,9.28711331592241,0.13451885575214048,14.040079543048227,0.01574398228844611,16.89039848254928,1.73,ba412022,ba,G,V
661428910087,2457911.0367491,6.344700664610505,0.10712413693470467,14.45375356096755,0.018352210046145807,17.13763805374683,1.62,bc320631,bc,G,V
661428910087,2457914.1149032,9.263799409472158,0.15479202126652705,14.042808547923473,0.018162331630021834,16.73798496549101,1.66,ba413385,ba,G,V
661428910087,2457915.0340968,6.864392117637158,0.12167730350713502,14.368276194665485,0.019267247023213092,16.999332451817132,1.57,bc321878,bc,G,V
661428910087,2457921.0161291,8.823867292656399,0.11990197606268126,14.095633984840902,0.014769967694233712,17.015290542142363,1.60,ba414549,ba,G,V
661428910087,2457925.0100145,6.828267317775386,0.077346126859232,14.374005117419383,0.012312329483945061,17.491259965937477,2.25,bc323408,bc,B,V
661428910087,2457926.0026165,7.190670303475367,0.06343632518251337,14.317857963145403,0.009589165468895336,17.70651135194397,1.47,bc323711,bc,B,V
661428910087,2457927.0519802,9.597622510485937,0.07785402476148215,14.004372243390366,0.008817177365089782,17.48415372147051,1.80,ba415867,ba,G,V
661428910087,2457927.9910259,9.571523528903594,0.06778484205162173,14.007328726340866,0.007697748004335414,17.634524922627456,1.63,ba416128,ba,G,V
661428910087,2457930.0136483,6.79577867184281,0.07594787118587387,14.379183339222605,0.01214754598170328,17.511067380872003,1.46,bc324958,bc,B,V
661428910087,2457931.9003721,9.618986638788824,0.06671214677172481,14.001958100816303,0.007538549094177229,17.6518441029017,1.77,ba417293,ba,G,V
661428910087,2457933.9345566,6.839449592945529,0.08558170935508555,14.372228521695012,0.013601035560089673,17.381404002280416,2.17,bc326017,bc,B,V
661428910087,2457936.8968347,9.704145131588705,0.10199922030863125,13.992388196882036,0.011424882483040763,17.190864263707276,2.19,ba418355,ba,G,V
661428910087,2457937.8647925,6.20437486515106,0.10862694360557783,14.47803633005594,0.019030565907915496,17.12251249334639,1.49,bc326755,bc,G,V
661428910087,2457939.091213,6.664181771341259,0.07446830468157746,14.400414318719045,0.012146098683050503,17.532427726263926,2.02,bc327157,bc,G,V
661428910087,2457939.8542869,5.929572646139802,0.1311263971200856,14.527222919045329,0.02403692492318472,16.918131072354296,1.68,bc327324,bc,G,V
661428910087,2457939.9694947,9.682890181455953,0.12979783852777854,13.994768888696228,0.01457050575308678,16.929187742702403,1.63,ba419197,ba,G,V
661428910087,2457942.8728767,9.398567718929312,0.19538283406219525,14.027127217102835,0.022596277653247683,16.48514038160119,1.76,ba420124,ba,G,V
661428910087,2457942.9381458,6.5265807294253415,0.1132337778013762,14.423067118734437,0.01885829630628081,17.077416401533892,1.57,bc328388,bc,G,V
661428910087,2457946.0026518,8.947115049615487,0.14408122481260818,14.080573849749356,0.017503969279679354,16.815837914430453,1.69,ba421225,ba,G,V
661428910087,2457946.0898196,7.246047933048741,0.1016882360874885,14.309528398035766,0.015253927716282542,17.194179608661088,1.66,bc329505,bc,G,V
661428910087,2457950.0359082,6.793300708185356,0.10047028867306469,14.379579306427086,0.016075666337369062,17.207262268466586,1.52,bc330408,bc,G,V
661428910087,2457955.8545922,7.303235839227137,0.07170697125619835,14.3009930912876,0.010672304958637814,17.57345294554909,1.48,bc331112,bc,G,V
661428910087,2457959.9802581,6.6871108245097695,0.07353870655758354,14.396685102620792,0.011953350077592812,17.546066426249652,1.58,bc331853,bc,B,V
661428910087,2457960.0715459,9.251035881503526,0.07288740273325367,14.044305490930896,0.00856395313652815,17.555725206495957,1.73,ba423708,ba,G,V
661428910087,2457964.8613342,6.6242412313250565,0.07435581495704165,14.406941055700793,0.012200874813343345,17.53406904878809,1.62,bc332933,bc,G,V
661428910087,2457966.7980644,10.279647813452879,0.11984415873155928,13.929835815168,0.012672164678164441,17.015814215826882,1.68,ba425029,ba,G,V
661428910087,2457969.835719,6.9872494418825335,0.08982750378909606,14.349015785360873,0.013973823589271806,17.32883306551087,1.49,bc333949,bc,G,V
661428910087,2457970.8626726,9.473715293384043,0.13165747080361853,14.018480581880555,0.015105578127897739,16.913742624043792,2.20,ba426117,ba,G,V
661428910087,2457972.0095849,6.873812875864425,0.13484487813040436,14.366787141344226,0.021323030224114022,16.88777025589538,1.53,bc334806,bc,B,V
661428910087,2457974.9024265,8.937743483433678,0.16357964328989952,14.081711689292378,0.019893607421971864,16.67803325164892,1.62,ba427578,ba,G,V
661428910087,2457975.0012143,6.871716091755561,0.1328467646604978,14.367118384244165,0.02101347833809896,16.90397893842209,1.46,bc335868,bc,G,V
661428910087,2457977.9347239,6.631252657195479,0.08823688784942481,14.405792466340264,0.014463279513535997,17.34823093877456,1.60,bc336724,bc,B,V
661428910087,2457978.9914869,9.677274296336321,0.101112896313765,13.9953987769365,0.01135705351679325,17.20034001704572,1.71,ba428909,ba,G,V
661428910087,2457979.8707519,7.000664785010418,0.06588442423995651,14.3469331977838,0.010229529167284904,17.665399506136165,1.45,bc337386,bc,B,V
661428910087,2457980.8879426,9.707022300306946,0.07226996364411521,13.992066336151254,0.008092523729582543,17.564961803068595,1.61,ba429543,ba,G,V
661428910087,2457982.9135004,7.165615607833477,0.07320700787908653,14.321647636594836,0.011104814855571056,17.5509747519073,1.51,bc338485,bc,G,V
661428910087,2457983.7368488,6.5999595720786255,0.10910476362098662,14.410928216297524,0.01796861527339441,17.11774711186364,1.67,bc338708,bc,G,V
661428910087,2457983.9316147,9.724338989883773,0.06807742120798349,13.990131179728953,0.007609483486967979,17.629848653201925,1.65,ba430643,ba,G,V
661428910087,2457985.7429578,9.697998640562226,0.0781824478425307,13.993076107263619,0.008762727725340402,17.47958323419676,1.67,ba431058,ba,G,V
661428910087,2457987.9845807,7.205457382840591,0.07105933674877853,14.315627519872669,0.010719431870276686,17.583303519754054,1.50,bc339535,bc,G,V
661428910087,2457988.9053175,8.984006953183565,0.07889107028329763,14.07610620607625,0.00954486831970046,17.469786773681403,1.74,ba431509,ba,G,V
661428910087,2457990.7389765,9.29752298653817,0.09552935063389682,14.038863252638754,0.011168162836420215,17.262014329640042,1.68,ba432104,ba,G,V
661428910087,2457990.8919601,6.761878694691774,0.11076394091494157,14.384612965926546,0.01780504995535289,17.101360395459402,2.19,bc340418,bc,B,V
661428910087,2457991.9333889,9.465787302563415,0.13351148245351718,14.019389550542652,0.015331125868485333,16.89855984830644,1.70,ba432453,ba,G,V
661428910087,2457995.8095348,6.311582947854276,0.08504518001173257,14.459435669123488,0.014646153559252145,17.38823213183386,1.61,bc341457,bc,G,V
661428910087,2457995.8133837,9.233687110341322,0.08946130781006786,14.046343519252762,0.010531064222282336,17.33326828689263,1.72,ba433250,ba,G,V
661428910087,2458000.8317624,9.745505133773083,0.13410343953439852,13.987770518016099,0.014957111631332051,16.89375660132884,2.02,ba435016,ba,G,V
661428910087,2458000.8394711,7.140601693539183,0.14413817030268816,14.325444383068856,0.021940997547000712,16.815408881671868,1.60,bc343226,bc,G,V
661428910087,2458001.8940248,9.581499606215111,0.2679880109731007,14.006197689300741,0.030401432786801054,16.14206798029053,1.99,ba435175,ba,G,V
661428910087,2458001.9018253,6.558755878016757,0.15016444398606776,14.41772773845389,0.024886155966113193,16.770938612749934,1.63,bc343385,bc,G,V
661428910087,2458002.8093219,7.4780205427434066,0.16534555692116998,14.275314769859877,0.024033556796050272,16.666375070492826,1.79,bc343642,bc,G,V
661428910087,2458002.8623659,9.738004953412961,0.2662993428810652,13.988606426712735,0.02972434383266263,16.148931156733546,2.09,ba435473,ba,B,V
661428910087,2458003.8508499,7.06040326047457,0.11785174404973177,14.337707637440836,0.018143400180880943,17.03401635894929,1.98,bc343991,bc,G,V
661428910087,2458003.8819763,10.146168982168204,0.1862637807615235,13.944026176720028,0.01995439181215572,16.537035358753187,2.00,ba435811,ba,B,V
661428910087,2458008.855265,6.688622789264517,0.06960677103820505,14.39643964395229,0.011311675978889959,17.605727673907037,1.43,bc344803,bc,G,V
661428910087,2458008.9154931,9.783106935399047,0.09162195173833289,13.983589402871013,0.01017969839582323,17.307357546388722,1.73,ba436647,ba,G,V
661428910087,2458009.8199372,5.831255786987496,0.09299813611233869,14.545376174296239,0.01733501911928849,17.291170782621084,1.56,bc345082,bc,B,V
661428910087,2458010.7774933,9.549389778484477,0.05800411233243427,14.009842353647734,0.00660230126216866,17.80370943132251,1.74,ba437126,ba,G,V
661428910087,2458012.8902559,6.135206140527837,0.11538154584024911,14.490208505934532,0.020441810897100725,17.057015510722934,1.49,bc345996,bc,B,V
661428910087,2458012.9011093,9.048210675830553,0.09155746722995112,14.068374644472197,0.010998747673431801,17.308121968163647,1.63,ba437803,ba,B,V
661428910087,2458013.9121534,6.43890320482565,0.08453163458246761,14.437751663391769,0.014269854442573521,17.394808226227692,1.54,bc346370,bc,G,V
661428910087,2458014.8959396,9.370282198539227,0.07419638205995557,14.030399728412037,0.008606810303118675,17.53639957150717,2.29,ba438406,ba,G,V
661428910087,2458017.7294871,9.284161978034085,0.09878840478129558,14.040424632372906,0.011565793563628851,17.22559146224384,1.66,ba439093,ba,B,V
661428910087,2458017.8911027,7.14942579840674,0.11316021332483443,14.324103496726625,0.017204211267180483,17.07812199992879,1.52,bc347417,bc,B,V
661428910087,2458018.7668494,6.578014165014146,0.06702962705613641,14.414544393637001,0.01107603122320921,17.646689386066587,1.56,bc347661,bc,G,V
661428910087,2458018.8406229,9.63211170246941,0.07491515772719469,14.000477628504216,0.008453963345110872,17.525932148117636,1.74,ba439522,ba,G,V
661428910087,2458021.8990544,9.743033148039649,0.06895068836834625,13.988045954211879,0.0076923068270024295,17.616009877909164,1.81,ba440681,ba,G,V
661428910087,2458022.7178613,6.930937634721244,0.08013181919772262,14.357801426919629,0.012566813909773196,17.4528438875493,1.54,bc349132,bc,G,V
661428910087,2458023.8560419,6.322002508017297,0.08720894054262861,14.457644745032901,0.014994034968597149,17.360953867432368,1.54,bc349573,bc,G,V
661428910087,2458025.8470798,9.71323780153503,0.0745167385799814,13.991371351129523,0.008338769896629152,17.531721797162103,1.97,ba441828,ba,G,V
661428910087,2458028.8263566,7.1825372274206485,0.1117264455704496,14.31908669042178,0.016907923317112224,17.09196643747824,1.51,bc351083,bc,G,V
661428910087,2458029.8677357,9.504421430578635,0.1306979846461173,14.014967192295764,0.014947046259143944,16.92168416657368,1.56,ba443195,ba,B,V
661428910087,2458034.8532081,6.0896306860036145,0.13357339564543289,14.498304016897933,0.023841917681698677,16.8980564772755,1.67,bc352643,bc,B,V
661428910087,2458036.767232,6.849153299577211,0.06889461245479134,14.370689187482764,0.010933533685842298,17.61689323994699,1.57,bc352895,bc,G,V
661428910087,2458036.8557796,8.98877000082564,0.12082907288374699,14.07553073424969,0.014611114621312812,17.00692778574028,1.61,ba444762,ba,G,V
661428910087,2458037.7626727,7.244503580489211,0.06836103610985786,14.309759826010275,0.010256806861490494,17.625334802536184,1.52,bc353296,bc,G,V
661428910087,2458037.8552284,9.686539131858625,0.07539500455800574,13.994359811325456,0.008460306699359946,17.5189999641737,1.66,ba445166,ba,G,V
661428910087,2458074.7610613,9.813507176956609,0.07078740947010338,13.980220793459157,0.007840503399357464,17.58746634563576,1.72,ba453769,ba,G,V
661428910087,2458075.7301295,6.394441451830337,0.07138249688274709,14.445274866327836,0.012133924613934172,17.578377056082253,1.49,bc360561,bc,B,V
661428910087,2458077.7184442,6.6166520449810475,0.0684803223314305,14.408185662859644,0.011249667122122244,17.623441904018215,1.61,bc361180,bc,G,V
661428910087,2458077.733784,9.136348652890971,0.07732279715826364,14.057849743610667,0.009199136530729058,17.49158750298269,2.25,ba454783,ba,B,V
661428910087,2458080.7108431,6.738311643291882,0.07087705721489852,14.388403672027078,0.011433172530407747,17.586092199846497,2.18,bc362229,bc,B,V
661428910087,2458080.7262371,9.72743677049129,0.0700730309157007,13.989785363220493,0.007830052227417538,17.59847913685267,1.65,ba455835,ba,G,V
661428910087,2458207.1359793,6.291509627088193,0.09471571104007959,14.462894240804223,0.01636361794360333,17.27130133391752,2.08,bc386369,bc,G,V
661428910087,2458208.1323494,6.729625097617164,0.1548231926740971,14.389804227824534,0.025006753950256574,16.737766346222042,1.51,bc386659,bc,G,V
661428910087,2458219.1237765,9.065781882517404,0.09467393541508552,14.066268239582874,0.011351083984998895,17.271780317960385,1.98,ba481598,ba,G,V
661428910087,2458223.9426651,4.741692612145647,0.04523393321023294,14.71023213049225,0.010369149316181929,18.01397973033556,1.46,bs064150,bs,G,g
661428910087,2458223.9657461,4.833886359131693,0.08364090164214137,14.689324531607781,0.01880764601598899,17.346593846866714,1.60,bq064391,bq,G,g
661428910087,2458224.9394067,5.2303887417301835,0.041782290248331584,14.603730701206697,0.008683012892765993,18.100160007315182,1.48,bs064523,bs,G,g
661428910087,2458228.9498395,5.4421742253949335,0.052604927193718364,14.560634519431591,0.010506695728704801,17.850074551779016,1.63,bq065557,bq,G,g
661428910087,2458232.1138121,6.714043034076683,0.07798273872679674,14.392321103120928,0.012624858972746683,17.48236018519767,1.40,bc390839,bc,B,V
661428910087,2458233.1218054,9.155883386976065,0.09432375558337029,14.055530772796914,0.011197807677641631,17.275803683055862,1.50,ba485136,ba,G,V
661428910087,2458234.9150578,4.8790239739437276,0.1271586258626391,14.679233242032366,0.028328595722201658,16.891776046260357,2.22,bs066743,bs,G,g
661428910087,2458239.8991473,4.92831063679797,0.12812098213698153,14.668320437096538,0.02825754043699977,16.883589963503063,1.44,bs068059,bs,G,g
661428910087,2458243.9035695,4.652664943880266,0.07439269106561919,14.730811176132425,0.017379635477482183,17.473814938766868,1.45,bs068883,bs,G,g
661428910087,2458245.8888191,5.522653513942595,0.07259219933829412,14.544696130148749,0.014287437062445042,17.500415725199904,2.03,bs069579,bs,G,g
661428910087,2458245.899929,4.864615507239204,0.08886049654341178,14.682444322530417,0.019855114160431314,17.28086877217968,1.45,bq069811,bq,G,g
661428910087,2458246.8802762,5.226914167747153,0.05673562259611452,14.604452200993203,0.011798386775950563,17.76800104890509,1.52,bs069925,bs,B,g
661428910087,2458246.8950756,5.077504702865167,0.06673537737343332,14.635939786463608,0.014286240567309151,17.591750309823357,1.49,bq070160,bq,B,g
661428910087,2458247.88432,5.258792318962219,0.04646917586867188,14.597850572463681,0.009604861859283933,17.984728185617403,1.47,bs070210,bs,G,g
661428910087,2458247.8954025,4.967494598929455,0.05134136977799733,14.659722113329064,0.011234201790021313,17.876471982981407,1.47,bq070442,bq,G,g
661428910087,2458248.8734901,4.8401280046017785,0.06879563482578145,14.687923503833854,0.015449563290469039,17.558738405069214,1.52,bs070551,bs,G,g
661428910087,2458248.8969258,5.521706079131166,0.05702388850972534,14.544882408813486,0.011225242094074644,17.76249853916571,1.52,bq070793,bq,G,g
661428910087,2458249.0673736,9.19749538677423,0.07362537646121102,14.050607457836136,0.008701019108429197,17.544787572589435,1.96,ba487570,ba,G,V
661428910087,2458249.8677324,5.383656499967388,0.046371388536301086,14.572372266590015,0.009362351255496509,17.987015360131352,1.53,bs070885,bs,G,g
661428910087,2458250.9008292,5.292140525585465,0.051963726474439635,14.590987202864298,0.010672866888585103,17.863389891253075,1.61,bq071359,bq,G,g
661428910087,2458251.8867472,5.382933480928504,0.05609964639567758,14.572518089538564,0.011328001123009001,17.780240301835203,1.48,bq071644,bq,G,g
661428910087,2458251.9999215,6.789418116280029,0.0886152701723113,14.380200017312617,0.014186922088139675,17.343584978909984,1.43,bc394089,bc,G,V
661428910087,2458253.027238,6.904512125241948,0.07506886970696688,14.361948912943943,0.01181786577059757,17.52370670154404,1.44,bc394464,bc,G,V
661428910087,2458253.0919398,9.430625884989551,0.0760253635740823,14.02343011292363,0.008762542991549159,17.509960129336612,2.16,ba488469,ba,B,V
661428910087,2458254.0091755,6.981988796338384,0.08211753085544833,14.34983353554886,0.012784063153933184,17.42626668781388,1.43,bc394663,bc,B,V
661428910087,2458254.0209135,9.924548094638734,0.13421777922076172,13.968004552824054,0.014699801851548207,16.89283127201485,2.07,ba488628,ba,B,V
661428910087,2458254.8577372,4.733342830071141,0.04353910252021453,14.712145719755776,0.009998242919223433,18.05544192993533,2.01,bs072274,bs,G,g
661428910087,2458255.8669807,4.816753609950509,0.07757438028051944,14.693179543435974,0.017505561918631823,17.42834482440225,1.53,bq072847,bq,G,g
661428910087,2458255.8744021,4.556340494567345,0.054689177998974464,14.753525193846748,0.013046601492012097,17.807887121948372,2.08,bs072630,bs,G,g
661428910087,2458257.0371272,7.224022564883811,0.06937885247245898,14.312833669853443,0.01043903109221935,17.60928861286083,1.44,bc395189,bc,G,V
661428910087,2458257.8643331,5.252379375282668,0.0519573374127773,14.599175404023555,0.01075233960037006,17.863523393265282,1.45,bq073297,bq,G,g
661428910087,2458258.0268632,6.902034013288685,0.05202193037997986,14.362338666596884,0.008192596036343675,17.92189023482034,1.39,bc395532,bc,G,V
661428910087,2458258.8833753,5.324161937035014,0.04359483702231004,14.584437481566408,0.008900122305810842,18.054052965420475,1.48,bq073598,bq,G,g
661428910087,2458259.0448928,7.245930186176045,0.073612972140248,14.30954604118174,0.011042626425672202,17.54497051162026,1.51,bc395894,bc,G,V
661428910087,2458261.0714112,9.842193921123133,0.10298119393275616,13.977051610259132,0.011373082186630802,17.180461587179387,1.94,ba490473,ba,B,V
661428910087,2458261.0985683,7.030512579168449,0.10991040760995952,14.34231393044923,0.01699276304726874,17.10975934747794,1.44,bc396535,bc,B,V
661428910087,2458261.8765939,5.127172724611633,0.04267675177937767,14.625370751695579,0.009047437284600224,18.077162219166073,2.40,bs073681,bs,G,g
661428910087,2458263.8515064,4.96990799968329,0.09473864704991747,14.659194748839088,0.020720059662716426,17.211322665606698,1.46,bq074487,bq,G,g
661428910087,2458263.8589276,5.249684463989887,0.08370379113286064,14.599732620751274,0.017331019090812947,17.345777789911995,2.44,bs074270,bs,G,g
661428910087,2458266.8640234,4.8689674715100555,0.11385648992020095,14.681473439455633,0.025417515106689784,17.01174613438048,1.53,bq075445,bq,G,g
661428910087,2458266.8715145,4.684074679831408,0.08594754673604009,14.723506095873569,0.019944440009564482,17.317056899408243,1.43,bs075228,bs,G,g
661428910087,2458267.8988727,5.170851018997278,0.14187017626339432,14.616160559306062,0.029822308313125583,16.772912840655213,1.63,bq075813,bq,G,g
661428910087,2458267.928988,5.255958988565994,0.09760932805414449,14.598435702701327,0.020186058517928724,17.178912303728772,1.42,bs075614,bs,G,g
661428910087,2458268.921244,5.2236789375773975,0.12134577404847322,14.605124432052786,0.02524994014058633,16.942578970637285,1.51,bq076172,bq,G,g
661428910087,2458268.9287623,5.2986170593663875,0.08677150510060086,14.589659288779318,0.017800277376809864,17.306697784943687,1.44,bs075955,bs,G,g
661428910087,2458269.9605321,6.448960033438775,0.13691376602214522,14.436057190856681,0.023076482118355023,16.871238602288457,1.40,bc397985,bc,G,V
661428910087,2458269.9723583,8.81134803584644,0.17011348671495363,14.097175515511825,0.020984980171974248,16.635509528315488,1.95,ba491955,ba,G,V
661428910087,2458271.0049669,5.994000650326781,0.3333124049566675,14.515489440194578,0.060443118624695535,15.90522770070492,1.40,bc398338,bc,B,V
661428910087,2458271.8136197,5.564560099964203,0.12185386605067594,14.536488528866602,0.02380239444332009,16.938042330003064,1.52,bs076851,bs,G,g
661428910087,2458271.8321136,5.083850895999278,0.15235149527141642,14.634583610611497,0.03257362475211308,16.69552380890928,1.46,bq077089,bq,G,g
661428910087,2458274.0002447,8.48605083810238,0.1658608142503615,14.138017331509317,0.0212446869798281,16.66299691090969,2.09,ba493006,ba,G,V
661428910087,2458277.7964608,4.832835352108838,0.056295156283364726,14.689560623307688,0.012661384633727707,17.776463038607883,1.47,bs077926,bs,G,g
661428910087,2458277.8159266,4.741308504330275,0.12218170588624444,14.71032008572009,0.02801045363932187,16.935125150428412,1.61,bq078164,bq,G,g
661428910087,2458281.774491,5.1175226674421,0.04354458403435252,14.627416184799209,0.00924882461267429,18.05530524581917,1.45,bs078336,bs,G,g
661428910087,2458281.7929735,5.370196895339226,0.04504794297745686,14.575090099377979,0.009117944158206912,18.018453199954475,1.46,bq078574,bq,G,g
661428910087,2458282.879185,5.247259157766363,0.05645356953496436,14.600234336853834,0.011694214776996763,17.773412092985165,2.23,bs078749,bs,G,g
661428910087,2458282.8804066,5.025644985342456,0.05941572029551303,14.647086106006315,0.01285055049797457,17.71788719535555,2.24,bs078750,bs,G,g
661428910087,2458283.9221038,4.835311408809386,0.04005420635209449,14.689004499258257,0.009004007629823845,18.14602028420063,1.62,bs079112,bs,G,g
661428910087,2458284.0052477,9.624631174179914,0.06673112596798884,14.001321164802663,0.007536271391727518,17.651535261545565,1.55,ba495533,ba,G,V
661428910087,2458286.9169739,7.0155279697850474,0.0732155263334286,14.344630503441753,0.011343707014416138,17.550848421703442,1.57,bc402406,bc,B,V
661428910087,2458286.9312553,9.611990261694663,0.07510676955027129,14.002748099191082,0.008493328724516622,17.523158686791348,2.12,ba496381,ba,G,V
661428910087,2458290.8953954,6.612899271227306,0.06709759240258437,14.408801635744076,0.011028773108991773,17.645589050968,1.53,bc403109,bc,G,V
661428910087,2458290.9156195,9.342771147296222,0.06979511622133636,14.033592127357647,0.00812010222301946,17.602793806758335,2.06,ba497090,ba,G,V
661428910087,2458293.0698649,6.657475834838288,0.07493051315491986,14.40150740771417,0.012233797308702991,17.525709626588906,1.47,bc403805,bc,B,V
661428910087,2458293.8960031,6.804197128353219,0.08821117356817725,14.3778391862148,0.01409155387351312,17.348547393669026,1.48,bc403965,bc,G,V
661428910087,2458293.9154912,8.95467785745342,0.11310365990564084,14.079656487470572,0.013728998711513994,17.078664747607625,2.07,ba497946,ba,G,V
661428910087,2458295.8668131,4.768806455273122,0.07622216984953556,14.704041380525819,0.017373358595303978,17.447437341788884,1.95,bs082488,bs,G,g
661428910087,2458295.8778843,5.321866242505078,0.08268630672237852,14.584905734827213,0.016888139659087958,17.359056626173356,1.58,bq082720,bq,G,g
661428910087,2458298.0290639,9.481010338760322,0.15868358543491656,14.0176448541127,0.01819238160476299,16.711026381826567,2.47,ba499125,ba,G,V
661428910087,2458298.0381944,6.937664534319838,0.14060938624203156,14.356748164460484,0.022029933652376647,16.84232061228999,2.15,bc405164,bc,G,V
661428910087,2458301.8348313,5.124283929187494,0.08394067576854086,14.62598265885552,0.017805388270175783,17.342709458445576,1.49,bq083905,bq,G,g
661428910087,2458304.873812,4.876059186830661,0.07709539408603971,14.67989320089773,0.017185874532490472,17.435069529569283,1.54,bq084474,bq,G,g
661428910087,2458305.0482032,7.0581310424231365,0.06873742436793438,14.338057111312828,0.01058560563061268,17.619373256591377,2.07,bc406580,bc,G,V
661428910087,2458307.9686551,9.027923692155642,0.0731265242976101,14.070811705567309,0.008804389049773102,17.552169063912334,1.49,ba501086,ba,G,V
661428910087,2458309.0439811,7.030760144192731,0.06317165005664652,14.34227569915748,0.009766346114766813,17.71105084141501,1.36,bc407425,bc,G,V
661428910087,2458310.9249347,7.035994215127828,0.07321199233688339,14.341467720226504,0.01131016457759337,17.550900829721172,1.33,bc408055,bc,B,V
661428910087,2458310.9717091,9.463401627572392,0.072376602932664,14.019663224574202,0.008313101744490112,17.563360905651614,1.57,ba502098,ba,G,V
661428910087,2458314.025029,9.016358964490276,0.09927164983080654,14.07220342010455,0.01196757667173232,17.220293294592608,2.03,ba502998,ba,B,V
661428910087,2458316.028865,7.071358613397106,0.07016459882321756,14.336024248519783,0.010785178981252039,17.59706127765612,1.36,bc409363,bc,G,V
661428910087,2458317.0527966,9.688706138571753,0.06909924382744934,13.994116944964656,0.0077521056631572405,17.613673156694524,2.03,ba503740,ba,G,V
661428910087,2458318.8578472,5.000733682297863,0.03756402644018408,14.652481306043137,0.008164894616659011,18.215710267537407,1.44,bs085798,bs,G,g
661428910087,2458319.7660436,5.202848374076979,0.056604714288315525,14.609462698547908,0.01182561145994957,17.77050910484335,1.47,bq086291,bq,G,g
661428910087,2458320.8264756,5.1005380134217235,0.039993910532876945,14.631025650695928,0.008522952239385175,18.147655934578147,1.51,bs086461,bs,G,g
661428910087,2458322.8256354,4.527221228003323,0.07482386954205093,14.760486328967913,0.017964726900779247,17.467540201114936,1.50,bs087148,bs,G,g
661428910087,2458322.8265078,8.540001650789758,0.1978220329357192,14.131136517920703,0.025178443475275928,16.47166974213793,1.98,ba505291,ba,B,V
661428910087,2458323.9862421,9.462061783470435,0.1595650622644057,14.019816955790297,0.018330073195357306,16.705011878627584,1.96,ba505735,ba,B,V
661428910087,2458325.9305582,5.266181459845801,0.12155954251021338,14.59632607287517,0.02509027433228068,16.94066796908694,1.49,bq088305,bq,G,g
661428910087,2458326.029238,6.743842335505025,0.11907124116269957,14.387512883638298,0.019191620398948256,17.022839192164213,1.41,bc412417,bc,G,V
661428910087,2458329.816315,5.031078552019645,0.10846103271139552,14.645912876849817,0.023432833664043373,17.064456273310384,1.49,bs088897,bs,G,g
661428910087,2458329.8847447,8.588347424188912,0.23965766239159067,14.12500739296038,0.030331499909704192,16.26337809638718,2.07,ba507605,ba,G,V
661428910087,2458331.8660052,5.296663023258373,0.08807591783830605,14.590059762906549,0.01807452973355534,17.290497667303317,2.04,bs089241,bs,G,g
661428910087,2458332.7914458,5.570623804730949,0.19133029617736377,14.535306045576279,0.037332930839746314,16.448181251966098,1.49,bs089528,bs,B,g
661428910087,2458333.9102854,9.743903310053211,0.14022709752215284,13.987948990134967,0.015642679666062975,16.845276531368963,1.98,ba508706,ba,B,V
661428910087,2458334.0269906,6.327273237676488,0.08089650937090416,14.456739930802787,0.013897137857590787,17.442531937410802,1.97,bc414786,bc,G,V
661428910087,2458335.749686,4.855226172694723,0.04377385554285852,14.684541958265683,0.00979980665608599,18.049603610499712,1.96,bs090139,bs,G,g
661428910087,2458335.9349967,9.683796864167304,0.07571742710164443,13.994667227710604,0.008498892774380455,17.514366773426374,1.95,ba509260,ba,G,V
661428910087,2458337.8077247,4.986794163178588,0.04052779936471362,14.655512016073908,0.008833722505829615,18.133258055314492,1.50,bq091115,bq,G,g
661428910087,2458337.8188186,4.693764704923132,0.045659706598442325,14.721262334943198,0.010573626712863712,18.00380782029158,2.27,bs090901,bs,G,g
661428910087,2458342.896443,6.628549817772587,0.0761058314293374,14.406235092942472,0.012479913719996011,17.50881155659431,1.41,bc416983,bc,G,V
661428910087,2458344.002412,9.768453305350988,0.0694636036315205,13.985216892386676,0.007729362533721017,17.607963118976624,1.95,ba511377,ba,G,V
661428910087,2458345.6866881,4.988180221521243,0.0520979817452406,14.655210282219528,0.01135248497700942,17.860588363360495,1.99,bq092112,bq,G,g
661428910087,2458345.9491717,6.2884980357900435,0.1522916844437758,14.463414080514408,0.026323366672086936,16.755665917982547,1.40,bc417897,bc,B,V
661428910087,2458347.8403113,6.848945893058126,0.07846842952367732,14.370722066317077,0.012453269824753239,17.47561899198776,1.42,bc418156,bc,G,V
661428910087,2458348.8973477,9.561907979505538,0.07582444062452684,14.008420004816912,0.008619395880058748,17.5128333559326,1.96,ba512443,ba,G,V
661428910087,2458351.9399311,6.786796068414121,0.08674243935455006,14.380619405559633,0.013892455175836886,17.3667773158466,1.48,bc419311,bc,G,V
661428910087,2458352.8459805,8.730177785608722,0.29479441439126225,14.107223684565025,0.03670357227123846,16.038558267470215,2.32,ba513615,ba,B,V
661428910087,2458354.8228682,4.93423085233197,0.09330032838736109,14.667016961085945,0.020553031152386315,17.22793268062449,1.44,bs094178,bs,G,g
661428910087,2458360.5012528,10.083246843272164,0.13606800831069818,13.950780406816182,0.014667895305176504,16.877966324006735,2.03,ba514407,ba,B,V
661428910087,2458361.8929399,6.7791083839934805,0.0944665793791276,14.381849960916856,0.015146691677769279,17.27416091892211,1.35,bc420670,bc,G,V
661428910087,2458361.8961144,5.317472931134805,0.08136293979646816,14.58580240282637,0.0166315802985697,17.376574031249913,1.44,bq096144,bq,G,g
661428910087,2458362.944188,9.715857117810138,0.12078843406966269,13.991078605992332,0.0135131439841788,17.007293016163707,1.96,ba514975,ba,G,V
661428910087,2458366.8914458,5.4895348396744446,0.25763648672072853,14.551226758024656,0.051013367736575,16.12512219085473,1.45,bq097018,bq,B,g
661428910087,2458367.9180958,9.436138806696427,0.0693603566135878,14.022795602560109,0.00798967602275931,17.60957810022155,2.00,ba515763,ba,G,V
661428910087,2458367.9297973,6.4528136483429375,0.07483218047521886,14.435408596415598,0.012605249591298278,17.527135393757174,1.51,bc421754,bc,G,V
661428910087,2458369.9284913,6.733027151781576,0.06889678493214998,14.389255489970052,0.011122457703002605,17.616859003595998,1.44,bc422240,bc,G,V
661428910087,2458370.7410945,8.730317437685684,0.07841387923495098,14.1072063167511,0.009762815388748198,17.476374044948237,1.55,ba516337,ba,G,V
661428910087,2458372.9224021,6.905858075803942,0.07432980428208234,14.361737282518643,0.011699236305923798,17.534448920519413,1.54,bc423228,bc,G,V
661428910087,2458372.9340631,9.808867464653979,0.06533134244290228,13.980734238321212,0.00723960528554151,17.674552438025053,1.99,ba517257,ba,G,V
661428910087,2458374.8346497,4.285430671023365,0.055576247240461465,14.820079438401804,0.014096357876063883,17.790417566682095,1.47,bs098336,bs,G,g
661428910087,2458374.8531499,4.786466252768328,0.051010086063593724,14.700028119172394,0.011583858068408944,17.883500470771818,1.44,bq098574,bq,G,g
661428910087,2458377.7675038,6.972043515833121,0.07630856588937167,14.351381181805916,0.01189666891344715,17.505923164462054,1.54,bc423928,bc,G,V
661428910087,2458377.8375899,9.193349495733434,0.09230492034109684,14.051096977932575,0.010913479923713245,17.29929426407985,1.95,ba518003,ba,G,V
661428910087,2458383.8220583,6.366030347474182,0.11683235881082073,14.450109642984092,0.01994833317280267,17.04344853102857,1.52,bc425670,bc,B,V
661428910087,2458383.8298337,9.713061196846638,0.2753554480665996,13.991391092008023,0.03081411658042049,16.112622209503183,1.49,ba519687,ba,B,V
661428910087,2458384.8577574,5.757052393500899,0.1734116687647699,14.499565167584475,0.03274087700197392,16.554944817610654,1.51,bq099464,bq,G,g
661428910087,2458385.7465892,9.478646067489686,0.1996066346349292,14.017915636966006,0.022889738867135117,16.46191896240262,1.51,ba520386,ba,B,V
661428910087,2458389.7519532,4.766865156195256,0.11947095060970865,14.704483455045182,0.027242165378818017,16.959484813160085,2.36,bs100520,bs,B,g
661428910087,2458389.7568689,5.328932972677547,0.08838145982221311,14.583464977984768,0.018027399602722018,17.2867376848085,1.50,bq100747,bq,G,g
661428910087,2458390.7214386,5.11094281421161,0.06148293572338863,14.628813068011572,0.013075724066874303,17.68075412076407,1.48,bq101129,bq,G,g
661428910087,2458391.6014359,5.222781879879709,0.03992808687094187,14.60531090056869,0.008309765834206426,18.149444357074415,2.18,bs101219,bs,G,g
661428910087,2458391.646025,4.536687292363608,0.06232507579104877,14.758218509846376,0.01493262445330923,17.665983573181187,1.50,bq101478,bq,G,g
661428910087,2458394.6997797,5.081932484473312,0.04096143429425459,14.634993394844768,0.00876109595748462,18.121702723018455,1.43,bs101880,bs,G,g
661428910087,2458396.689933,5.413509094552349,0.06407196976440974,14.56636844548457,0.012864750789128663,17.635970422163954,1.47,bq102540,bq,G,g
661428910087,2458401.7172298,9.699214549444678,0.07297523941514825,13.992939989122918,0.008178075864123585,17.554417572467642,1.63,ba523730,ba,G,V
661428910087,2458401.841129,6.537672069605135,0.0760881526437488,14.421223573195173,0.0126504530760596,17.509063793866012,1.42,bc429796,bc,G,V
661428910087,2458402.655068,4.777665784434773,0.04372940557661461,14.702026207393695,0.0099487835122607,18.050706676629705,1.94,bs103592,bs,G,g
661428910087,2458403.8839457,8.973940965849302,0.07675105581040903,14.077323383905181,0.009296368338165533,17.499645497490178,2.40,ba524278,ba,G,V
661428910087,2458405.6980625,4.748938884280527,0.04902173494621621,14.708574170948008,0.011220294850105119,17.92666891778348,1.49,bs104126,bs,G,g
661428910087,2458408.8302521,9.150989085577805,0.0892855153453832,14.056111311101276,0.010605353398842532,17.33540386951836,2.00,ba525158,ba,G,V
661428910087,2458409.7983809,6.462577741028225,0.09077791018997858,14.433766953412281,0.01526815544274554,17.317405942245884,1.42,bc431507,bc,G,V
661428910087,2458414.6949465,6.539606440143498,0.154666938065577,14.420902372397823,0.02570739364311228,16.738862673911974,1.45,bc432661,bc,G,V
661428910087,2458417.8095076,7.114346661956506,0.10655821939967865,14.329443846254437,0.016280363752971407,17.14338900673889,1.38,bc433480,bc,G,V
661428910087,2458417.8210964,10.1799710235455,0.1512524612746465,13.940415049970005,0.016149834693175096,16.76310026744336,2.07,ba527527,ba,G,V
661428910087,2458419.7464075,4.302768843511563,0.12720006535880662,14.815695584221988,0.032133016119583455,16.891422275280657,1.48,bs106316,bs,G,g
661428910087,2458420.7371697,4.795300641883854,0.07803246608772026,14.698026021034742,0.017687712253243417,17.421952280704517,1.52,bs106750,bs,G,g
661428910087,2458427.7673614,6.847021339702348,0.06796870427388747,14.371027200994257,0.010789951238544255,17.631583916681517,1.39,bc434824,bc,G,V
661428910087,2458427.7789486,10.136541147226609,0.07768219652393252,13.94505693539951,0.008329978530971735,17.486552650965677,1.95,ba528912,ba,G,V
661428910087,2458428.6387171,4.652767279329393,0.04892134275020704,14.7307872956077,0.011428762575513356,17.928894689785317,1.54,bs109316,bs,G,g
661428910087,2458428.6869102,4.837271804610775,0.050606054081515264,14.688564394959457,0.011371405772765375,17.892134423249903,1.47,bq109578,bq,G,g
661428910087,2458430.716265,4.283619157890636,0.093567600213577,14.820538491730273,0.023742519940943767,17.22482688394463,1.43,bs110261,bs,B,g
661428910087,2458430.7299887,4.8828946067747125,0.054702629584235524,14.67837224603339,0.012177076257261115,17.807620102442513,1.49,bq110496,bq,G,g
661428910087,2458431.7550652,6.5602753168803005,0.06324140865671407,14.417476239731473,0.010478319622731026,17.709852556267172,1.42,bc436044,bc,G,V
661428910087,2458432.7628134,9.784066983440153,0.07210376764808424,13.983482861280317,0.008010335642601181,17.567461497272895,1.63,ba530556,ba,G,V
661428910087,2458434.6496405,5.574481079897152,0.12173825859909244,14.534554507836576,0.02373749094003377,16.939072898666385,1.48,bq111339,bq,B,g
661428910087,2458435.734985,7.083441963564581,0.08355421400516848,14.334170554592117,0.012821421887672511,17.407435498287736,1.37,bc437626,bc,G,V
661428910087,2458435.7543429,9.54683471416237,0.10155301893678922,14.010132895462178,0.011562336579671833,17.19562429741448,1.95,ba531720,ba,G,V
661428910087,2458437.6907346,5.384203366868038,0.09015033936279014,14.572261984101,0.018199442448694234,17.265222196632802,1.55,bq111750,bq,B,g
661428910087,2458438.6760706,5.0415756656148725,0.05315294584920723,14.643649898263337,0.011459699302836187,17.83882226381873,1.42,bs111966,bs,G,g
661428910087,2458440.7010878,4.682804381500561,0.10501664914083264,14.723800582198859,0.024376105080486033,17.099495219557895,1.54,bq113111,bq,G,g
661428910087,2458441.6155888,5.47073404655083,0.0810667477447391,14.554951615873595,0.016106802013685934,17.380533735851177,1.50,bq113494,bq,G,g
661428910087,2458441.6860543,4.2629831926137145,0.256168826146698,14.825781571317407,0.06531678959674514,16.13132491595536,1.48,bs113327,bs,B,g
661428910087,2458442.6825683,5.035863546801029,0.09773180432427221,14.644880737712834,0.02109473799366182,17.177550819472923,1.44,bs113777,bs,G,g
661428910087,2458443.6937892,4.988912812951547,0.15120201003426875,14.655050836770267,0.032943051335784096,16.703746699981117,1.52,bq114421,bq,G,g
661428910087,2458444.6524087,5.5518353542558305,0.15801299387593853,14.538974176881386,0.030936301826983578,16.655908607084843,1.46,bq114813,bq,G,g
661428910087,2458445.7158738,6.585428658894632,0.1510430224725431,14.413321281202808,0.024930373836481282,16.764604724762336,2.24,bc439999,bc,G,V
661428910087,2458446.7263622,9.594543302164945,0.16552628713963327,14.00472063637711,0.018752312815669987,16.665188959528614,2.00,ba534514,ba,G,V
661428910087,2458447.7186032,9.95843147975158,0.10673683643005095,13.964304055780183,0.011650258447160682,17.14157057713451,2.10,ba534938,ba,G,V
661428910087,2458448.6820689,5.289404663068905,0.12928263241568494,14.59154863789079,0.02656718655560365,16.873790145193283,1.51,bq115701,bq,B,g
661428910087,2458448.7043522,7.017837350766328,0.08920701064320757,14.344273158142558,0.013816812382079257,17.33635892802761,1.60,bc441280,bc,B,V
661428910087,2458449.7147069,9.932410842504506,0.08581816676113935,13.967144716179385,0.009391538220059724,17.378408311322836,2.02,ba535799,ba,G,V
661428910087,2458450.6516981,4.928765941705,0.038796618471484204,14.668220135345164,0.008555942393648477,18.180655926527148,2.01,bs116210,bs,G,g
661428910087,2458451.5926435,5.341348453628265,0.05052721197508423,14.580938344860023,0.010282213013889163,17.89382727368559,1.61,bq116828,bq,G,g
661428910087,2458452.648048,4.991360520697232,0.04414623707060511,14.654518273205603,0.009613619391979536,18.040406383510913,1.44,bs117077,bs,G,g
661428910087,2458453.6469991,5.166778945519216,0.05103605227100606,14.617015919354237,0.010736664069574308,17.882947927529,1.60,bq117724,bq,G,g
661428910087,2458454.6442659,5.261124513103275,0.04399280710659034,14.597369171764917,0.009088982493195988,18.04418642529937,1.47,bs117668,bs,G,g
661428910087,2458455.6551115,5.415791600085797,0.046055500658711626,14.565910761465666,0.009243399764893901,17.9944368419906,1.45,bq118362,bq,G,g
661428910087,2458456.6406252,5.310101248877361,0.04238216412839032,14.58730861740835,0.008675459759738383,18.084682788963143,1.52,bs118586,bs,G,g
661428910087,2458457.6442688,5.52950012874332,0.056327516118454324,14.543350941009978,0.011072530892993133,17.77583911014385,1.45,bq119275,bq,G,g
661428910087,2458463.6224424,4.757073674070277,0.06360593128214546,14.706715928515736,0.014533489822801851,17.64389657220324,1.40,bs119625,bs,B,g
661428910087,2458463.6336629,4.650262305370162,0.16039582684329884,14.731371995669218,0.037491065793370595,16.63965794974053,1.51,bq119859,bq,B,g
661428910087,2458465.6137288,4.774524130067357,0.09559714026716974,14.70274039085174,0.021763411858920622,17.201528359433002,1.53,bs119873,bs,B,g
661428910087,2458465.6365292,5.324428690557556,0.05696797965853006,14.584383084892263,0.011629739192479848,17.763563567219936,1.57,bq120116,bq,G,g
661428910087,2458472.5811835,4.214890582415137,0.11142685439250295,14.838099859975298,0.028735300172230777,17.035165935313312,1.47,bs120292,bs,G,g
661428910087,2458472.6117907,5.329336008677491,0.09570406907875895,14.583382865067946,0.01951953524280486,17.200314603445136,1.57,bq120541,bq,G,g
661428910087,2458473.5767623,4.576061589713228,0.09768289296533175,14.74883596967919,0.023202716023248863,17.1780943285853,1.45,bs120713,bs,G,g
661428910087,2458473.6063987,4.978836060251212,0.11282467895197835,14.657246056392957,0.024631363458428226,17.021630345471642,1.52,bq120962,bq,G,g
661428910087,2458477.5449138,5.210639866682339,0.05115173300388154,14.607837977418203,0.010670418837106966,17.88048973131327,1.94,bs122494,bs,G,g
661428910087,2458478.5960561,5.538759734790462,0.08133721736640706,14.541534306417628,0.015962060661559654,17.376917334837458,1.54,bq123225,bq,G,g
661428910087,2458480.5684806,5.017074187370936,0.033312315153663265,14.64893931483563,0.007217162206141889,18.346128570128457,2.10,bs123556,bs,G,g
661428910087,2458480.5871794,5.3598580976315375,0.043676005646359005,14.577182392561209,0.008857308965288318,18.052033327783505,1.49,bq123796,bq,G,g
661428910087,2458486.5489489,5.047350415480413,0.0561638204591795,14.64240697991172,0.012094985667461365,17.77899900555794,1.97,bs124863,bs,G,g
661428910087,2458494.5479385,5.12902838747502,0.2866905593690146,14.624977865410575,0.060756180252025845,16.009107131442978,1.43,bq126854,bq,B,g
661428910087,2458558.0096539,5.290380812543383,0.1634799910855063,14.59134828584563,0.03358844075325037,16.618979098048023,1.55,bs142805,bs,B,g
661428910087,2458561.9965618,5.161276276558076,0.08829930326801302,14.618172854972949,0.018595691919866188,17.287747419543877,1.48,bs143979,bs,G,g
661428910087,2458566.983247,4.759154421667876,0.08997045645781443,14.70624113051532,0.020548602912614743,17.267390801835653,1.46,bs145193,bs,G,g
661428910087,2458567.0017343,4.431350094885411,0.2786035709752139,14.783725466188386,0.06833808251820155,16.04017391481088,1.44,bq145433,bq,G,g
661428910087,2458569.1405545,6.856648541818858,0.10274810492702992,14.309785899873184,0.016288237914721185,17.123206060067623,2.07,bA020554,bA,B,g
661428910087,2458571.1179913,4.3677450558724695,0.06288555359294117,14.799422420327096,0.015649691483050426,17.65626339033544,1.45,bC021185,bC,G,g
661428910087,2458571.1283674,6.529904160861235,0.07307149285465339,14.362798604283888,0.01216335397196768,17.493270661201645,2.12,bA021191,bA,G,g
661428910087,2458571.9783123,5.388618423899699,0.0696971183087266,14.571372043168749,0.014058842421666384,17.54460355602824,1.55,bq146892,bq,G,g
661428910087,2458572.1147918,4.585195455506682,0.05019634735660881,14.74667098903989,0.01189943758258381,17.900960321596756,1.44,bC021595,bC,G,g
661428910087,2458573.1076597,4.529868643778577,0.06792304432085429,14.759851600754148,0.01629835251455415,17.5725977544052,1.48,bC022003,bC,G,g
661428910087,2458577.1355102,6.6778275981721755,0.06806365111017001,14.338477615633472,0.01107878698273465,17.570352506284202,2.07,bA022844,bA,G,g
661428910087,2458578.1053901,7.03286381559842,0.06695834458454825,14.282235102745144,0.010348673206156466,17.588128841373255,2.00,bA023226,bA,G,g
661428910087,2458579.098897,4.24134926674858,0.09330367584917965,14.831305529215966,0.023911503766405436,17.227893726899936,1.45,bC023628,bC,G,g
661428910087,2458579.1127726,6.339445852164768,0.046196067163493566,14.394937380521593,0.007920742230949358,17.99112810122586,2.02,bA023636,bA,G,g
661428910087,2458580.0910617,4.438751645559307,0.06069708288644102,14.781913506497663,0.014863433542167551,17.694721063192453,1.47,bC024025,bC,G,g
661428910087,2458580.9482039,5.106890804852056,0.044858601294954295,14.629674192523543,0.009547756374058306,18.0230262913873,1.44,bs149443,bs,G,g
661428910087,2458580.9555757,5.246393440096772,0.06120885360277766,14.60041348153398,0.01268135212720296,17.68560499755168,1.59,bq149674,bq,G,g
661428910087,2458581.9532292,5.163028606421405,0.04649918826214168,14.617804293986978,0.009789330989615139,17.984027182784487,1.45,bs149830,bs,G,g
661428910087,2458582.9466842,4.77852968448482,0.04492294957503859,14.701829901747324,0.010218476443682623,18.021469952280047,1.56,bs150205,bs,G,g
661428910087,2458583.0964129,6.263498327844919,0.05469584101899613,14.408023207740879,0.009491820384673133,17.807754850049633,2.04,bA025234,bA,G,g
661428910087,2458583.9513979,4.706652163790165,0.08423617892643817,14.718285362827835,0.01945354380654808,17.338893965428817,1.49,bs150589,bs,B,g
661428910087,2458583.952615,4.502349920730436,99.99,14.766467509383357,99.99,99.99,1.52,bs150590,bs,B,g
661428910087,2458588.0825252,4.838205064239079,0.048213506064528504,14.688354943005042,0.01083169980538856,17.944718825614107,1.42,bC025972,bC,G,g
661428910087,2458588.0980224,7.102860297286819,0.05733637277757093,14.271482440210745,0.008774232029771548,17.756565073754196,2.09,bA025982,bA,G,g
661428910087,2458588.9543435,4.856870815221272,0.07920108846587975,14.684174242013622,0.017725021502945568,17.405812736020312,1.48,bq151891,bq,B,g
661428910087,2458589.09841,4.657484982475535,0.043292449261948834,14.72968696418736,0.0101035237353195,18.061610219855744,1.47,bC026333,bC,G,g
661428910087,2458589.9380548,4.559780371123419,0.22940230038815929,14.752705810525901,0.05468472299411099,16.251146189986837,1.47,bs152010,bs,B,g
661428910087,2458590.0774369,6.482046804986331,0.08851391223559159,14.370785215726148,0.014842653418533,17.28511176994352,2.08,bA026691,bA,G,g
661428910087,2458590.9669026,4.838877140399569,0.13441878664984278,14.688204133617349,0.030194479536060834,16.831490684287203,1.45,bs152416,bs,G,g
661428910087,2458594.0686338,4.534355509075554,0.10460234405245093,14.758776704014053,0.025074831435127638,17.103787069386552,1.97,bC028217,bC,G,g
661428910087,2458595.047456,4.6559879388184,0.10637174065323741,14.730036005737466,0.024832851534646008,17.085574946348643,1.49,bC028594,bC,G,g
661428910087,2458595.0669618,6.1927865352558715,0.11670608965434046,14.420350346833724,0.020484227020303013,16.984906816781283,2.10,bA028607,bA,G,g
661428910087,2458597.0542244,5.156844497592749,0.08126045443390548,14.619105533175764,0.017128028767912327,17.3779424946724,1.39,bC029380,bC,G,g
661428910087,2458597.0620287,6.2837979818345016,0.11214114358689078,14.404510086194032,0.01939790994704602,17.028228159917575,2.07,bA029384,bA,G,g
661428910087,2458598.910761,4.59712402589617,0.06578316621168472,14.74385007041368,0.015553950933595037,17.60735367971382,1.51,bs153650,bs,G,g
661428910087,2458598.9261841,4.953143611891769,0.0762198459927433,14.662863321936456,0.016726278335410953,17.447470444151648,1.49,bq153888,bq,B,g
661428910087,2458599.8938207,4.989241132463825,0.05302396855519115,14.654979387004449,0.011551806557221652,17.841460038468124,1.42,bs154000,bs,G,g
661428910087,2458599.911011,4.791701673688929,0.06437096075400742,14.698841193520142,0.01460200162008755,17.630915633592185,1.46,bq154239,bq,B,g
661428910087,2458600.8908722,4.908424113982929,0.039152675083722346,14.672710419701486,0.008670248238034218,18.170737010629082,1.50,bs154358,bs,G,g
661428910087,2458600.9094067,5.004502248756685,0.0660625103588399,14.651663400445294,0.014348495196468258,17.602752929566062,1.46,bq154599,bq,G,g
661428910087,2458601.044133,4.315521479418759,0.14358883637647102,14.812482415925887,0.03616592407028389,16.7598389212963,1.41,bC030915,bC,B,g
661428910087,2458601.054479,6.148935688419975,0.18104061904221574,14.428065745301764,0.03200281992511635,16.508200546551215,2.00,bA030921,bA,B,g
661428910087,2458601.895085,5.109264350420302,0.057286920960603144,14.62916968875196,0.012187349895755406,17.757501910057766,1.43,bs154723,bs,G,g
661428910087,2458601.9248916,5.167203129526979,0.04814316245121788,14.61692678586598,0.010127243518736622,17.9463040738899,1.48,bq154973,bq,G,g
661428910087,2458602.8970982,5.021999003998799,0.08064016925969816,14.647874066671447,0.01745367886795328,17.38626203477996,1.49,bs155069,bs,B,g
661428910087,2458602.9315346,5.684122906904199,0.18813837261223762,14.513406972184999,0.03597709522640076,16.466447153744582,1.45,bq155322,bq,B,g
661428910087,2458604.885764,4.998490054437135,0.043509509444748976,14.65296854147329,0.009461446263488807,18.056180144456057,1.43,bs155709,bs,G,g
661428910087,2458604.9005549,5.075422795544147,0.04625824612731894,14.63638505748232,0.009906702227141748,17.989667705058825,1.50,bq155947,bq,G,g
661428910087,2458605.8817835,4.821970884995799,0.048679219636691085,14.692004162821446,0.010973146980608329,17.934281592548935,1.95,bs156063,bs,G,g
661428910087,2458605.8967945,5.199151955525777,0.052776364780623065,14.610234345440956,0.011033648253156383,17.846541929324317,1.43,bq156301,bq,G,g
661428910087,2458607.8759441,4.625351041537865,0.04803769232502474,14.73720387439603,0.011288847590824738,17.94868527086917,1.51,bs156516,bs,G,g
661428910087,2458607.8907467,4.99191549788148,0.047318050590938056,14.65439755955985,0.010303191972626491,17.96507350079156,1.49,bq156754,bq,G,g
661428910087,2458610.0051627,4.891737751538232,0.04209227878853625,14.676407706662244,0.009353010988717462,18.09213451597822,1.39,bC032412,bC,G,g
661428910087,2458610.0245369,6.82793515291555,0.056213325908916936,14.314342152710594,0.00894874362994704,17.778042407809608,2.17,bA032425,bA,G,g
661428910087,2458611.8745989,5.198970483533942,0.04829145904251336,14.610272242804228,0.010096367447517808,17.942964793813136,1.50,bq158019,bq,G,g
661428910087,2458612.034827,4.919591644830269,0.03163387130118845,14.670242984142828,0.006989328627471763,18.402259752909334,1.42,bC033205,bC,G,g
661428910087,2458612.8818771,5.197363025934548,0.05851946622362926,14.61060799096498,0.01223853618518962,17.73438972114075,1.49,bq158374,bq,G,g
661428910087,2458614.0112259,4.366222063884217,0.05228778691869917,14.799801072441374,0.013016871374614809,17.856639959695382,1.42,bC033963,bC,G,g
661428910087,2458615.0169828,6.363124993042054,0.051632909229068887,14.390889486494327,0.008819994497085945,17.870324121866158,2.00,bA034350,bA,G,g
661428910087,2458615.8545635,5.168954399896195,0.05199213530553363,14.61655887009903,0.01093319580273875,17.862796475995996,1.50,bs158540,bs,G,g
661428910087,2458617.0199458,6.230142598728454,0.04701409535945598,14.413820654457684,0.008202425025561344,17.97207040175782,1.99,bA035094,bA,G,g
661428910087,2458618.0073413,5.014097457366298,0.11478333657497489,14.64958369492345,0.024882742574908055,17.002943499275286,1.46,bC035254,bC,G,g
661428910087,2458618.9024662,4.929727499639654,0.059472033178860614,14.66800833862954,0.013112999517635348,17.71685864634137,1.53,bs159140,bs,G,g
661428910087,2458618.9777194,4.750710633169786,0.08823541752003793,14.708169176651412,0.02018815076888576,17.288533248782034,1.42,bC035614,bC,G,g
661428910087,2458619.0011633,6.955990521765106,0.11066913160541415,14.294168168379034,0.01729337237842964,17.042574356058637,2.18,bA035630,bA,G,g
661428910087,2458620.875062,4.446831185227166,0.15536381457685405,14.77993901561285,0.03797619123874018,16.67426592211943,1.47,bq159701,bq,G,g
661428910087,2458621.8328048,5.446026662150972,0.140200717118988,14.559866214312994,0.027982250781856788,16.78576502387017,1.60,bs159782,bs,G,g
661428910087,2458621.8476999,5.840488776824953,0.14609095054535853,14.483942637979233,0.02718856546603471,16.741082324343203,1.47,bq160020,bq,G,g
661428910087,2458622.8376554,5.13370693088,0.1524614794879245,14.623987941349467,0.03228057262999804,16.694740286809598,1.50,bs160124,bs,G,g
661428910087,2458624.9893353,4.067131802103745,0.08315868209168438,14.876845005630944,0.022224475683830246,17.35287161652895,1.48,bC037411,bC,G,g
661428910087,2458624.9931825,5.560614821303609,0.0996645142688957,14.537258589937919,0.01948183739602055,17.15628922520373,2.03,bA037671,bA,G,g
661428910087,2458625.8231589,4.050682593695905,0.11247287528528062,14.881245087889688,0.030180870132937767,17.025021117197007,1.44,bs160728,bs,G,g
661428910087,2458625.8416584,5.425253026099147,0.08681466562519599,14.564015627604734,0.01739343151922223,17.306157869293276,1.42,bq160969,bq,G,g
661428910087,2458627.001446,6.1848164327599155,0.10228775070185263,14.421748586873225,0.01797665927973079,17.128081539896677,2.19,bA038427,bA,G,g
661428910087,2458628.9915636,6.551629543321547,0.06020595468530064,14.35919229075533,0.009988546308975317,17.703541992970607,2.39,bA039165,bA,G,g
661428910087,2458629.0503187,4.3892494143431655,0.05799192920503644,14.794089972633158,0.014361158300019095,17.74422172001804,2.13,bC039212,bC,G,g
661428910087,2458630.9878623,4.7314792283927884,0.052145444970931175,14.71257327768071,0.011979304727793523,17.85959966704244,1.40,bC039910,bC,G,g
661428910087,2458631.9643431,6.32028513532964,0.04777443021218839,14.39822394322702,0.008216200278881996,17.954651821218125,2.00,bA040262,bA,G,g
661428910087,2458632.9723168,4.8344203792322915,0.041919335324818646,14.689204592310537,0.00942501713628735,18.09660464185678,1.43,bC040642,bC,G,g
661428910087,2458634.0114751,6.543824408970031,0.030985660592345154,14.360486528890606,0.005146847432990004,18.42473871285404,2.11,bA041042,bA,G,g
661428910087,2458635.9965398,6.465415158390308,0.03781322419900976,14.373574579516086,0.006357106178674308,18.208531337227885,2.04,bA041751,bA,G,g
661428910087,2458636.9347985,4.483852766400074,0.041612480827583904,14.770937263561985,0.01008752066085372,18.10458159126927,1.40,bC042076,bC,G,g
661428910087,2458637.9511258,6.0910137837577185,0.05862925933634031,14.43834166654167,0.010462536789902754,17.732354592003222,2.01,bA042457,bA,G,g
661428910087,2458639.9405959,4.588877373237491,0.06135083166763969,14.745799491358863,0.014532026282544401,17.68308947551981,1.43,bC042829,bC,B,g
661428910087,2458640.0055393,6.13621077290267,0.09607646320861378,14.43031495030132,0.01701879908222781,17.196098093118838,2.07,bA042877,bA,B,g
661428910087,2458641.9400961,6.471831560144731,0.03744707705037586,14.372497608439962,0.006289308403920126,18.21909580070821,1.98,bA043236,bA,G,g
661428910087,2458641.943938,4.985323483580953,0.048395964171679774,14.655832263017013,0.010551834611236701,17.940617745091966,1.41,bC043241,bC,G,g
661428910087,2458643.0454038,6.20800113820899,0.04155962521689998,14.417686152592049,0.0072766587287669245,18.105961555312476,2.07,bA043686,bA,G,g
661428910087,2458643.0492623,4.607208665346062,0.03937503393388695,14.741470916397578,0.009289561866398172,18.164588258746868,1.47,bC043691,bC,G,g
661428910087,2458643.8702528,4.663518430794901,0.05079734439048757,14.72828137856437,0.011839666893491344,17.888038089920556,1.45,bs164342,bs,G,g
661428910087,2458643.8969926,5.141562748527644,0.06464262529887425,14.622327771336224,0.013665830135219345,17.626343146664556,1.46,bq164593,bq,G,g
661428910087,2458644.9567042,4.791924581200444,0.041275970378221616,14.698790686801877,0.009362665132446593,18.113397381168813,1.45,bC044357,bC,G,g
661428910087,2458645.9298077,5.856601317486301,0.08324665853166874,14.480951470146834,0.015450172121810886,17.351723585887644,1.99,bA044702,bA,G,g
661428910087,2458646.7649704,4.870404166830066,0.08541309510769235,14.681153116503932,0.019062138908618857,17.323829462324266,1.50,bs164846,bs,G,g
661428910087,2458646.8507438,5.191700395023364,0.07934461102651046,14.611791567145849,0.01661192593139457,17.403847022874633,1.58,bq165149,bq,G,g
661428910087,2458647.7550914,4.691009773143513,0.13858044556713311,14.72189977791376,0.032110553245291995,16.798385728058317,1.48,bs165163,bs,G,g
661428910087,2458647.7736035,5.348294746102615,0.10980632634453796,14.579527288915713,0.022316403305069607,17.05107220611658,1.47,bq165412,bq,B,g
661428910087,2458648.9037848,4.571807125150657,0.09236466649374678,14.749845871916413,0.021959888918176833,17.23887594533757,1.39,bC045786,bC,G,g
661428910087,2458648.9465527,6.389700782109129,0.13485841008620164,14.386364318717792,0.02294085957279861,16.827945523306774,2.03,bA045817,bA,B,g
661428910087,2458649.9127744,5.86567955783329,0.1290739172547216,14.479269787836781,0.023918411287755507,16.875544384877365,1.52,bq165596,bq,B,g
661428910087,2458649.9222942,4.4261895676345135,0.09172058652902107,14.78499059671433,0.022524179812465267,17.246473553277838,1.50,bs165369,bs,G,g
661428910087,2458650.7662657,4.615576101606923,0.17806342432698274,14.73950083226104,0.041933486978588036,16.52620380891358,1.47,bq165773,bq,G,g
661428910087,2458651.0075732,4.066836896476622,0.09536338150389503,14.876923734656923,0.025488076384513867,17.204186505492554,1.41,bC046601,bC,G,g
661428910087,2458651.769126,4.427256448843336,0.19867884564169574,14.784728924240572,0.04877857641570857,16.4072615414302,1.48,bq166096,bq,G,g
661428910087,2458652.7892898,5.020151006894736,0.16520489647548572,14.648273669820702,0.03576994783635846,16.607583323582208,1.67,bq166427,bq,B,g
661428910087,2458652.9334056,5.213871189407351,0.102720744700001,14.607164878379738,0.0214146033366539,17.123495213282673,1.52,bC047208,bC,G,g
661428910087,2458653.7589242,4.763013302595056,0.15604379102671118,14.705361136152026,0.035610401558393866,16.66952437945922,1.44,bs166471,bs,B,g
661428910087,2458653.7625876,5.9849271009026985,0.18802344241830235,14.45741846009972,0.0341480027293215,16.467110612242877,1.50,bq166708,bq,B,g
661428910087,2458654.7599437,4.966357894033321,0.22328839703450964,14.659970589268507,0.04886977228864774,16.280475221529038,1.48,bq167033,bq,B,g
661428910087,2458656.0140326,4.890654076044874,0.20510971589158516,14.676648258409282,0.04558599727027045,16.372675028803055,1.54,bC048370,bC,B,g
661428910087,2458659.8665972,4.725737929437509,0.0448203536676741,14.71389153796803,0.010309030346829125,18.02395241360225,1.94,bC049216,bC,G,g
661428910087,2458659.8899182,6.549759606320719,0.03718016049176181,14.35950222099143,0.006170183389147299,18.22686246115694,2.34,bA049232,bA,G,g
661428910087,2458662.0623848,6.545387935764064,0.055240765136223474,14.360227143129148,0.009173529593654027,17.796991398110418,2.05,bA049632,bA,G,g
661428910087,2458662.0935117,4.85171994502515,0.04633383473768274,14.685326311746659,0.010380414454249018,17.987894998183588,1.36,bC049658,bC,G,g
661428910087,2458663.0587764,6.408742398220109,0.074295299772767,14.383133584014814,0.01260087480579669,17.475237263020546,1.99,bA049916,bA,B,g
661428910087,2458663.0783565,4.291240683259354,0.07948445750276173,14.818608438444114,0.020133140002276118,17.401935075357507,1.41,bC049933,bC,B,g
661428910087,2458666.9872174,4.882971285834067,0.043085443026412526,14.678355196192282,0.009590882384551927,18.066814204089596,1.42,bC050129,bC,G,g
661428910087,2458667.9063767,6.5410039182745,0.046914862934404875,14.360954599060756,0.007796114613320851,17.974364481849932,1.99,bA050361,bA,G,g
661428910087,2458668.8500577,4.3812271769862505,0.04038296628095441,14.796076189888277,0.010018774830217517,18.13714507058088,1.42,bC050628,bC,G,g
661428910087,2458669.8813106,6.115085831073452,0.0499629080993478,14.434059229399313,0.008880907039387488,17.906021339891947,2.02,bA050958,bA,G,g
661428910087,2458670.0259331,4.853201525238049,0.03903864609490602,14.684994808746904,0.008743364715447826,18.173903742881482,1.34,bC051071,bC,G,g
661428910087,2458670.998756,6.381197214659547,0.04272067131820043,14.387810204890624,0.007276927940060418,18.076045439856564,2.02,bA051415,bA,G,g
661428910087,2458672.9158546,4.10194080265099,0.052967405994634266,14.867592150940714,0.014035616347330937,17.84261885022844,1.56,bC052043,bC,G,g
661428910087,2458675.1040463,7.30060374875617,0.08337788844688583,14.241668679545818,0.012413786959964907,17.350013380493042,2.03,bA052430,bA,G,g
661428910087,2458677.8536395,6.924446102743639,0.23835365385152427,14.299103024201987,0.03741527548775511,16.209586076821957,2.17,bA052929,bA,G,g
661428910087,2458678.1036417,4.809024256735677,0.060412199811448644,14.694923203126573,0.013654627440418584,17.699828986090576,1.98,bC053121,bC,G,g
661428910087,2458678.8190922,4.317072202506579,0.08867808972425086,14.812092341683973,0.022327453292343986,17.283099788674818,1.50,bC053273,bC,G,g
661428910087,2458678.8430217,6.62882578024436,0.14312979024256547,14.34647410983902,0.02346959538791428,16.763315524396468,2.34,bA053289,bA,G,g
661428910087,2458679.7406764,5.103202512287285,0.10517301301289195,14.630458614922263,0.02240132390005411,17.09787982185861,1.45,bs171439,bs,G,g
661428910087,2458679.755549,5.33407439840835,0.10085539783026232,14.582417950200139,0.020551912897373462,17.143392744381988,1.52,bq171685,bq,B,g
661428910087,2458682.0820116,7.402469120497631,0.18045678460096973,14.226624111283044,0.026497736866062254,16.511707574459013,2.10,bA054400,bA,G,g
661428910087,2458682.952705,5.543732485857835,0.2937505769618168,14.540559959470038,0.05759551100414825,15.982693790722811,1.58,bq172677,bq,B,g
661428910087,2458682.957689,4.675175448628757,0.1856072804489258,14.725570838302831,0.04315282841960438,16.481153092877566,1.48,bs172447,bs,G,g
661428910087,2458683.904539,4.74687394816863,0.10065277911829015,14.709046374006787,0.023047840723894254,17.145576184764625,1.47,bs172746,bs,G,g
661428910087,2458684.0477158,7.2474686057232365,0.12660420153640384,14.249599765350446,0.01898776938901093,16.896520314975856,2.12,bA055100,bA,G,g
661428910087,2458684.8382282,5.163919276195162,0.07270592902297854,14.617617010690259,0.01530391539715504,17.498716041070065,1.51,bs173032,bs,G,g
661428910087,2458684.8550801,5.4600995078482555,0.08178373416568156,14.557064228287967,0.016280905338041954,17.37097327110652,1.50,bq173279,bq,G,g
661428910087,2458685.8314937,5.58446729446251,0.10560533381922786,14.532611242712882,0.020554942892954262,17.093425977175006,1.46,bq173594,bq,G,g
661428910087,2458685.8427281,5.573626449786567,0.08122283949493578,14.534720976064854,0.015839901704674128,17.378445191298265,1.49,bs173369,bs,G,g
661428910087,2458688.8912032,5.4716951036416,0.06206032211677131,14.55476089871808,0.012328331639158936,17.67060554792167,1.43,bq174173,bq,G,g
661428910087,2458688.8948661,5.104388022348592,0.06688346685881852,14.630206420009843,0.014242534106030968,17.589343670511617,1.41,bs173942,bs,B,g
661428910087,2458689.7990497,4.787730130836761,0.06932810138146037,14.699741465728014,0.015739532069907986,17.55036734449659,1.53,bq174439,bq,B,g
661428910087,2458689.8111631,4.227763547420276,0.06482674293865232,14.834788897620324,0.016666932819190027,17.623255106228097,1.41,bs174214,bs,B,g
661428910087,2458690.9025607,4.669411263401533,0.03679314427387889,14.72691030586384,0.008564794546421678,18.2382233528969,1.40,bC056556,bC,G,g
661428910087,2458691.8101968,4.862269765320124,0.06847844396632807,14.682967996225864,0.01530830144362575,17.56375590314105,1.51,bq175038,bq,G,g
661428910087,2458691.8214424,4.636190913006479,0.0537561554646077,14.734662343765322,0.01260314876204846,17.82657010828695,1.50,bs174813,bs,G,g
661428910087,2458691.8452549,5.815031570539928,0.047435284112463276,14.488685430006248,0.008866691573576984,17.96238684614076,2.02,bA056887,bA,G,g
661428910087,2458692.745387,5.152234698063312,0.043060055441222496,14.620076527089843,0.009084292706207416,18.06745414980192,1.36,bs175094,bs,G,g
661428910087,2458693.6918374,4.803130621365903,0.04975676997948657,14.696254628635554,0.011260040563813896,17.910510161818078,1.40,bs175275,bs,G,g
661428910087,2458694.8195776,4.99026629231932,0.04525323864916359,14.654756319246232,0.009856849313879893,18.013516446670415,1.39,bs175547,bs,G,g
661428910087,2458697.7525511,4.851105897164333,0.03761867812365444,14.685463734391499,0.008428978544791844,18.214131784236216,1.45,bs176150,bs,G,g
661428910087,2458697.7726868,5.08299891110033,0.05784521997921782,14.634765580616051,0.012369713275078135,17.7469719189712,1.63,bq176400,bq,G,g
661428910087,2458698.7705711,4.903897072256974,0.059897564418963795,14.673712256750594,0.013276389639132028,17.709117703253106,1.45,bq176744,bq,G,g
661428910087,2458698.8023228,4.7254406008835925,0.045557667919722454,14.71395985122119,0.010479277689218752,18.00623689993935,1.46,bs176535,bs,G,g
661428910087,2458700.814667,4.342909813629774,0.06890751358203212,14.805613595416844,0.01724637961620876,17.556974163011763,1.42,bs176985,bs,G,g
661428910087,2458701.9194785,5.323927514707954,0.05013271257046365,14.584485287477296,0.010235315700748778,17.90233760152971,1.60,bs177418,bs,G,g
661428910087,2458703.8439682,7.063407145618718,0.053203521156365896,14.277530021350858,0.008187254834413502,17.837789671297866,2.16,bA059430,bA,G,g
661428910087,2458704.8312998,4.214241587829953,0.06435272277173575,14.838267050833146,0.016598149453607186,17.631223294734937,1.45,bC059733,bC,G,g
661428910087,2458704.9333156,7.0737955119797755,0.06624209566935732,14.2759343694005,0.010178733295235408,17.59980545254206,2.03,bA060017,bA,G,g
661428910087,2458705.7545288,5.423467124998739,0.21112658077149818,14.56437309235142,0.04231341475719125,16.34128332571366,1.54,bq178513,bq,G,g
661428910087,2458705.8987945,3.92493315304601,0.11970761511692099,14.915484960986996,0.03315138573817379,16.957336164873464,1.40,bC060245,bC,B,g
661428910087,2458705.9181749,5.848788346845909,0.17064715106856096,14.482400858265297,0.03171358284322299,16.57239300597544,2.02,bA060258,bA,B,g
661428910087,2458706.8108331,5.322535884362203,0.07274007587593623,14.584769126983804,0.014854817625080686,17.498206237102035,1.46,bs178527,bs,G,g
661428910087,2458706.8144967,5.4097083777405714,0.07337726973446013,14.567130986942647,0.014743475306998816,17.488736740865846,1.48,bq178764,bq,G,g
661428910087,2458707.0118477,6.116041678128365,0.1377506860516435,14.433889531592623,0.024481358116528323,16.80490618523333,2.08,bA060671,bA,B,g
661428910087,2458707.7478045,4.778589965774059,0.05382271153591951,14.701816205240302,0.01224272175279116,17.825226678159748,1.47,bs178714,bs,G,g
661428910087,2458708.7688033,5.329782815308988,0.09261681158362922,14.583291841758301,0.018888283230669274,17.23591604659167,1.45,bs179070,bs,G,g
661428910087,2458709.9137925,6.033141030800037,0.15523677339600922,14.4487069285079,0.027968121811691882,16.675154093118277,2.32,bA061732,bA,B,g
661428910087,2458710.8909421,4.048277271433477,0.29375946684190735,14.881889996763098,0.07887398685845375,15.98266093319204,1.45,bs179530,bs,G,g
661428910087,2458713.9323115,4.941716904461508,0.07443702893186778,14.665370966274187,0.016372814473312014,17.47316803533854,1.42,bC063028,bC,G,g
661428910087,2458713.9857388,6.2271105529524675,0.09173813740571515,14.414349182199455,0.016013103653357237,17.246265815843483,2.10,bA063062,bA,B,g
661428910087,2458714.8376099,4.489395288833653,0.07132953461740768,14.76959600608196,0.017270054841874084,17.51946713514735,1.45,bC062908,bC,G,g
661428910087,2458714.9852122,7.1504389937165955,0.15506734901357003,14.264233858095567,0.023572184374583353,16.67633970549644,2.12,bA063197,bA,B,g
661428910087,2458715.9650618,6.525479719486197,0.07637783035027473,14.36353451161754,0.01272234140389801,17.445222318201733,2.04,bA062545,bA,G,g
661428910087,2458715.9767115,5.206180616001265,0.06364972124372191,14.608767545171498,0.013288912681996046,17.643149346478936,1.47,bC062556,bC,G,g
661428910087,2458716.9576092,6.583797468937241,0.0771923061663094,14.353874465722123,0.012744116296320036,17.4337055716142,2.03,bA063689,bA,G,g
661428910087,2458716.968378,5.051837635137839,0.053285587187018,14.641442162317087,0.011464960018662188,17.83611622169001,1.48,bC063699,bC,G,g
661428910087,2458717.9781747,6.306622804646638,0.052044064447324435,14.40057348009276,0.008969877701763157,17.861712596459054,2.02,bA063986,bA,G,g
661428910087,2458717.9858751,4.775136538209289,0.03767248729814479,14.702601136962876,0.008575326680440632,18.212579873636564,1.44,bC063994,bC,G,g
661428910087,2458718.9864884,4.707760682681293,0.045596134019228386,14.718029678459846,0.010527513732933503,18.00532055770282,1.45,bC064344,bC,G,g
661428910087,2458718.9980994,7.074046971828925,0.0566528239621758,14.275895774248964,0.008704940287483727,17.769586704115635,2.06,bA064351,bA,G,g
661428910087,2458719.877975,6.007484301808981,0.062332098931429866,14.453334010732064,0.01127797894150214,17.665861233206645,2.22,bA064651,bA,G,g
661428910087,2458720.6837627,5.159415754471067,0.04607406160794614,14.618564308609086,0.00970662263539599,17.993999364717173,1.52,bq181857,bq,G,g
661428910087,2458721.7691157,5.112328330864206,0.042796779767827677,14.628518777548202,0.009099227566671163,18.07411288176425,1.44,bs182033,bs,G,g
661428910087,2458722.7659922,5.411439089644845,0.07485897554911254,14.566783686141846,0.015036379479817489,17.467030912778693,1.49,bq182641,bq,G,g
661428910087,2458722.7725531,4.581970254078507,0.04751213487865177,14.747434958670988,0.011271051972048637,17.960629248549964,1.34,bs182412,bs,G,g
661428910087,2458722.7796695,4.721161003890875,0.03496305648957913,14.71494359413934,0.008049571332128217,18.29361713173258,2.13,bC065713,bC,G,g
661428910087,2458722.9595403,6.34789579817664,0.07879449928367213,14.393491149479235,0.01349206061292902,17.411400861313872,2.19,bA065789,bA,G,g
661428910087,2458723.7726573,6.166073198215524,0.04095863441981667,14.425043932321092,0.007220195637157344,18.121776939876302,2.00,bA065970,bA,G,g
661428910087,2458723.8587681,4.8753311830291945,0.031977316731028035,14.680055315233421,0.007129352173960937,18.390535564995986,1.41,bC066039,bC,G,g
661428910087,2458724.9037416,4.815433413005543,0.05015319816607389,14.693477167563522,0.011320755819290622,17.901894030683593,1.38,bC066492,bC,G,g
661428910087,2458725.7657463,4.462777345549117,0.061929964480613164,14.776052572787641,0.015083696445311334,17.672888534132536,1.47,bs183334,bs,B,g
661428910087,2458726.7219683,5.249993520206337,0.07898638578577241,14.599668703834181,0.01635330916657474,17.408760006242527,1.46,bq183898,bq,B,g
661428910087,2458728.6877181,5.300238615066722,0.06968192560124804,14.589327067679285,0.014290153515789206,17.544840252624233,1.44,bs184421,bs,B,g
661428910087,2458729.6342768,4.681373415838573,0.1057985273272233,14.724132410848998,0.024565098541305175,17.09144155509861,1.47,bq184992,bq,G,g
661428910087,2458730.9451833,4.470704342851089,0.04303297036140248,14.774125747273283,0.010462550013831482,18.068137300439627,1.49,bC068215,bC,G,g
661428910087,2458730.9674164,6.583263143828785,0.03605658347447491,14.35396258502722,0.005953269329048583,18.26017917905346,2.06,bA068227,bA,G,g
661428910087,2458732.7589255,6.095052978680267,0.06293492988689386,14.437621910050657,0.011223451662362114,17.6554112296813,2.25,bA068470,bA,G,g
661428910087,2458736.8832378,6.909231457886726,0.07463485433843216,14.30149126801523,0.011741514547121846,17.470286387538838,2.09,bA069603,bA,G,g
661428910087,2458736.9094164,4.9484186303964375,0.07572243923525342,14.663899538997999,0.016632990317991703,17.45457912299659,1.42,bC069628,bC,B,g
661428910087,2458737.9092718,6.35564932597431,0.10535760030038728,14.392165804969874,0.018018478504355638,17.09597593577599,2.03,bA069984,bA,G,g
661428910087,2458737.9365633,5.183617299275081,0.08692300073792555,14.613483295868683,0.018226947918095048,17.304803835112384,1.39,bC070010,bC,G,g
661428910087,2458740.84432,4.772976291088185,0.07929099653710915,14.703092429554944,0.018057048798278477,17.40458092108769,1.44,bC071033,bC,B,g
661428910087,2458744.77052,6.670533485213207,0.040921569075513975,14.339664200752038,0.006668127292221596,18.122759917135326,2.06,bA071889,bA,G,g
661428910087,2458751.8985253,4.722915928091033,0.06414453008473057,14.714540085193708,0.014762556939621618,17.634741541710902,1.43,bC073965,bC,G,g
661428910087,2458752.7660921,4.888141696261442,0.04117486906286689,14.677206155683036,0.00915589097874715,18.11606004450102,1.40,bC074275,bC,G,g
661428910087,2458753.7094682,5.575911209470517,0.058709340493425084,14.534275998628377,0.011444676598856993,17.730872606958382,1.51,bs187624,bs,G,g
661428910087,2458754.7661146,5.390409436426687,0.05094700839043538,14.571011237503004,0.010273279550688748,17.884843893170512,1.55,bq188305,bq,G,g
661428910087,2458754.7809933,4.907315355508468,0.04139221745711901,14.672955703151993,0.009168259517651893,18.110343878999444,1.47,bs188083,bs,G,g
661428910087,2458755.7749295,6.894948279735308,0.044041471608433615,14.303738090277324,0.006942933122859249,18.04298605613202,2.08,bA075165,bA,G,g
661428910087,2458755.8169005,5.002928928322636,0.04413596582457405,14.652004788947652,0.009589157987970987,18.040659024776502,1.41,bC075202,bC,G,g
661428910087,2458756.6983031,4.642272186090672,0.08071677957473496,14.733239121140311,0.01889928605121741,17.38523104603675,1.48,bs188742,bs,B,g
661428910087,2458757.7560329,4.99927697451221,0.053280494717166005,14.652797625784807,0.011584391404911432,17.836219989770722,1.47,bs188984,bs,G,g
661428910087,2458761.7221105,5.1394898104844176,0.05453233886519623,14.622765598864355,0.011533106117711408,17.811005299534607,1.47,bq189917,bq,G,g
661428910087,2458762.7324167,5.216377027682383,0.06569914058209488,14.606643188131493,0.013689982328614795,17.608741390088205,1.46,bq190224,bq,G,g
661428910087,2458762.7834904,3.8876990164695284,0.06932556841215763,14.925834035495827,0.019382642120607592,17.550407013644644,1.45,bC076753,bC,G,g
661428910087,2458764.7158422,5.374710262988886,0.0830978190065678,14.57417797852321,0.016805318220308597,17.353666547945885,1.43,bq190762,bq,G,g
661428910087,2458764.7451236,4.713724509582322,0.12881124724652374,14.716655130070059,0.02970309889416234,16.877756147907473,1.51,bs190551,bs,G,g
661428910087,2458764.7740621,4.8683162153421,0.05409100344628449,14.681618673470357,0.01207698234105386,17.819828016075977,1.40,bC077460,bC,G,g
661428910087,2458766.7018448,5.0542960278225895,0.07592624393468864,14.640913935383818,0.01632839183966823,17.45166082170348,1.43,bs191238,bs,B,g
661428910087,2458766.7559988,4.94866521935703,0.12243527396089292,14.663845436079132,0.026892467690510034,16.93287421807043,1.49,bq191515,bq,G,g
661428910087,2458767.7854102,5.329740431743148,0.11336497414843125,14.583300475797714,0.023119849749816793,17.016443378130585,1.51,bs191717,bs,G,g
661428910087,2458769.7419644,4.641229945658143,0.1275414594730533,14.733482908056146,0.02986967308009639,16.888512155526282,1.50,bs192220,bs,B,g
661428910087,2458771.8522537,6.345060820016185,0.13975376520903854,14.393976148927713,0.02394086847085197,16.789231818033855,2.13,bA079681,bA,G,g
661428910087,2458772.7891851,5.11297209285702,0.12715905713858838,14.628382066512867,0.027032489899187967,16.8917723638431,1.67,bq193402,bq,G,g
661428910087,2458772.8315411,4.631398244675289,0.08467484170288513,14.735785305497851,0.019872588482753622,17.333254627900374,1.43,bC080043,bC,G,g
661428910087,2458773.6773392,5.461282330209826,0.08685986051585677,14.556829050526432,0.01728767826977264,17.305592792407694,2.05,bs193480,bs,G,g
661428910087,2458773.8104993,4.884488140005616,0.061052320844786366,14.678017973700161,0.013586115148080613,17.688385166746233,1.47,bC080314,bC,B,g
661428910087,2458774.8402187,4.45551417087794,0.07933628478211421,14.777821049054861,0.019354689233875715,17.40396096355984,1.45,bC080476,bC,B,g
661428910087,2458775.6846361,5.636045373568617,0.06391622998774046,14.522629420321673,0.012326757225193025,17.638612734468293,1.53,bq194288,bq,G,g
661428910087,2458775.8262279,4.650116929270859,0.041449503061655554,14.731405938391413,0.009688747263991278,18.10884229104639,1.58,bC080859,bC,G,g
661428910087,2458777.7059428,4.9921082928513325,0.03722502130521825,14.654355627672812,0.00810518869102386,18.2255532239756,1.50,bs194489,bs,G,g
661428910087,2458777.8328871,6.607938712637073,0.048605075234072245,14.34990060644957,0.007995171537269308,17.935936562202503,2.23,bA081323,bA,G,g
661428910087,2458778.7049074,4.932243677985171,0.04361753322354777,14.667454310243649,0.009612331688136634,18.053487860083212,1.49,bs194918,bs,G,g
661428910087,2458778.8364233,6.049292895319775,0.06649414330688345,14.44580409044779,0.011947882831197031,17.59568212380526,2.02,bA081704,bA,G,g
661428910087,2458779.6318904,4.890328993261759,0.043110333958382076,14.67672042991695,0.009581984916552858,18.0661871435141,1.50,bq195526,bq,G,g
661428910087,2458780.6352224,4.237364632904925,0.0646346990184908,14.83232602869182,0.01657990607729006,17.626476284469465,1.39,bs195723,bs,G,g
661428910087,2458782.6990282,4.5708211030463115,0.061033275310709977,14.750080062758437,0.014513916678528973,17.688723919665573,1.52,bq196481,bq,U,g
661428910087,2458783.6910323,4.89059018553678,0.03985812598327164,14.676662442338426,0.008858654750901368,18.15134842258676,1.52,bs196678,bs,G,g
661428910087,2458784.6434557,5.423760399402839,0.03894299372147903,14.564314382669556,0.007804426797000129,18.176567274893106,1.48,bq197317,bq,G,g
661428910087,2458786.7140421,5.3476678016777175,0.04837278520567845,14.579654569888925,0.00983215792452604,17.941137876709245,1.48,bs197992,bs,G,g
661428910087,2458788.7105325,5.171309630493503,0.03956416384956077,14.616064267801303,0.00831598357016802,18.15938563202828,1.51,bs198593,bs,G,g
661428910087,2458789.7288643,4.995387284488034,0.03889354009268784,14.653642712200579,0.008462924824376678,18.177946925291934,1.55,bC084261,bC,G,g
661428910087,2458791.7925998,6.632333637480498,0.05150031581882037,14.345899709430842,0.008440257564026431,17.873115880686274,2.06,bA085166,bA,G,g
661428910087,2458793.6283524,4.898264440244246,0.1901372125564445,14.674960053610423,0.04219267573949545,16.45497280446625,1.50,bq200952,bq,B,g
661428910087,2458798.7805504,5.630437428837074,0.1997709026828965,14.52371028100179,0.038565793203342046,16.40131003140332,2.08,bA087617,bA,B,g
661428910087,2458800.7356804,6.588488384742642,0.18654026672899918,14.35310116070957,0.030775065181504874,16.47570912790847,2.04,bA088359,bA,G,g
661428910087,2458801.7707775,6.828867499311712,0.12105211741263172,14.314193906848802,0.019267966248466953,16.945209635412112,2.09,bA088824,bA,G,g
661428910087,2458802.693453,4.952231482150292,0.08285218979711095,14.663063280499793,0.018185080476334024,17.356880632986687,1.48,bs203046,bs,G,g
661428910087,2458802.7669347,6.196904680103894,0.07077053388569138,14.419628582417666,0.012413373663950353,17.528009431714924,2.03,bA089259,bA,G,g
661428910087,2458803.7125361,4.932262230086442,0.24866761921182917,14.667450226371997,0.05480059206886559,16.163592520535047,1.49,bq203742,bq,B,g
661428910087,2458805.6660733,4.549746665821643,0.04433846535248347,14.755097583770622,0.010592674190153615,18.0356889684587,1.43,bs204362,bs,G,g
661428910087,2458805.6995777,4.94662274546827,0.05323467580091256,14.66429364696247,0.01169763311695453,17.837154077545556,1.47,bq204625,bq,G,g
661428910087,2458806.6346803,5.233102111455227,0.06225134320345438,14.603167599684507,0.012930094242552322,17.667268794731392,1.53,bq205020,bq,G,g
661428910087,2458807.7151432,4.30704167891898,0.05057002384065141,14.814617936237152,0.012762220873584761,17.892907715502957,1.39,bC090279,bC,G,g
661428910087,2458808.7188759,4.350274463144878,0.040696182859593075,14.803773977557091,0.010168319664397631,18.12875642134957,1.48,bC090608,bC,G,g
661428910087,2458808.7513612,5.786992519867739,0.04538078309418231,14.493933319769884,0.008523760481200293,18.0104606468632,2.05,bA090628,bA,G,g
661428910087,2458809.5668533,5.475740808086009,0.050016399858756444,14.553958415282793,0.009928456062073985,17.904859540584187,1.51,bq205922,bq,G,g
661428910087,2458811.6802616,5.429179179977225,0.04787670739834003,14.563230184844421,0.009585224141790083,17.95232992335008,1.59,bq206647,bq,B,g
661428910087,2458812.6564087,5.204972955537438,0.05494177403357976,14.609019429016165,0.011473511987835262,17.80288391546019,1.50,bq207086,bq,G,g
661428910087,2458812.7070374,4.948381961476959,0.03762026440123509,14.663907584582649,0.00826362881014704,18.214086002651772,1.43,bC091469,bC,G,g
661428910087,2458814.5903258,4.941472139456775,0.03476381379345915,14.665424744508353,0.007646861715885162,18.299822073862114,1.43,bs207483,bs,G,g
661428910087,2458817.691747,4.48393318658882,0.05792680214360132,14.770917790503423,0.014042117211246824,17.745441726743906,1.44,bC093351,bC,G,g
661428910087,2458819.5363327,5.024173841782878,0.08211723444767265,14.647403977176713,0.01776567975968063,17.366554824611157,1.47,bq208737,bq,G,g
661428910087,2458825.7355003,4.951272651295887,0.07805769665879332,14.663273516667132,0.017136063479154945,17.421601281714736,1.40,bC095233,bC,G,g
661428910087,2458826.7473341,6.921945208107605,0.0879802231065828,14.299495229191603,0.013815578484752039,17.29167796404856,2.08,bA095684,bA,G,g
661428910087,2458838.599106,4.857154053970139,0.0633953655054368,14.684110926844376,0.014186909704427932,17.647496836177268,1.43,bs215595,bs,G,g
661428910087,2458844.5643132,5.227831892729777,0.04352510088001405,14.604261587613127,0.009049620039748713,18.055791145507953,2.04,bs218077,bs,G,g
661428910087,2458846.5688201,4.654716703754078,0.0497079697086397,14.73033248725968,0.011607667081788453,17.91157554891461,1.47,bs218855,bs,G,g
661428910087,2458847.5667712,4.693162990050581,0.0481606874532088,14.721401529287544,0.011154220177241493,17.94590891773822,1.46,bs219132,bs,G,g
661428910087,2458853.550918,4.868172463464805,0.09612499253444574,14.681650733615005,0.021462610111203265,17.19554981374224,2.49,bs221102,bs,B,g
661428910087,2458854.5465167,4.906158789250155,0.09872676662408802,14.67321162187092,0.021872855621265133,17.16655332700269,2.44,bs221554,bs,B,g
661428910087,2458855.5457616,4.832459315721907,0.3260769763421648,14.68964510626115,0.07334391722057253,15.86934027343181,1.45,bs222009,bs,B,g
661428910087,2458930.1435254,6.174086922849289,0.07251643189973563,14.423633773602306,0.01276661789372628,17.501549544159655,2.03,bA116017,bA,G,g
661428910087,2458931.1334563,4.865729123417314,0.08376671677298124,14.68219580236922,0.018712669117330456,17.344961877310354,1.46,bC116424,bC,B,g
661428910087,2458932.9724544,4.903404296678472,0.06154429893796388,14.673821364091488,0.013642761856654832,17.679671039129133,1.46,bs240123,bs,B,g
661428910087,2458939.1155866,6.601468167208077,0.04547192092750401,14.3509642887273,0.00748712252430053,18.008282358841566,2.16,bA118294,bA,G,g
661428910087,2458956.0769163,4.652611408113126,0.049285551814956266,14.730823669199463,0.011514233034669977,17.92084155293877,2.18,bC121267,bC,G,g
661428910087,2458957.0693625,5.677255349039472,0.06973888645708383,14.514719551865415,0.013352074689784216,17.54395308999818,2.08,bA121636,bA,G,g
661428910087,2458958.9355827,5.40255625546992,0.045164427950927385,14.568567377835052,0.009086766928557886,18.0156493267829,1.53,bq242277,bq,G,g
661428910087,2458959.053056,4.55473825784762,0.05684806513916691,14.753907060029757,0.013566394302637362,17.76585139199111,1.45,bC122368,bC,G,g
661428910087,2458961.0604659,6.329323956221286,0.05134086988128851,14.396672310020076,0.008816943758167712,17.87648255454582,2.01,bA123123,bA,G,g
661428910087,2458962.0399536,4.892688799257148,0.04179416003747606,14.676196639219759,0.00928496307188818,18.09985160800271,1.38,bC123431,bC,G,g
661428910087,2458966.0723928,6.420843977963953,0.048673457806546,14.381085329803936,0.008239716239795008,17.934410111409754,2.06,bA124884,bA,G,g
661428910087,2458968.8870048,5.620228388249788,0.06074848965481943,14.52568071158856,0.011748804933649853,17.69380189929436,1.44,bs245111,bs,G,g
661428910087,2458969.0451786,6.303693363053953,0.04575489897386426,14.401077924360742,0.00788959471484545,18.0015466095119,2.02,bA125974,bA,G,g
661428910087,2458972.0609909,4.615054551397126,0.04238739936844513,14.739623525057938,0.00998325364737989,18.084548682110615,1.40,bC127060,bC,G,g
661428910087,2458973.0794792,6.0045688377322834,0.0477824657312367,14.453861052184031,0.008649657311774481,17.9544692189289,2.07,bA127432,bA,G,g
661428910087,2458974.869392,5.133280306251202,0.10713138125558934,14.624078172650021,0.022684744761917078,17.077848850565594,1.42,bs245785,bs,B,g
661428910087,2458974.8880073,4.460413850361229,0.13014363950447655,14.77662773301876,0.03171465304969422,16.8665832420964,1.47,bq246076,bq,B,g
661428910087,2458977.8979056,4.8726282271765795,0.38306091358051514,14.680657430400455,0.08545091864744095,15.694471011191556,1.50,bq247038,bq,B,g
661428910087,2458978.877309,5.587893196986035,0.14362154147738423,14.531945380467711,0.02793725034960792,16.759591652290492,1.52,bq247293,bq,B,g
661428910087,2458978.8809946,4.636698417776722,0.11827342805201868,14.734543499188613,0.02772620998525684,16.970422649842977,1.39,bs247020,bs,B,g
661428910087,2458979.8764847,5.131103611341257,0.13324726753104843,14.624538661370014,0.02822667352237164,16.840994831892754,1.66,bq247614,bq,B,g
661428910087,2458982.003151,4.345138848378954,0.08027691294503711,14.80505647519892,0.020081639992527687,17.391163953171425,1.44,bC128458,bC,G,g
661428910087,2458983.8536688,4.438578525493995,0.05332826726226197,14.781955853176019,0.013059475586795368,17.835246929314657,1.50,bs248143,bs,G,g
661428910087,2458984.0006725,6.1180085143067595,0.05297867126461382,14.43354042966276,0.009412460298066543,17.842387957082877,2.00,bA129164,bA,G,g
661428910087,2458984.8741657,4.7968030843919,0.050005958488400504,14.697685896222408,0.011331360022187308,17.90508622137939,1.52,bs248313,bs,G,g
661428910087,2458985.8565497,4.992995567108535,0.0354637831537429,14.654162671084553,0.007720333388324281,18.278177954518185,1.53,bs248608,bs,G,g
661428910087,2458985.8602239,4.83527444032657,0.04865414699677819,14.689012800310717,0.010937319699320021,17.9348409541419,1.53,bq248888,bq,G,g
661428910087,2458986.8668316,5.039875667377138,0.038090425625037845,14.644016065711112,0.008215011496603253,18.200601047630947,1.51,bs248943,bs,G,g
661428910087,2458986.8820443,4.95387481424808,0.04729685841457063,14.662703053157589,0.010377660041716856,17.965559874741846,1.64,bq249232,bq,G,g
661428910087,2458987.8914132,4.85786317714348,0.03799277130921925,14.68395242569384,0.008500957941302565,18.203388177739335,1.46,bs249079,bs,G,g
661428910087,2458988.8490238,5.441172084175531,0.05218058823652162,14.560834469148583,0.010423862692529687,17.85886818485961,1.46,bq249636,bq,G,g
661428910087,2458991.8650488,5.386990108774913,0.056793873809282504,14.571700176970534,0.011459547963764083,17.76688688106924,1.47,bq250220,bq,G,g
661428910087,2458994.8137074,4.5327537107712725,0.0522022614824334,14.759160317001964,0.01251812743168159,17.858417317151694,1.44,bs250683,bs,G,g
661428910087,2458994.8324085,4.91044221290714,0.05434535870954876,14.672264110927193,0.012029678695806201,17.814734462231062,1.44,bq250975,bq,G,g
661428910087,2458996.8250252,5.272152751709014,0.04374911142883872,14.595095660491435,0.00901972765725601,18.05021751978756,1.48,bq251455,bq,G,g
661428910087,2458997.999204,5.072879438867748,0.05118077402070842,14.636929269591736,0.010966410059585886,17.879873487557397,1.47,bC133349,bC,B,g
661428910087,2458998.836751,4.939921343972301,0.06479898431588736,14.665765537498798,0.014258056697637233,17.623720114877678,1.45,bq252016,bq,B,g
661428910087,2458999.8630146,5.3441879110640516,0.04307195668142232,14.580361321544162,0.008760422537166319,18.067154107874877,1.42,bq252350,bq,G,g
661428910087,2458999.9128352,4.554483523413223,0.04883731889126936,14.753967784075066,0.011655337427444814,17.930761077206036,1.45,bs252091,bs,G,g
661428910087,2459000.880365,5.36736664188105,0.04956344448574117,14.575662465484813,0.01003719567119999,17.91473690969783,1.44,bq252650,bq,G,g
661428910087,2459001.8041651,5.094694285949807,0.06453977017050247,14.63227030054706,0.01376960425119871,17.628072075129,1.42,bs252629,bs,G,g
661428910087,2459002.8117634,5.619455962494317,0.076592769985293,14.525829941866448,0.014815137160826813,17.44217117116242,1.49,bq253173,bq,B,g
661428910087,2459003.8026474,4.766250704292556,0.09927085723589103,14.704623416142377,0.02263899076773422,17.160586181020374,1.39,bs253201,bs,B,g
661428910087,2459004.7854998,4.790279067747652,0.12565117391412942,14.699163585064976,0.02851135831933027,16.90472423542696,1.95,bs253460,bs,B,g
661428910087,2459004.8406761,5.446868051691338,0.10857718465400078,14.559698485327798,0.02166725498979057,17.06329417031387,1.51,bq253781,bq,B,g
661428910087,2459006.8197306,4.2719676301559835,0.12392445594879596,14.823495739114115,0.03153125380577825,16.919748059070816,1.40,bs254066,bs,G,g
661428910087,2459006.83096,5.248849225069871,0.1378072957580065,14.59990537804555,0.028537786559377575,16.80446008522781,1.51,bq254352,bq,G,g
661428910087,2459007.8451706,4.572931135148185,0.10337840149786534,14.749578969065784,0.02457238571807834,17.116566080072126,1.51,bs254231,bs,B,g
661428910087,2459008.8256223,4.832236865414617,0.07981822611302036,14.689695086591188,0.01795419882004313,17.397385432046907,1.51,bs254447,bs,B,g
661428910087,2459009.8004847,5.540632491377779,0.09189083355237182,14.54116726107662,0.01802706477522716,17.244460133743324,1.48,bq254998,bq,B,g
661428910087,2459010.8044266,5.586048558044607,0.08310116003378686,14.532303855810705,0.016170168756003588,17.353622895761806,1.50,bq255251,bq,G,g
661428910087,2459011.0410808,5.339246427466137,0.05517026123362637,14.581365707935293,0.011231486702965452,17.798378010526726,1.44,bC137436,bC,G,g
661428910087,2459011.810719,5.383573108937989,0.07435159790707052,14.572389084409094,0.01501176869180819,17.474414845243242,1.48,bq255561,bq,G,g
661428910087,2459013.9144276,4.372242096042838,0.062239111094314445,14.798305118968813,0.01547288695940238,17.66748215797874,1.47,bs255702,bs,G,g
661428910087,2459014.7831805,5.451554170920774,0.052584819862741154,14.558764792446969,0.01048460881103744,17.850489635151682,1.50,bq256202,bq,G,g
661428910087,2459014.9334957,4.794862751571493,0.05223995237747716,14.698125171246614,0.011842373780861648,17.857633680543415,1.45,bs256027,bs,G,g
661428910087,2459015.7716684,5.005698121765535,0.06516203714630338,14.6514039845335,0.014149535094417645,17.617653978690445,1.49,bq256500,bq,G,g
661428910087,2459016.933855,4.898375629334101,0.04923262903986124,14.674935408013653,0.010924790433949486,17.922008041763583,1.54,bs256635,bs,G,g
661428910087,2459017.9799102,6.493625103395341,0.04127886189337641,14.368847592580725,0.006909596324172444,18.113321324501868,2.11,bA139750,bA,G,g
661428910087,2459019.7619727,5.129045287647488,0.0532258567509936,14.624974287910607,0.011279719494771882,17.837333959452604,1.56,bs257092,bs,B,g
661428910087,2459020.7627843,5.451628895081863,0.06411815142732806,14.558749910420943,0.012784003496398086,17.635188129345607,1.53,bq257584,bq,G,g
661428910087,2459022.9072974,6.345582075336558,0.04134967363526652,14.393886957894882,0.007082927444012882,18.11146039618644,2.21,bA141177,bA,G,g
661428910087,2459023.8788189,4.693033855997274,0.03770465545857726,14.721431404117414,0.008732798954402274,18.21165316993661,1.48,bC141496,bC,G,g
661428910087,2459025.7663554,5.166842878918636,0.06072156818852799,14.617002484605488,0.01277408779392983,17.694283163757973,1.44,bq258730,bq,G,g
661428910087,2459028.9591216,4.706079667239828,0.03342547226759394,14.718417435055905,0.007720233749204854,18.342446731161274,1.41,bC142711,bC,G,g
661428910087,2459028.98706,6.050723670720146,0.04896056908836501,14.445547323086885,0.008795313217852454,17.92802446857696,2.02,bA142727,bA,G,g
661428910087,2459030.8784063,4.691940984612684,0.04558281337242107,14.721684270013146,0.010559923161194825,18.005637795596567,1.49,bC143255,bC,G,g
661428910087,2459030.8877903,5.068485452119067,0.06207445751537464,14.63787011154863,0.013312110110042,17.670358279361736,1.49,bq259674,bq,B,g
661428910087,2459032.861604,4.783988056510904,0.08410867585408403,14.700590405428064,0.019110096571001083,17.340538621911175,2.42,bq260027,bq,B,g
661428910087,2459033.9989756,5.323249301565886,0.08011467368116056,14.584623607818282,0.01635864903398831,17.39336044123425,1.40,bC144338,bC,G,g
661428910087,2459035.7220015,4.861694104059897,0.15211484115067445,14.68309654797308,0.03400917768642904,16.697211640816473,2.25,bq260310,bq,B,g
661428910087,2459035.8060375,4.88179484783134,0.11743706054512595,14.678616810514818,0.02614796050065557,16.978127680697824,1.55,bs260099,bs,B,g
661428910087,2459038.9280979,4.635217926329731,0.0709179319472907,14.734890228628101,0.01663022318767153,17.52575045503987,1.45,bC145811,bC,G,g
661428910087,2459040.107181,6.561318919883837,0.07652684791966595,14.357587753243513,0.012677535942101739,17.443106047813043,2.04,bA146251,bA,B,g
661428910087,2459040.6837647,5.200734124612765,0.05496267476731734,14.609903992154427,0.011487231679048884,17.802470962502486,1.45,bs261082,bs,G,g
661428910087,2459046.666539,5.1064413853313715,0.04011329090544032,14.629769744305461,0.00853851045531151,18.14441987873659,1.61,bs262744,bs,G,g
661428910087,2459048.832382,6.696532064309585,0.04085461964195249,14.335440740623568,0.006631372005170894,18.124537682553008,1.99,bA148770,bA,G,g
661428910087,2459048.8803994,4.5116117819412445,0.042493030789709306,14.76423631694864,0.010237600036912422,18.08184634147876,1.41,bC148811,bC,G,g
661428910087,2459051.8416576,6.531479420769185,0.040162395127091764,14.362536715225723,0.006683750265405449,18.14309160013723,2.08,bA149726,bA,G,g
661428910087,2459051.8967938,4.604053993946651,0.041231687154939765,14.742214601864612,0.009734258397988855,18.114562846407672,1.43,bC149773,bC,G,g
661428910087,2459053.7677782,5.040646939608565,0.05649030014789241,14.643849923890958,0.012181472119830885,17.772705905782676,1.46,bq263845,bq,B,g
661428910087,2459053.7977147,4.832658461112546,0.044295295685305484,14.68960036405197,0.009962851899205356,18.0367465987287,1.53,bs263592,bs,G,g
661428910087,2459054.9557631,5.370772995877344,0.06065720748592874,14.574973630712904,0.012276025689025338,17.695434580076622,1.48,bq264246,bq,G,g
661428910087,2459056.7820303,5.277037510980968,0.039927136145249446,14.594090169029045,0.00822413350997337,18.149470209793026,1.50,bq264556,bq,G,g
661428910087,2459057.6915233,5.227868628642984,0.05472458873870788,14.604253958184398,0.011378106998161231,17.807184345238372,1.41,bq264737,bq,G,g
661428910087,2459059.9494304,4.97574939004535,0.04612907868127937,14.657919376184882,0.010076934946672849,17.9927036597054,1.46,bq265585,bq,G,g
661428910087,2459060.9089854,4.837055086276373,0.03969812975886845,14.688613038951866,0.008920746254197788,18.15571549406436,1.42,bs265620,bs,G,g
661428910087,2459061.8542519,6.419822390504171,0.07523656673300053,14.381258089450814,0.012738495227634147,17.46156818846924,2.20,bA152268,bA,G,g
661428910087,2459061.908845,5.056094254915249,0.03317391631525918,14.640527718783892,0.00713171133141851,18.350648749518115,1.44,bs265951,bs,G,g
661428910087,2459062.8130138,5.177518602892454,0.1405094253154908,14.61476145229703,0.029498230315805663,16.78337696765057,1.43,bq266453,bq,B,g
661428910087,2459062.9084921,4.887502883151465,0.06381239120103882,14.677348055793445,0.014191560893568954,17.640378064023533,1.45,bs266253,bs,G,g
661428910087,2459066.9873851,4.147686579119704,0.10414822712956177,14.855550793793453,0.027293430336790707,17.10851090759551,1.46,bC153805,bC,G,g
661428910087,2459068.6883724,5.166196239938245,0.06558728005501235,14.617138374801055,0.013799421951454685,17.61059155940407,1.44,bs267833,bs,G,g
661428910087,2459069.027166,6.175861307690038,0.0916448096853211,14.423321786241702,0.016129559685377694,17.247370927254273,2.07,bA154254,bA,B,g
661428910087,2459070.9882678,5.025119275326442,0.054641311203931,14.647199685905974,0.011819168126239541,17.808837830503393,1.47,bC154887,bC,G,g
661428910087,2459072.6593511,4.593162809519864,0.04983986064523763,14.744786022985782,0.011794435298184738,17.908698563083306,1.49,bs268959,bs,G,g
661428910087,2459074.0225229,4.523823525627108,0.053933477754282574,14.761301485396048,0.012958804660038806,17.82299454770503,1.42,bC155975,bC,G,g
661428910087,2459075.7491799,5.560914953899672,0.05820003712573723,14.537199989217974,0.011375989462834165,17.740332457227357,2.21,bA156493,bA,G,g
661428910087,2459077.7705852,4.529192559571118,0.04047317222335751,14.760013659291207,0.009713117277534175,18.134722498838116,1.43,bC156876,bC,G,g
661428910087,2459078.9253109,6.785604629741797,0.04336105246150521,14.321094243707279,0.00694581858717859,18.059891074256292,2.11,bA157376,bA,G,g
661428910087,2459079.9476772,5.177050574897472,0.04544318399180136,14.614859603157893,0.00954110153916315,18.008968729551317,1.45,bC157783,bC,G,g
661428910087,2459080.6719626,5.319835035903196,0.04499288462579083,14.585320208888472,0.009193012385873072,18.019781016564338,1.53,bq271272,bq,G,g
661428910087,2459082.8565545,4.326901389829026,0.04835539923665545,14.809623127953731,0.012147310933669992,17.941528178177947,1.42,bC158543,bC,G,g
661428910087,2459084.7853373,6.772355173377228,0.043495301478628325,14.323216306208817,0.006980954246619707,18.056534747912732,2.05,bA159196,bA,G,g
661428910087,2459084.8649613,4.295865860919236,0.05156001224766992,14.817438842306334,0.013045912835267622,17.87185808183076,1.45,bC159264,bC,G,g
661428910087,2459085.7569599,5.194549784663562,0.0790316009540787,14.611195840003152,0.01653731654168449,17.408138662462783,1.51,bq272940,bq,G,g
661428910087,2459085.8537315,5.560881074686885,0.06228262631013467,14.537206603956784,0.01217406125928595,17.666723317824694,1.53,bs272741,bs,B,g
661428910087,2459086.914947,4.723363366949482,0.04447867545670704,14.714437229761803,0.010235584817436933,18.03226099697707,1.40,bs273160,bs,G,g
661428910087,2459087.7796021,6.134910095920347,0.062370375764855594,14.430545115436322,0.011050510217910484,17.665194710024004,2.09,bA160261,bA,G,g
661428910087,2459089.8204138,6.1134429281341625,0.07204088197347608,14.434350966737133,0.012808708188400107,17.50869305867099,2.09,bA161015,bA,G,g
661428910087,2459090.7815847,5.16148310944216,0.09898951533342742,14.618129346073395,0.020846198077957758,17.163667616715262,1.51,bq274796,bq,G,g
661428910087,2459091.754624,4.553629204510093,0.07902865088253756,14.754171462925772,0.018864229743594328,17.40817919130469,2.26,bC161693,bC,G,g
661428910087,2459091.8210466,4.674909391562518,0.12357826862212087,14.725632627643645,0.028733007160840093,16.92278534571055,1.48,bq275200,bq,G,g
661428910087,2459094.7723196,5.373808536153794,0.14266023661595495,14.574360150130714,0.02885578701572889,16.766883261429346,1.46,bq275641,bq,B,g
661428910087,2459095.9224481,4.40627982208362,0.08071521610825913,14.789885438061972,0.019911111889160133,17.38525207671472,1.47,bC163388,bC,G,g
661428910087,2459096.8308121,6.226946816336602,0.11641456058135162,14.414377731091859,0.02032096460456668,16.98762235342692,2.08,bA163714,bA,B,g
661428910087,2459096.8713414,4.071263877584775,0.13479442629822844,14.875742492429909,0.03598776330014317,16.828460774823167,1.47,bs276176,bs,B,g
661428910087,2459098.9506839,4.24235565792132,0.059965126531968296,14.831047935311599,0.015363984214555907,17.707893725394015,1.47,bC164613,bC,G,g
661428910087,2459100.9696682,6.232053562441122,0.07168410729229452,14.413487679036939,0.012502701901664413,17.514083408476253,2.20,bA165239,bA,G,g
661428910087,2459101.8978476,4.824394394828782,0.049315745428920955,14.691458611756918,0.011111046637449457,17.920176606294557,1.41,bC165489,bC,G,g
661428910087,2459103.7615883,6.274908685258696,0.04163237403348465,14.406047096810624,0.007211671554279094,18.104062669725774,2.02,bA166185,bA,G,g
661428910087,2459103.8565781,4.8944147261769775,0.03836669574969286,14.67581370644334,0.008520514197472545,18.1927546161482,1.42,bC166215,bC,G,g
661428910087,2459105.9234766,4.781853195967539,0.03538863902326674,14.701075024681373,0.008044143223436755,18.280480959302388,1.46,bC167020,bC,G,g
661428910087,2459106.8577619,5.811912018715536,0.04929020726399498,14.48926804407221,0.00921836257516394,17.920739000554253,2.02,bA167407,bA,G,g
661428910087,2459110.8447959,5.284460703356692,0.04562863057786938,14.59256394048063,0.009385316755811434,18.004547024509396,1.42,bC168691,bC,G,g
661428910087,2459110.9055839,6.30174372997216,0.03767590618800315,14.401413777409573,0.006498530200253415,18.212481344329433,2.06,bA168874,bA,G,g
661428910087,2459114.8620185,5.144989638458754,0.045206448691000566,14.621604361107877,0.009550542893623431,18.014639633310143,2.05,bC169993,bC,B,g
661428910087,2459114.8733005,6.816151031743631,0.05094864899805645,14.31621760996083,0.008124668312707391,17.88480893059923,2.07,bA170217,bA,G,g
661428910087,2459119.8586971,6.4245729906223685,0.0966564596302621,14.380454953355295,0.016353050905745993,17.189563402467307,2.06,bA171621,bA,B,g
661428910087,2459120.8545241,4.3538127665757065,0.09454257274968932,14.802891251029083,0.02360314316251479,17.213572070412443,1.46,bC171612,bC,G,g
661428910087,2459122.653094,4.868998350067977,0.088057830078916,14.681466553835186,0.019658054041677305,17.29072066301577,2.24,bs277311,bs,G,g
661428910087,2459126.8488265,4.76854232827474,0.07966508116522594,14.704101517205599,0.018159108919716498,17.399470604073258,1.41,bC173047,bC,G,g
661428910087,2459126.8715456,7.4826003764712965,0.09770558916239143,14.214934243631895,0.014193157726874212,17.177842091783,2.10,bA173450,bA,G,g
661428910087,2459127.6896597,5.503999649059764,0.0934772639093692,14.548369628441161,0.018460343044893864,17.22587563130445,1.42,bq278919,bq,G,g
661428910087,2459128.8256095,5.840248238175958,0.06181981714303588,14.483987354595925,0.011505581728034562,17.674821321120568,2.30,bA174065,bA,G,g
661428910087,2459129.7975674,4.981864067742631,0.09309262402087135,14.656585938646064,0.020311199468584618,17.230352431382375,1.45,bq279788,bq,G,g
661428910087,2459129.8014931,4.730219972857523,0.0384359130361678,14.712862278483772,0.008832182558821358,18.190797606211802,1.47,bC174031,bC,G,g
661428910087,2459131.743625,6.385987017550591,0.03736313166405134,14.386995544028547,0.006359565016844583,18.221532435626752,2.22,bA175174,bA,G,g
661428910087,2459131.7890711,4.375946805880584,0.054487169441395866,14.797385537125185,0.013534255968523418,17.811904993219457,1.97,bC174765,bC,G,g
661428910087,2459133.8183478,4.515626909497771,0.051758003962786965,14.763270491231316,0.012458668771155887,17.86769681268578,1.50,bC175541,bC,G,g
661428910087,2459134.7748023,4.8549420930016085,0.1030506024996132,14.684605486641196,0.023071649941523657,17.120014273228524,1.39,bs281222,bs,B,g
661428910087,2459136.7220649,6.125822371942401,0.04343495959873061,14.432154623314332,0.007707032581218272,18.058042056722773,2.04,bA176712,bA,G,g
661428910087,2459137.8165736,4.6778056851796865,0.031054805374412252,14.724960178859632,0.007216037925645509,18.422318581954823,1.38,bC176657,bC,G,g
661428910087,2459139.7490195,6.6593169126300555,0.033613910330704655,14.341491414330234,0.005486577607654919,18.336343018436807,2.05,bA177816,bA,G,g
661428910087,2459139.7586398,4.652058178116449,0.0486350081169689,14.730952778961415,0.011363602352664216,17.93526812970882,1.57,bs282939,bs,B,g
661428910087,2459143.7563896,6.766281796872446,0.04215341025056107,14.324190419808758,0.00677165473755042,18.090558823406255,2.05,bA179185,bA,G,g
661428910087,2459143.7639078,4.975972230540439,0.041434567985776896,14.657870752237656,0.009051009895345028,18.10923357377594,1.52,bC178607,bC,G,g
661428910087,2459145.6329815,5.080899837806393,0.07537923200887423,14.635214038429412,0.01612587345770364,17.459511340478567,1.53,bq285280,bq,B,g
661428910087,2459146.7745342,5.392432774735455,0.06322835185713149,14.570603773192747,0.01274498399533542,17.650360957900837,1.53,bq285633,bq,B,g
661428910087,2459148.7426848,4.563478551580519,0.07118029952994541,14.751825588081719,0.01695414800769088,17.521741083435558,1.41,bC180256,bC,G,g
661428910087,2459148.8188229,6.866024297370038,0.0680487053865609,14.308302282366283,0.010772753039070802,17.570590943318308,2.03,bA180977,bA,B,g
661428910087,2459152.7366937,4.865427984834067,0.09834351519677063,14.68226300035173,0.021970343728667217,17.170776292240273,1.49,bs287553,bs,B,g
661428910087,2459152.7626931,5.091903142469075,0.10471644865288555,14.632865287367112,0.022353572645025233,17.10260334855106,1.52,bq287852,bq,B,g
661428910087,2459153.6670803,5.234821228222,0.11607842486956772,14.602810985049475,0.024102485155550673,16.990761845705173,1.38,bs286332,bs,B,g
661428910087,2459153.7170714,5.405610758953184,0.16385839695981042,14.567953696513655,0.032948534616960894,16.616468856928474,2.08,bq286651,bq,G,g
661428910087,2459155.6959702,5.382241371997051,0.10288510172217254,14.572657696695126,0.020777892438743367,17.121759383192302,1.45,bs286845,bs,G,g
661428910087,2459155.7071811,5.333401759587423,0.0965978435801355,14.582554872619419,0.019686807932033045,17.190222032766314,1.46,bq287132,bq,G,g
661428910087,2459156.7039462,4.793748283393862,0.16862134602496592,14.6983775578437,0.038233979118425146,16.58535923207198,1.43,bs287279,bs,B,g
661428910087,2459156.7337227,5.459552730892594,0.1138062349659913,14.557172959871025,0.022657978667537427,17.012225471735047,1.52,bq287581,bq,B,g
661428910087,2459157.7029183,4.844190897615308,0.07659227649509873,14.687012499075712,0.017186043285820483,17.442178166625528,1.56,bs288068,bs,G,g
661428910087,2459157.7404364,5.411524586747328,0.08343871286976194,14.566766532374665,0.016759464299841514,17.34922162139406,1.47,bq288376,bq,G,g
661428910087,2459158.706193,4.632170623162758,0.07426618321224317,14.735604252320284,0.017426843429205106,17.475662849837374,1.46,bs288468,bs,G,g
661428910087,2459158.7284399,4.905696399308625,0.09002872666855394,14.673313953894978,0.019947690120009385,17.266687842204725,1.50,bq288764,bq,G,g
661428910087,2459159.7177558,4.452525793111002,0.0628139727309469,14.778549512346423,0.01533423061173146,17.65749995731558,1.45,bs288845,bs,G,g
661428910087,2459159.7364134,5.075437590636341,0.07471576905507199,14.63638189251568,0.016001140985556484,17.469109933849488,1.48,bq289138,bq,G,g
661428910087,2459161.7806965,6.208933331006075,0.042754381788858334,14.417523130797253,0.007484724290121195,18.075189033711382,2.18,bA183842,bA,G,g
661428910087,2459162.6714914,5.217546960488513,0.05662580693617964,14.606399705734741,0.011796691168115239,17.77010460168541,1.48,bs289601,bs,B,g
661428910087,2459164.6218912,5.13923183731105,0.048274546419373725,14.622820098017817,0.010210150996416468,17.943345106685353,2.04,bs290237,bs,B,g
661428910087,2459165.6511451,4.992197835227379,0.04234355794130721,14.654336153229966,0.009219507715251894,18.0856722438045,1.44,bs290688,bs,G,g
661428910087,2459166.7368313,7.272629824092544,0.05204690191351874,14.24583691577814,0.007778853157602448,17.86165340323825,2.10,bA184995,bA,G,g
661428910087,2459168.7124234,5.366883165987916,0.05130391388771519,14.575760269670678,0.010390597683288625,17.87726436654767,1.69,bq292252,bq,B,g
661428910087,2459170.7159471,5.12096200126819,0.05203487418930106,14.62668673908209,0.01104473062755184,17.86190433930393,1.48,bq293106,bq,B,g
661428910087,2459171.5869357,4.966858424048521,0.04264847842394467,14.65986116981319,0.009333272223082875,18.077881757963073,1.42,bs293155,bs,G,g
661428910087,2459172.6887763,5.003445271245665,0.053921955145595654,14.651892737929987,0.011714092516862529,17.8232265344142,1.57,bq293951,bq,B,g
661428910087,2459173.5637605,5.036237576279471,0.04285163392223223,14.644800099652983,0.009248543630731087,18.072722146151165,1.42,bs294003,bs,G,g
661428910087,2459174.5426497,4.73462004674952,0.032388450128246635,14.711852790766617,0.007435620334537633,18.37666519548086,2.10,bs294418,bs,G,g
661428910087,2459174.6354459,5.383680601168253,0.0770279826106457,14.572367406048151,0.015551826762694874,17.436019302221396,1.54,bq294775,bq,G,g
661428910087,2459175.6541389,5.13501998692597,0.07490090821635764,14.623710276453483,0.01585466675441154,17.466422901941144,1.45,bs294937,bs,G,g
661428910087,2459175.6691237,5.6498248406210525,0.06761230044260617,14.519978162880056,0.013007771566206246,17.577576329857568,1.48,bq295233,bq,B,g
661428910087,2459177.6802799,5.080067761299118,0.08918732470566045,14.635391859209232,0.01908296282656121,17.276882769267043,1.47,bs295429,bs,G,g
661428910087,2459178.6431771,5.2975141562565895,0.06334167353137822,14.589885307467952,0.012996594839012946,17.64841677756253,1.49,bq296021,bq,B,g
661428910087,2459179.672718,5.1448664798449535,0.07837519208429271,14.621630351318899,0.01655833567543746,17.41719406588684,1.48,bs296193,bs,B,g
661428910087,2459181.6385967,5.11719067016315,0.11074677346766779,14.627486623795178,0.023524026256072583,17.041812905933533,1.50,bs296866,bs,B,g
661428910087,2459182.7220476,6.934330007832699,0.1272621074848156,14.297554357085435,0.01994834072572796,16.890892834043793,2.12,bA188832,bA,G,g
661428910087,2459184.7011651,4.124297799996391,0.07463523056649088,14.861690581004678,0.019670075864992566,17.47028091444723,2.10,bC188418,bC,G,g
661428910087,2459185.7167392,6.353923486747411,0.05727350456496122,14.392460670292472,0.00979769577641048,17.75775621544264,2.10,bA189655,bA,G,g
661428910087,2459187.6921978,4.748067179044683,0.0647917379417362,14.708773484696104,0.014832520150810626,17.623841537933902,2.28,bC189751,bC,G,g
661428910087,2459187.6997363,7.373644841142252,0.054525824135761215,14.230860083400012,0.008037707460071463,17.81113501522806,2.44,bA190535,bA,G,g
661428910087,2459188.6974457,4.6884988526351545,0.14631514664078107,14.722481087122397,0.03392092178523779,16.739417394180613,2.14,bC190196,bC,B,g
661428910087,2459190.690208,6.711880764512777,0.14069727349768363,14.332955040489153,0.022785240737261937,16.781926407592064,2.37,bA191860,bA,G,g
661428910087,2459191.6238678,4.53909126168622,0.052127053950898436,14.757643335700337,0.012482639802648092,17.859982659618726,1.40,bs299979,bs,B,g
661428910087,2459192.567389,5.287423663659178,0.031027925062444613,14.591955346355643,0.00637853284473085,18.423258776740614,1.48,bq300630,bq,B,g
661428910087,2459193.582496,4.979671404229777,0.039682191117163056,14.657063907972358,0.008661779649769977,18.156151500379167,1.47,bs300794,bs,B,g
661428910087,2459195.6320206,4.749977830653534,0.05264371753668989,14.708336665613384,0.012046673509889791,17.84927423588376,1.47,bs301352,bs,B,g
661428910087,2459196.5909233,5.2602423639634805,0.0443336519851537,14.597551235801369,0.009160937619130265,18.035806841976076,1.44,bs301749,bs,G,g
661428910087,2459197.5855672,5.193995497897699,0.03942978039726148,14.611311700153678,0.008251539103353536,18.163079715710882,1.56,bq302451,bq,B,g
661428910087,2459199.611757,4.899981066103179,0.03818695249609471,14.674579617569517,0.008470962744756548,18.197853109063463,1.39,bs303052,bs,G,g
661428910087,2459200.6064676,4.868947577630555,0.03903513513290926,14.681477875621919,0.008714305100473486,18.17400139355232,1.47,bs303479,bs,G,g
661428910087,2459201.6223863,5.421023828729662,0.04282299426405876,14.56486233159271,0.008586336154627009,18.07344803468053,1.51,bq304206,bq,G,g
661428910087,2459203.5852983,5.0792895287570206,0.03987978452761812,14.63555819950502,0.008534184088626584,18.150758603611898,1.43,bs304746,bs,G,g
661428910087,2459203.6038762,5.277095364554523,0.05073249412327555,14.594078265877904,0.010449690889003209,17.889425077107898,1.53,bq305045,bq,B,g
661428910087,2459204.5723038,5.239789618421939,0.05303416340581967,14.601780997090405,0.01100155425825962,17.841251305422222,1.52,bq305458,bq,G,g
661428910087,2459206.5621001,4.999653584337277,0.06505341427719868,14.652715837253536,0.014143026455176191,17.619465373693384,2.19,bs306043,bs,B,g
661428910087,2459207.6072347,4.833160157001901,0.10673473008657511,14.689487655669398,0.024004172672737478,17.08187622101667,2.01,bq306717,bq,G,g
661428910087,2459210.5841134,5.25090392482466,0.09117228758680428,14.59948044197128,0.018873000537266864,17.25298348209749,1.47,bs307280,bs,B,g
661428910087,2459210.6029971,5.776693479437618,0.09811847247483377,14.495867312793662,0.018462207478937367,17.173263665401734,1.54,bq307579,bq,G,g
661428910087,2459215.5708217,4.786373411175271,0.05149038847382075,14.700049179063175,0.011693156540571327,17.873325190409723,2.03,bs308910,bs,G,g
661428910087,2459216.5867422,4.750840054352855,0.0643432103539411,14.708139598897475,0.014721243258814739,17.631383796720705,1.44,bq309583,bq,B,g
661428910087,2459217.5710438,5.2211884334872884,0.059954448617771904,14.605642204163033,0.012481426357721863,17.708087078281572,1.55,bs309698,bs,G,g
661428910087,2459220.5670481,5.134288673079207,0.11258562402238768,14.623864914696057,0.02383498203497217,17.023933263180954,1.57,bq311207,bq,B,g
661428910087,2459221.5766961,5.056655387524648,0.06897433382310758,14.640407228904904,0.01482642107006214,17.55592182491228,1.53,bq311630,bq,G,g
661428910087,2459222.5576738,5.09878034718197,0.045844257116807306,14.63139986430978,0.009773065491032582,17.99942826244626,2.19,bs311768,bs,G,g
661428910087,2459223.5698769,5.069935614648644,0.05128336080772141,14.637559512104888,0.01099477147709632,17.877699415113558,1.48,bq312491,bq,B,g
661428910087,2459230.5535959,5.300970988190593,0.11228878214415568,14.589177053851241,0.023024654226865594,17.026799682414484,1.54,bq314376,bq,G,g
661428910087,2459278.0160057,5.030683835847411,0.13553235392929822,14.645998062252234,0.029283847050843595,16.822533158366237,2.01,bs326565,bs,B,g
661428910087,2459288.0094828,5.125270797872619,0.2188109819027906,14.625773580687225,0.046404967305552346,16.302467823914665,1.56,bq329499,bq,B,g
661428910087,2459289.0099501,5.046004868289518,0.2943693994545924,14.642696459330198,0.06340991475223486,15.980408956812655,1.44,bq329825,bq,B,g
661428910087,2459289.13215,4.277501957037574,0.05982658909763682,14.822090080004545,0.015202541540885678,17.710405003814824,1.43,bC215635,bC,G,g
661428910087,2459294.1373828,4.787306738546305,0.03715518540284555,14.699837484645775,0.008436073411563551,18.227592029545907,1.39,bC216666,bC,G,g
661428910087,2459296.9756321,5.096217612795218,0.05611186089996198,14.631945711121404,0.011967925584457062,17.78000393161085,1.48,bs331441,bs,G,g
661428910087,2459298.9654226,5.272953480844141,0.06233658197382919,14.59493077251502,0.012849943502352384,17.665783147814114,1.97,bs331819,bs,B,g
661428910087,2459300.9888607,5.03737903378478,0.09176072978037866,14.644554046662687,0.0197999640299821,17.24599846422847,1.47,bs332574,bs,G,g
661428910087,2459302.9711317,5.688076976142943,0.13510462808225354,14.512651959725533,0.025817663373241713,16.82596504576797,1.55,bq333432,bq,B,g
661428910087,2459305.0900664,4.52409318010863,0.16068661407485585,14.76123676914302,0.038606491106942566,16.637691362526375,1.39,bC219387,bC,B,g
661428910087,2459307.0792333,4.935414444444082,0.07458524217278098,14.666756552778393,0.016426364253251367,17.47100835096988,1.54,bC220098,bC,G,g
661428910087,2459307.098291,7.081832431011865,0.18952767240731946,14.274701506409105,0.029089694168849246,16.458459038790114,2.11,bA220892,bA,G,g
661428910087,2459311.0728189,4.162890130976519,0.0633142397102085,14.851578249965772,0.01653174203658894,17.648887121071684,1.42,bC220878,bC,G,g
661428910087,2459312.086709,5.954259648241631,0.06506481861732545,14.462996199621065,0.011877652825025994,17.61927505286404,2.04,bA222058,bA,G,g
661428910087,2459313.0902058,4.199609365580105,0.05570701859827575,14.842043383348747,0.014418271296448248,17.78786582160147,1.41,bC221662,bC,G,g
661428910087,2459314.1098043,6.013991125090951,0.05001089045206991,14.452158665101976,0.009038866603587896,17.904979143190513,2.12,bA222861,bA,G,g
661428910087,2459315.0702115,4.570297444090196,0.04476728348731133,14.750204457926335,0.010647029289089135,18.025238756780453,1.41,bC222458,bC,G,g
661428910087,2459315.9505484,4.943152947051522,0.06018437499749259,14.665055501636626,0.01323402282127205,17.703931224375708,1.46,bq337469,bq,B,g
661428910087,2459316.9470514,4.9193806069672785,0.07420743924052539,14.670289560440146,0.016396425991071086,17.47652199854244,1.56,bq337841,bq,B,g
661428910087,2459319.0475738,4.639372266893755,0.04390595250675194,14.73391756715952,0.01028670662213006,18.046332103229307,1.51,bC223514,bC,G,g
661428910087,2459319.0628162,6.491407011309998,0.05886010863964214,14.369218521645003,0.009855856957461308,17.72808796305964,2.06,bA224305,bA,G,g
661428910087,2459322.0492807,4.113494687974837,0.059510994268737294,14.864538270258079,0.01572528184482238,17.71614759589535,1.44,bC224659,bC,G,g
661428910087,2459323.0767037,6.272990237033413,0.10133453727137613,14.406379093222817,0.017558808798119382,17.138246889699495,1.65,bA225834,bA,B,g
661428910087,2459324.0522137,6.13211643591155,0.05615667344926775,14.431039640798257,0.00995412645581681,17.77913717744728,2.04,bA226207,bA,G,g
661428910087,2459324.9234012,4.841844868424262,0.047453981588909594,14.687538445694424,0.01065304985439162,17.961958967871745,1.52,bs338967,bs,G,g
661428910087,2459325.9123888,4.788130400479818,0.0636588439705587,14.699650698482195,0.014451234580670262,17.642993742261528,1.54,bq339422,bq,B,g
661428910087,2459326.8994419,4.622042927362642,0.05999366687275877,14.737980685570037,0.014108589750290217,17.70737709329065,1.42,bs339455,bs,G,g
661428910087,2459328.0395362,6.62843070893289,0.09668163246227197,14.346538820546971,0.015854239947870007,17.189280674372206,2.04,bA227221,bA,G,g
661428910087,2459329.0209463,5.00841313657693,0.11825627557892403,14.650815257311809,0.025664701867015586,16.970580118953933,1.46,bC226802,bC,G,g
661428910087,2459329.906274,5.142619972013057,0.1498377822264978,14.622104541965477,0.03167007390792395,16.71358727056431,1.45,bq340662,bq,B,g
661428910087,2459333.0868674,4.788047695039352,0.08411189597109751,14.699669452580155,0.019094624720708074,17.340497055085105,1.52,bC228198,bC,G,g
661428910087,2459334.0794685,4.757320100415528,0.07103333438945493,14.706659686570902,0.016229756343019795,17.52398510781314,1.46,bC228613,bC,G,g
661428910087,2459334.0807049,4.630815540323775,0.07620765554505267,14.735921917160383,0.01788765012984141,17.447644108487868,1.40,bC228614,bC,G,g
661428910087,2459337.0488251,6.290184324249596,0.07751628262944397,14.403407192360797,0.013394969781763817,17.429158267648297,2.37,bA229642,bA,G,g
661428910087,2459337.8932117,4.795714881086289,0.06929045664103045,14.697932234407304,0.015704793885325925,17.55095705281835,1.59,bq341688,bq,B,g
661428910087,2459339.021524,4.810580788643172,0.04805437267749837,14.69457184087155,0.010857943369998343,17.948308331050672,1.40,bC229380,bC,G,g
661428910087,2459342.9465521,4.732860140549292,0.07126156979054923,14.71225644493072,0.016366050492296176,17.52050214892419,1.49,bs342678,bs,B,g
661428910087,2459342.9914406,4.458262507719087,0.04356900428019765,14.777151530619868,0.010622437163815591,18.054696524579448,1.54,bC229955,bC,G,g
661428910087,2459343.0028496,6.176897632355611,0.04697186852959605,14.423139612329397,0.008265699364851975,17.973046019800744,2.03,bA230741,bA,G,g
661428910087,2459344.002968,6.496142469384794,0.054769431281914895,14.368426769742397,0.009164206420100022,17.806295033194004,2.05,bA231124,bA,G,g
661428910087,2459344.861728,5.627141991797806,0.058656597356387855,14.524345937260128,0.01133029362551812,17.731848446087483,1.50,bq343440,bq,B,g
661428910087,2459347.0803504,5.998066220816053,0.04648172201371613,14.455037481737698,0.008423316619802203,17.984435088847004,2.03,bA232332,bA,G,g
661428910087,2459347.9701194,4.946515917299656,0.048541281960006843,14.664317094973118,0.01066655073634349,17.93736250712168,1.46,bC231849,bC,G,g
661428910087,2459348.9068541,5.392744739005163,0.06141373309408079,14.570540962747229,0.012378493873098091,17.681976868439307,1.53,bq343986,bq,G,g
661428910087,2459351.0021158,6.793491481538128,0.0562701054414353,14.319833034355852,0.009003199349661739,17.776946289054333,2.11,bA233568,bA,G,g
661428910087,2459351.8428007,5.107610773814382,0.05026374272534587,14.629521136329078,0.01069668488492345,17.899503551992257,1.48,bq344507,bq,G,g
661428910087,2459353.9570283,4.101350130230199,0.06111874261702245,14.867748506344602,0.016197938185867376,17.687204583914866,1.43,bC233760,bC,G,g
661428910087,2459354.0179002,6.280606430408166,0.04847857583753061,14.405061673502711,0.008389970738511063,17.938765978915146,2.09,bA234585,bA,G,g
661428910087,2459355.8053091,5.072063657830775,0.05784382941186791,14.637103883288525,0.01239608409183205,17.746998019787572,1.50,bs345482,bs,B,g
661428910087,2459356.9692053,6.421304409498748,0.13816982962418872,14.381007475667342,0.023388487422498626,16.80160755627394,2.03,bA235587,bA,G,g
661428910087,2459357.9580285,5.967919337522866,0.14235427356585634,14.460508260846511,0.025927445948703054,16.769214337753887,2.09,bA235946,bA,G,g
661428910087,2459359.0128417,6.010345545411568,0.12304377814688013,14.452817019583385,0.0222521710450203,16.92749146648316,2.06,bA236357,bA,G,g
661428910087,2459359.0826077,4.381235866064116,0.06271009980426377,14.796074036601837,0.015557973604920443,17.65929688153353,1.42,bC235622,bC,G,g
661428910087,2459360.0356919,4.416674547445542,0.12370151967664719,14.787327126092308,0.030443305730855623,16.92170302398765,1.45,bC235965,bC,B,g
661428910087,2459360.8049908,4.058632511645153,0.22768009913723483,14.87911629738262,0.06097580106534815,16.259327931836648,1.46,bs346509,bs,G,g
661428910087,2459363.0054868,6.52539518623733,0.1304380875328225,14.363548576698921,0.02172750092224443,16.864129554921227,2.02,bA237802,bA,G,g
661428910087,2459363.9254156,4.534787586219879,0.07309473470047695,14.758673249521326,0.01752029110005211,17.49292537605458,1.49,bC237323,bC,G,g
661428910087,2459364.9606917,6.101523358944538,0.11629184950668697,14.43646992664547,0.020716823784849805,16.988767417448038,2.03,bA238499,bA,G,g
661428910087,2459366.0262872,6.947014672370321,0.07181757995468997,14.295570081976026,0.011236853611054308,17.512063695029283,2.03,bA238960,bA,G,g
661428910087,2459367.9384997,4.513617084951476,0.05192368868077668,14.763753840515598,0.01250411609626589,17.864226768062952,1.36,bC238813,bC,G,g
661428910087,2459367.9538396,6.224272656409553,0.04616468468215824,14.414844100237644,0.008061826314377428,17.991865927560344,2.08,bA239623,bA,G,g
661428910087,2459370.9250774,6.405075166946035,0.04652451341455478,14.383755045316873,0.007895320813354641,17.983436012253758,2.05,bA240361,bA,G,g
661428910087,2459370.9365438,4.745364727929621,0.04206162699185573,14.709391627665942,0.009634488052028671,18.092925442235533,1.50,bC239572,bC,G,g
661428910087,2459371.8079074,4.3425621805482955,0.10471263847666576,14.805700507866275,0.026209891895284936,17.10264285448909,1.50,bs348475,bs,B,g
661428910087,2459371.8116231,5.226293858416519,0.19150819508183042,14.604581059482868,0.03982957852158635,16.447172203504785,1.45,bq348763,bq,B,g
661428910087,2459372.7966464,5.231066454578456,0.05549929371270047,14.60359002911796,0.011532126341108888,17.791921970690836,1.47,bq348931,bq,B,g
661428910087,2459373.7711472,5.37361488892276,0.05544935617827247,14.574399275752064,0.011216106954082756,17.792899341624494,1.48,bs348931,bs,G,g
661428910087,2459375.9644256,4.722394113451647,0.03956321306222322,14.714660050138054,0.009106290458994873,18.159411724242524,1.55,bC241313,bC,G,g
661428910087,2459376.914478,6.301825137482862,0.052872679819474924,14.401399751686759,0.009119628504093742,17.844562304158554,2.06,bA242426,bA,G,g
661428910087,2459377.9302423,4.464079494474049,0.042300472068958435,14.775735822946762,0.010299721150780143,18.086777576231544,1.42,bC241998,bC,G,g
661428910087,2459378.9117006,5.91778812412497,0.049311868740235514,14.469667092377927,0.009057414054388514,17.92026195888669,2.03,bA243136,bA,G,g
661428910087,2459379.7640531,5.20980423464234,0.06895421843572015,14.608012111256032,0.014386382684353594,17.55623851067685,1.44,bq350981,bq,G,g
661428910087,2459381.9028643,4.848455957631243,0.0365306409921581,14.686056984974599,0.008189662609441622,18.245997379658977,1.42,bC243351,bC,G,g
661428910087,2459383.9033384,6.207580123139488,0.060089401077412556,14.417759787695275,0.010521743592970173,17.705645923096185,2.01,bA244853,bA,G,g
661428910087,2459384.1053304,4.525163785425937,0.059420705075705266,14.760979865186405,0.014273013303162878,17.717796109540515,1.43,bC244193,bC,G,g
661428910087,2459384.8789217,5.370173349339359,0.04534811519651164,14.575094859873928,0.009178740862711546,18.011242508462654,1.47,bq352423,bq,G,g
661428910087,2459384.9952511,4.904155221049727,0.03753154021142336,14.67365510340716,0.00831848719400625,18.216649643282064,1.43,bC244478,bC,G,g
661428910087,2459385.891951,5.928144849076207,0.08849462847745349,14.467768605507747,0.016225955338699062,17.285348335641118,2.03,bA245547,bA,G,g
661428910087,2459386.8839597,5.952762326713651,0.15545725941394453,14.463269264742653,0.02838602865318247,16.67361309350308,2.07,bA245858,bA,G,g
661428910087,2459388.0194224,4.4746630497513635,0.08147385461953122,14.773164777981,0.019791107541571432,17.37509495205163,1.43,bC245517,bC,G,g
661428910087,2459389.812147,5.128102681535279,0.16556844833108209,14.625173840766589,0.03509401349463986,16.60519666469891,1.49,bs353393,bs,B,g
661428910087,2459391.939004,6.4359074547854105,0.08115261815941435,14.37854114596032,0.013705816652008079,17.379384272267476,2.08,bA247583,bA,G,g
661428910087,2459392.8711141,6.174744787695214,0.11585529104109277,14.423518091779366,0.020394310778001457,16.9928509300789,1.99,bA247879,bA,G,g
661428910087,2459394.9751622,4.495891945966354,0.05826220752305027,14.76802596009373,0.014085855976791316,17.739173271985095,1.51,bC247668,bC,G,g
661428910087,2459397.0524391,6.293340938876865,0.06700494876327329,14.40286247205619,0.011572782525911264,17.58737341285382,2.45,bA249199,bA,G,g
661428910087,2459399.0481176,6.675428503471857,0.03907850278026752,14.338867750291712,0.006363132109754547,18.172795820980163,2.09,bA249742,bA,G,g
661428910087,2459400.8615201,6.281516267548671,0.05665865536261029,14.404904400221854,0.00980424030381321,17.76947495263874,2.12,bA250306,bA,G,g
661428910087,2459401.830715,4.911292224107238,0.05657555617651629,14.67207618323629,0.012521179142066088,17.77106853129132,1.47,bC249836,bC,G,g
661428910087,2459401.9239612,4.736755063978093,0.06502472450661279,14.711363302067246,0.014921406621644965,17.61994430925362,1.53,bq355211,bq,G,g
661428910087,2459403.8617901,4.95438999663528,0.030061038692680803,14.662590146976534,0.006595169552548879,18.457630654954496,1.49,bC250566,bC,G,g
661428910087,2459404.0349804,6.4509027950564,0.05201440495041794,14.37601437775819,0.008764261140094048,17.862331525233706,2.05,bA251499,bA,G,g
661428910087,2459405.8461343,6.531197424607589,0.04414828295152449,14.362583592821474,0.007347391444169551,18.0403560681123,2.02,bA252052,bA,B,g
661428910087,2459406.0984923,4.758817389371962,0.03829428129465155,14.706318022561916,0.008746756892057922,18.194805803649384,1.37,bC251378,bC,G,g
661428910087,2459409.0112434,6.3841261493752794,0.03676539629655515,14.387311972229003,0.006259648751266424,18.239042482389806,2.05,bA253081,bA,G,g
661428910087,2459409.807437,4.406256343085987,0.04686136590732329,14.789891223456165,0.011559987282740526,17.97560325346973,1.52,bC252479,bC,G,g
661428910087,2459411.8495586,4.355464800613948,0.050987044969672136,14.8024793516093,0.012724405681382002,17.88399100516313,1.45,bC253167,bC,G,g
661428910087,2459412.810057,6.538777184361921,0.04660618043623746,14.361324275836173,0.007747456496862183,17.981531830909518,2.09,bA254263,bA,G,g
661428910087,2459413.7749766,5.579525264198441,0.07164060697058348,14.533572501242034,0.013956424835583644,17.514742469628317,1.49,bq357429,bq,G,g
661428910087,2459414.8058055,6.640096276795068,0.09666322845191384,14.3446296813254,0.01582337396904131,17.18948737136249,2.03,bA254948,bA,G,g
661428910087,2459417.0023172,5.825395975445005,0.18096349858469807,14.486751993699812,0.03376585142237331,16.5086631516435,2.26,bA255789,bA,G,g
661428910087,2459418.6648767,5.137148287691428,0.2330314170957769,14.623260366917938,0.04930654215087762,16.2341044209851,2.40,bq358362,bq,B,g
661428910087,2459420.9417823,6.926245511947737,0.11755436597791916,14.298820917894892,0.018448159906863538,16.97704370271733,2.11,bA256778,bA,B,g
661428910087,2459422.8230223,11.553954491328444,0.19787841755084523,13.743238990753916,0.018615724739935346,16.411644539894304,2.40,bA257326,bA,G,g
661428910087,2459424.0468955,6.494076223883896,0.09066947182588135,14.36877216770992,0.015175949638737418,17.258987896805053,2.07,bA257630,bA,G,g
661428910087,2459424.8971365,4.91723919865897,0.08490356446289965,14.670762284732062,0.018767946683784637,17.330325802967966,1.57,bq359821,bq,G,g
661428910087,2459425.7592324,5.712998313235282,0.06693902201218349,14.5079053826948,0.012735835466014348,17.588442204019053,1.49,bq360027,bq,G,g
661428910087,2459427.0268492,6.292657269386039,0.05303766444687941,14.402980426104289,0.009161413501544783,17.84117963310147,2.06,bA258534,bA,G,g
661428910087,2459429.9395119,5.064658215802508,0.03520573475382982,14.638690265563381,0.007555712816689993,18.28610707994256,1.43,bC258788,bC,G,g
661428910087,2459430.9200699,4.911753264663488,0.04781509805608689,14.67197426608143,0.010581340280988324,17.953727984602253,1.40,bC259121,bC,G,g
661428910087,2459431.8233671,6.264505630590557,0.03947687028299851,14.407848612479563,0.006849645309985904,18.16178382494752,2.05,bA260219,bA,G,g
661428910087,2459431.8716863,4.852953447308224,0.05772322303910202,14.685050309033233,0.012928752443103627,17.749264180431076,1.48,bs360695,bs,G,g
661428910087,2459432.8919352,6.807278688270566,0.042682587742938496,14.31763179509477,0.006815369141831976,18.077013756983188,2.20,bA260627,bA,G,g
661428910087,2459432.9188793,4.585951908619705,0.04511582886287316,14.746491881998804,0.010693296701169808,18.016818259977768,1.42,bC259849,bC,G,g
661428910087,2459433.7820005,5.213487039398086,0.0688755448837153,14.607244876700339,0.014359817552808938,17.557477992353206,1.43,bq361567,bq,G,g
661428910087,2459433.914765,4.909691512872835,0.04062306479238715,14.672430109116323,0.008993539633466606,18.130708897705997,1.46,bC260220,bC,G,g
661428910087,2459434.7973721,5.4561767523619125,0.056711810795559016,14.557844545263414,0.011297887770439963,17.768456825357152,1.47,bq361894,bq,G,g
661428910087,2459436.7976594,4.826650698242839,0.04092578423080264,14.690950946457136,0.009216442385846185,18.1226480858659,1.46,bC261257,bC,G,g
661428910087,2459436.925106,6.011325968318768,0.04832143461324313,14.452639925965835,0.008737389848673463,17.9422910625499,2.01,bA262155,bA,G,g
661428910087,2459437.9280114,4.296911524441215,0.04686815534490686,14.817174593694155,0.011855875277919316,17.975445959628708,1.42,bC261735,bC,G,g
661428910087,2459437.9626939,6.616556881447148,0.037037773130025355,14.348485496261985,0.0060845013162752724,18.23102844357828,2.03,bA262561,bA,G,g
661428910087,2459439.9097058,4.580445270228967,0.030934096713154915,14.747796376506276,0.007340775008275983,18.426547013980283,2.18,bC262455,bC,G,g
661428910087,2459441.810619,5.932104633276052,0.06977372844041356,14.467043615492159,0.012784840096874483,17.543410784865976,2.06,bA263773,bA,G,g
661428910087,2459442.9099741,6.941174080395431,0.05742762256161538,14.296483281335723,0.008992906408675604,17.754838518055283,2.05,bA264233,bA,G,g
661428910087,2459444.0039273,4.591822219718512,0.04532436954684848,14.745102959135107,0.010728990957250401,18.0118111817974,1.40,bC263839,bC,G,g
661428910087,2459444.8287598,4.6574044143875915,0.053213733905785536,14.729705746093684,0.012419152379446068,17.837581277427482,1.47,bC264044,bC,G,g
661428910087,2459444.8511774,6.6095454050601,0.06660610638685163,14.349636646360548,0.01095354329049812,17.59385549465212,2.26,bA264860,bA,G,g
661428910087,2459448.7831444,4.604443597408176,0.10240506461800751,14.742122728770282,0.024174441599918006,17.12683702156966,1.44,bC265518,bC,G,g
661428910087,2459450.698893,5.056109517391031,0.08494296817418132,14.64052444135339,0.018260940138901106,17.32982203010851,1.47,bs363542,bs,B,g
661428910087,2459452.9262909,4.4034985776709865,0.07671143811284145,14.790570971276626,0.018935397951880685,17.44049030004007,1.38,bC266518,bC,G,g
661428910087,2459454.7793504,4.37735441915425,0.04755746374478427,14.797036343908271,0.011809163806469456,17.95959389770126,1.40,bC267145,bC,G,g
661428910087,2459455.7516402,5.910589549791768,0.05260326846221888,14.470988618280563,0.009673733091789044,17.850108787606978,2.13,bA268315,bA,G,g
661428910087,2459456.6073953,5.078436422643225,0.061971882642889865,14.635740572646581,0.013264071142605981,17.67215388700315,2.08,bq365591,bq,G,g
661428910087,2459456.8662527,6.187028259465802,0.04807570562526132,14.421360373083195,0.008446090687664044,17.94782644328922,2.01,bA268797,bA,G,g
661428910087,2459457.9658798,4.976520153586218,0.04592622233459224,14.657751204316218,0.010031066959399882,17.99748880155043,1.42,bC268470,bC,G,g
661428910087,2459458.9197209,6.3514511560072755,0.08240144891261446,14.392883215727624,0.014101784001221005,17.362803490900216,2.02,bA269675,bA,G,g
661428910087,2459461.7959922,5.2789934683823345,0.04868352189150396,14.593687810643761,0.010024045670474283,17.934185639749284,1.45,bs365691,bs,G,g
661428910087,2459461.9139372,6.062987021011674,0.044979733692639384,14.443349025919227,0.008063849504191367,18.020098411892327,2.04,bA270329,bA,G,g
661428910087,2459462.7814147,5.4280235288474135,0.05015032827689944,14.563461318463292,0.010042555287063961,17.901956160953418,1.47,bs366155,bs,G,g
661428910087,2459465.7336052,5.98827765884989,0.04673947632877562,14.456810799538097,0.008483871575853374,17.97843100587147,2.37,bA271101,bA,G,g
661428910087,2459465.8101256,4.748079663465941,0.037844146353086,14.7087706298986,0.00866349021155846,18.207643828084123,1.40,bC270347,bC,G,g
661428910087,2459466.7312935,4.877370817232385,0.03938876457859146,14.679601183705337,0.008778064278131213,18.164209712803096,1.53,bs367356,bs,G,g
661428910087,2459466.8249332,6.463113691263202,0.035682084278051515,14.37396113335209,0.0060009580626289374,18.27151507481518,2.03,bA271576,bA,G,g
661428910087,2459467.7563553,4.9894582595552315,0.06246508013046249,14.654932137811956,0.013608055764117367,17.663547357875906,1.45,bq368018,bq,G,g
661428910087,2459468.7815541,4.004497396538613,0.061214994032104904,14.893695583158738,0.016615827256856796,17.685496082719027,1.41,bC271543,bC,G,g
661428910087,2459470.6400415,5.369070611678946,0.05520861456819957,14.575317833150411,0.011176862440689923,17.797623489241875,1.49,bq368711,bq,G,g
661428910087,2459471.8250487,4.912478820524456,0.04063258929355899,14.671813894815475,0.00899054419191702,18.130454365368077,1.46,bq369224,bq,G,g
661428910087,2459472.8530826,4.405680090836972,0.03807799030472978,14.790033225826566,0.009394490531104922,18.200955564064863,1.46,bC272502,bC,G,g
661428910087,2459474.7442709,4.926678869513119,0.08423335258396311,14.668679984680828,0.01858412012718389,17.338930395308154,1.52,bs369796,bs,B,g
661428910087,2459475.8021571,5.179647114745794,0.08703019685695967,14.614315190746916,0.018263414083288444,17.303465696764984,1.49,bs370213,bs,G,g
661428910087,2459475.8505396,6.23433158530975,0.11534481583680871,14.413090878857584,0.020110383624452173,16.997645411526584,2.29,bA273929,bA,G,g
661428910087,2459478.8934522,4.656944373933165,0.10302234685813688,14.729812996227595,0.024045984407528122,17.12031201413268,1.44,bC274265,bC,B,g
661428910087,2459479.7895018,4.778671311584212,0.07921058803983984,14.701797722939018,0.018017239447287354,17.405682517950304,1.45,bC274605,bC,G,g
661428910087,2459481.8575842,4.3761563256218245,0.06609735538469565,14.797333553467016,0.016417364042609982,17.60218040315207,1.95,bC275454,bC,G,g
661428910087,2459481.9049921,6.543217401291598,0.10524116595625692,14.360587246871502,0.017482618209965495,17.097176484079544,2.21,bA276302,bA,G,g
661428910087,2459482.6613051,5.095244701335414,0.10605956180722105,14.632153007222117,0.022625435902801486,17.088766040274507,1.48,bs371958,bs,B,g
661428910087,2459484.790432,6.6075677401467905,0.02255009290939782,14.349961561853014,0.0037095299689123974,18.769769772519687,2.02,bA277208,bA,G,g
661428910087,2459485.8733394,4.4494439343811365,0.05524009274460393,14.77930127534654,0.013494625385941175,17.797004613792105,1.49,bC276858,bC,G,g
661428910087,2459486.8841327,6.335123727742758,0.037901287092295254,14.395677869122608,0.006502959209283857,18.206005715308926,2.12,bA278059,bA,G,g
661428910087,2459487.7883541,4.902135268913055,0.028225867131965544,14.674102394908452,0.0062585564611795826,18.52602237933913,1.46,bC277578,bC,G,g
661428910087,2459489.8371695,6.488706830236464,0.04895312045731491,14.369670241010335,0.00820038798680331,17.928189659950306,2.27,bA278980,bA,G,g
661428910087,2459490.7978998,4.7620540997168375,0.03470490479569444,14.705579809942378,0.007921523320421491,18.30166346804036,1.43,bC278538,bC,G,g
661428910087,2459492.7807018,4.737310854170459,0.04503319233441736,14.711235913986984,0.010332681052486886,18.018808775120775,1.41,bs374338,bs,G,g
661428910087,2459492.8689237,6.627035163618469,0.0513088556275366,14.346767434779533,0.008415602734914535,17.877159790365425,2.04,bA280209,bA,G,g
661428910087,2459493.7854606,4.805946866573411,0.053098907619609996,14.695618209692183,0.01200933042680718,17.83992664488048,1.51,bs374550,bs,G,g
661428910087,2459493.8005208,4.842380113327509,0.04765068845091971,14.687418428910107,0.010696026616030255,17.9574676623182,1.54,bq374847,bq,G,g
661428910087,2459494.8041433,4.831931220611838,0.04636453553435255,14.689763762885997,0.010429832705708254,17.987175827661382,1.50,bs374923,bs,G,g
661428910087,2459495.8111458,6.113587932876522,0.06981753994681147,14.434325214467357,0.012413108506850644,17.542729255988235,2.22,bA281335,bA,G,g
661428910087,2459498.5623752,5.2812298278167855,0.05157247587843704,14.59322795361744,0.010614391122128957,17.871595657923834,1.47,bq376573,bq,G,g
661428910087,2459500.5763319,5.722098720812537,0.06690125419779853,14.506177256725913,0.012708406147962866,17.589054962535428,1.55,bq377357,bq,G,g
661428910087,2459500.7037928,4.28275549754119,0.0694070736812106,14.82075741918813,0.01761540471687752,17.549131275933096,1.52,bC281336,bC,G,g
661428910087,2459502.7143016,6.023606368107821,0.06152154590666361,14.450424162899667,0.011101529791981975,17.6800725118556,2.24,bA282977,bA,G,g
661428910087,2459504.7093599,4.9082225595539395,0.07715512653188152,14.672755004160539,0.017086484353932403,17.43422864187528,1.49,bC282329,bC,G,g
661428910087,2459504.7219661,5.398123462606961,0.11812863722864231,14.569458589146812,0.0237861719038599,16.971752626876192,1.44,bq378805,bq,G,g
661428910087,2459505.8009548,5.648274428828359,0.14528093468845402,14.520276148972414,0.02795792970645876,16.74711904821724,2.12,bA283602,bA,B,g
661428910087,2459506.6364417,4.783390135189638,0.0899663890068791,14.70072611341701,0.02044356627926816,17.267439887710545,1.46,bs379105,bs,G,g
661428910087,2459506.7169734,5.021920182876283,0.11026265620233175,14.647891107618278,0.02386551536045324,17.046569485630567,1.48,bq379453,bq,G,g
661428910087,2459507.7811256,6.055439683664309,0.16408390222110142,14.444701415741228,0.029453198603029654,16.614975671903252,1.45,bq379924,bq,G,g
661428910087,2459508.7304296,4.9073528937841004,0.07545997633583956,14.67294739789625,0.01671404424825736,17.458348949765295,2.17,bC283986,bC,G,g
661428910087,2459509.7175166,5.164461961624578,0.12717956687760038,14.617502914743278,0.026767291670801666,16.891597257397276,1.47,bq380718,bq,G,g
661428910087,2459510.6792693,4.885106393394471,0.12573046035660296,14.67788055549174,0.02797555116725115,16.904039347175328,1.49,bq381107,bq,G,g
661428910087,2459510.8107377,4.667160843787065,0.09022021440626876,14.727433701831993,0.02101180004801879,17.26438097430772,1.48,bC284890,bC,G,g
661428910087,2459511.8111851,6.443167391949792,0.04814927288323683,14.377317086382696,0.008122738863314506,17.946166278698502,2.04,bA286117,bA,G,g
661428910087,2459512.7712636,6.136540857318709,0.04215823399461627,14.43025654700074,0.007467426429794001,18.090434586389748,2.25,bA286502,bA,G,g
661428910087,2459514.7431357,6.181715723551259,0.03562368436592172,14.422293048695868,0.00626385906139183,18.273293525965403,2.01,bA287324,bA,G,g
661428910087,2459515.7920882,4.4077777869851325,0.04409500256686719,14.789516392427185,0.010873812821889801,18.041667180891384,1.43,bC286974,bC,G,g
661428910087,2459516.7395017,4.950286405884175,0.04050287141789422,14.663489806313565,0.008893396589035988,18.133926078298003,1.41,bs382748,bs,G,g
661428910087,2459517.7008203,5.228247383437393,0.04535242500651096,14.604175300336163,0.009428802908920774,18.01113932678932,1.95,bs383128,bs,G,g
661428910087,2459517.7384182,6.376398257263527,0.05096521918120406,14.388627036251545,0.008687816402899519,17.884455870741082,2.03,bA288593,bA,G,g
661428910087,2459518.6625919,5.125649705211777,0.03755569901085933,14.625693316009249,0.007964143926343233,18.215950987041992,1.46,bs383509,bs,G,g
661428910087,2459519.7837105,6.626417342051865,0.042273413742331775,14.3468686599121,0.0069342693632960814,18.087472310914226,2.02,bA289481,bA,G,g
661428910087,2459520.7220564,5.209528516881054,0.05004297943726024,14.608069573046137,0.010441356197653226,17.904282714871883,1.45,bs384376,bs,G,g
661428910087,2459522.763212,4.780896593314898,0.039155884102363106,14.701292246329935,0.008902251441505254,18.17064802552303,2.02,bC289919,bC,G,g
661428910087,2459522.7785589,6.846190556792033,0.048964643351410896,14.311443164487518,0.007774022353591255,17.927934122591715,2.12,bA290743,bA,G,g
661428910087,2459524.5915395,5.635787459910286,0.054878153856259416,14.522679106331168,0.010584176152734853,17.80414187909073,1.48,bq385700,bq,G,g
661428910087,2459525.7126657,4.638011316963976,0.047537316475103154,14.734236112277088,0.011140765435306014,17.96005395703147,1.99,bC291173,bC,G,g
661428910087,2459526.7282397,6.630588877938983,0.0426328199453497,14.346185370243766,0.006988824451763026,18.078280461492174,2.05,bA292426,bA,G,g
661428910087,2459528.70822,4.564495297909562,0.09386147525253752,14.751583712212383,0.02235150569933243,17.22142217173391,1.46,bC292456,bC,B,g
661428910087,2459529.5753897,5.15780736444067,0.050466885612242926,14.618902827468549,0.010635393408888746,17.89512434996218,1.43,bq387646,bq,G,g
661428910087,2459529.5831209,4.265804444791694,0.06545034351183998,14.82506326623717,0.01667720090102133,17.612860785794954,1.45,bs387366,bs,G,g
661428910087,2459530.6420734,5.018086210297455,0.05533934162728692,14.648720326819184,0.011986932023426454,17.795055641367743,1.43,bs387840,bs,G,g
661428910087,2459530.6904259,5.715580686382149,0.05686145057549072,14.507414722208038,0.010813586218078363,17.76559577481063,1.56,bq388164,bq,G,g
661428910087,2459531.6699044,5.186851860989006,0.07845624751637029,14.61280601100935,0.016441288896351398,17.416071780390276,1.60,bq388526,bq,G,g
661428910087,2459531.709308,5.415447688011092,0.0791963406211257,14.565979709769909,0.01589581949551091,17.405877824285636,1.44,bs388270,bs,G,g
661428910087,2459537.7262122,4.032224730412251,0.11330253010022318,14.886203800011643,0.030542673649390187,17.017041591499115,1.45,bC294928,bC,G,g
661428910087,2459538.7338972,4.267022374510975,0.09870099414399888,14.824753321964758,0.02514251856934559,17.166836793874513,1.39,bC295374,bC,G,g
661428910087,2459538.7415387,6.443000154302359,0.1471166358531437,14.377345267914245,0.02481908784219331,16.733486148339956,2.06,bA296198,bA,G,g
661428910087,2459539.7455697,6.137474125309331,0.08764607585902652,14.430091436749603,0.01552226075657955,17.29580942049092,2.07,bA296643,bA,G,g
661428910087,2459540.7455399,6.082085837418853,0.06591392947145175,14.439934259490702,0.01177977053063968,17.605197604041827,2.05,bA297082,bA,G,g
661428910087,2459541.7171531,4.775879327372626,0.035902623565683196,14.702432260039185,0.008171184436884233,18.264825147484714,1.38,bC296635,bC,G,g
661428910087,2459542.6574008,5.224370934192767,0.07232567154076751,14.604980610805914,0.015047717966554854,17.504409424581098,1.56,bs392281,bs,G,g
661428910087,2459542.7108428,4.681322376840253,0.048837300655291314,14.724144248227795,0.011339535750416246,17.93076148262275,1.37,bC297064,bC,G,g
661428910087,2459544.7188093,4.881069819798916,0.0434258725154183,14.678778072442029,0.009670428222801073,18.058269228743665,1.43,bC297962,bC,G,g
661428910087,2459544.7303307,6.610852425684294,0.03671294971241296,14.349421966040811,0.006036344113075154,18.24059241289266,2.08,bA298789,bA,G,g
661428910087,2459551.692093,4.835045928823042,99.99,14.689064112615409,99.99,99.99,1.47,bC299262,bC,G,g
661428910087,2459557.5701608,4.643181566122509,0.08976500817316338,14.73302645585675,0.021013750952510544,17.269872924531462,1.44,bs397007,bs,B,g
661428910087,2459557.5748438,5.246447856250508,0.08529743866288149,14.600402220220374,0.01767188196329908,17.325300635846883,1.46,bs397008,bs,B,g
661428910087,2459563.6214564,5.082288089178832,0.09830633888438697,14.634917423863872,0.02102492308655145,17.17118680532185,1.36,bs397857,bs,B,g
661428910087,2459563.6406304,5.526290873692792,0.12821959114101464,14.543981272118039,0.025219287943908222,16.88275464219824,1.46,bq398156,bq,G,g
661428910087,2459569.5995132,4.972980890690547,0.07438671213308094,14.658523646272648,0.016258884492225772,17.473902202775008,1.46,bs399568,bs,G,g
661428910087,2459569.6233786,5.127356297828145,0.12981979167004792,14.625331878708439,0.027520706775603795,16.869288341801926,1.59,bq399867,bq,G,g
661428910087,2459571.6025222,4.934027367295143,0.08971245977474615,14.667061737188622,0.019763478386800495,17.270508700163315,1.40,bs400394,bs,B,g
661428910087,2459571.6037623,4.687566935570145,0.13017076949298384,14.722696916687482,0.030184095242789425,16.86635693106754,1.44,bs400395,bs,B,g
661428910087,2459571.6050258,4.91840072040496,0.12324459487837064,14.670505848703808,0.0272368039505964,16.925720907511653,1.49,bq400680,bq,B,g
661428910087,2459572.6156307,5.675437993173386,0.06451453207191649,14.515067164369007,0.01235578495736648,17.628496732304274,1.56,bq401088,bq,G,g
661428910087,2459574.5959113,4.840486398277692,0.19505454240514888,14.68784311203774,0.04380051703844397,16.427250440042858,1.47,bs401531,bs,B,g
661428910087,2459578.5813752,4.545110386847446,0.05079444127232573,14.756204533851207,0.012147416566343307,17.888100142585056,1.43,bs402933,bs,G,g
661428910087,2459578.6002888,4.671817259655656,0.06710293143889048,14.72635100527657,0.015612333467146734,17.58578687883172,1.55,bq403232,bq,G,g
661428910087,2459584.557857,5.0806546529038235,0.045473307923905595,14.635266433193594,0.009728570822008304,18.00824924193751,2.00,bs404211,bs,G,g
661428910087,2459586.5586328,5.081769230883439,0.06346620037273243,14.635028273934703,0.013574996673580012,17.646284365127546,1.96,bs405063,bs,G,g
661428910087,2459586.5776466,5.275395143101794,0.06667945611088118,14.594428134376145,0.01373881343855608,17.592660489618794,1.53,bq405362,bq,G,g
661428910087,2459644.0169218,4.862723737650282,0.16260674466559918,14.682866629742684,0.03634721426277206,16.624794222775805,2.02,bs421944,bs,B,g
661428910087,2459645.0136187,5.009813135889003,0.11334796996077856,14.650511804403418,0.024592596935832902,17.01660624542759,1.45,bs422328,bs,G,g
661428910087,2459652.1385893,4.588512442430354,0.05503357769418456,14.745885838042987,0.0130367100318131,17.80107124417277,1.43,bC324694,bC,G,g
661428910087,2459653.1494706,6.378224089489421,0.09558927759283554,14.38831618860571,0.016290018542791912,17.201617662745353,2.02,bA325955,bA,G,g
661428910087,2459658.122235,4.759220146618381,0.15052497869396264,14.706226136367357,0.03437834397980115,16.70861917542459,1.52,bC327106,bC,G,g
661428910087,2459659.1196373,4.784678176545574,0.11417898644478071,14.700433792522919,0.025938545787696204,17.00867515269232,1.45,bC327524,bC,G,g
661428910087,2459664.1181207,4.389574566487608,0.08114652952806668,14.794009545128015,0.02009368975308373,17.37946573477161,1.44,bC329269,bC,G,g
661428910087,2459667.1197523,5.982196671399469,0.08079845114554812,14.457913905166393,0.014680962235654564,17.384133022172456,2.01,bA331095,bA,G,g
661428910087,2459670.0999386,6.657427812944428,0.05354180345732618,14.341799457170898,0.008741756439395162,17.830908122668742,2.01,bA331802,bA,G,g
661428910087,2459670.1153225,4.758862634661488,0.04215993376660825,14.706307699783927,0.009629614990339883,18.090390811624694,1.41,bC330978,bC,G,g
661428910087,2459671.9623386,4.586745103156566,0.04705295244148198,14.74630410733948,0.011150502670870609,17.971173412979013,1.56,bs430534,bs,G,g
661428910087,2459674.1008984,6.259018610770114,0.13029449985780855,14.40880001503074,0.022627262383192952,16.865325403546365,1.99,bA332991,bA,B,g
661428910087,2459674.9914224,4.7952420013919514,0.21201014429258128,14.698039298303296,0.04805718021046321,16.336749007411708,1.50,bq431924,bq,B,g
661428910087,2459679.076561,4.3781116157456434,0.04963659151915184,14.796848549049113,0.012323307764609036,17.913135732923372,1.42,bC333382,bC,G,g
661428910087,2459679.0879665,6.173599245780457,0.04584082216882036,14.423719536820274,0.008070977501874426,17.9995096158665,2.02,bA334227,bA,G,g
661428910087,2459683.0792843,5.230198471971277,0.09027623482728821,14.603770198562191,0.018761494946976653,17.26370701754549,1.44,bC334692,bC,G,g
661428910087,2459683.0862342,6.621331430860571,0.09989452876999563,14.347702304674016,0.016398667045502618,17.153786355093175,1.98,bA335533,bA,G,g
661428910087,2459688.038652,4.389221294347434,0.14458219678885825,14.794096928491065,0.035804656723370964,16.752353563561318,1.48,bC335950,bC,G,g
661428910087,2459689.0337593,4.572810410868754,0.11526654754097838,14.749607632618174,0.027398845421237817,16.998382397982812,1.60,bC336331,bC,G,g
661428910087,2459689.0607228,5.64135110404078,0.14555210678703148,14.521607797271923,0.02804448948616451,16.74509437145443,2.04,bA337188,bA,G,g
661428910087,2459690.899329,4.692895512417454,0.07589670038598266,14.721463410459549,0.017579000692586954,17.45208337313002,1.56,bs435855,bs,G,g
661428910087,2459692.8852123,4.729584308157377,0.049647806742176115,14.713008193591437,0.011410095224516,17.912890442143613,1.60,bs436508,bs,G,g
661428910087,2459694.0822458,6.174127780203718,0.05618142168292288,14.423626588707972,0.009890751353515767,17.778658799143173,2.14,bA338592,bA,G,g
661428910087,2459695.0598463,4.8601777569392395,0.046356626400145796,14.68343523850609,0.010367447429164628,17.987361054705527,1.43,bC338120,bC,G,g
661428910087,2459698.0288626,6.108279087985163,0.037049949859406794,14.43526844277391,0.00659296735622369,18.230671550005887,2.00,bA340075,bA,G,g
661428910087,2459698.0635481,4.362255778626416,0.05540381835873782,14.800787805724516,0.013805137697185365,17.793791369522516,1.97,bC339266,bC,G,g
661428910087,2459698.0752033,6.271911513103376,0.04385367294719014,14.406565816028941,0.007600081045878354,18.047625677968394,2.00,bA340111,bA,G,g
661428910087,2459708.0184513,6.148879624756944,0.11352755486494188,14.428075644677739,0.02006861797403024,17.014887400936537,2.07,bA341758,bA,G,g
661428910087,2459708.0696817,4.8944765811524364,0.037871155052706294,14.675799985137383,0.008410357734440425,18.20686923368324,1.61,bC340939,bC,G,g
661428910087,2459709.0062541,6.110094321874758,0.040379938618205165,14.43494583597472,0.007183397721267377,18.137226475356208,2.06,bA342100,bA,G,g
661428910087,2459709.0075176,5.847262403381468,0.06819987936657855,14.482684162794413,0.012677779539439687,17.568181595272968,2.07,bA342101,bA,G,g
661428910087,2459709.0087938,5.884922106379564,0.09317733663883981,14.475713825188912,0.017210034713641634,17.229364880170753,2.05,bA342102,bA,G,g
661428910087,2459709.9036423,5.246150157727537,0.05558726849527335,14.600463829759622,0.011517196839591392,17.790202277064253,1.43,bs441582,bs,B,g
661428910087,2459710.9031784,5.487542734806017,0.06704388547487648,14.55162083384099,0.013279858049656612,17.58674267258799,1.63,bq442120,bq,G,g
661428910087,2459710.9044711,5.473174415471698,0.12465451008103261,14.554467401857465,0.024756023179849127,16.91337062099189,1.70,bq442121,bq,G,g
661428910087,2459710.9057733,5.4925972356536406,0.11167882310838291,14.550621237302215,0.02210066019948423,17.03271353986849,1.56,bq442122,bq,G,g
661428910087,2459711.8913555,5.211886328742191,0.13072601667138684,14.607578284332801,0.02726335292432103,16.86173554125878,1.48,bq442300,bq,G,g
661428910087,2459712.8354367,4.987164715456475,0.10302028229445152,14.65543134158368,0.0224533525761262,17.12033377246055,1.46,bs442285,bs,G,g
661428910087,2459712.8367234,3.3110739911147222,0.24657732808423136,15.100143407661355,0.08094619316674707,16.1727577558189,1.44,bs442286,bs,G,g
661428910087,2459712.8380223,5.233216784522591,0.20182359730113533,14.603143808186811,0.04191943203578441,16.390210754527704,1.49,bs442287,bs,G,g
661428910087,2459713.0456642,4.359827980082772,0.07354981404165485,14.801392236710893,0.0183368358592348,17.486186663881384,1.55,bC342780,bC,G,g
661428910087,2459713.0469276,4.6035511875246895,0.16007343170764698,14.742333181044778,0.03779535698946913,16.64184247246626,1.92,bC342781,bC,G,g
661428910087,2459713.0482025,4.3223901914843585,0.11706537906920551,14.810755699741314,0.02943856792471552,16.981569422059955,1.50,bC342782,bC,G,g
661428910087,2459713.8662102,5.2227576093042725,0.13894287945841277,14.605315946060593,0.02891669119537289,16.795549874017794,1.45,bq442894,bq,G,g
661428910087,2459713.8675211,5.2530848955664675,0.2186747154676251,14.599029573454487,0.04524768071378227,16.303144186172112,1.45,bq442895,bq,G,g
661428910087,2459713.8688218,5.749740794143741,0.2608350374146141,14.500944955867045,0.049309413270360564,16.11172578936593,1.44,bq442896,bq,G,g
661428910087,2459714.836022,4.744254512037319,0.1302986775288866,14.709645674022154,0.029852740183870873,16.865290591823456,1.46,bs442894,bs,G,g
661428910087,2459717.8429729,5.046352051920708,0.11401232182423529,14.642621759269307,0.024557628062890517,17.01026113636652,1.48,bs443677,bs,G,g
661428910087,2459719.8907434,5.029787785776436,0.07926361872623283,14.646191467500515,0.017129173432477718,17.4049558717723,1.58,bs444262,bs,G,g
661428910087,2459719.8920532,5.136468350691702,0.13836438559529401,14.62340408110246,0.02928005412103426,16.80007981406406,1.50,bs444263,bs,G,g
661428910087,2459720.0378527,6.649924667001845,0.09100671098766328,14.343023808607445,0.014875407314150454,17.25495706367665,2.16,bA345534,bA,G,g
661428910087,2459721.834538,5.405017464351367,0.05721674930139043,14.568072868390926,0.011506367780686267,17.75883266077202,1.53,bq445070,bq,G,g
661428910087,2459721.8358746,5.2031643840511315,0.09585316679316462,14.609396755236464,0.020024011752259693,17.19862444730428,1.51,bq445071,bq,G,g
661428910087,2459721.9090529,5.293478326513212,0.05747666641000304,14.590712774145478,0.011802190081569474,17.753911682590303,1.47,bs444842,bs,G,g
661428910087,2459724.9730031,6.511563970294359,0.040739010371099886,14.36585234360637,0.006800445056529687,18.127614424081685,2.00,bA347221,bA,G,g
661428910087,2459725.0076469,4.087707866976684,0.06554951727790724,14.871365995153838,0.017430177894481,17.611216866964764,1.45,bC346411,bC,G,g
661428910087,2459727.0759024,5.871761546366233,0.05252485474646933,14.478144596122586,0.009723186639860597,17.851728461264777,2.05,bA347973,bA,G,g
661428910087,2459727.931955,4.5608612718857335,0.04781536604878214,14.752448466110273,0.011395484507815056,17.953721899316054,1.43,bC347399,bC,G,g
661428910087,2459728.8216598,4.982448984407699,0.08333543862268433,14.656458470711758,0.018180215951310117,17.350566297441283,1.50,bq446228,bq,G,g
661428910087,2459728.8229,5.194368921446374,0.07540393577947278,14.61123364369545,0.01577877909709087,17.45915557426452,1.43,bq446229,bq,G,g
661428910087,2459731.9289479,4.977939329861109,0.059074846276250835,14.657441624258038,0.012899271199534492,17.724134110965252,1.51,bq447121,bq,G,g
661428910087,2459732.9298364,4.561208813289986,0.05585221787186142,14.752365735264771,0.013309834071294232,17.78503955275553,1.47,bC348761,bC,G,g
661428910087,2459732.9336742,6.277093535731359,0.054367341333946106,14.405669121848169,0.00941437878791539,17.81429537219835,2.16,bA349601,bA,G,g
661428910087,2459736.9104226,4.822126609523806,0.0375073935338724,14.691969099766943,0.008454549064422988,18.217348398491875,1.46,bC350053,bC,G,g
661428910087,2459737.0299505,6.069997897273027,0.04779976805431477,14.4420942707073,0.008559520201415021,17.954076138372955,2.04,bA350983,bA,G,g
661428910087,2459739.9414614,4.755925909795555,0.05187815984523431,14.706977921428203,0.011856640588840995,17.865179204054808,1.43,bC351123,bC,G,g
661428910087,2459739.9529361,6.479031532229531,0.03640523117896354,14.371290388331879,0.006107533704466818,18.249731128355002,2.05,bA351969,bA,G,g
661428910087,2459741.7738153,5.579481422168485,0.11239847149482676,14.533581032624898,0.021896703722212415,17.025739598169988,1.47,bq449542,bq,G,g
661428910087,2459741.781361,5.3887003639063495,0.08895082647351785,14.571355533453561,0.017942300447261653,17.279765642387243,1.53,bs449266,bs,G,g
661428910087,2459743.8433778,5.39090826220147,0.10349863859175812,14.570910768669957,0.020868194140349187,17.11530401850515,1.98,bs449829,bs,G,g
661428910087,2459746.9063026,6.598745869330362,0.16883506250215308,14.351412114406441,0.027810795554030352,16.583984004089963,2.02,bA353446,bA,G,g
661428910087,2459748.7452989,5.189749212455392,0.0770364308056079,14.612199693113066,0.016134739357866513,17.435900228504874,1.45,bq450704,bq,G,g
661428910087,2459749.9488879,4.700957855472967,0.0726256136181868,14.719599727994634,0.016792510546694114,17.499916074456827,1.46,bC353095,bC,G,g
661428910087,2459750.935174,5.4883557191141215,0.06830519115016434,14.55145999297634,0.013527689674111167,17.566506333856246,1.53,bq451173,bq,G,g
661428910087,2459752.0419443,4.697226943039581,0.04609062677709096,14.720461764016557,0.01066554969004423,17.99360907632392,1.91,bC353855,bC,G,g
661428910087,2459754.9242656,5.154561778964231,0.05455310157996726,14.61958624943003,0.01150376153903774,17.810591993573407,1.59,bq452063,bq,G,g
661428910087,2459755.0867862,4.61127011908563,0.04682113995718157,14.74051421459082,0.011036556548938538,17.97653565323254,1.47,bC354411,bC,G,g
661428910087,2459758.091005,6.450247679633951,0.04192344802974766,14.376124644285886,0.00706468456918413,18.09649812553025,2.02,bA355844,bA,G,g
661428910087,2459758.9429029,4.644960191254037,0.04835608897744794,14.732610631513401,0.011315697899586178,17.941512691361147,1.51,bC355262,bC,G,g
661428910087,2459760.8601891,5.259479459778355,0.04869999731282885,14.59770871386208,0.010064642345820326,17.93381826831441,1.42,bs453134,bs,G,g
661428910087,2459761.0026397,6.115722192048626,0.036916344916647366,14.433946249104086,0.006561197615890987,18.234593873861375,2.12,bA356746,bA,G,g
661428910087,2459762.8611522,4.774114590627277,0.04820603813126905,14.702833524922607,0.010975410526772353,17.944887011547745,1.45,bs453716,bs,G,g
661428910087,2459763.9586585,5.587308390408595,0.24703713896159268,14.53205901522759,0.04805867343335284,16.170734989086473,1.94,bq454327,bq,G,g
661428910087,2459765.8504475,6.430970887976486,0.08438512694590655,14.379374263276246,0.014262693093996933,17.336975841279695,2.06,bA357656,bA,B,g
661428910087,2459765.9969726,4.743954254566238,0.04248654266862818,14.709714390977108,0.009734711205396266,18.082012131625397,1.45,bC356933,bC,G,g
661428910087,2459767.8574701,5.41375772331898,0.049676337481390616,14.56631858151464,0.009973852130273853,17.912266689326856,1.49,bq454706,bq,G,g
661428910087,2459767.8880469,4.710107193020036,0.05485792134112898,14.717488644901941,0.012659621729874018,17.80454224286171,1.40,bs454448,bs,B,g
661428910087,2459769.6960914,5.608855977158569,0.11149120773717143,14.527879901171055,0.021606205589875607,17.03453906140747,1.94,bs454832,bs,G,g
661428910087,2459770.7903784,4.306331478685797,0.09224403452828674,14.814796981099933,0.023283218075132867,17.24029488724299,1.41,bs455204,bs,G,g
661428910087,2459770.8307352,6.793498547095661,0.09389420196809915,14.319831905138624,0.015023027454145617,17.221043673668404,2.10,bA359349,bA,G,g
661428910087,2459772.8741346,5.194311828526534,0.14650672317092406,14.611245577424398,0.03065785102748415,16.73799672430668,1.94,bs455867,bs,G,g
661428910087,2459775.929772,5.678634548208752,0.1359710841669855,14.51445582150301,0.026026442703530713,16.81902421040495,2.12,bA360723,bA,G,g
661428910087,2459776.9349236,4.275255073395052,0.08590502005546326,14.822660544701717,0.02184080720247316,17.317594252542676,2.10,bC360079,bC,G,g
661428910087,2459777.8193309,5.22271589809145,0.05969880401278624,14.605324617256565,0.01242457097569429,17.712726534701265,1.51,bq457285,bq,G,g
661428910087,2459778.7618935,5.671474950637993,0.06592573272727698,14.515825576627554,0.012634879949577061,17.60500319786687,1.52,bs457257,bs,G,g
661428910087,2459780.7840584,5.292519315984588,0.04098335013715348,14.590909492960215,0.008416997096213711,18.121121970385435,1.49,bs457724,bs,G,g
661428910087,2459780.8827669,5.008368488984067,0.07400508653298181,14.650824936170716,0.01606118072698168,17.47948668450367,1.46,bq458084,bq,G,g
661428910087,2459781.7937433,5.434798258880065,0.06202817791202412,14.562107053287756,0.012405599858818523,17.671168051741763,1.48,bq458295,bq,G,g
661428910087,2459781.7949719,5.240457707738515,0.06815131814626751,14.601642571204557,0.014135696508878321,17.568954961084632,1.50,bq458296,bq,G,g
661428910087,2459783.9567183,4.588051087954764,0.10946471848083106,14.745995009467809,0.0259333183899042,17.054455200217088,1.42,bs458557,bs,B,g
661428910087,2459784.0413434,4.178655385495703,0.06165261324521634,14.847474231602424,0.01603714684914093,17.677761887461376,1.38,bC361440,bC,G,g
661428910087,2459784.9002207,6.534660322482478,0.035968993539094524,14.362008078567921,0.0059829784837016325,18.262819896832852,2.03,bA362531,bA,G,g
661428910087,2459785.8253127,4.594564980856083,0.05513162899034572,14.744454626968928,0.013042732866952015,17.799138549205267,1.43,bs458777,bs,G,g
661428910087,2459785.8265412,4.999349378294239,0.05878404281642036,14.65278190134332,0.01278080283624854,17.729491984062015,1.41,bs458778,bs,G,g
661428910087,2459788.0327574,6.6887345253960655,0.031724757079329736,14.336705724209418,0.005155449282228048,18.39914484811954,2.04,bA363316,bA,G,g
661428910087,2459789.0658289,4.584988779288621,0.045635462336830336,14.746719929354917,0.010818731691049941,18.00438447453332,1.41,bC362771,bC,G,g
661428910087,2459790.8684349,6.401255012757804,0.043408927115941624,14.38440279994677,0.007370994646570653,18.05869298129512,2.00,bA364179,bA,G,g
661428910087,2459790.9133995,4.58694977405482,0.04746820333884701,14.746255660425277,0.011248405963858782,17.96163362624735,1.42,bs460033,bs,G,g
661428910087,2459792.7090088,4.884778286764029,0.06325547794768584,14.677953481070595,0.014075552717974216,17.64989525759582,1.46,bq460773,bq,G,g
661428910087,2459792.7164964,4.6287847691828325,0.048981301716738576,14.73639815408486,0.011502056803060247,17.927564804790755,1.47,bs460497,bs,G,g
661428910087,2459793.9111168,4.854499762274774,0.03835496624724581,14.684704411891914,0.008587945770954663,18.19308659919545,1.47,bC364457,bC,G,g
661428910087,2459793.9689591,5.78323057127881,0.04853225264525796,14.494639353507555,0.009121622919452352,17.9375644870742,2.14,bA365339,bA,G,g
661428910087,2459795.7975202,4.812305964769547,0.058760849511774425,14.69418254268109,0.013272324965898847,17.7299204469308,1.47,bq461738,bq,G,g
661428910087,2459797.0548524,5.650862419673324,0.06145773528461659,14.519778787900542,0.011821538239253908,17.681199230245085,2.04,bA365822,bA,G,g
661428910087,2459800.0110765,4.794799081366022,0.037556271271465456,14.698139588657458,0.008513815344081792,18.215934443099492,1.46,bC365404,bC,G,g
661428910087,2459800.8200315,4.774635246706144,0.07746208732315872,14.702715123002934,0.017634419521683594,17.429917622758026,1.49,bC365625,bC,G,g
661428910087,2459800.8585184,5.931339402675446,0.09696485841634443,14.467183682502496,0.017769440944083524,17.186104692299505,2.05,bA366492,bA,G,g
661428910087,2459801.6956271,4.746627552516439,0.0935702394993677,14.709102732702327,0.021427167170638854,17.224796258731235,1.42,bs462393,bs,G,g
661428910087,2459802.0127769,4.877843286517398,0.06821482584852505,14.679496013894953,0.015200683064234161,17.567943674637906,1.92,bC366145,bC,G,g
661428910087,2459802.0322299,7.458745518250154,0.11422006836273235,14.218401147539916,0.0166451915964399,17.008284572037773,2.18,bA366997,bA,G,g
661428910087,2459802.8907581,4.588107963391788,0.08615273496288924,14.745981550302425,0.020410216560019248,17.31446793918063,1.46,bC366419,bC,G,g
661428910087,2459803.9368908,4.185914009558457,0.1311001217443918,14.845589866120427,0.03404277584428736,16.85863287396196,1.40,bC366825,bC,G,g
661428910087,2459805.6658455,5.323056144867746,0.14700557973421952,14.584663005000984,0.030018220600249123,16.734306063656895,1.49,bq463602,bq,G,g
661428910087,2459805.9962827,4.830469681079795,0.09469917554708854,14.69009222087752,0.021309291489273356,17.21177511633391,1.43,bC367617,bC,G,g
661428910087,2459805.9975462,4.993931525036415,0.09831312464448923,14.653959164359804,0.021398389519187565,17.171111863143793,1.46,bC367618,bC,G,g
661428910087,2459806.0117402,6.513507565585004,0.1143874522742462,14.36552831747196,0.019088668586423677,17.006694643545533,2.12,bA368466,bA,B,g
661428910087,2459806.6578944,5.114945081241244,0.07545664695729883,14.627963184562526,0.016034990252309755,17.458396854717616,1.54,bq463934,bq,G,g
661428910087,2459806.8644329,5.12983535433375,0.06878227970688078,14.62480705640903,0.014574219705573608,17.558949196695238,1.44,bC367888,bC,G,g
661428910087,2459807.7866787,4.309503245297203,0.0592792597482031,14.813997592042707,0.014951602149851407,17.720383682097587,1.45,bC368203,bC,G,g
661428910087,2459807.804266,6.478305791676665,0.03136753210914443,14.371412012516636,0.005262972248192051,18.411439733373456,2.04,bA369054,bA,G,g
661428910087,2459808.8404237,4.573244467899171,0.055546193823639387,14.749504578035744,0.013202070883852385,17.791004848300524,1.51,bC368414,bC,G,g
661428910087,2459808.8480749,6.515897537847591,0.03604883611476464,14.365130006202588,0.006013525732786782,18.260412492693654,2.06,bA369256,bA,G,g
661428910087,2459810.0003351,4.932667850607016,0.05707700611131738,14.667360941018481,0.012577417720596357,17.761487649505007,1.50,bC368855,bC,G,g
661428910087,2459810.0041787,6.884315383643988,0.070410261959569,14.30541372735362,0.011116994090094104,17.533550711185402,2.03,bA369694,bA,G,g
661428910087,2459810.0054402,6.469885382890186,0.08478851010312058,14.372824154775564,0.014244676461943951,17.331798101581665,2.04,bA369695,bA,G,g
661428910087,2459810.8042782,4.188584717360178,0.06154414849922952,14.844897362760998,0.015970982587235238,17.67967369310331,2.24,bC369081,bC,G,g
661428910087,2459810.8349759,5.783753991048978,0.05690746035445548,14.494541091805539,0.010694772852305879,17.764717600182603,2.01,bA369941,bA,G,g
661428910087,2459811.8117673,4.609806932801236,0.03931308390769401,14.740858780486468,0.009269718573046397,18.166297828172723,1.55,bC369466,bC,G,g
661428910087,2459811.884982,5.902340204174195,0.05172067022575704,14.472505026969188,0.009524716953937602,17.868480251245057,2.32,bA370359,bA,G,g
661428910087,2459813.8408528,4.916226942322726,0.03034972712830367,14.67098581595511,0.006710193451632391,18.447253634627728,1.97,bC370255,bC,G,g
661428910087,2459813.8446699,6.348739825103642,0.04022676659620266,14.393346797759461,0.006887153593430879,18.141352797343252,2.16,bA371094,bA,G,g
661428910087,2459817.0003103,6.608980360136284,0.046816192880447305,14.349729469076543,0.0076997000144436644,17.976650377139347,2.04,bA371650,bA,G,g
661428910087,2459817.9792341,4.442471847114442,0.051550873242979786,14.781003911607504,0.01261314867064382,17.872050545473105,1.40,bC371156,bC,G,g
661428910087,2459817.9868558,6.424693539466287,0.04528329704035362,14.380434581103856,0.007661217572714219,18.012795511535835,2.05,bA371998,bA,G,g
661428910087,2459818.824863,4.841923595745249,0.03238215819174445,14.687520792008668,0.007269424504226879,18.376876136321375,1.53,bC371350,bC,G,g
661428910087,2459819.7019297,5.132297545228254,0.12267630268219305,14.624286055585,0.025981308778020778,16.930738915470403,1.48,bq465125,bq,B,g
661428910087,2459819.8035289,4.158919100708036,0.0756603010811133,14.85261444090452,0.019774238379116682,17.455470448484483,1.44,bC371606,bC,G,g
661428910087,2459820.6726921,5.584259749824511,0.053080074083254054,14.532651594442621,0.010331849749826252,17.84031181061049,1.47,bq465365,bq,G,g
661428910087,2459820.6764591,5.1133006274329,0.043208943324252666,14.62831230465663,0.00918511274142158,18.063706497044432,1.42,bs465086,bs,G,g
661428910087,2459820.9893834,4.369629941719839,0.04607522397134032,14.798953975550802,0.011461328729024552,17.99397197394551,2.10,bC372087,bC,G,g
661428910087,2459821.7705407,6.02331330106929,0.0506411298221759,14.450476988601665,0.009138609196815353,17.891382145475863,2.03,bA373123,bA,G,g
661428910087,2459821.8117117,4.5622839732937805,0.04848046573594743,14.752109837622335,0.011550389830423917,17.93872365318458,1.41,bC372319,bC,G,g
661428910087,2459821.8129751,4.058422142657381,0.06974012148081463,14.879172575241071,0.018678313198048756,17.54393386258901,1.40,bC372320,bC,G,g
661428910087,2459822.9737214,6.3817567146566905,0.046387213564004666,14.38771501228753,0.007900784464707244,17.986644897332287,2.12,bA373629,bA,G,g
661428910087,2459823.8080308,6.171900747189229,0.046078261978240984,14.424018288823339,0.008115015036569195,17.993900387416804,2.24,bA373854,bA,G,g
661428910087,2459823.9541873,4.61554617239508,0.04540057735203249,14.739507872624696,0.010691790700450492,18.009987172074343,1.52,bC373132,bC,G,g
661428910087,2459824.9267542,6.948871386032214,0.04987609678183648,14.295279938368326,0.0078017199720924425,17.907909463962707,2.19,bA374301,bA,G,g
661428910087,2459825.8712351,4.751979725040226,0.04180498397209469,14.707879174778856,0.009562372442421035,18.09957045828764,1.40,bC373818,bC,G,g
661428910087,2459827.9395963,4.529496029876837,0.06587006933581728,14.75994091394957,0.015807034817938045,17.605920309975676,1.98,bC374220,bC,G,g
661428910087,2459827.9587497,5.725997404876914,0.056542812076964134,14.50543775514298,0.010733427558346468,17.771697102157713,2.14,bA375071,bA,G,g
661428910087,2459828.9590301,4.214035839898411,0.08861055604587582,14.838320059999084,0.022855956961039366,17.283926956854486,2.38,bC374414,bC,G,g
661428910087,2459829.7568979,4.115519313264649,0.14761382667985537,14.864004012077881,0.03898652864813338,16.729823014311272,2.48,bC374549,bC,B,g
661428910087,2459829.8864114,4.434868615069979,0.06332959644330344,14.78286372679822,0.015521658891820344,17.648623810014534,2.44,bC374639,bC,G,g
661428910087,2459833.6162385,5.0399081687644145,0.14898534494266863,14.644009063986978,0.0321316553608335,16.719781734430804,1.48,bs467386,bs,G,g
661428910087,2459833.8908233,5.005024135317598,0.1781896177700471,14.651550182074565,0.038697988641979875,16.525434620839494,1.47,bC375615,bC,G,g
661428910087,2459834.9495368,6.767794437234542,0.14433661519573182,14.323947724498884,0.023181499773338186,16.754199320085533,2.05,bA376776,bA,G,g
661428910087,2459835.7087949,5.135556100951564,0.10028006162433778,14.623596927717637,0.02122458889365054,17.149604131017384,1.43,bq468122,bq,G,g
661428910087,2459836.9255833,4.228835336946035,0.0819948285211692,14.834513685158637,0.021075498691403377,17.368174456566575,1.41,bC376347,bC,G,g
661428910087,2459836.9332106,6.38428701368841,0.08410122269686983,14.387284614685573,0.014318650195487465,17.34063483696989,2.04,bA377189,bA,G,g
661428910087,2459837.7766026,5.283274091994116,0.07220512923077235,14.592807766986063,0.014855151323557744,17.506220487410808,1.58,bq468441,bq,G,g
661428910087,2459837.790498,4.707351741135697,0.03974869381414727,14.718123995473169,0.009178218316329922,18.154333456862133,1.46,bC376634,bC,G,g
661428910087,2459838.6297233,4.836748419900628,0.051729570921945266,14.688681876154694,0.011625122830252663,17.8682934211707,1.42,bq468646,bq,G,g
661428910087,2459838.6564875,5.044583515284534,0.036308313244524756,14.64300233137032,0.007823353058762358,18.252625427442158,1.44,bs468385,bs,G,g
661428910087,2459838.9207872,3.995873378427025,0.06774480761192256,14.89603632775279,0.018427926381573326,17.575450577037603,1.42,bC377133,bC,G,g
661428910087,2459838.9322552,6.349226734177091,0.05931199887032245,14.393263531701503,0.010153923727821743,17.719784210407784,2.04,bA377978,bA,G,g
661428910087,2459839.6752055,4.916574072049137,0.04939726069161679,14.670909155945145,0.010920749667953795,17.91838344659768,1.46,bq469039,bq,G,g
661428910087,2459839.6941127,4.705388562557807,0.04363171487075481,14.718576891021238,0.010079035217369789,18.05313490511139,1.48,bs468772,bs,G,g
661428910087,2459839.8505589,4.678154065124126,0.07062075928937042,14.724879321581714,0.01640854358602953,17.53030965486093,1.50,bC377477,bC,B,g
661428910087,2459840.6506625,5.041010705096494,0.05274631584338859,14.643771573013675,0.011373304949683853,17.84716028397109,1.47,bq469392,bq,G,g
661428910087,2459841.6312253,5.348091198128184,0.06447043542527958,14.57956861117286,0.01310309746950383,17.62923910296275,1.45,bs469410,bs,G,g
661428910087,2459841.8534912,4.767445796931734,0.0343179572644097,14.704351212102102,0.007824342226464756,18.31383703873344,1.49,bC378220,bC,G,g
661428910087,2459842.7757602,4.818773696431781,0.03677451343450811,14.692724294648471,0.008295118162743491,18.238773273280188,1.46,bC378532,bC,G,g
661428910087,2459843.6667142,5.27996642190974,0.038112406929224574,14.593487720694709,0.007845983470461632,18.199974669381078,1.44,bq469969,bq,G,g
661428910087,2459843.8255779,4.187924203829649,0.06366859239505554,14.845068590049612,0.01652489117889753,17.642827490309262,1.43,bC378974,bC,G,g
661428910087,2459844.7255813,6.3189435999752614,0.05466724160341486,14.398454424617961,0.009403615311039193,17.80832270934721,2.08,bA380126,bA,G,g
661428910087,2459844.7293864,4.7881887883984025,0.04143627955162197,14.699637458765373,0.009406361420913495,18.109188725459305,1.46,bC379293,bC,G,g
661428910087,2459845.6304777,5.4574284124029235,0.04585011168378285,14.557595503336753,0.009131970985435582,17.99928961673834,1.54,bq470705,bq,G,g
661428910087,2459846.6149172,5.149899933961461,0.0545632042877726,14.620568646063026,0.01151630740559992,17.810390944324634,1.67,bq471070,bq,G,g
661428910087,2459846.6186288,4.670743620948845,0.04817538773007487,14.726600548936995,0.011211180944647629,17.9455775647553,1.45,bs470791,bs,G,g
661428910087,2459846.8861102,4.811114246212455,0.04805748150278359,14.694451447490724,0.010857441803409949,17.94823809280178,1.37,bC380210,bC,G,g
661428910087,2459846.8976783,6.5367966014824415,0.047576727899366615,14.361653193035593,0.007911189199537998,17.959154186383838,2.03,bA381055,bA,G,g
661428910087,2459847.6454974,5.3148490692888615,0.061870762120299426,14.58633828235676,0.012653384416921574,17.673926947277018,1.48,bq471477,bq,G,g
661428910087,2459847.7646728,4.5763011684945525,0.053042916621716986,14.748779127667198,0.012598677847290119,17.84107212093813,1.38,bC380507,bC,B,g
661428910087,2459848.622285,4.574140805828171,0.08387200354371725,14.749291798861105,0.01993056731594536,17.343598067401942,1.54,bq471829,bq,B,g
661428910087,2459848.798653,4.872711856169854,0.03986984645830487,14.680638796053167,0.008893772278719696,18.151029203527692,1.45,bC380930,bC,G,g
661428910087,2459848.9060439,6.23439683235852,0.05097471949900195,14.413079515857167,0.00888735595329468,17.884253499832226,2.03,bA381850,bA,G,g
661428910087,2459849.7248716,5.027485704818511,0.04056132801525401,14.646688511294402,0.008769472974199537,18.13236019704325,2.16,bC381273,bC,G,g
661428910087,2459849.9011183,5.95558551253952,0.05586526789457526,14.462754460310885,0.010195994524612123,17.78478589716884,2.03,bA382246,bA,G,g
661428910087,2459850.6224673,4.822303305022127,0.051590690311145965,14.691929316243924,0.011628641698319422,17.871212263928143,1.48,bq472434,bq,G,g
661428910087,2459851.6291023,5.072854489262674,0.052474204475468314,14.63693460950893,0.01124360631640612,17.852775953264793,1.48,bq472843,bq,G,g
661428910087,2459851.7505148,6.810361114543742,0.05068276149718876,14.317140270585544,0.008089139066571943,17.890489936959565,2.06,bA382926,bA,G,g
661428910087,2459851.8694108,4.716213813944961,0.04202624820417257,14.716081907246913,0.009685884985681417,18.093839058683688,1.37,bC382183,bC,G,g
661428910087,2459853.6070309,4.977278483003428,0.044711928776753285,14.657585770850051,0.009764356716102601,18.02658209942961,1.46,bs472830,bs,G,g
661428910087,2459854.6266564,5.152105237803771,0.06846045310361114,14.620103808738495,0.014443326086620635,17.564041188498784,1.47,bq473465,bq,G,g
661428910087,2459860.7542494,4.992970536081167,0.10562445576960083,14.654168114141813,0.022994165542187285,17.093229400793213,1.38,bC384139,bC,G,g
661428910087,2459864.7069834,4.160563415562644,0.3034868486129569,14.852185257433213,0.07928661972270397,15.947290921501915,1.94,bs474508,bs,B,g
661428910087,2459865.7566859,4.329825150399401,0.1856869603160238,14.80888972536529,0.04661473512361099,16.480687094171806,1.87,bs474878,bs,G,g
661428910087,2459866.7448266,3.2471106085330836,0.15481016054143762,15.121322915917867,0.05182204547938575,16.678141958910437,1.48,bs475225,bs,G,g
661428910087,2459869.7939917,4.60413794093804,0.04325306874674974,14.742194805516213,0.010211293788893731,18.062598297691512,1.45,bC386224,bC,G,g
661428910087,2459870.7912506,4.42617733140357,0.05273169901000377,14.784993598243545,0.012949563438104007,17.847461200239344,1.48,bC386635,bC,G,g
661428910087,2459872.7732155,4.8997120890588075,0.04429055688934834,14.674639219051066,0.009825456840584034,18.036862759090496,1.47,bC387378,bC,G,g
661428910087,2459872.8309247,6.182081601197533,0.047863859605119644,14.422228789051886,0.008415601363675458,17.952621321547753,2.09,bA388259,bA,G,g
661428910087,2459881.8281267,4.465395160524084,0.04726907472436156,14.775415878867314,0.01150613264922984,17.966197858384124,1.57,bC388836,bC,G,g
661428910087,2459882.7610657,4.999336877467629,0.04330484583766765,14.652784616219993,0.009415345626799137,18.061299369242008,1.50,bq478381,bq,G,g
661428910087,2459882.7802626,4.547728273778866,0.050523379543769,14.755579352913543,0.012075637238934874,17.89390962865988,1.44,bC389144,bC,G,g
661428910087,2459883.7568548,7.210581941029347,0.057089367486769634,14.255139830948663,0.008605915697124392,17.76125253311305,2.03,bA390345,bA,G,g
661428910087,2459883.7800123,4.584574502540254,0.053633264485405695,14.746818035502606,0.012715907786484825,17.82905503173029,1.43,bC389527,bC,G,g
661428910087,2459884.7516194,4.814907081304019,0.09583653017546402,14.693595846105564,0.021634922488858753,17.198812907910074,1.44,bC389884,bC,G,g
661428910087,2459884.7586621,5.251952446313595,0.05135211284162659,14.599263659468395,0.010627954942255564,17.87624481894183,1.48,bq478900,bq,G,g
661428910087,2459885.7256293,4.737269979646501,0.06264751090128817,14.711245281989916,0.014374338139360121,17.660381060519406,1.42,bC390251,bC,G,g
661428910087,2459885.7521199,5.5370701004295,0.07769102041490311,14.541865567775021,0.015251163483373,17.42671354737486,1.51,bq479316,bq,G,g
661428910087,2459885.7546004,5.528606605643565,0.17344106864270792,14.543526401494237,0.03409953251261405,16.55476075960259,1.55,bq479318,bq,G,g
661428910087,2459886.73308,5.515872884705665,0.06606031609132579,14.546029999419638,0.01301782925467953,17.602788992913286,1.51,bC390650,bC,G,g
661428910087,2459886.7343447,5.308612686168213,0.08109553944215186,14.58761302083175,0.01660458780695585,17.380148193822283,1.51,bC390651,bC,G,g
661428910087,2459886.7479659,5.359629579812556,0.1013887110919009,14.577228683965613,0.020562077865821544,17.13766660618323,1.51,bq479714,bq,G,g
661428910087,2459887.7475342,5.365462099806391,0.3822689561511596,14.576047793594562,0.07744155623835382,15.696718034846572,1.53,bq480135,bq,B,g
661428910087,2459888.7424791,4.702830427626897,0.13342014700631352,14.719167323659441,0.030837152466304366,16.83958707435345,2.03,bq480553,bq,G,g
661428910087,2459889.758125,4.990752001829871,0.08183486861917125,14.654650648184326,0.01782315453035114,17.370294637646428,1.45,bC390996,bC,G,g
661428910087,2459889.7593896,4.827686691523756,0.10869505947755793,14.690717928825395,0.024472757104845127,17.06211610013161,1.38,bC390997,bC,G,g
661428910087,2459890.738305,5.086887296516873,0.15657389445106848,14.633935333168965,0.03345641564031034,16.66584222673101,1.54,bq481395,bq,G,g
661428910087,2459890.7395463,5.471789645175141,0.14302840284995583,14.554742139215385,0.02841221343528365,16.764084888825835,1.57,bq481396,bq,G,g
661428910087,2459890.7585158,4.740134146001175,0.07913079342968615,14.710589041280716,0.01814542148798672,17.406776810594696,1.51,bC391254,bC,G,g
661428910087,2459893.7585767,4.4034934148654745,0.09564294549808224,14.790572244229951,0.023608465727808208,17.2010082551011,2.30,bC391880,bC,G,g
661428910087,2459893.7777901,6.520034151448608,0.10470246631267245,14.36444094593294,0.017454974307986638,17.102748331949734,2.47,bA392731,bA,G,g
661428910087,2459898.7342898,4.647013088750965,0.04568797613174729,14.732130883002256,0.010686615826772376,18.003135810759133,2.04,bC392374,bC,G,g
661428910087,2459898.7382461,6.737219998956062,0.046078545953083416,14.328863799405706,0.007434130998204156,17.99389369617446,2.14,bA393213,bA,G,g
661428910087,2459898.7394991,6.80000716436075,0.05038080390092083,14.318792196604617,0.00805318906979624,17.896977878857093,2.18,bA393214,bA,G,g
661428910087,2459902.726357,4.2031999425836934,0.053580084539781594,14.841115498508552,0.013855924800486674,17.83013212516299,1.42,bC393373,bC,G,g
661428910087,2459902.7532582,6.164993243106559,0.053998584997404495,14.425234109929798,0.009520548005992207,17.821684662619518,2.05,bA394230,bA,G,g
661428910087,2459906.6708488,5.263138501094577,0.04378385054085172,14.596953625383788,0.009042350278703967,18.04935572983403,1.47,bs484946,bs,G,g
661428910087,2459907.7070901,6.578329751551236,0.03819000797631788,14.354776523416204,0.0063102458835146485,18.19776623874334,2.02,bA395018,bA,G,g
661428910087,2459909.7184944,4.995813757520361,0.03572066795627995,14.653550023201552,0.007771869585312142,18.27034168305837,1.41,bC395064,bC,G,g
661428910087,2459911.6655744,4.739154649086495,0.04355576899070625,14.71081341998454,0.009989804230789741,18.05502639707271,1.51,bs485879,bs,G,g
661428910087,2459911.6668146,4.668158469080496,0.053743815132319385,14.727201645944524,0.012513968998298245,17.82681937990123,1.51,bs485880,bs,G,g
661428910087,2459913.6617133,4.83585620233341,0.05989124060900964,14.688882176478305,0.013461768061589309,17.70923233816284,1.49,bs486707,bs,G,g
661428910087,2459922.6394735,5.026450991322981,0.10168471684690587,14.646911991099689,0.021989046810312194,17.13450140238576,1.45,bs488565,bs,G,g
661428910087,2459922.6419539,4.825866545082079,0.1346100752840293,14.69112735297517,0.03031896921618715,16.82994669358522,1.45,bs488567,bs,G,g
661428910087,2459926.6262169,5.2313106391882025,0.056344136600369375,14.603539348461144,0.011707128664994695,17.7755187907263,1.40,bs489281,bs,G,g
661428910087,2459926.6274689,5.205891924125469,0.052206465814867965,14.608827752823805,0.010900371986488062,17.858329876263145,1.44,bs489282,bs,G,g
661428910087,2459926.6287092,4.84608520777574,0.08514378357941695,14.686588007321697,0.019097392406286204,17.32725824833245,1.52,bs489283,bs,G,g
661428910087,2459927.6392724,5.245266376448901,0.07323973341120968,14.600646751356614,0.015177190283259808,17.490773724383715,1.53,bq489942,bq,G,g
661428910087,2459928.6098852,5.585772057007347,0.05744704934477194,14.53235759945683,0.011178838717851993,17.75447129416396,1.54,bq490296,bq,G,g
661428910087,2459929.6188041,5.107129141038618,0.041412955778999526,14.629623522909018,0.008813969869444773,18.10980003985311,1.43,bs490412,bs,G,g
661428910087,2459933.6089497,4.808914594598103,0.04963963897980313,14.694947961893476,0.011220022369805105,17.91306907571155,1.48,bs491324,bs,G,g
661428910087,2459934.606578,5.18220934404342,0.05483569038694161,14.613778239635678,0.011501660263621824,17.804982322311695,1.53,bs491944,bs,B,g
661428910087,2459934.614298,4.965986541491926,0.0544513307187167,14.66005177672666,0.0119183224818612,17.812619366927404,1.46,bq492232,bq,G,g
661428910087,2459935.5994861,5.283049553672853,0.04793883368622636,14.592853911585255,0.009863134424621367,17.950921951976863,1.54,bs492353,bs,G,g
661428910087,2459935.6126962,5.164367236829696,0.051206248217956885,14.61752282912802,0.010777499527409463,17.879333218718518,1.61,bq492645,bq,G,g
661428910087,2459935.6151734,5.3554406100309455,0.08782954716115725,14.578077603534716,0.017826152139452586,17.293539002475946,1.98,bq492647,bq,G,g
661428910087,2460016.0122422,4.7706516505118195,0.42010832912932045,14.703621357652764,0.09571847236740778,15.59423738141865,2.18,bq510065,bq,G,g
661428910087,2460017.0091233,4.903757373815296,0.1742447937177073,14.673743186807668,0.038622733645403466,16.5497410848822,2.00,bq510421,bq,G,g
661428910087,2460020.0065682,5.185041951695422,0.14400275401493898,14.613184935842714,0.030187746614808525,16.756713616585067,2.35,bq511516,bq,G,g
661428910087,2460022.1286207,4.1641132320435945,0.07997556364037937,14.851259296060686,0.020875983825255198,17.39524733762797,1.57,bC405999,bC,G,g
661428910087,2460023.1426834,7.718530457478171,0.07231349180473973,14.18122906670182,0.010183495674456668,17.5045922793501,2.26,bA407259,bA,G,g
661428910087,2460027.0006062,4.438441732005985,0.31464455604462427,14.781989315224816,0.07705518577751976,15.908090056393382,2.34,bq513076,bq,G,g
661428910087,2460027.9913165,5.159684791400252,0.08416942500153536,14.618507694540213,0.017731413668706498,17.339754710619975,1.50,bq513488,bq,G,g
661428910087,2460029.1178913,4.4521185242942884,0.08584061269414633,14.778648828272791,0.02095744156154851,17.31840858949196,1.45,bC407909,bC,G,g
661428910087,2460029.9847136,5.432153912848209,0.06002549789070743,14.562635455775592,0.012010909015045429,17.706801183776538,1.57,bq514205,bq,G,g
661428910087,2460034.0983673,4.753610673997151,0.04688524634879591,14.70750659816369,0.01072074004102592,17.97505010579155,1.43,bC409868,bC,G,g
661428910087,2460034.1134638,6.493964292042389,0.05201663993381481,14.36879088161101,0.008706519388210864,17.862284873728974,2.11,bA410713,bA,G,g
661428910087,2460041.1128549,4.630133483388785,0.12753335452200645,14.736081843299154,0.029939355298133977,16.88858115362652,2.38,bC411724,bC,G,g
661428910087,2460043.1133411,5.875298684709537,0.204082151964181,14.47749074755093,0.03775611044683247,16.37812804872605,2.11,bA413131,bA,G,g
661428910087,2460045.0850802,4.80644524928126,0.07508821913875281,14.695505623325813,0.0169808715725721,17.46371110063526,1.53,bC413066,bC,G,g
661428910087,2460046.9345087,4.922372570773673,0.06603233230652775,14.669629417177186,0.014581235616414282,17.603249018647112,1.47,bs520084,bs,G,g
661428910087,2460048.937504,4.9951010645125455,0.04428300911590763,14.653704923251558,0.009636182519455461,18.037047800548784,1.47,bs520948,bs,G,g
661428910087,2460049.0746308,6.745156748176204,0.059124554006184084,14.327585505951458,0.009527698461465079,17.7232209170726,1.99,bA414850,bA,G,g
661428910087,2460049.9717049,5.012628707427557,0.05714140853832562,14.649901779803685,0.012390749504358874,17.760263257548562,1.96,bs521401,bs,G,g
661428910087,2460052.0720968,5.871154283587472,0.0626769587564307,14.478256889729188,0.011603702746072087,17.65987082332221,2.14,bA416213,bA,G,g
661428910087,2460053.9291205,5.177659061846584,0.057370561251046004,14.614731998167564,0.01204391887584398,17.755917865024387,1.49,bq523084,bq,G,g
661428910087,2460057.0431142,4.84035028505132,0.045539488690900326,14.687873643088444,0.010226417782636709,18.006670236124652,1.46,bC416534,bC,G,g
661428910087,2460057.0456317,4.970334831669788,0.05299832892187102,14.659101506259557,0.011590140546638022,17.84198517099925,1.52,bC416536,bC,G,g
661428910087,2460058.0524642,6.521612817338403,0.059201547849668655,14.364178093438273,0.009867115747989286,17.72180795722855,2.00,bA417829,bA,G,g
661428910087,2460059.9158877,4.994776602064605,0.044583379059548296,14.65377545076725,0.00970217458973293,18.029708157939986,1.48,bq525172,bq,G,g
661428910087,2460060.0545459,4.631318636549776,0.07200896043094403,14.735803968148382,0.01690028592426527,17.509174258433898,1.46,bC417892,bC,G,g
661428910087,2460061.9363843,5.403746342775941,0.06429820617234862,14.568328235747652,0.012933500224079525,17.63214346919063,1.61,bq526005,bq,G,g
661428910087,2460062.8856253,4.925037703178433,0.054320536015087455,14.669041723411521,0.011988550026299253,17.815230494562332,1.41,bs526108,bs,G,g
661428910087,2460064.8998762,5.152837928203242,0.04269614217604233,14.619949415165994,0.009006464173332306,18.07666902149946,1.40,bs526932,bs,G,g
661428910087,2460071.9975228,4.713548541099241,0.11350086714189597,14.716695662544716,0.026173594413469073,17.015142662608277,2.00,bC419939,bC,B,g
661428910087,2460072.9975242,4.127500433451358,0.11676561037133984,14.860847803426061,0.0307496374026665,16.98435322678496,1.44,bC420312,bC,G,g
661428910087,2460073.024544,6.3090882442123455,0.12902021307978456,14.400149117641712,0.022228150346746686,16.875996224427855,2.03,bA421168,bA,G,g
661428910087,2460074.0095714,5.900973020798607,0.1137323308764253,14.472756549650619,0.020949443141496143,17.012930761831658,2.05,bA421529,bA,G,g
661428910087,2460095.8138095,5.261971306004209,0.11897334554655102,14.597194433507607,0.024576122965054292,16.964016426000107,1.50,bs535303,bs,G,g
661428910087,2460099.888112,5.207398907400555,0.2026308821232793,14.608513503209613,0.04229577237047064,16.385876523767397,2.06,bs536686,bs,G,g
661428910087,2460101.8626049,4.845953175538391,0.2811957222328631,14.686617588752275,0.06307273576414567,16.030118837507228,1.40,bs537334,bs,G,g
661428910087,2460103.8389929,4.364821458357298,0.09950615562242938,14.80014941296638,0.024779676749411436,17.158015741985835,1.47,bs537925,bs,G,g
661428910087,2460107.7850585,5.2571048820714585,0.04182818552079104,14.598199018498528,0.00864837587688061,18.098968047492377,1.43,bs538630,bs,B,g
661428910087,2460107.9162569,6.202629881181583,0.032518527392844866,14.418625954697957,0.005698586906538414,18.37231343577627,2.22,bA433147,bA,G,g
661428910087,2460107.9855233,6.5318738120058955,0.04543684096527259,14.362471157043679,0.007561057062010211,18.00912028878701,2.31,bA433201,bA,G,g
661428910087,2460109.9522236,4.55045664545046,0.1709472941440472,14.754928169843737,0.040833764767169996,16.57048503415627,1.41,bs539454,bs,G,g
661428910087,2460110.9060799,6.742577057388083,0.06473204152656266,14.328000826087557,0.010435314880930953,17.624842351284215,2.05,bA434539,bA,G,g
661428910087,2460111.7758686,4.796402856160066,0.06993732074463567,14.697776489978951,0.01584913302240895,17.54086813459277,1.55,bs540046,bs,G,g
661428910087,2460112.8186705,4.827311254093078,0.06580613562820627,14.69080236716782,0.01481744278057057,17.606974640885827,1.49,bq540633,bq,G,g
661428910087,2460113.7336378,5.355483946109777,0.06693502345928232,14.578068817822613,0.013585226099814596,17.58850706160422,1.66,bs540657,bs,G,g
661428910087,2460113.8838855,5.064308747371411,0.06504674735337512,14.638765185449998,0.013961033929925074,17.619576649813034,1.50,bq541053,bq,G,g
661428910087,2460115.8761284,4.234375192890775,0.04020170906835436,14.833092280596807,0.010319706654779204,18.142029320573165,1.46,bC435762,bC,G,g
661428910087,2460116.9607689,7.273339668718927,0.03571309985617726,14.245730947728143,0.005337106276933976,18.27057174121056,2.01,bA437081,bA,G,g
661428910087,2460120.0829546,4.958528739249859,0.0424001270857139,14.661683535497179,0.009294509940736346,18.08422271568314,1.41,bC437376,bC,G,g
661428910087,2460120.8768874,6.614939532826031,0.058451747383783,14.348750925644637,0.009604699742237538,17.73564686470817,2.07,bA438493,bA,G,g
661428910087,2460121.7905757,5.0938769639013906,0.034372379251494625,14.632444494969231,0.0073345473516282025,18.312116623983027,1.49,bs542039,bs,G,g
661428910087,2460122.9050258,4.782528854795211,0.053412882532406135,14.700921624859284,0.012139494141320966,17.83352557102517,1.52,bC438486,bC,G,g
661428910087,2460123.8959599,6.432157250819696,0.07021646648918614,14.379173988960295,0.011865730766170509,17.536543184864225,2.04,bA439730,bA,G,g
661428910087,2460124.9191411,4.757633096026476,0.0626675098109329,14.706588255706272,0.014317383689598704,17.660034517218882,1.47,bC439254,bC,G,g
661428910087,2460125.9429218,6.685200310616656,0.1008275736621316,14.33727956056764,0.016393703056158275,17.143692320560135,2.05,bA440531,bA,G,g
661428910087,2460126.7155083,4.378553074877647,0.25936762551295905,14.796739076280685,0.06438687101838574,16.117851196128836,1.53,bs543480,bs,B,g
661428910087,2460126.9154181,4.656886166972188,0.18083622966133514,14.729826566885688,0.04220870172673845,16.509427002319704,1.42,bC440098,bC,G,g
661428910087,2460129.9155596,4.704852093880107,0.10282240409368476,14.718700684553836,0.023754940746363654,17.12242122668741,1.50,bC441351,bC,B,g
661428910087,2460130.9039483,5.992157679019609,0.09274307888627346,14.456107539864815,0.016823271322542195,17.234436837655846,2.02,bA442595,bA,B,g
661428910087,2460131.9163785,4.294665676693218,0.18451258869616627,14.817742218987819,0.04669913253426784,16.487575606413557,1.45,bs544828,bs,G,g
661428910087,2460132.9826609,4.145403437331592,0.08712419436100481,14.856148614330229,0.022844630852846624,17.30229367345285,1.42,bC442651,bC,G,g
661428910087,2460133.9606226,5.544578792901526,0.09750072556922118,14.540394223466356,0.01911399467664565,17.180120992464136,2.04,bA443822,bA,G,g
661428910087,2460134.8760948,5.009363663663366,0.07065142391228373,14.650609219246673,0.015330295651853766,17.529838313779187,1.43,bs545759,bs,G,g
661428910087,2460136.9420751,6.485016320818372,0.07153989856269082,14.370287938759956,0.011990834789057195,17.51626981138754,2.19,bA445033,bA,B,g
661428910087,2460137.0112587,4.398496767729547,0.054145015192835974,14.79180492937685,0.013380316160581546,17.818744411665573,2.28,bC444254,bC,G,g
661428910087,2460139.8291879,4.298604864474701,0.03968439906464529,14.816746807736473,0.01003470142861937,18.15609109086643,2.28,bC445291,bC,G,g
661428910087,2460139.8446109,5.933784936597899,0.055171336469170336,14.466736117912149,0.010106339314449677,17.798356850380724,2.21,bA446136,bA,G,g
661428910087,2460141.7626121,5.193586718184316,0.03757757370146708,14.611397153520127,0.00786454352691005,18.215318773287034,1.44,bs547408,bs,G,g
661428910087,2460146.8137555,4.753646426394801,0.046010108189570915,14.70749843226008,0.010520552577257153,17.995507475243983,1.40,bC446500,bC,G,g
661428910087,2460146.8327198,6.77699838075379,0.04693505325136886,14.322472167599969,0.007527869915777422,17.97389732408693,2.01,bA447348,bA,G,g
661428910087,2460149.8154798,4.503530435142841,0.05845911258761213,14.766182867084218,0.014109489121321254,17.735510065295944,1.46,bC447771,bC,G,g
661428910087,2460149.9557813,6.790435812662569,0.04961060514229265,14.320321501396652,0.007941253300161261,17.913704300132935,2.02,bA448732,bA,G,g
661428910087,2460152.9400759,6.317921093182971,0.04904603648106465,14.39863012842953,0.008438046064878989,17.926130819356807,2.41,bA449955,bA,G,g
661428910087,2460153.0737538,4.736441832847155,0.07903905611776697,14.711435101773965,0.01813851421620199,17.408036248247715,1.52,bC449187,bC,G,g
661428910087,2460154.8504759,4.48599958675817,0.05820924660580154,14.770417549180827,0.01410408516542472,17.740160665672025,1.44,bs551378,bs,G,g
661428910087,2460155.7981695,6.5745226670795365,0.1211876232852229,14.355405054692822,0.020035778132384427,16.943994940855788,2.03,bA451102,bA,G,g
661428910087,2460155.84778,4.661969754917913,0.08908160111847145,14.728641993140474,0.02076972447119432,17.278170575756423,1.42,bC450291,bC,G,g
661428910087,2460156.9664758,4.942813787939389,0.1814611023558953,14.665129998615472,0.03990446274326264,16.505681749343026,1.51,bs552090,bs,G,g
661428910087,2460157.9636972,4.653253324068034,0.16282885690345125,14.730673881637788,0.03803530038287386,16.623312176346722,1.45,bC451140,bC,G,g
661428910087,2460158.8635558,4.308842916629124,0.1634510877576229,14.814163967987675,0.041232467569853465,16.619171073614943,1.93,bC451497,bC,G,g
661428910087,2460159.8305856,5.238452580322276,0.08796111043117143,14.602058079954553,0.018251554476550323,17.291913853175103,1.40,bC451897,bC,G,g
661428910087,2460161.7998822,5.315200892224216,0.10014354388478375,14.586266413099304,0.020479315898459687,17.151083221017505,1.46,bs553222,bs,G,g
661428910087,2460162.0272277,4.474585597179625,0.07046420197861854,14.773183571304243,0.017117009436154074,17.532719266893906,1.46,bC452938,bC,G,g
661428910087,2460162.0424481,5.51075481502406,0.1283536467994422,14.54703790031231,0.02531682830404521,16.881620080416035,2.05,bA453800,bA,G,g
661428910087,2460163.8118109,4.220855465396245,0.10513713386854158,14.836564420085956,0.02707496010518876,17.098250277464032,1.47,bs553876,bs,G,g
661428910087,2460166.9688707,4.965182538326482,0.08128907264469276,14.660227573823729,0.017795456053274483,17.377560188695305,1.45,bs554544,bs,G,g
661428910087,2460170.8409709,6.562549184733221,0.03542100746018802,14.35738419388408,0.005866789563267386,18.279488337871552,2.02,bA454827,bA,G,g
661428910087,2460177.7794758,4.449505058552548,0.049710227853981624,14.779286360163649,0.012143565554367687,17.91152622695517,1.43,bC454658,bC,G,g
661428910087,2460178.9272256,3.9937438123475206,0.0493900513586691,14.896615115695313,0.013442233892759397,17.918541917025607,1.94,bC455176,bC,G,g
661428910087,2460181.7606577,4.700603969239519,0.04266891689127586,14.719681464859926,0.00986665921954294,18.0773615642958,2.36,bs557855,bs,G,g
661428910087,2460181.9835247,7.350282020611242,0.04047555428382951,14.234305615508642,0.005985507437190294,18.134658599394385,2.07,bA457296,bA,G,g
661428910087,2460182.922311,4.407149048917858,0.05023811594042603,14.789671276000655,0.012390469928567741,17.90005725177794,1.45,bC456714,bC,G,g
661428910087,2460185.9194139,6.710882938114317,0.1316722702079617,14.333116464212743,0.021326855818313034,16.85390480280911,2.16,bA458418,bA,G,g
661428910087,2460186.8475977,4.547322558487106,0.10564005942761577,14.755676218734198,0.025251375963520593,17.093069019325945,1.48,bC457948,bC,G,g
661428910087,2460190.8490834,6.788864091240862,0.08558373406514903,14.320572836129816,0.013702704406312242,17.32166253377422,2.04,bA460127,bA,G,g
661428910087,2460191.8587899,4.216683822311283,0.07428379665340074,14.83763802795794,0.019148520646658222,17.475405380252226,1.49,bC459539,bC,G,g
661428910087,2460194.9286195,4.687360072468599,0.046914908439638796,14.722744831462418,0.010879144103901391,17.974363428736847,1.43,bC460698,bC,G,g
661428910087,2460195.7492794,7.602102555472674,0.03917297044754467,14.19773131199026,0.005600992014136996,18.17017434914996,2.08,bA461809,bA,G,g
661428910087,2460196.6875754,5.10515571549389,0.050969202123178924,14.630043139012187,0.01085203072013829,17.884371023556977,1.45,bs562566,bs,G,g
661428910087,2460196.8586067,7.505755479224695,0.039271528410414744,14.211579592377737,0.005687161544566215,18.16744610162671,2.10,bA462350,bA,G,g
661428910087,2460197.7328812,4.514046190322568,0.05138938704655825,14.763650625492353,0.01237427067498424,17.875457017408518,1.46,bs562959,bs,G,g
661428910087,2460197.7704851,6.762206580104881,0.05721736975557607,14.324844537312106,0.009197115242761199,17.758820887192982,2.05,bA462734,bA,G,g
661428910087,2460198.7961505,4.135132403764056,0.0674589256506474,14.858842072564737,0.01773218171170078,17.580042060582237,1.55,bs563366,bs,G,g
661428910087,2460198.9061668,4.56478144137134,0.03375503397868746,14.75151565067253,0.008037680400671689,18.33179423769948,1.52,bC462451,bC,G,g
661428910087,2460201.8892079,7.469900373259837,0.04309739979190886,14.216778598209608,0.006271167945091481,18.066512940105955,2.03,bA464484,bA,G,g
661428910087,2460202.8561069,4.175265728726851,0.045637721696912305,14.848355320429407,0.011880972962863489,18.004330722293446,1.44,bC464069,bC,G,g
661428910087,2460204.9344532,7.654698639383736,0.04821371748125443,14.190245378598878,0.006846280581694662,17.944714064659987,2.12,bA465757,bA,G,g
661428910087,2460206.7642326,4.287848314601287,0.04533857616248238,14.819467088509368,0.011493191323573904,18.011470918485934,1.55,bC465648,bC,G,g
661428910087,2460209.7398815,7.665500060312183,0.049734411097283146,14.188714393794058,0.007052265614990459,17.910998161820732,2.36,bA467806,bA,G,g
661428910087,2460211.776385,4.411813434432846,0.04733157708745824,14.788522775208557,0.011661274250148538,17.964763172954974,1.46,bC467610,bC,G,g
661428910087,2460213.8553237,8.229912043642367,0.10221242405941075,14.111577637886093,0.01349959274716278,17.128881391209042,2.09,bA469300,bA,G,g
661428910087,2460218.79638,6.694518487711452,0.10755495950488676,14.335767259147508,0.017463177507661205,17.073564508711925,2.11,bA471282,bA,G,g
661428910087,2460218.8729027,4.439417963285265,0.10095123277890132,14.7817505347789,0.024717114214997143,17.142361544555442,1.51,bC470494,bC,G,g
661428910087,2460220.8239952,4.631130963873141,0.05502989285915402,14.735847965800943,0.012915873336442655,17.801143943294154,1.39,bC471216,bC,G,g
661428910087,2460221.8042341,5.958984038194653,0.04708208653000697,14.462135066982249,0.008588071503944084,17.9705013585334,2.03,bA472502,bA,G,g
661428910087,2460222.856278,6.417148027675197,0.04827537013832786,14.381710478526351,0.00817703256725962,17.943326580693352,2.04,bA472996,bA,G,g
661428910087,2460223.7835891,4.292793761396855,0.04598526773252837,14.81821556183301,0.011643696260294401,17.996093813066704,1.45,bC472515,bC,G,g
661428910087,2460224.8484056,7.986212765860392,0.04339690556349266,14.144213431450543,0.005906497974506893,18.0589937038252,2.03,bA473866,bA,B,g
661428910087,2460226.8337135,6.761374681490058,0.05234963681541801,14.324978114717155,0.008415711571637617,17.85535642886,2.25,bA474711,bA,G,g
661428910087,2460228.612146,5.002807749701432,0.04102138854128811,14.652031087464298,0.008912688241599727,18.12011471943463,1.54,bq571521,bq,G,g
661428910087,2460229.7083559,4.663225438547844,0.05704739233111692,14.728349593644552,0.01329724156802251,17.762051118044315,1.52,bq572068,bq,G,g
661428910087,2460229.8332007,4.569672582312507,0.04028358145666275,14.75035291247358,0.009581977875791415,18.1398204238608,1.93,bC475209,bC,G,g
661428910087,2460231.7745031,8.300625263675451,0.054090412368647076,14.10228860268656,0.007083072012050617,17.81983988048699,2.05,bA476966,bA,G,g
661428910087,2460233.6509398,4.982120254139433,0.06041340947490056,14.656530107396787,0.01318048262176731,17.69980724607349,1.49,bq573780,bq,G,g
661428910087,2460233.724085,4.288728637350624,0.05156467790672502,14.819244202784787,0.013068806091848375,17.87175983814244,1.57,bC476987,bC,G,g
661428910087,2460234.7313886,4.580402746404115,0.03797694452810271,14.74780645628407,0.00901215238396953,18.203840560884966,1.42,bs572868,bs,G,g
661428910087,2460235.6898449,5.323456903404349,0.05191713675111292,14.584581265928145,0.010600568654093253,17.86436377905505,1.44,bs573317,bs,G,g
661428910087,2460235.7676662,7.282395601872784,0.040287806044388794,14.244379953693302,0.006013281332209964,18.139706567366808,2.02,bA478824,bA,G,g
661428910087,2460236.6541727,4.799874465489529,0.05204250760291683,14.696990924498532,0.011785296355845316,17.861745075621453,1.50,bs573771,bs,G,g
661428910087,2460236.7641057,4.839491647999126,0.062021987594341486,14.688066260559516,0.01393022424881455,17.67127641196853,1.52,bq575316,bq,G,g
661428910087,2460237.6438802,4.773501061061243,0.048527901956864204,14.702973063690767,0.011050111614849796,17.93766182258592,1.47,bs574248,bs,G,g
661428910087,2460237.7523575,5.352621939620221,0.04029944096740789,14.578649197615476,0.008183604348689168,18.139393057283822,1.49,bq575792,bq,G,g
661428910087,2460239.758025,4.746325963961107,0.05586793597775642,14.709171719791119,0.012794320876446266,17.784734044462446,2.20,bC479671,bC,G,g
661428910087,2460239.7885472,6.615475561698456,0.051513774167194486,14.348662948668897,0.008463976968581394,17.87283218714161,2.03,bA480543,bA,G,g
661428910087,2460241.7820997,4.9095999113790025,0.07066650358628784,14.67245036619068,0.015645147940383297,17.529606601520534,1.38,bC480656,bC,G,g
661428910087,2460241.8164864,6.206860451195111,0.1004799150078339,14.417885669144663,0.01759622272489293,17.147442463842253,2.17,bA481531,bA,B,g
661428910087,2460243.6174158,5.599769336411351,0.11101796856746508,14.529640277082311,0.021549406362150123,17.039157420823685,1.52,bq576771,bq,,g
661428910087,2460243.6186432,5.551213208002717,0.14574776103264084,14.539095852781221,0.02853817236832524,16.743635881743423,1.48,bq576772,bq,G,g
661428910087,2460243.7697137,4.569258816436615,0.08511220177459779,14.750451226066815,0.020246886095768003,17.327661047790283,1.42,bC481632,bC,G,g
661428910087,2460244.7057335,4.295039223042929,0.13792451575855252,14.81764778668752,0.034904908692604895,16.80353694179012,1.44,bs575853,bs,G,g
661428910087,2460247.8062187,7.725598303027401,0.13206412886889196,14.180235314777427,0.018580821902892296,16.850678433981095,2.11,bA484427,bA,G,g
661428910087,2460249.744783,7.816815725791619,0.036172554692060974,14.167490937315609,0.005029924666225808,18.25669265654911,2.08,bA485369,bA,G,g
661428910087,2460252.7514703,4.36642659133425,0.042231884367115745,14.799750214364707,0.010512995278398194,18.088539461752614,1.48,bC485872,bC,G,g
661428910087,2460254.7548841,4.399057768684217,0.04352170252122602,14.791666459295037,0.01075371156282554,18.05587592107766,2.02,bC486891,bC,G,g
661428910087,2460255.7028311,4.4762869475002445,0.05803249880761387,14.772770825473465,0.014091769314963193,17.74346243356637,1.42,bs579154,bs,G,g
661428910087,2460257.7569067,7.377915542401175,0.04153002204305365,14.230231423789025,0.006118439286575997,18.106735207386848,2.14,bA488873,bA,G,g
661428910087,2460257.7606537,4.444702475243224,0.04483553409970305,14.78045888487982,0.010964575574355526,18.023584742382305,1.45,bC488028,bC,G,g
661428910087,2460260.7524603,7.6598392720301804,0.04356275442767099,14.189516480185944,0.006181698903654305,18.05485228159101,2.15,bA490329,bA,G,g
661428910087,2460260.7562419,4.70201299517499,0.03998254170750542,14.719356059605445,0.009242697650830805,18.147964614071896,1.52,bC489484,bC,G,g
661428910087,2460266.6879242,4.19151278771908,0.10965665698527356,14.844138633611085,0.028436515525249128,17.052553107039586,2.28,bC491827,bC,G,g
661428910087,2460267.7108647,5.66439271971424,0.0636016985364299,14.517182232465196,0.012204711862094585,17.64396882644266,2.14,bA493192,bA,G,g
661428910087,2460267.7300387,4.049813298291397,0.04767393127937301,14.881478116955936,0.012795525794465657,17.956938196144105,1.41,bC492359,bC,G,g
661428910087,2460268.5934507,5.49519906506062,0.07109207345723573,14.550107048585705,0.014062091650076965,17.523087659044187,1.43,bs581575,bs,G,g
661428910087,2460268.6881187,5.054839564089262,0.069782000071692,14.640797182176081,0.015005421856864036,17.54328207915597,1.56,bq583092,bq,G,g
661428910087,2460269.6490331,5.037528979374188,0.06714231319489407,14.644521728480731,0.014487415459177722,17.585149862606034,1.41,bs582015,bs,G,g
661428910087,2460270.5875099,5.056122791300861,0.06030053105003953,14.640521590951217,0.012963303739763399,17.70183776927231,1.51,bq583728,bq,G,g
661428910087,2460271.6165601,4.699491537202837,0.09057638631800734,14.719938442619858,0.020949626793565955,17.26010313679959,1.47,bs582761,bs,G,g
661428910087,2460271.6691049,5.1971050358398285,0.074973630975679,14.610661886784314,0.015680475300285757,17.46536925080964,1.65,bq584260,bq,G,g
661428910087,2460273.7067286,5.110365194094344,0.08306174232131722,14.628935780892167,0.017666937507226633,17.354138019628003,1.49,bC494707,bC,G,g
661428910087,2460274.6649922,6.776967035677992,0.6617966666852186,14.32247718937516,0.10614544812327689,15.100829172967751,1.49,bs584103,bs,B,g
661428910087,2460279.6669791,5.077239842848672,0.08320287804426446,14.635996423655783,0.017812416532786254,17.352294738710427,2.10,bq586669,bq,G,g
661428910087,2460282.633177,4.880417808938036,0.051858164517879786,14.678923114227779,0.011549742734095057,17.865597758524267,1.55,bs586139,bs,G,g
661428910087,2460283.6406115,5.024104654575658,0.049301202554942566,14.647418928803663,0.010666231563841265,17.920496829648393,1.43,bs586780,bs,G,g
661428910087,2460283.6923059,7.0594106302294675,0.08185726940058331,14.27814451084377,0.012603784860695777,17.369997478114637,2.23,bA497463,bA,G,g
661428910087,2460283.6947768,7.329892694012468,0.13862579278710926,14.237321580201709,0.0205569461711617,16.798030504314113,2.19,bA497465,bA,G,g
661428910087,2460284.6371492,5.070749514033737,0.04847165379176248,14.637385228016562,0.010390294385992212,17.938921017551838,1.44,bs586973,bs,G,g
661428910087,2460284.6924545,7.069646719997063,0.10101552822899965,14.27657134217091,0.015531113725224449,17.141670263475493,2.20,bA497619,bA,G,g
661428910087,2460285.6310314,4.455383429305182,0.0684346017362276,14.777852909113271,0.016695630768957866,17.564451251022625,1.42,bs587546,bs,G,g
661428910087,2460285.651931,5.229434857792544,0.05480865463798769,14.603928728700993,0.011392172620285029,17.80551775698551,1.49,bq589019,bq,G,g
661428910087,2460287.6236571,4.952345054504647,0.0748010025307715,14.66303838097652,0.016417563121836988,17.467872064954015,1.66,bq589966,bq,G,g
661428910087,2460296.5397926,4.746135730652866,0.06557142206320063,14.709215237099226,0.015017118956583414,17.61085410539836,1.49,bq593267,bq,G,g
661428910087,2460300.6059276,4.641148404187506,0.11033141830570418,14.733501983453316,0.02583960783755799,17.045892608812988,2.23,bs592924,bs,G,g
661428910087,2460303.5809579,4.694056466489035,0.1405579073346008,14.72119484833697,0.03254761316785399,16.78300240484775,2.28,bq595579,bq,G,g
661428910087,2460304.5832586,4.161050284378732,0.13483886824684743,14.852058212097955,0.03522283491143078,16.828102864772454,1.45,bs594586,bs,G,g
661428910087,2460305.6098341,5.2884713998544886,0.21258777672165918,14.591740222223422,0.043693848917475,16.333794886361385,1.50,bq596556,bq,G,g
661428910087,2460310.5778344,4.215673301268254,0.05547290050876622,14.837898253959107,0.014302965784765528,17.792438425426408,1.43,bs596405,bs,G,g
661428910087,2460313.5680618,4.473378423847114,0.049670024793291925,14.77347652549972,0.012068989535113414,17.912404669497853,1.49,bs597590,bs,G,g
661428910087,2460316.5696556,5.252369037548165,0.05971963229549562,14.599177540971947,0.012358736283647224,17.712347798861995,1.56,bq600092,bq,G,g
661428910087,2460427.0213374,4.017443287711712,0.1286104553761056,14.890191235394274,0.034796750874490225,16.87944992155069,1.41,bC540454,bC,G,g
661428910087,2460427.0405314,7.182972843910636,0.18021209354082374,14.259305060947018,0.027270423350760697,16.513180781601868,2.08,bA540839,bA,G,g
661428910087,2460428.8726338,4.613441464264171,0.09740962442042275,14.740003085739668,0.022950334877788525,17.181135939312814,1.59,bs628064,bs,G,g
661428910087,2460429.8771817,5.160166947879045,0.1051840372344798,14.618406240612583,0.022156351995910126,17.097766021094582,1.47,bs628495,bs,G,g
661428910087,2460429.8922155,5.294572680557406,0.0893320817914586,14.590488336274895,0.01833955160542565,17.275121974219857,1.46,bq629888,bq,G,g
661428910087,2460431.8695232,4.154971092914063,0.08483962305877013,14.853645605671185,0.022194373805124092,17.33114378573056,1.50,bs629296,bs,G,g
661428910087,2460431.903451,4.991869423461305,0.0848826755051721,14.654407580742497,0.018482810726054313,17.330592961222997,1.47,bq630704,bq,G,g
661428910087,2460432.8673107,4.508707964060666,0.0545948765073308,14.764935356539844,0.013161698993638166,17.80976089153928,1.48,bs629686,bs,G,g
661428910087,2460432.8784985,4.964937954029429,0.05455048018027502,14.660281058376448,0.011942546058975313,17.81064416690278,1.51,bq631076,bq,G,g
661428910087,2460433.8568986,4.1664129221573925,0.07640247221227725,14.850659848478749,0.019932293557962003,17.444872082451283,1.48,bs630062,bs,G,g
661428910087,2460433.8719675,4.6230025506380805,0.06811842093682278,14.737755289656235,0.01601594657948683,17.569479181535392,1.45,bq631455,bq,G,g
661428910087,2460434.8528948,4.737005631246845,0.0504334514144014,14.71130586976254,0.011572493933106866,17.895843886119778,1.55,bs630432,bs,G,g
661428910087,2460434.8716498,4.884911156091348,0.054143771491284805,14.677923948701112,0.012047696192103415,17.818769351123173,1.49,bq631828,bq,G,g
661428910087,2460436.8611202,4.726128798114674,0.048513548799756445,14.713801739775445,0.011157571135522267,17.937982999615254,1.46,bs630884,bs,G,g
661428910087,2460436.8797822,5.125547011626957,0.07181009577848045,14.62571506920473,0.015228511562974579,17.51217684649594,1.50,bq632280,bq,G,g
661428910087,2460438.8649049,5.413706952830259,0.05089142413502738,14.566328763650418,0.010217909067878317,17.886029100817705,2.05,bq632977,bq,G,g
661428910087,2460439.1110303,4.580181218178052,0.05767148983848657,14.747858968485561,0.013686445800345637,17.75023768452426,1.41,bC544932,bC,G,g
661428910087,2460439.8473068,4.787382206673427,0.053620126001320476,14.69982036900298,0.01217424119017807,17.829321035962952,1.50,bs631964,bs,G,g
661428910087,2460439.8772935,5.116206808405149,0.045393633223035745,14.62769539401771,0.009644040502067502,18.010153250775378,1.54,bq633369,bq,G,g
661428910087,2460440.8505649,4.955807898339099,0.05485221295623092,14.662279463528744,0.012030726740756167,17.80465522786897,1.58,bs632341,bs,G,g
661428910087,2460440.869355,5.32876414774989,0.04457009851154075,14.583499375535038,0.009091368637910406,18.030031626463938,1.49,bq633737,bq,G,g
661428910087,2460442.9527637,5.328276402077139,0.12746467135147632,14.58359875831087,0.026002509134625835,16.88916603506982,1.51,bq634154,bq,G,g
661428910087,2460443.8441498,4.645619440377863,0.05805469686244227,14.732456546263338,0.013583319120751575,17.74304720720214,1.58,bs633092,bs,G,g
661428910087,2460444.8601859,4.920852035443027,0.06595377325985738,14.66996485608837,0.014568388454226637,17.604541494258655,1.54,bq634875,bq,G,g
661428910087,2460444.8713829,4.29829301598579,0.06297141763535805,14.816825576892434,0.01592427338651619,17.65478193542527,1.42,bs633503,bs,G,g
661428910087,2460448.8309613,4.9424040634966735,0.0984719125907785,14.665220002228619,0.021656401666792682,17.16935967850613,1.45,bq636081,bq,G,g
661428910087,2460449.8182321,4.778391903452324,0.09048368382531301,14.701861207613746,0.020582621147890272,17.261214927613597,1.45,bs635072,bs,G,g
661428910087,2460449.8370101,5.004165043869432,0.09244505836569464,14.651736560146569,0.020080024981639702,17.23793135899057,1.49,bq636470,bq,G,g
661428910087,2460451.8160239,6.0202636423931395,0.27330394361792637,14.451026845994226,0.04934493264391979,16.061025865551663,1.99,bs635816,bs,B,g
661428910087,2460451.8309881,5.151367353335306,0.32359811411095485,14.620259319004889,0.06828033343955753,15.877625656606988,1.54,bq637211,bq,B,g
661428910087,2460453.82274,5.953814444464448,0.36889205402211045,14.463077383842098,0.06734667794524192,15.735392360007845,1.53,bq637782,bq,G,g
661428910087,2460454.8062613,5.01314447574386,0.1621602579935289,14.649790070048327,0.035159798574688435,16.62777954484517,1.51,bs636702,bs,G,g
661428910087,2460455.8496695,4.94971871142555,0.10031889004675927,14.663614324719434,0.022029993651609115,17.149183815515514,1.50,bq638423,bq,G,g
661428910087,2460456.7949742,4.774899937968723,0.11986259107296723,14.70265493475683,0.02728547755384725,16.955931457397575,2.06,bs637307,bs,G,g
661428910087,2460488.7899157,4.0260600799695,0.13814283926084153,14.887864993587838,0.03729583192590351,16.801819666814346,1.48,bs643593,bs,,g
661428910087,2460489.8685054,7.195025419221387,0.05292995729624616,14.257484790809121,0.007996158307492727,17.84338675243285,2.02,bA558880,bA,,g
661428910087,2460490.8887818,4.920631473327985,0.049825180454439164,14.67001352197772,0.011006271275412744,17.90901841073665,1.42,bC558751,bC,,g
661428910087,2460491.9245674,7.956223065832414,0.0487012464340654,14.148298245319769,0.006653425499803222,17.933790420289096,2.00,bA559483,bA,,g
661428910087,2460492.8637447,4.618844728620768,0.05270995799967224,14.738732215170216,0.012404277687301207,17.847908936040334,1.52,bq645991,bq,,g
661428910087,2460492.8643781,3.9474144248322918,0.06043340317101377,14.909283812773273,0.01664088809484818,17.699447983309998,1.46,bC559424,bC,,g
661428910087,2460493.8477539,4.637233236016109,0.05761601675573954,14.734418272575393,0.013505058292708344,17.751282535623144,1.47,bq646271,bq,,g
661428910087,2460493.8551841,4.002372135481436,0.07295073710115044,14.894271956464014,0.019811820783684844,17.495066400431735,1.62,bs644894,bs,,g
661428910087,2460495.709859,5.008597748498394,0.07518666287797184,14.65077523741979,0.016316869045335965,17.462288588161357,1.46,bs645254,bs,,g
661428910087,2460495.9860683,7.857111044668771,0.05957066963607893,14.16190839458542,0.008241035095111458,17.715059406326034,2.19,bA560952,bA,,g
661428910087,2460497.1063358,4.6154217098558465,0.04091361622003893,14.739537150916357,0.009635375654479935,18.122970943801093,2.00,bC560977,bC,,g
661428910087,2460498.8373643,7.5465309469489,0.044952474719917014,14.205697228913106,0.006474681666134568,18.020756597764063,2.02,bA561857,bA,,g
661428910087,2460498.8952771,4.590373831112124,0.05701184996629137,14.745445484594779,0.013499859579466911,17.762727777519963,1.42,bs645554,bs,,g
661428910087,2460499.8586736,5.262621951167177,0.06271359649700874,14.597060190027879,0.01295304001440222,17.659236342958714,1.48,bq647219,bq,,g
661428910087,2460499.9457361,4.357428983179349,0.07532394407977631,14.801989827872857,0.018789486317890163,17.460307980742677,1.47,bs645877,bs,,g
661428910087,2460501.7141837,4.912857446682401,0.06388443341013866,14.671730215617782,0.01413425939717653,17.63915299295028,1.42,bs646206,bs,,g
661428910087,2460502.7931665,4.594519270746963,0.0770344941746712,14.744465428724368,0.018224571692441904,17.435927523340986,1.46,bs646536,bs,,g
661428910087,2460503.8667682,7.495183995869754,0.043057668544597284,14.21310987574907,0.006244251463502714,18.067514335788353,2.01,bA563186,bA,,g
661428910087,2460504.8861256,4.304257179788909,0.04716533816455895,14.815320090853454,0.011910689760529851,17.968583230000114,2.07,bC563152,bC,,g
661428910087,2460511.6961016,4.524165435808278,0.12288089585589519,14.761219428650792,0.029522835325726655,16.928929689199226,1.51,bq649998,bq,,g
661428910087,2460512.8653408,4.4162098972556665,0.0754010540235998,14.787441355489808,0.018558372297450505,17.459197069266633,1.45,bC565667,bC,,g
661428910087,2460513.9703276,6.69866802618138,0.1984898949309854,14.335094483585198,0.0322078784843946,16.40829460683567,2.10,bA566430,bA,,g
661428910087,2460517.7944068,5.253102769655585,0.08605113114951064,14.599025879146657,0.017805446096787914,17.315749152593757,1.46,bq651347,bq,,g
661428910087,2460521.0334709,4.704583026243223,0.04758286390017101,14.718762778924273,0.010993642571681209,17.959014167325137,1.36,bC567990,bC,,g
661428910087,2460522.9689165,6.968642252002901,0.05043972449298375,14.292195197805931,0.007867499221475433,17.895708847077344,2.00,bA568664,bA,,g
661428910087,2460522.9879494,4.374265326996255,0.04660821904255539,14.797802816728696,0.011581626597337606,17.981484340635497,1.44,bC568313,bC,,g
661428910087,2460523.9570951,6.922674033919142,0.04919285028468604,14.299380915817224,0.007723964638214348,17.922885644541275,2.02,bA569012,bA,,g
661428910087,2460523.9685035,4.132915989782086,0.05931433801068802,14.859424178727657,0.01559966539188132,17.719741392102,1.49,bC568655,bC,,g
661428910087,2460525.760307,4.752721257961506,0.05665486205319335,14.707709761949832,0.012957076263160072,17.769547645349466,1.44,bq652987,bq,,g
661428910087,2460525.8804073,4.64422269805058,0.05510043702290617,14.732783030546337,0.012895974906169717,17.79975300288423,1.39,bs651700,bs,,g
661428910087,2460527.9400901,8.672295419612992,0.05681028517505777,14.0547304633294,0.007120411261963736,17.766573188079914,2.14,bA570428,bA,,g
661428910087,2460527.9552806,4.684351298396037,0.042415730403155126,14.723441979491305,0.009842142881518004,18.083823236450055,1.53,bC570074,bC,,g
661428910087,2460528.7456348,5.164423598102418,0.03794334015940437,14.617510980020933,0.007985936912298366,18.204801713290195,1.49,bq653606,bq,,g
661428910087,2460529.7708599,5.230627432874544,0.03334791637775732,14.603681154276856,0.0069299019397552775,18.344968851936073,1.48,bq653964,bq,,g
661428910087,2460530.7813071,4.9902112297546966,0.041678681233684345,14.654768299318288,0.009078356065233426,18.102855689240066,1.44,bq654312,bq,,g
661428910087,2460531.7809489,5.666293477397309,0.05400721168083783,14.516817961243408,0.01036012186654275,17.821511221881362,1.47,bq654638,bq,,g
661428910087,2460532.7804174,5.465285021150391,0.05750625881451844,14.556033582649782,0.011437061894733914,17.75335282490574,1.46,bq654946,bq,,g
661428910087,2460533.779527,5.52423034475975,0.049613971204615935,14.544386174447126,0.009762125437327336,17.913630635807667,1.48,bq655277,bq,,g
661428910087,2460534.7859142,5.404781095776893,0.04033394481447987,14.568120350111808,0.00811156707120314,18.138463862065418,1.50,bq655613,bq,,g
661428910087,2460535.7935055,5.23528361912062,0.039233494772780736,14.60271508638427,0.008145710169004231,18.168498123495734,1.46,bq655879,bq,,g
661428910087,2460538.8365945,5.136808069156849,0.06713873287900964,14.623332274480678,0.014206659579578035,17.585207760257187,1.47,bq656469,bq,,g
661428910087,2460539.8264216,4.509270736727725,0.07738929827593237,14.764799844429925,0.01865463561296003,17.430938339613718,1.44,bq656738,bq,,g
661428910087,2460540.7998558,4.782728083698069,0.10353827635611972,14.700876396584857,0.02353083904529527,17.114888284370203,1.50,bq657046,bq,,g
661428910087,2460541.806425,4.9763484925118,0.1403334534830925,14.657788656562419,0.030652266960634406,16.784737579073397,1.42,bq657382,bq,,g
661428910087,2460542.826015,4.634657275457053,0.15030927748763334,14.735021561345789,0.03525172191442522,16.710176143385805,1.50,bq657729,bq,,g
661428910087,2460543.8200172,5.516982219556052,0.13579986001647107,14.545811661554609,0.026755305277754216,16.82039230576554,1.48,bq658056,bq,,g
661428910087,2460544.8305248,5.184306763328893,0.09819871262007027,14.613338893559852,0.020588621773653438,17.17237612582574,1.51,bq658396,bq,,g
