# "asas_sn_id":661428085183,"ra_deg":260.486,"dec_deg":-29.88697,"name":"OGLE-BLG-RRLYR-17227"
asas_sn_id,jd,flux,flux_err,mag,mag_err,limit,fwhm,image_id,camera,quality,phot_filter
661428085183,2457457.84431,15.872826215311816,0.18637723926939714,13.458145751077303,0.012762941708023098,16.536374207634974,1.44,be192599,be,G,V
661428085183,2457461.7928081,16.146539831431973,0.1873113436118504,13.439582733843022,0.012609468570986306,16.53094619584944,1.53,be193491,be,G,V
661428085183,2457464.832623,15.919959509568232,0.29827030335530846,13.454926507443997,0.02036480377216451,16.025831353893434,1.47,be194405,be,B,V
661428085183,2457465.8357784,17.32524365358961,0.30936140640840715,13.363083026947296,0.01940881207753391,15.986191060065833,1.62,be194694,be,G,V
661428085183,2457466.8895487,15.732371662996469,0.2003081819653824,13.467795910337689,0.013839380953418919,16.458109670594734,1.52,be195671,be,B,V
661428085183,2457469.7664684,15.40334483727402,0.35214289850297525,13.490743809140337,0.02484940927802202,15.845559057156857,1.57,be196616,be,B,V
661428085183,2457479.8869148,16.412341542913403,0.19421065610691685,13.421855039236295,0.012862182930734697,16.491673755062802,1.83,be199643,be,G,V
661428085183,2457481.8317686,16.8417463230512,0.21868687980064302,13.393813600630606,0.014113924153622202,16.36279957326971,1.49,be200311,be,G,V
661428085183,2457482.8310039,15.619503617675282,0.18140791609951107,13.475613334429788,0.012624121887992244,16.56571580754861,1.47,be200399,be,B,V
661428085183,2457484.8152529,15.596846262157047,0.18023363297136438,13.47718942616407,0.012560624084004237,16.57276680150141,1.52,be200570,be,G,V
661428085183,2457523.6312457,16.7356672139971,0.22614706810247776,13.400673826021086,0.014687913388991343,16.326378989474414,1.61,be201895,be,G,V
661428085183,2457547.7084995,16.163434931684556,0.3340417338612416,13.438447256404018,0.022463594074411404,15.902854570559867,1.50,be205702,be,G,V
661428085183,2457550.5437244,16.249186929801628,0.17176682721581063,13.432702317496656,0.011489994783569334,16.625008159493582,2.09,be206486,be,G,V
661428085183,2457554.5627566,16.30662171958006,0.24894876293599738,13.428871413092352,0.0165942698681269,16.222081462322027,1.41,be207028,be,G,V
661428085183,2457555.8473212,16.75666578022365,0.24963134037775378,13.3993123856824,0.016192864201798187,16.219108622053636,1.46,be207544,be,G,V
661428085183,2457561.7111901,16.565927366790277,0.26084500044102404,13.411742022353202,0.017115080134952453,16.171400100899497,1.49,be209794,be,G,V
661428085183,2457566.6900749,15.368120401052641,0.18419579619446244,13.49322951868366,0.013027801495932387,16.549157107938836,1.45,be210882,be,G,V
661428085183,2457567.5309756,16.574611174344692,0.19841213938133276,13.411173031933142,0.013011790540617596,16.468435793876456,1.45,be211209,be,G,V
661428085183,2457568.6906666,15.910625900104785,0.15804599697781985,13.455563243330285,0.010797131943669972,16.71539764264415,1.66,be211769,be,G,V
661428085183,2457575.5456468,15.243170872135272,0.2120390964750278,13.502093109542415,0.015120035110183,16.39631653123817,1.72,be212933,be,G,V
661428085183,2457576.7304474,16.555649930579914,0.1548648132542088,13.412415817857784,0.01016760558844931,16.737474510761206,1.45,be213502,be,G,V
661428085183,2457590.5924995,18.67966360584635,0.9881395604678684,13.281358777169403,0.05749914785953786,14.725310676791079,1.59,be216211,be,B,V
661428085183,2457591.717193,17.718327694871483,0.6221753589522446,13.338724580611494,0.03816825017150311,15.227574376114326,1.37,be216720,be,B,V
661428085183,2457593.7397429,16.674879759139127,0.3028567760899938,13.40462462715057,0.019741800401498154,16.009263156243676,1.61,be217263,be,B,V
661428085183,2457597.6616875,16.62120684323268,0.16858078814106423,13.408125019204821,0.01102446945267747,16.645336193929825,1.54,be218278,be,G,V
661428085183,2457598.680215,16.76773436679903,0.29620177517162427,13.398595441273889,0.019201070593711147,16.033387251251355,1.51,be218718,be,B,V
661428085183,2457600.5218061,15.944319362127661,0.16937398082423932,13.453266442948244,0.011546567080631917,16.640239656322485,1.49,be219143,be,G,V
661428085183,2457601.4590333,16.236810519143372,0.36790756000666575,13.433529598100113,0.024629191876993948,15.798009613447832,1.67,be219483,be,B,V
661428085183,2457602.514247,16.233019272861736,0.18496977660825922,13.433783143831286,0.012385502760111822,16.544604463541805,1.54,be219933,be,G,V
661428085183,2457603.5107905,15.824455269964863,0.16535875062912486,13.461459481777736,0.01135822809421489,16.66628843789638,1.56,be220355,be,G,V
661428085183,2457604.5034425,16.34076078010427,0.15804130664456376,13.426600724009202,0.01051260900720353,16.715429864530766,1.48,be220772,be,G,V
661428085183,2457605.5117819,16.167723022801354,0.15423544765471894,13.43815925336938,0.010369253943503237,16.74189589791692,1.43,be221200,be,G,V
661428085183,2457606.4647334,15.711727971616876,0.2022328588392241,13.469221526374486,0.013990716057606382,16.447727090549826,1.57,be221584,be,G,V
661428085183,2457607.46904,16.105198575864097,0.16903892507843515,13.442366194500991,0.011408612019049209,16.642389587760402,1.69,be222007,be,G,V
661428085183,2457609.5133921,15.868334442072406,0.167354101055143,13.458453041722079,0.011463498721036544,16.653265495372455,1.59,be222859,be,G,V
661428085183,2457616.5986029,16.753734654333783,0.33882813117289284,13.399502322505965,0.021982647721580657,15.887407742644378,1.57,be225305,be,G,V
661428085183,2457619.6200373,16.641822766156736,0.3344151914808229,13.406779173258613,0.02184224519491539,15.901641398894387,1.63,be226565,be,G,V
661428085183,2457621.6363917,15.330209141201859,0.28253112888322635,13.495911205207154,0.020032280727897867,16.084690631806637,1.42,be227382,be,G,V
661428085183,2457622.5451334,16.554294188367987,0.1403176667698352,13.412504732438812,0.00921327126818003,16.844575507310214,1.70,be227726,be,G,V
661428085183,2457625.6379151,15.955750442332024,0.15366242583796672,13.452488316866095,0.010467973694781717,16.74593718111127,1.43,be229026,be,G,V
661428085183,2457626.6302676,16.513322884815707,0.19525594972946397,13.41519522267207,0.012852333200724987,16.48584570285665,1.50,be229429,be,B,V
661428085183,2457630.574887,15.358739775684331,0.16364927678554334,13.4938924490868,0.0115816565211655,16.677571167745036,1.48,be230289,be,B,V
661428085183,2457633.548498,15.64412441351907,0.17893680780502566,13.473903251714043,0.012432560946317795,16.58060718029125,1.53,be231290,be,B,V
661428085183,2457637.5069662,16.134569672275774,0.13959961965393622,13.440387937627406,0.009404571680389004,16.85014580609701,2.02,be232750,be,B,V
661428085183,2457644.5998228,17.033016547519345,0.5690006904236801,13.381552483681467,0.036310597691526406,15.32457441025951,1.69,be235397,be,B,V
661428085183,2457645.5878787,16.669705804167084,0.37129857716440123,13.404961566427824,0.024210709817111327,15.78804818120159,1.62,be235778,be,B,V
661428085183,2457649.5773421,16.49231609832434,0.30710608028702935,13.41657727934006,0.02024039284983408,15.994135356241001,1.51,be237040,be,B,V
661428085183,2457651.5434735,16.228631957133775,0.13713329988121176,13.434076626594859,0.009184873687887674,16.869499076932403,1.47,be237705,be,B,V
661428085183,2457653.5013978,16.704134779396767,0.19501461090038347,13.40272144077812,0.012689816380914381,16.48718851660783,1.58,be238437,be,B,V
661428085183,2457656.5686638,16.411282431964793,0.21370528848582998,13.421925105546038,0.014154186792701803,16.387818219621533,1.42,be239630,be,B,V
661428085183,2457657.5501962,17.03207843485895,0.20698866536666255,13.381612283478315,0.013209643239189061,16.422489982975343,1.44,be239996,be,B,V
661428085183,2457658.5387424,15.968782669727222,0.21614576412705458,13.45160187872475,0.014712520849167708,16.375489571290206,1.49,be240367,be,B,V
661428085183,2457660.5198675,15.982908192343013,0.15538205525846396,13.450641892451696,0.010567134359523491,16.73385423962904,1.55,be241109,be,G,V
661428085183,2457662.5204552,16.497673605794912,0.2021767813992606,13.416224636618352,0.013320506656705927,16.448028197650995,1.70,be241864,be,G,V
661428085183,2457664.5138838,17.035995190549734,0.2311052054637822,13.381362632528033,0.014745326438344326,16.30283207434594,2.06,be242606,be,G,V
661428085183,2457671.512262,17.156289142414156,0.2312747479356476,13.373723012060001,0.01465267888034975,16.302035852940385,1.45,be244871,be,G,V
661428085183,2457675.499663,16.95102692450992,0.32956217952129846,13.386791370272729,0.021132628833907305,15.917512977798445,1.41,be245743,be,G,V
661428085183,2457786.8852273,14.907553499219782,0.3797743021073573,13.526265463048894,0.027690536511314444,15.763542457857145,1.63,be275637,be,G,V
661428085183,2457788.8801742,14.977047818472508,0.28671362030974973,13.521215863514914,0.020808188852995436,16.068735582265887,1.75,be276054,be,G,V
661428085183,2457789.8756335,15.3398619375333,0.2147780659376847,13.49522777732899,0.015218808386160977,16.382381575510184,1.64,be276386,be,G,V
661428085183,2457790.8708404,15.166702460162822,0.21607518066623504,13.507553487327291,0.015485523463523108,16.375844181683213,1.63,be276718,be,G,V
661428085183,2457794.8742783,17.34384450891518,0.30560046689053705,13.36191797617298,0.019152294657764392,15.999471360149577,1.80,be277827,be,G,V
661428085183,2457798.8636911,16.564299353368085,0.31202455718134503,13.411848728119548,0.02047518703542779,15.976884454875595,1.58,be279105,be,G,V
661428085183,2457800.8622384,16.26712224441846,0.22321593122513822,13.43150457870695,0.01491511581186319,16.340543424775433,1.53,be279798,be,G,V
661428085183,2457802.8607979,16.34305172780977,0.23045283532279423,13.426448516253721,0.015327138191769953,16.30590125434086,1.69,be280496,be,G,V
661428085183,2457813.8310129,16.392669446736264,0.1633831313586435,13.423157200641448,0.010833522920075493,16.67933835523052,1.46,be283206,be,G,V
661428085183,2457820.8849157,16.033331236578977,0.1613653300030352,13.447221992368403,0.010939529361760413,16.692830817491572,1.54,be284749,be,G,V
661428085183,2457823.7998254,15.918958441708996,0.44231244392084357,13.454994782102087,0.030201372616594394,15.598033498960074,1.48,be285758,be,G,V
661428085183,2457824.7982521,17.132753120784745,0.4365572749934878,13.375213512413794,0.02769658640508676,15.612253318923255,1.46,be286113,be,G,V
661428085183,2457826.7994656,15.288568387302696,0.2908339018592342,13.498864353936405,0.020677135907066137,16.0532438189847,1.50,be286843,be,G,V
661428085183,2457829.7830466,17.028268442363647,0.28374177543408624,13.381855184516533,0.01811193982182193,16.080048188970114,1.49,be287963,be,G,V
661428085183,2457834.8997901,14.778930414153637,0.2537198428118606,13.535673893801574,0.018660513995983414,16.201470309513965,1.46,be289874,be,G,V
661428085183,2457836.8941168,15.916824882000594,0.15826015582454028,13.45514030910234,0.010807551743530494,16.71392742117091,1.47,be290632,be,G,V
661428085183,2457837.863575,16.30091745728022,0.12784905489433257,13.429251283779921,0.008525063965250284,16.945612588889425,1.63,be290994,be,G,V
661428085183,2457838.7553743,16.464680369988415,0.15130665588791256,13.418398144166787,0.009988882426147011,16.76271131169212,1.57,be291294,be,G,V
661428085183,2457839.7509932,16.110263612327326,0.15964946772399613,13.442024787416425,0.010771520212865688,16.704437706358576,1.47,be291653,be,G,V
661428085183,2457840.7559152,16.552923108344878,0.1669607546592047,13.4125946603363,0.010963566976265347,16.655820396016864,1.48,be291962,be,G,V
661428085183,2457843.7749075,16.367040064498347,0.13513749159006636,13.424856040728477,0.008974657435702419,16.885416760355046,1.49,be292259,be,G,V
661428085183,2457845.852673,16.734556475775555,0.2206404497745323,13.40074588820464,0.014331217931532796,16.35314355832704,1.59,be293098,be,G,V
661428085183,2457847.8431545,16.4797933268535,0.17216072251360545,13.417402002250459,0.011355192168493858,16.622521202150253,1.76,be293847,be,G,V
661428085183,2457850.8941687,15.951661863057147,0.14900436892569816,13.452766566855567,0.010153253746338567,16.779358887537104,1.99,be294838,be,G,V
661428085183,2457851.7484401,15.640078539522385,0.254188511060437,13.47418408047028,0.01766563122749756,16.19946660067145,1.75,be295134,be,G,V
661428085183,2457853.8223632,15.106982637259673,0.28257371929548,13.511837079348904,0.020331349709952328,16.08452697384902,1.58,be296003,be,G,V
661428085183,2457855.7153833,16.93877562227229,0.3849960231156812,13.387576366464778,0.024705087752563408,15.748715785151376,1.42,be296738,be,G,V
661428085183,2457864.9314002,17.00931992998462,0.7963087276690026,13.383064029738845,0.05088698245552926,14.959652704456383,1.39,be299108,be,G,V
661428085183,2457865.9317988,15.397600877109944,0.9135255900731378,13.491148759406409,0.06448813719945953,14.810554599918348,1.52,be299536,be,G,V
661428085183,2457868.9146161,16.31418255876284,0.1674767089632168,13.428368109929371,0.011158383228290875,16.652470348410155,2.09,be300544,be,G,V
661428085183,2457870.7048024,16.085942062192053,0.13546327582462583,13.443665154161977,0.009153501271137785,16.88280245949642,1.67,be301230,be,G,V
661428085183,2457871.7421925,16.068919559864472,0.15518900093640164,13.444814712758523,0.010497513292139753,16.735204050500105,1.65,be301683,be,G,V
661428085183,2457872.6997614,16.30780844512759,0.17321682640635688,13.428792400772583,0.011545337914095871,16.61588120015945,1.48,be302072,be,G,V
661428085183,2457873.7446259,15.773892120337342,0.14816018504799014,13.464934238755145,0.010209508101830812,16.785527614276837,1.48,be302532,be,G,V
661428085183,2457876.7548586,15.941910824536436,0.19374265064118296,13.453430465879332,0.013209824090179812,16.494293300847424,1.47,be303647,be,G,V
661428085183,2457878.6435359,15.819057362900136,0.21962832153400705,13.461829902296781,0.015091065856419747,16.358135537236635,1.41,be304414,be,G,V
661428085183,2457879.8474009,16.551675131799755,0.17083969186895323,13.41267652046392,0.01121912530122687,16.63088444505113,1.63,be304997,be,G,V
661428085183,2457883.7801232,16.693604720413997,0.31710612751691264,13.403406089908625,0.020647462256396385,15.959344808468321,1.54,be306106,be,G,V
661428085183,2457889.7675007,16.284616571902024,0.20746641725448337,13.430337561076174,0.013847852928002552,16.41998687577266,1.44,be307261,be,B,V
661428085183,2457893.8349183,16.94753912629657,0.238064768387051,13.38701479145242,0.015268650549571975,16.270618573237392,1.55,be308254,be,G,V
661428085183,2457894.8270264,16.309107146721463,0.15795333144912135,13.428705939663994,0.010527149169141279,16.716034418189373,1.42,be308691,be,G,V
661428085183,2457901.7497526,15.594680322625038,0.17283159518008395,13.477340213203275,0.012046443124006734,16.61829854776896,2.09,be309993,be,G,V
661428085183,2457903.7979305,16.38401511183863,0.16044105288786428,13.423730554845596,0.010644060543202608,16.69906763527999,1.45,be310709,be,G,V
661428085183,2457905.8054313,15.680063110555293,0.1729913737036252,13.471411888666548,0.011991922514979434,16.617295275252644,1.55,be311567,be,G,V
661428085183,2457906.8168384,15.69230248338423,0.1792080709224208,13.470564727119976,0.012413180388516501,16.578962481392093,1.55,be312017,be,G,V
661428085183,2457910.7449998,16.50581116672756,0.19607012552965783,13.41568922378162,0.012911798124304158,16.481327826463033,1.54,be313590,be,G,V
661428085183,2457911.7557016,15.85773060120055,0.25660488211670124,13.459178815583858,0.01758879357590631,16.189194106368316,1.47,be314008,be,G,V
661428085183,2457916.7256286,16.44303019740446,0.3088199400916593,13.419826768595522,0.02041435452564594,15.988093057715624,1.51,be315793,be,G,V
661428085183,2457918.6954579,17.78309435938342,0.4516236534299263,13.33476307222867,0.027604603875269074,15.5754146944846,1.56,be316645,be,B,V
661428085183,2457923.783222,16.240340020163597,0.15201408382046785,13.433293610213626,0.010174214308303127,16.757646827726816,1.51,be318092,be,G,V
661428085183,2457933.6599824,16.85623273534186,0.15889480324348024,13.392880107067526,0.01024616504575416,16.70958215977723,1.44,be321166,be,B,V
661428085183,2457935.7168673,16.150233025993888,0.14483619572426115,13.439334422032905,0.009747887059770923,16.810163620948774,1.50,be322102,be,G,V
661428085183,2457944.6513284,15.907108328493258,0.24988972864895023,13.455803307870369,0.017075339191854628,16.217985380039075,1.42,be325259,be,G,V
661428085183,2457946.624528,16.782088753616968,0.22473781940521118,13.39766637059829,0.01455600921138476,16.333165987029254,1.42,be326126,be,G,V
661428085183,2457949.5996254,16.6007077082173,0.28148527134675516,13.409464897184618,0.018430675176119987,16.088717205123956,2.09,be327386,be,B,V
661428085183,2457951.5580181,16.326211111873377,0.13529038613731353,13.427567884519965,0.00900728077891945,16.884189052882434,1.58,be327835,be,B,V
661428085183,2457953.7182931,16.539278671715117,0.1614276539356688,13.41348999270375,0.010608977859143052,16.69241155589488,1.59,be328839,be,G,V
661428085183,2457954.6469094,15.580967216709919,0.16577653630680386,13.478295370045693,0.011564871729962702,16.663548740288373,1.52,be329223,be,G,V
661428085183,2457958.6405414,16.534628307513028,0.15125524570041704,13.413795313077056,0.009943245938381268,16.763080280171636,1.48,be330500,be,G,V
661428085183,2457960.5646347,15.464885148092623,0.15898281011893128,13.486414656995027,0.011174179481345812,16.708980970833,1.49,be331307,be,G,V
661428085183,2457961.7139903,15.971486535369051,0.3217851194960136,13.451418055300577,0.021899428926683524,15.943441501464818,1.60,be331858,be,B,V
661428085183,2457962.6612777,16.053447146858502,0.24946223824013097,13.445860648160986,0.01689074030656483,16.219844357106183,1.47,be332253,be,B,V
661428085183,2457964.5663524,14.914351257234477,0.5858425760624599,13.52577048647541,0.04269615203374394,15.29290406665359,1.48,be333041,be,B,V
661428085183,2457966.5773819,16.35392032135699,0.21492120151210353,13.425726710826243,0.01428464839335885,16.3816582441347,1.54,be333906,be,G,V
661428085183,2457971.6908851,16.019169123760044,0.377977569433982,13.44818143824321,0.025647096986946442,15.7686913237141,1.48,be336088,be,G,V
661428085183,2457973.5385686,16.478756972003833,0.3117705801577658,13.417470282437023,0.02056472256764326,15.97776856585501,1.54,be336695,be,G,V
661428085183,2457975.627569,16.0472148829149,0.25344452472423684,13.4462822341507,0.017167039954165762,16.20264911017133,1.69,be337601,be,G,V
661428085183,2457980.6444978,15.49339402894747,0.1730970999571478,13.484414989463517,0.012143822156786242,16.61663191409762,1.49,be338612,be,G,V
661428085183,2457981.6717827,16.594602858378355,0.23428919934107162,13.409864246156285,0.015346084228116496,16.287975723130877,1.53,be339057,be,G,V
661428085183,2457982.5225226,15.97458136482532,0.1686005645608947,13.451207690230971,0.011472067970550396,16.645208832349102,1.47,be339350,be,G,V
661428085183,2457986.6844232,16.170985806302426,0.1740981776500898,13.437940164709648,0.011702264282855914,16.610370830625893,1.72,be340625,be,G,V
661428085183,2457987.548952,15.939956606947018,0.13475931751218148,13.45356356754259,0.009189329848686128,16.888459386595322,1.72,be340739,be,G,V
661428085183,2458000.6097445,16.830549420146976,0.3482170224488882,13.394535670988095,0.02248867544860546,15.857731399649268,2.47,be342708,be,G,V
661428085183,2458001.5468236,15.711186637104571,0.24441375310251437,13.469258935156343,0.016909424416746387,16.242042293919216,1.71,be343026,be,G,V
661428085183,2458002.5462804,17.330491590945005,0.5107362741569935,13.362754199664284,0.03203302809793044,15.44186463377098,1.75,be343308,be,B,V
661428085183,2458003.6109763,16.422155035397292,0.344526865560118,13.421206034956498,0.02280368944439521,15.869298661089653,1.45,be343682,be,G,V
661428085183,2458005.5530468,16.09756840576489,0.13625473606808022,13.442880706318249,0.009200332016232018,16.876477376626603,1.49,be344211,be,G,V
661428085183,2458010.6071943,16.154140358454274,0.18201934865781963,13.439071774478254,0.012247455681093072,16.56206250381471,1.38,be345385,be,G,V
661428085183,2458012.5520316,16.470941605353136,0.1719206354866796,13.417985335809382,0.011345450699858496,16.624036374150535,1.59,be346107,be,G,V
661428085183,2458013.527183,15.991767181760437,0.19330894013029754,13.45004025845969,0.013139161594645935,16.49672654443753,1.64,be346471,be,G,V
661428085183,2458015.5864696,15.211330879334247,0.2519966483393692,13.504363371313307,0.018006931973388755,16.208869482371867,1.54,be347178,be,G,V
661428085183,2458018.5224551,16.44328632882649,0.14853333841018512,13.419809856323948,0.009818553156104907,16.782796537951583,1.51,be348212,be,G,V
661428085183,2458019.5537251,16.10942239854463,0.15270835406646785,13.442081481715661,0.010303742571899489,16.752699403103236,1.51,be348607,be,G,V
661428085183,2458027.5018802,16.52315081288659,1.1440883982907983,13.414549237405195,0.07526254284372817,14.566207439600156,1.61,be350952,be,G,V
661428085183,2458028.5344033,15.969536628406303,0.3083692721386798,13.451550617402745,0.020988961624526285,15.989678654450438,1.82,be351043,be,G,V
661428085183,2458033.5190774,16.340749552425496,0.27194458669938065,13.426601470014951,0.018089252339141857,16.126155348135672,1.56,be352817,be,G,V
661428085183,2458035.523697,15.872864509716205,0.1767803944208708,13.458143131659025,0.012105729404655319,16.593771147342938,1.46,be353533,be,G,V
661428085183,2458039.5067048,16.564575032980834,0.25427866206142047,13.411830658363662,0.016685598605243806,16.199081599586375,2.49,be354962,be,G,V
661428085183,2458040.5068045,16.292651780512994,0.19084409237690983,13.429801965704318,0.01273207293932208,16.51065959165971,2.20,be355330,be,G,V
661428085183,2458042.4982127,15.92389270578865,0.14756023516730962,13.45465829783608,0.010072383865420136,16.789933046946718,1.43,be356054,be,G,V
661428085183,2458162.8682885,17.154704235258688,0.22528678974883673,13.373823317583781,0.014274623568027821,16.330517077343256,1.45,be386409,be,G,V
661428085183,2458163.8714772,16.47150599670578,0.17712998469008528,13.417948132737365,0.011688827487477228,16.591626180944825,1.44,be386705,be,G,V
661428085183,2458166.8848611,15.47112192315716,0.38143544893627096,13.48597688281398,0.02679855739635755,15.758803763656008,1.40,be387676,be,B,V
661428085183,2458170.8979952,16.67052933435571,0.32426237109679884,13.404907929341103,0.021142645920180173,15.935115008528475,1.47,be388563,be,G,V
661428085183,2458171.8433689,16.079456255207372,0.1437879619205547,13.444103008248923,0.009719934584635556,16.818050073732238,1.44,be388882,be,G,V
661428085183,2458173.8796022,15.597235822511642,0.20098245898640807,13.477162308213956,0.014006276306673473,16.45446100507391,1.53,be389525,be,G,V
661428085183,2458174.8370156,16.096918010392837,0.15002691658874703,13.44292457456288,0.010130680625773493,16.771933434749997,1.49,be389854,be,G,V
661428085183,2458175.8403567,16.276983454537138,0.17000230759162757,13.430846599454098,0.011352540688115843,16.63621935247378,1.40,be390221,be,G,V
661428085183,2458179.8214702,16.316623977413336,0.5153849359331822,13.428205641580831,0.034333145024004204,15.432027092407791,1.43,be391612,be,G,V
661428085183,2458180.9005367,15.577037729633382,0.3450167845044068,13.478569224961312,0.024075068092895703,15.867755835411632,1.47,be392040,be,G,V
661428085183,2458182.8150004,16.821237464064023,0.3333328165464882,13.39513655011224,0.021539335594596747,15.905161213759968,1.45,be392718,be,G,V
661428085183,2458183.8597251,18.195741628457174,0.3172612545525171,13.309857000990188,0.018952192044300684,15.95881380057917,1.50,be393125,be,G,V
661428085183,2458192.9098376,15.989587758989188,0.371618117531374,13.450188237068868,0.025262235808428436,15.787114196088117,1.50,be396182,be,G,V
661428085183,2458193.9074476,15.765278686269525,0.3761935743028768,13.465527273841866,0.025937128493706565,15.773827960754257,1.45,be396571,be,G,V
661428085183,2458197.8885767,16.214400272805293,0.199338211678133,13.43502917972317,0.013362934525476287,16.46337999928054,1.46,be398118,be,G,V
661428085183,2458198.8838537,15.167211013862993,0.15364863076903756,13.507517082188542,0.011011212352623343,16.74603465762877,1.45,be398503,be,G,V
661428085183,2458199.8034977,16.741916920941655,0.21330754791299644,13.40026844831221,0.013848834123062455,16.389840835468668,1.38,be398823,be,G,V
661428085183,2458200.7688782,16.17047554840101,0.17698267651659805,13.4379744244774,0.011896525485522008,16.592529497001884,1.40,be399176,be,G,V
661428085183,2458203.7702526,16.249589522283372,0.17101444611165043,13.432675417454195,0.01143938234610514,16.6297743983752,1.45,be400227,be,G,V
661428085183,2458204.8825486,15.92686513349686,0.13518199008836523,13.454455648190851,0.009225729264146911,16.885059304571268,1.49,be400549,be,G,V
661428085183,2458205.7566709,15.788370913845977,0.28040918611728605,13.463938102869752,0.019304879222114726,16.09287580147909,1.44,be400829,be,G,V
661428085183,2458209.7465608,15.478374602656455,0.3039096050274643,13.485468021750508,0.021341809827181205,16.00549532836926,1.52,be402355,be,G,V
661428085183,2458210.742057,15.35189861066152,0.40506553695545605,13.49437617075858,0.028679750843307806,15.693543156408909,1.55,be402775,be,G,V
661428085183,2458211.7517573,16.81924154366773,0.31815186676140444,13.395265385557067,0.020560810996259463,15.955770204152289,1.56,be403192,be,G,V
661428085183,2458217.8796752,16.43145766849698,0.2055773724721726,13.420591173758927,0.013599138325934183,16.429918116303618,1.46,be405915,be,G,V
661428085183,2458220.8097407,16.912993964641004,0.20059215521455137,13.389230169788075,0.012891564425316849,16.456571532255712,1.45,be406617,be,G,V
661428085183,2458223.8947028,15.352547309852097,0.19153459367494574,13.494330293611071,0.013560601477517434,16.506738331919205,1.49,be407489,be,G,V
661428085183,2458224.9045434,16.89754798680372,0.19735223684549127,13.390222183376414,0.012694936631429496,16.474251260740324,1.39,be407920,be,G,V
661428085183,2458225.8893883,16.509484221640676,0.22257478330889408,13.415447640680771,0.014653947333809184,16.343666495591172,1.50,be408334,be,G,V
661428085183,2458226.8807644,16.430193451916484,0.20343038926332316,13.420674712209733,0.013458148802496708,16.441316818380926,1.44,be408752,be,G,V
661428085183,2458227.9062659,16.116940261781963,0.1513164008832447,13.441574914062755,0.010205060396988186,16.762641386456654,1.61,be409194,be,G,V
661428085183,2458228.9095354,16.321880536022075,0.17464739403701254,13.427855917466422,0.011630652701710091,16.60695111919782,1.61,be409620,be,G,V
661428085183,2458229.9203508,16.35114207234329,0.2640322762665963,13.425911174351244,0.017551777323434128,16.158213844043324,1.50,be410051,be,G,V
661428085183,2458231.890642,4.041866230444691,0.050889773457912096,14.883610782251552,0.013685502685183778,17.88606431753649,1.61,bq066270,bq,G,g
661428085183,2458232.8872935,4.027895767965876,0.057081516323967366,14.887370063396899,0.015403856011504567,17.761401858255027,1.50,bq066634,bq,G,g
661428085183,2458233.6795114,16.09059802449473,0.1796798754292205,13.443350940958092,0.012137784569955323,16.576107799116414,1.48,be411489,be,G,V
661428085183,2458236.6740554,17.270743297856395,0.473625447675059,13.366503831702746,0.029808228883577793,15.523768821721148,1.46,be412430,be,B,V
661428085183,2458238.6909541,16.652580787117465,0.40477334449198643,13.406077531420433,0.0264205910330781,15.694326630646513,1.48,be413298,be,G,V
661428085183,2458244.9169974,17.049400036534237,0.3165176452580731,13.380508652267107,0.02017906307679733,15.96136157837326,1.42,be415491,be,G,V
661428085183,2458252.8336121,4.222205083510213,0.05710874284437492,14.83621731153381,0.014701967160583584,17.76088411147502,1.50,bq071878,bq,G,g
661428085183,2458262.8055919,3.868304707812428,0.1192686996437772,14.931263931538277,0.03351336068622733,16.96132440074814,1.65,bq074128,bq,G,g
661428085183,2458264.7899388,3.6529230819591025,0.22076015909201288,14.99346430339521,0.06568895355347586,16.29283886551712,1.55,bq074779,bq,G,g
661428085183,2458282.4567126,4.312550500536905,0.04134428410217922,14.813230137889864,0.010420617506022078,18.111601920703297,1.51,bm056133,bm,G,g
661428085183,2458282.7758948,3.745394069675531,0.02962169208306912,14.96632182601733,0.008596556409197728,18.47361595358297,2.42,bi092525,bi,G,g
661428085183,2458282.8605509,3.985560923196977,0.05506507811622912,14.89884199195064,0.01501754632080725,17.80044996229861,2.31,bq078957,bq,G,g
661428085183,2458283.5026323,4.507569479056274,0.035351269995073265,14.765209548278552,0.00852461479549964,18.281628060314628,1.56,bm056535,bm,G,g
661428085183,2458283.8570318,3.7786557775558203,0.04547386083659581,14.95672229478993,0.013080871218432986,18.00823604048585,2.22,bq079283,bq,G,g
661428085183,2458284.849616,4.1354259137128,0.06331906660378794,14.858765010203115,0.016642801450559727,17.648804350854736,1.47,bq079616,bq,B,g
661428085183,2458285.8349423,3.656938451251128,0.0375210702958977,14.99227149495841,0.011152436007449138,18.216952565894452,1.46,bi093965,bi,G,g
661428085183,2458286.6439536,3.6693226023276213,0.0444361417549762,14.988600882104919,0.013163234557478495,18.033299752605487,1.39,bi094285,bi,G,g
661428085183,2458287.6926383,3.80022039749149,0.03287525927659142,14.950543660583158,0.009403132907276573,18.3604676448118,1.42,bi094796,bi,G,g
661428085183,2458288.8085725,3.9778827224539226,0.04663919957265184,14.900935684952918,0.012744162078492247,17.980762890435468,1.44,bq080382,bq,G,g
661428085183,2458289.5368445,3.715370655106688,0.02492084010466852,14.975060255750241,0.007290758363975312,18.661233914681425,1.58,bi095611,bi,G,g
661428085183,2458290.5702563,3.6176486661900467,0.03707753315556563,15.003999653883099,0.01114029309979537,18.229863531617823,1.39,bi096108,bi,B,g
661428085183,2458291.7574486,3.8418585436764046,0.07373932957474266,14.938712196782555,0.02086267473899183,17.483392649548243,1.46,bi096729,bi,G,g
661428085183,2458292.5927889,3.8229955457606697,0.1381537377658213,14.944056142244266,0.039279958469665956,16.801734013191215,1.37,bi097067,bi,B,g
661428085183,2458299.6495996,3.6263299866172667,0.15204178484180292,15.001397319211208,0.045573020166544936,16.69773321341608,1.47,bi100118,bi,B,g
661428085183,2458300.6511247,3.644685446545515,0.05621101753787025,14.995915490732548,0.016763842313001563,17.778086993918684,2.03,bi100579,bi,G,g
661428085183,2458301.5622014,3.701795332420904,0.03969474894939049,14.979034613561314,0.011655551529673716,18.15580796249008,1.55,bi100947,bi,G,g
661428085183,2458303.5734724,3.724504951857164,0.0701205631423078,14.972394232232109,0.020463928602792454,17.53802712324237,1.52,bi101840,bi,G,g
661428085183,2458305.6292304,3.6542115776538027,0.03267246206032459,14.993081399150228,0.00971852476603057,18.367185955623608,1.52,bi102457,bi,G,g
661428085183,2458306.6252081,16.34979424965478,0.1524132367133122,13.426000675145772,0.010132638925924253,16.75479967856439,1.49,be419328,be,G,V
661428085183,2458308.6165822,16.71706264952765,0.1578880022811892,13.401881479410402,0.010266001712253585,16.716483569306007,1.45,be419790,be,G,V
661428085183,2458309.7901503,16.66191439658091,0.18971628107008104,13.405469157322322,0.012376329879088462,16.51709488675725,1.96,be420362,be,G,V
661428085183,2458310.5897842,3.8804868471836147,0.03756803444627229,14.927850082922058,0.010523117757745556,18.215594427847357,1.46,bi104133,bi,G,g
661428085183,2458311.7159664,15.743046980073373,0.14860976477706095,13.467059425856034,0.010260552053424138,16.782238026753074,1.60,be421193,be,G,V
661428085183,2458312.7163066,16.649804643293532,0.15669864356055607,13.406258549075913,0.010229826488350288,16.72469330098529,2.08,be421638,be,G,V
661428085183,2458313.7352404,16.24791148554236,0.16314894477395886,13.432787543321588,0.010914375653431391,16.6808957207443,2.22,be422095,be,G,V
661428085183,2458314.731532,16.402218286791918,0.1538655513414182,13.422524936141013,0.010196496691927192,16.744502900254602,1.58,be422528,be,G,V
661428085183,2458316.5995053,3.6630184334548637,0.04729364641561556,14.990467861842827,0.014033818923426178,17.965633611182152,1.46,bi106647,bi,B,g
661428085183,2458316.7669525,4.026052831140452,0.058743420135320516,14.887866948432789,0.01585958910709606,17.73024254084684,1.68,bq085732,bq,G,g
661428085183,2458319.7621341,3.8532461185930407,0.08605068797014641,14.935498748248852,0.02427391181631605,17.315754744351977,1.43,bq086288,bq,G,g
661428085183,2458320.760994,15.96974444071075,0.15935125705064576,13.451536488760196,0.010846002498135105,16.706467659232487,1.53,be424234,be,G,V
661428085183,2458328.5544912,3.538178949046837,0.06786715029181761,15.028116136618017,0.020849324662172243,17.573491577034375,2.24,bi110704,bi,G,g
661428085183,2458329.5178889,3.7602385357015318,0.06046777385636769,14.962027132667195,0.01747916801665444,17.698830660974618,1.43,bi111108,bi,B,g
661428085183,2458330.5401596,3.696231187770842,0.04605745007948685,14.980667804363677,0.013544186820404161,17.994390886309073,1.45,bi111566,bi,B,g
661428085183,2458332.5447068,15.909061543611358,0.15000678007645368,13.455669999783282,0.010248929357788896,16.77207917131699,1.49,be428715,be,G,V
661428085183,2458334.5341509,3.6538102599207125,0.029766428367989223,14.993200644878428,0.008855088562855105,18.468323792975315,1.48,bi113316,bi,G,g
661428085183,2458335.5383113,3.7272843227104957,0.0318967274543159,14.971584315689743,0.009301773872563555,18.39327529262671,1.42,bi113767,bi,G,g
661428085183,2458335.7086555,4.054553791720105,0.045894568043499145,14.880207955850498,0.012303548703473555,17.998237394785047,1.55,bq090329,bq,G,g
661428085183,2458336.716909,16.17141103458655,0.1751167534850321,13.437911614831563,0.011770419839013491,16.60403715071212,1.44,be430539,be,G,V
661428085183,2458337.7035978,3.9664986908246966,0.037017092461071224,14.904047334082787,0.010143951429873302,18.231634852122177,1.52,bq091031,bq,G,g
661428085183,2458338.7138176,15.71076158926528,0.1559348809002478,13.469288308881014,0.010788428988506175,16.72999821141218,1.40,be431158,be,G,V
661428085183,2458339.5285447,3.612461437322741,0.04225831868170509,15.005557572938077,0.012715140600324748,18.087860076633433,1.47,bi115290,bi,G,g
661428085183,2458339.7082887,4.124923878525377,0.055258802829069205,14.861525776092472,0.01456121807028977,17.79663693199426,2.10,bq091684,bq,G,g
661428085183,2458340.6281985,15.943456835804724,0.15124960944630295,13.453325178687656,0.010311549815781054,16.763120738928233,1.47,be431947,be,G,V
661428085183,2458341.7032286,15.670338637524537,0.1592435520203812,13.472085450228224,0.011045761129818265,16.70720175314688,1.47,be432432,be,G,V
661428085183,2458342.492439,3.730255828682354,0.04147784727019988,14.970719078165963,0.01208619962507201,18.10810009116934,1.48,bi116592,bi,G,g
661428085183,2458343.5153106,3.6972230552814844,0.04192884386068427,14.980376490875368,0.012326773257093266,18.09635839293908,1.43,bi117052,bi,B,g
661428085183,2458344.5043377,3.7094701731980213,0.03705992271885661,14.976785913802859,0.010859374199976608,18.23037933807087,1.40,bi117486,bi,G,g
661428085183,2458345.6929429,16.470509038978953,0.1837923085202979,13.418013850216868,0.01212920911666083,16.551538061811865,1.54,be434132,be,G,V
661428085183,2458347.5421796,16.826943931800766,0.16456653099062618,13.394768285414091,0.010630371435551757,16.6715026075566,1.42,be434483,be,G,V
661428085183,2458355.4821929,3.5751072446380356,0.07426665140606428,15.016842936970303,0.022579636237379824,17.475656005088418,1.51,bi121949,bi,G,g
661428085183,2458356.5343963,3.7075053404145364,0.07843955892957351,14.977361159099358,0.02299670056073548,17.416302754096588,2.05,bi122421,bi,G,g
661428085183,2458358.6356482,3.975545910773304,0.09347789000563748,14.901573689324454,0.025557849025135956,17.225868359235488,1.43,bi123090,bi,G,g
661428085183,2458359.6508317,16.318241164145277,0.2830684885621829,13.428098036528471,0.01885516561782099,16.082627578664567,1.54,be438500,be,G,V
661428085183,2458360.639683,16.144160134940595,0.24887685203043933,13.439742762745732,0.01675641935927725,16.222395131494032,1.56,be438904,be,G,V
661428085183,2458361.6486241,3.7836051046704835,0.06718221777754889,14.955301115465778,0.019300150977189526,17.5845047704388,1.63,bi124311,bi,G,g
661428085183,2458365.6234106,3.1513160698524505,0.1384888330949173,15.153835712007673,0.047767769713943795,16.799103721637376,1.52,bq096727,bq,G,g
661428085183,2458366.620509,4.280193804450686,0.06558139783196223,14.821407037192099,0.016654415976233655,17.610688938483243,1.61,bq096869,bq,G,g
661428085183,2458370.635805,4.004677409020141,0.05561043788721632,14.89364677761428,0.015093881969651203,17.78974982442189,1.53,bq097315,bq,G,g
661428085183,2458371.6124432,16.334510972912586,0.16814513527100944,13.427016062071255,0.011188976008195925,16.648145626318353,1.47,be443075,be,G,V
661428085183,2458372.603736,4.035449636226687,0.0461813315601019,14.88533579343948,0.012439035063459808,17.991474484182255,1.44,bq097590,bq,G,g
661428085183,2458373.5990899,3.9811184570325633,0.04603883910675501,14.900052872073426,0.012569888829102118,17.994829701105072,2.02,bq097979,bq,G,g
661428085183,2458382.5815119,15.504283674392395,0.24953846146069,13.483652139877423,0.01749435599900911,16.21951266093462,1.42,be446940,be,G,V
661428085183,2458383.5631735,3.5513621954519707,0.06565160695530513,15.024078204084812,0.020093822712341267,17.609527209472862,1.50,bi132890,bi,G,g
661428085183,2458385.5523331,3.7594806720887073,0.06821096042093963,14.962245981255224,0.01972143355705503,17.568005200171932,2.16,bi133469,bi,G,g
661428085183,2458386.5680608,4.025523134027985,0.11064650270160382,14.888009805268737,0.02987634990903483,17.04279638303204,2.28,bE000068,bE,B,g
661428085183,2458390.5493524,3.796057517780351,0.04048572513508009,14.951733661718269,0.01159261227386372,18.134385805743563,1.65,bE000853,bE,B,g
661428085183,2458393.5473862,4.124686373919593,0.03789225701986295,14.861588292342692,0.009985543664988064,18.206264425380677,1.66,bE001873,bE,G,g
661428085183,2458394.544104,3.8637198819820884,0.03195026736482876,14.932551540474881,0.008988371969060494,18.39145436955794,1.99,bE002229,bE,G,g
661428085183,2458396.5387106,3.7066668950631363,0.08473013611898135,14.97760672406567,0.02484657419986543,17.332545851188137,1.99,bE002897,bE,G,g
661428085183,2458397.530563,3.860904527880937,0.03382164142134156,14.933342965882769,0.009521772282472562,18.329653909398708,2.05,bE003246,bE,G,g
661428085183,2458398.5306763,4.014428209847474,0.045665040553139725,14.891006382736244,0.012364379445859608,18.003680992286757,1.43,bE003597,bE,G,g
661428085183,2458401.5228943,3.93583376602888,0.048549571478450994,14.912473754096462,0.013407901980419964,17.93717710901263,1.55,bE004119,bE,B,g
661428085183,2458408.5005993,3.9257053360023852,0.05911114636626878,14.915271376576936,0.0163668030458242,17.723467156746285,2.26,bE006104,bE,G,g
661428085183,2458409.4907717,3.831987608010156,0.11369269835164089,14.941505382344715,0.032249326612934136,17.013309176359087,1.48,bi140960,bi,G,g
661428085183,2458410.4939707,3.900992556898585,0.0826308575612798,14.922127818087574,0.023023922300056104,17.359784961482603,2.37,bE006863,bE,G,g
661428085183,2458411.4919129,3.843708328383602,0.1367863776327221,14.938189560443602,0.03868161487567494,16.81253348957402,2.31,bE007243,bE,G,g
661428085183,2458517.8829192,3.577376593762737,0.08603799125324678,15.016153969432796,0.026141937606766082,17.315914955765148,1.43,bi177184,bi,G,g
661428085183,2458518.8784968,3.898813453837886,0.053257425235182364,14.92273448218799,0.0148477238974929,17.836690195538157,1.50,bE041542,bE,G,g
661428085183,2458519.8751989,3.933889479948225,0.05004166716780871,14.913010235943954,0.013826803412754869,17.904311186340834,1.46,bE041882,bE,G,g
661428085183,2458520.8738781,3.6200620561729333,0.06717354236032004,15.0032755837791,0.02016946638590486,17.584644983475894,1.49,bi177607,bi,G,g
661428085183,2458522.8697836,3.8811473063480273,0.031540416257291454,14.927665306259282,0.00883322853867367,18.405472059770705,1.42,bE042894,bE,G,g
661428085183,2458523.8649795,4.038442971892556,0.0376670627789851,14.88453073614876,0.010138179448696794,18.212736221712685,1.49,bE043239,bE,G,g
661428085183,2458524.8605564,3.9204244884820816,0.03598949860211774,14.916732889026674,0.009978261368028384,18.26220112094566,1.46,bE043585,bE,G,g
661428085183,2458525.8598381,3.8852715015518284,0.0435279737137744,14.926512190883992,0.012177531193734874,18.055719484865534,1.47,bE043935,bE,G,g
661428085183,2458526.8552992,3.8920593487693163,0.037994985998751576,14.924616987120771,0.010611065794201941,18.203324889423072,1.52,bE044282,bE,G,g
661428085183,2458527.8546636,3.8746790980600956,0.039748811262263296,14.929476272410431,0.011150660103575055,18.15433024876971,1.60,bE044614,bE,G,g
661428085183,2458529.8717453,3.7820008659422344,0.03931824430104157,14.955761562415091,0.01130016189345904,18.166155319429098,1.45,bi180784,bi,G,g
661428085183,2458530.8806923,3.7850367879019546,0.04864436917356012,14.954890360046573,0.013969299978295668,17.93505917199609,1.37,bi181158,bi,G,g
661428085183,2458532.8595771,4.051540164415183,0.07476518146589083,14.881015250816741,0.02005817498913773,17.468392132080666,1.37,bi181890,bi,G,g
661428085183,2458534.8540182,3.422341116709624,0.11546821258590657,15.064257384750707,0.036673412276471376,16.99648450365475,1.42,bi182639,bi,G,g
661428085183,2458536.8858317,3.6176614558441216,0.10404254690655133,15.003995815432436,0.03126044995607189,17.109613174058907,1.39,bi183419,bi,G,g
661428085183,2458538.8671782,3.812374778319843,0.07017412233692065,14.947076653019934,0.020007534507153386,17.537198137321553,2.03,bi184160,bi,G,g
661428085183,2458539.8702142,4.012953149072451,0.06292081289545673,14.891405398762537,0.017042857314606915,17.65565479947686,1.41,bi184540,bi,G,g
661428085183,2458546.8608584,3.9707940735942855,0.030979355970936078,14.902872209722398,0.008480221433746299,18.42495964899267,1.47,bE051376,bE,G,g
661428085183,2458547.874553,3.6152550977517475,0.09054404175033848,15.004718254348893,0.02722281942050349,17.260490919325207,1.54,bi187401,bi,G,g
661428085183,2458548.8747964,3.8996539979400078,0.04805496811513662,14.922500433851557,0.013394434742750547,17.9482948778692,1.49,bE052134,bE,G,g
661428085183,2458549.8127566,3.9037418369242305,0.02436835295869944,14.92136289955641,0.006785115737409736,18.685575170212125,1.45,bE052432,bE,G,g
661428085183,2458550.8119707,3.861182892010593,0.035659698326305674,14.933264689117081,0.010038514813486221,18.27219644940939,2.21,bE052778,bE,G,g
661428085183,2458553.8024922,4.037084704217026,0.035324258775929894,14.884895968109845,0.009510806996937762,18.282457967370053,1.50,bE053905,bE,G,g
661428085183,2458554.8018254,3.8912932712853463,0.03942853127891775,14.924830714573009,0.01101358757317684,18.163114111907838,1.44,bE054285,bE,G,g
661428085183,2458555.7970739,3.847430369453714,0.04080966949923395,14.93713870042933,0.01152934092437107,18.125732917405365,1.41,bE054662,bE,G,g
661428085183,2458556.7950838,4.00652484138651,0.04533614513255925,14.893146022751559,0.01229954151620674,18.011529136634618,1.43,bi190845,bi,G,g
661428085183,2458557.7953675,3.761079979705771,0.03308001677417164,14.961784200202198,0.00956016361415919,18.353726308687076,1.47,bE055425,bE,G,g
661428085183,2458558.8236221,3.7890044676109853,0.04083034619250923,14.953752828903632,0.011713053246093699,18.12518295585101,1.48,bi191659,bi,G,g
661428085183,2458561.8142276,3.9884307611957155,0.06675411585637649,14.898060479434731,0.01819232322871391,17.591445491084517,1.51,bE056980,bE,G,g
661428085183,2458562.7795417,3.98526223239009,0.11141165280793998,14.898923363577357,0.030386864290407992,17.035314068694408,1.49,bE057345,bE,G,g
661428085183,2458563.7745655,3.823189610681349,0.09787632994912109,14.94400102892797,0.027826847735947978,17.17594642063184,1.40,bE057736,bE,G,g
661428085183,2458564.7725774,3.6643437561166925,0.11572711342045724,14.990075100907747,0.034328204187839904,16.994052809797683,1.43,bi194034,bi,G,g
661428085183,2458565.7845884,3.8322069506110803,0.08085398180181555,14.94144323668771,0.022933198535649634,17.38338708045966,1.46,bE058535,bE,G,g
661428085183,2458566.7820881,3.814391930949253,0.09107913045655291,14.946502334760353,0.02595408564096932,17.25409342218948,1.46,bi194862,bi,G,g
661428085183,2458571.7497604,3.8607366082366785,0.049031561451886384,14.933390188081804,0.01380440597203093,17.92645130158086,1.49,bE060825,bE,G,g
661428085183,2458571.8831197,3.522168060117948,0.05191145373103872,15.033040436105473,0.016020102454742637,17.864482633806414,1.47,bi196937,bi,G,g
661428085183,2458572.5616938,4.365202490305966,0.038753129361662315,14.800054636552357,0.009649716546025922,18.18187366629589,1.47,bm122520,bm,G,g
661428085183,2458573.8274646,3.931293507083825,0.05155182945853683,14.91372694954933,0.0142534758945296,17.872030406372524,1.51,bE061495,bE,G,g
661428085183,2458575.6407036,4.240694404991505,0.041778497330595674,14.831473179171022,0.010708484461530728,18.10025857287996,1.51,bm123464,bm,G,g
661428085183,2458575.8398757,3.637082843928045,0.04613430533055305,14.998182638925728,0.013787418710757593,17.992580647474426,1.48,bi197932,bi,G,g
661428085183,2458576.779301,3.9235631893656464,0.02701954452790708,14.915863993891437,0.007485305759476697,18.573445551973997,1.53,bE062651,bE,G,g
661428085183,2458577.9382054,3.965789519864391,0.04531557759013335,14.904241470394673,0.012420241253664747,18.012021811791076,1.55,bq148798,bq,G,g
661428085183,2458578.9360433,4.093506720382123,0.04948805009391943,14.86982685299456,0.01314065481556536,17.916389755765277,1.45,bq149184,bq,G,g
661428085183,2458579.9426226,4.048356232351538,0.05432716444222281,14.881868819880765,0.014586479625032308,17.81509801640955,1.59,bq149337,bq,G,g
661428085183,2458580.8470805,3.8590750829034373,0.042285802453682325,14.933857551356828,0.01191032249090672,18.087154170014983,1.47,bi199914,bi,G,g
661428085183,2458582.4648141,4.497707960539061,0.043696375480324894,14.767587489888863,0.010560058750236967,18.051527074747085,1.50,bm125290,bm,G,g
661428085183,2458583.488068,4.0786738778617275,0.06664564776339968,14.873768168689951,0.017760900638600165,17.59321112781976,1.51,bm125736,bm,B,g
661428085183,2458583.8788599,4.031022492746957,0.038796160228181276,14.886527568571253,0.010461300936507838,18.18066875069334,1.42,bi201206,bi,G,g
661428085183,2458585.5012719,4.258176951996644,0.030433965339579996,14.827006359940448,0.0077686760041120045,18.444244257255363,1.51,bm126597,bm,G,g
661428085183,2458586.6856306,4.096387700392932,0.042625136493702594,14.86906298858527,0.011310372330579558,18.078476154703736,1.52,bE066517,bE,G,g
661428085183,2458588.7009577,3.9795554925668055,0.05477216703529883,14.900479209627198,0.014960204545458704,17.806240801622756,1.42,bE067035,bE,G,g
661428085183,2458589.6945312,3.707495679629176,0.07587699758020684,14.977363988246491,0.022245473628721583,17.452365267160054,1.49,bi203611,bi,G,g
661428085183,2458590.9728025,4.105420752342245,0.09042121080450093,14.866671439072075,0.023940037018477963,17.261964815817027,1.48,bq152646,bq,G,g
661428085183,2458593.7086316,3.6502360919011756,0.11953029554348633,14.994263235049278,0.035593378350146365,16.958945628151366,1.50,bi205279,bi,G,g
661428085183,2458602.3993386,4.213572141568019,0.03545269554735023,14.838439537332867,0.00914557466769365,18.27851745856585,1.47,bm130609,bm,G,g
661428085183,2458604.4101307,4.316331860802251,0.050418126689644446,14.812278552311522,0.012696500961117704,17.89617384840569,1.53,bm131305,bm,G,g
661428085183,2458604.968231,4.329677745118239,0.13657711439291859,14.808926688976825,0.0342873982658587,16.8141957797246,1.47,bq156001,bq,G,g
661428085183,2458605.8944894,3.673331474902562,0.04112390555576744,14.987415322093083,0.012168762239027497,18.117404728722835,1.47,bE073645,bE,G,g
661428085183,2458605.9080379,3.9243037455793464,0.04369507677454165,14.915659085041192,0.012102694324179639,18.051559344536678,1.46,bq156310,bq,G,g
661428085183,2458607.650783,3.8350552385629846,0.043100018121531455,14.940636562958048,0.012215689962741567,18.066446979539226,1.46,bE074018,bE,B,g
661428085183,2458608.6575047,3.8817474419385674,0.03455182534249053,14.92749743358785,0.009675109588081699,18.30646312216439,1.43,bE074451,bE,G,g
661428085183,2458609.6650217,3.6481169123465746,0.05183779749111044,14.994893752655138,0.01544507300872433,17.866024259579905,1.40,bi211773,bi,B,g
661428085183,2458611.6933954,3.6424081784798927,0.0489771397483598,14.996594091171765,0.014615611116880858,17.927657064318105,1.45,bi212259,bi,B,g
661428085183,2458613.3858773,4.197855963931441,0.0336776813584426,14.842496789609898,0.008720207578377354,18.334285152584048,1.46,bm132966,bm,G,g
661428085183,2458614.758154,3.427463107051416,0.047058781844469454,15.062633650346243,0.014923822148723053,17.97103890915902,1.48,bi213629,bi,G,g
661428085183,2458615.6941491,3.76009012410406,0.03558083265176899,14.962069986072118,0.010285609340005964,18.274600343708354,1.49,bi214027,bi,G,g
661428085183,2458617.4051526,4.256574020995499,0.09314425945061736,14.827415147055362,0.023785269508535867,17.2297503760224,1.52,bm134649,bm,B,g
661428085183,2458618.6143222,4.058570576470093,0.0747878135464323,14.879132865962015,0.02002949071581919,17.468063519879774,1.51,bE075920,bE,G,g
661428085183,2458619.6178623,3.4589122696780863,0.0871205713685896,15.052716755030284,0.027377471830339603,17.30233882389417,1.45,bi215735,bi,B,g
661428085183,2458620.6889381,3.675556336978699,0.06497953377727088,14.986757912851768,0.01921611901528637,17.62069913395844,1.46,bi216213,bi,G,g
661428085183,2458621.7060815,3.703086281072985,0.08384287779250398,14.97865604445585,0.02461016457643346,17.34397517028809,1.46,bi216679,bi,G,g
661428085183,2458626.3333802,4.596893417133586,0.0852737667150364,14.743904536327907,0.020163373055093928,17.325601993756862,1.50,bm137580,bm,G,g
661428085183,2458626.6081413,3.8620456041198277,0.03162145032376518,14.93302212791987,0.008899724441265314,18.402686148814496,1.49,bE078973,bE,G,g
661428085183,2458627.4064995,4.318138286016399,0.06275328097924214,14.81182425662193,0.01579617962717934,17.658549518173853,1.45,bm138079,bm,G,g
661428085183,2458627.6641247,3.609179237913184,0.077327484643814,15.006544496307939,0.02328829027396114,17.43180590292059,1.43,bi219010,bi,B,g
661428085183,2458628.334157,4.416825210771737,0.039499400898234435,14.787290089666774,0.009720586476099798,18.161164340006668,1.52,bm138457,bm,G,g
661428085183,2458629.4584127,4.071596727641193,0.06828088477267182,14.875653730660616,0.01822831630399968,17.56689276144999,1.49,bm138975,bm,G,g
661428085183,2458630.8739696,3.9699066348655374,0.07353433568029327,14.903114889656246,0.020133628594052922,17.486415178203483,1.52,bq162191,bq,G,g
661428085183,2458631.5791169,3.8295999654580886,0.03206594528413258,14.942182095890535,0.009101286992556367,18.387530493508912,1.47,bE080195,bE,G,g
661428085183,2458633.3459846,4.533106440114224,0.04435118940821486,14.759075830585465,0.010634609006209845,18.03537743340738,1.57,bm139434,bm,G,g
661428085183,2458635.8620607,3.8152684950412845,0.032463027459534756,14.94625285645554,0.00924860188959151,18.374168063654764,1.47,bE080871,bE,G,g
661428085183,2458636.366744,4.342222145532319,0.037899888534898306,14.80578552743937,0.009487200248052623,18.206045779711303,1.51,bm139991,bm,G,g
661428085183,2458636.6330329,3.605580635686934,0.037920941394603065,15.007627590718846,0.011431838231929664,18.20544283583417,1.43,bi220752,bi,G,g
661428085183,2458636.90613,4.355762499083676,0.09743054507170817,14.80240514346487,0.02431325546435792,17.18090278093819,2.27,bq163226,bq,G,g
661428085183,2458637.3487542,4.339939171487185,0.025164525349456904,14.806356516054288,0.006302564129185427,18.650668753454486,1.61,bm140332,bm,G,g
661428085183,2458637.883642,3.6730566619897385,0.045376777700963704,14.987496552304055,0.013428212248392218,18.01055648021078,1.41,bi221413,bi,G,g
661428085183,2458638.8409943,3.740251402995121,0.09673192743623972,14.967813635989561,0.028111318747991186,17.188716007909175,1.50,bi221841,bi,B,g
661428085183,2458639.5514493,4.022975842554348,0.040375808434118664,14.888697060538917,0.010909026058205118,18.137337533468173,1.57,bE082403,bE,B,g
661428085183,2458641.2898152,4.341865634762238,0.027615212133278534,14.80587467362501,0.006913280477211355,18.549769652151994,1.46,bm141030,bm,B,g
661428085183,2458641.8547717,4.128496616428896,0.05151372826270923,14.860585789783372,0.01356260840118664,17.8728331546534,1.58,bq164073,bq,G,g
661428085183,2458642.7170482,3.8665667941073294,0.026786943304100502,14.931751829976319,0.007530257272736552,18.582832715243697,1.46,bE083858,bE,G,g
661428085183,2458642.8833156,3.6588207077056567,0.040614363500917634,14.991712801327303,0.012065649237917662,18.130941482794206,1.50,bi223715,bi,G,g
661428085183,2458643.3064403,4.205851157720227,0.048110689696747894,14.840430874209956,0.012433684876188936,17.94703665436844,1.97,bm141908,bm,G,g
661428085183,2458643.5710597,3.8903939793847004,0.034999209641638836,14.925081661121766,0.009778603241029884,18.29249501857725,1.48,bE084189,bE,G,g
661428085183,2458643.8267159,3.6988971290691834,0.04103583662246793,14.979884989248442,0.012058775544546565,18.119732381256437,1.53,bi224130,bi,G,g
661428085183,2458644.7565748,3.581582825518954,0.05082866100038585,15.014878125176285,0.015425734167583166,17.887368938788967,1.47,bi224534,bi,G,g
661428085183,2458645.3264565,4.385597666381432,0.0487872623172705,14.794993654524164,0.012091768782180556,17.931874490216707,1.60,bm142350,bm,G,g
661428085183,2458645.5767405,3.5731244127953485,0.06589637720985175,15.01744527681544,0.020045900643911495,17.605486763918424,1.47,bi224852,bi,G,g
661428085183,2458646.5904549,4.055834865534915,0.05664300928160348,14.879864961626161,0.015180225623275928,17.769774816136298,1.62,bE085533,bE,G,g
661428085183,2458647.6256865,3.713787205614381,0.05842358443115203,14.975523083031737,0.017099497791584376,17.736170115208015,1.42,bi225812,bi,G,g
661428085183,2458647.7859008,3.8714837062388687,0.05532878794127672,14.930372032768982,0.015534092729300892,17.79526272029958,1.96,bE086126,bE,G,g
661428085183,2458648.2671967,4.349798827544025,0.05511415981583113,14.803892692601293,0.013772291047725248,17.799482633375774,1.66,bm142886,bm,G,g
661428085183,2458649.2636244,4.453970638337249,0.1294592543822551,14.778197247951946,0.0315935133561656,16.872307857993327,1.50,bm143332,bm,G,g
661428085183,2458653.840511,3.8031563891906215,0.11475779650576412,14.949705161391947,0.03279821352781616,17.003185109809806,1.52,bi228255,bi,G,g
661428085183,2458654.729455,3.916787852982152,0.21597279384070728,14.917740499114835,0.05993509109885589,16.31664299547485,1.45,bi228629,bi,B,g
661428085183,2458655.5037624,3.7961077698492285,0.08203178534847667,14.95171928887772,0.02348852811361901,17.367685202229694,1.52,bE088984,bE,B,g
661428085183,2458656.840996,4.224240653614782,0.3227555214294042,14.835693992667762,0.08304953427423663,15.88045641007736,1.49,bi229643,bi,B,g
661428085183,2458657.4993333,3.606119155925968,0.03597670817490562,15.007465440064077,0.010844100233670138,18.26258705291753,1.47,bi229832,bi,G,g
661428085183,2458658.5772279,4.322063084215088,0.09598221691574807,14.810837868548045,0.024138587201232145,17.197163669748605,1.58,bm146461,bm,B,g
661428085183,2458658.8192865,4.0332273428852785,0.06591244581341885,14.885933865318083,0.017763432792117343,17.60522204317608,1.47,bq168248,bq,G,g
661428085183,2458659.7373164,3.6034164907407065,0.04945374124969223,15.008279467963309,0.014917528049804453,17.91714273092993,1.51,bi230468,bi,G,g
661428085183,2458660.6574116,3.835476740259126,0.026800364609711275,14.940517238860686,0.007595100445204151,18.582288855203373,2.07,bE090678,bE,G,g
661428085183,2458662.8054202,3.8304506734796857,0.03519419112659787,14.94194093704027,0.009986959455514281,18.286463140946193,1.55,bE091235,bE,G,g
661428085183,2458667.2198078,4.18371841567404,0.04364463603926417,14.846159505431887,0.01133915265522616,18.052813420988493,2.22,bm147462,bm,G,g
661428085183,2458668.590986,3.8311817017794074,0.03280450499928423,14.94173374780037,0.00930706853053585,18.362806889207008,1.55,bE092034,bE,G,g
661428085183,2458670.5994126,3.6231884088897743,0.04446539850850027,15.002338326518514,0.01333961954116368,18.032585139167125,1.55,bi233077,bi,G,g
661428085183,2458672.785071,4.300508519898388,0.15992764134459989,14.816266091282053,0.040421822666212685,16.642831780938923,1.47,bq170137,bq,B,g
661428085183,2458673.2667877,4.358365846465466,0.045496720192442525,14.801756415679835,0.011346674068451825,18.007690386484263,1.54,bm148355,bm,G,g
661428085183,2458674.2630556,4.197058472343642,0.04930295555607542,14.842703072949423,0.012768506666233283,17.92045822485051,1.57,bm148710,bm,G,g
661428085183,2458676.614991,4.2244224564403074,0.06337910832490219,14.83564726576973,0.016307633965617494,17.647775299326153,1.41,bE095003,bE,G,g
661428085183,2458682.748406,3.7700612803383033,0.15104339330979705,14.959194598560535,0.04354772753427501,16.704886276857017,1.47,bi237752,bi,G,g
661428085183,2458683.6083708,3.8145220693083055,0.0834945301056398,14.946465292547515,0.023791951489305737,17.348495549162784,1.40,bi238093,bi,G,g
661428085183,2458684.6421156,3.7538505308882373,0.09703310818157057,14.963873182058247,0.028096688691976283,17.185340753940473,1.50,bi238571,bi,G,g
661428085183,2458684.646858,3.760711774095,0.04951415005751885,14.961890497790808,0.014311048428150694,17.91581729018298,1.52,bE098237,bE,G,g
661428085183,2458686.2895227,4.469603453442731,0.03788062254668326,14.774393137506678,0.00921213484675935,18.20659784200483,1.59,bm152346,bm,G,g
661428085183,2458686.7632888,3.843295890521299,0.13021217179933076,14.938306068437353,0.03682645660880954,16.866011655120374,1.44,bq173881,bq,G,g
661428085183,2458688.6861984,3.765240838750905,0.07883009179358141,14.96058372100993,0.02275681319040219,17.410910530750353,1.45,bi239577,bi,G,g
661428085183,2458689.7060731,4.074977118479624,0.05948887442149769,14.874752686123491,0.015868020394551912,17.716551231958693,1.41,bq174365,bq,G,g
661428085183,2458690.4110817,4.2837907619542275,0.043021938010090084,14.820494997431181,0.010916260549707882,18.068415686031706,1.53,bm152695,bm,G,g
661428085183,2458691.4220229,4.390754948627761,0.040660869669657144,14.793717623593514,0.010065831043663997,18.129698953312932,1.52,bm153137,bm,G,g
661428085183,2458691.569634,3.624318591751419,0.032842525681137366,15.00199970512478,0.009849685278977146,18.361549240993362,1.40,bi240528,bi,G,g
661428085183,2458694.7318757,3.6947898276258213,0.04296976704378393,14.98109127411437,0.012641116465307679,18.069733113424736,1.47,bi241946,bi,G,g
661428085183,2458695.7369578,3.798073088621444,0.06144788076924879,14.951157327599134,0.01758554224490349,17.681373337897472,1.49,bq176058,bq,G,g
661428085183,2458696.7483344,4.189217300404884,0.06241331529040223,14.844733401303326,0.016194089547874862,17.66444748097593,1.50,bq176218,bq,G,g
661428085183,2458697.7337374,4.119069955040191,0.06681813689577691,14.863067702945962,0.017632235058414804,17.59040470657675,1.48,bq176369,bq,G,g
661428085183,2458698.4704611,4.466644153306607,0.05300448013576836,14.775112235624228,0.012898624423061535,17.841859163100057,1.54,bm154700,bm,G,g
661428085183,2458698.5641432,3.682669612753574,0.05030039337949424,14.98465872658002,0.014846387642415856,17.898712157655467,1.42,bi243435,bi,G,g
661428085183,2458698.7219378,4.030110379710728,0.046064065338128596,14.886773269557988,0.012423887069983968,17.99423495257761,1.48,bq176705,bq,G,g
661428085183,2458699.2757233,4.091748349674197,0.04206317419640857,14.870293332475534,0.011173913352094562,18.092885505000005,1.48,bm154936,bm,G,g
661428085183,2458699.5474472,4.062960564187414,0.037191694809771955,14.877959104762358,0.009949827124669148,18.226525687878652,1.46,bE103400,bE,G,g
661428085183,2458700.2299404,4.611964008239026,0.049242909728257137,14.740350848776412,0.011605663396965156,17.92178134352397,1.58,bm155319,bm,G,g
661428085183,2458700.7160462,4.033564512769046,0.07524865213809759,14.88584310369767,0.02027784926574387,17.46139379842629,1.44,bq177140,bq,G,g
661428085183,2458701.5884199,3.8003750184418226,0.04808654706276623,14.950499485737733,0.013753375833740634,17.947581629114605,1.47,bi244768,bi,G,g
661428085183,2458701.7143743,4.313177933712684,0.06629151533171733,14.813072185568178,0.016706010285959978,17.598995745197143,1.48,bq177487,bq,G,g
661428085183,2458702.2267881,4.36103139576621,0.04997374469351245,14.80109258918102,0.012455605745712823,17.90578587707949,2.10,bm155627,bm,G,g
661428085183,2458702.7117291,4.030217623748078,0.10021767311433454,14.886744377747618,0.027028876243124535,17.15027982410036,1.46,bq177837,bq,G,g
661428085183,2458703.5432381,3.91394767885535,0.060457631381926745,14.918528082860952,0.016789906792699937,17.699012790638943,1.40,bi245603,bi,G,g
661428085183,2458703.6975969,3.967069749164885,0.15568466870970846,14.903891031475522,0.04265679120576008,16.67202599432192,1.47,bq178074,bq,B,g
661428085183,2458708.505703,4.209139085950819,0.08118176984318984,14.839582430469227,0.02096415736698022,17.37899432360368,1.46,bE106880,bE,G,g
661428085183,2458709.3268589,4.3299035278646985,0.08902587594223782,14.808870071804566,0.0223485941052075,17.27884997276239,1.49,bm157119,bm,G,g
661428085183,2458710.2300916,4.406361868562293,0.11468770710259289,14.789865221460525,0.0282910380302344,17.00384843599195,2.17,bm157447,bm,G,g
661428085183,2458710.514857,3.4578130434868335,0.07521323172622453,15.053061851771613,0.023643126946926135,17.461904987350433,1.50,bE107554,bE,G,g
661428085183,2458711.5155389,3.832684826804751,0.05951056495967617,14.941307853827626,0.016877306540550422,17.71615542836526,1.43,bE107981,bE,G,g
661428085183,2458711.6786766,3.184648232615351,0.2625182896010135,15.142411951381725,0.08960046639854055,16.104741696410162,1.54,bq179901,bq,G,g
661428085183,2458712.2659024,4.385292441993385,0.09019596902502874,14.795069221123384,0.02235634180916126,17.26467278946386,1.56,bm158098,bm,G,g
661428085183,2458712.4792085,3.4634550967439366,0.04229382846566829,15.051291718691031,0.013273321407658209,18.086948112558257,1.45,bi249205,bi,G,g
661428085183,2458715.4246038,4.276702297535924,0.07566077412934213,14.82229307241602,0.019229763064663934,17.455463660195573,1.59,bm159233,bm,G,g
661428085183,2458715.6702126,4.023610381750188,0.05815179213296937,14.88852582216267,0.015709391246340042,17.741232852840938,1.49,bq180366,bq,G,g
661428085183,2458717.6706476,4.042449671499309,0.04569884001453561,14.883454068168351,0.012287760201424962,18.002877670440423,1.51,bE110651,bE,G,g
661428085183,2458718.6727852,3.602559067815646,0.0496028276760137,15.008537846612903,0.014966060520927558,17.91387452459746,1.45,bi251949,bi,G,g
661428085183,2458719.6212588,3.6512560224611117,0.03839903310362539,14.993959906489824,0.01143115662218861,18.191839889263385,1.49,bi252337,bi,G,g
661428085183,2458719.6700445,3.7819298932815513,0.03474643723929822,14.955781937426366,0.009986400496621502,18.300364910467625,1.45,bE111477,bE,G,g
661428085183,2458720.2155922,4.402060003409241,0.077747245375653,14.790925727231908,0.019197347456161456,17.425928084698096,1.98,bm160979,bm,G,g
661428085183,2458721.566715,3.5073074820308876,0.050963832029937435,15.03763101803216,0.01579430086514161,17.884485422283728,1.47,bi253009,bi,G,g
661428085183,2458721.6544353,3.9183459838132118,0.052008307481732935,14.917308670096324,0.014427201996815414,17.862458809792273,1.49,bq182175,bq,G,g
661428085183,2458722.2671011,4.271513204068052,0.031733646319867956,14.823611239310367,0.008075146248662726,18.39884066869392,1.53,bm161321,bm,G,g
661428085183,2458722.6499978,3.9780185972186284,0.04669841542080143,14.900898599487565,0.012759906962730976,17.979385250801933,1.44,bq182548,bq,G,g
661428085183,2458723.6037899,3.633868576451606,0.03139324459130306,14.99914258119367,0.00939029335518485,18.410550102115735,1.41,bi253938,bi,G,g
661428085183,2458724.6523099,3.7902892230383953,0.03832165549680675,14.953384745662081,0.01098965564762453,18.19402995557219,1.42,bi254420,bi,G,g
661428085183,2458724.6575368,4.129533583232801,0.035498940592680765,14.86031311642645,0.00934386516402597,18.277102130326853,1.43,bE113326,bE,G,g
661428085183,2458725.6433207,3.8787074042948797,0.08479570124437019,14.928348074218539,0.023762875328247852,17.331706021283022,1.55,bq183470,bq,G,g
661428085183,2458726.6488142,3.7402705955403275,0.09960028268790987,14.967808064709589,0.02894474452296813,17.15698918381604,1.37,bi255284,bi,G,g
661428085183,2458727.3868425,4.449955293291074,0.04943718706413297,14.779176502680757,0.012075643316419672,17.91750623199269,1.50,bm162579,bm,G,g
661428085183,2458727.6543744,4.0559087607177275,0.14074590803937453,14.879845180262489,0.03771896550858854,16.7815511682066,1.50,bq184231,bq,B,g
661428085183,2458728.380993,4.459590826643346,0.045189781495488135,14.77682808866492,0.011014312662728822,18.01504000792239,1.51,bm162999,bm,G,g
661428085183,2458728.6230401,4.135336543681676,0.09888433616022045,14.858788474128941,0.02599134869722221,17.164821855602618,1.46,bq184604,bq,B,g
661428085183,2458729.2376022,4.111333465044272,0.05012254588547174,14.865108864072958,0.0132514252613162,17.902557806198985,1.52,bm163305,bm,G,g
661428085183,2458729.6258958,4.105928210046097,0.083105636795581,14.866537243045407,0.022000436755621224,17.35356440739125,1.52,bq184986,bq,G,g
661428085183,2458730.2306634,4.428870309700234,0.04212768043505852,14.784333214642247,0.01033919572996667,18.09122174299767,1.60,bm163734,bm,G,g
661428085183,2458730.6251267,4.114373615838542,0.07818897211149349,14.864306306456182,0.020656367432821385,17.419776851837902,1.51,bq185375,bq,G,g
661428085183,2458731.5873946,4.132571752462077,0.04809485440175851,14.859514615235032,0.012649995882815603,17.947394075625173,1.52,bE116046,bE,G,g
661428085183,2458736.3299482,4.68144075189689,0.2505503813225208,14.724116793921205,0.058173836952308024,16.155402941319878,1.59,bm165474,bm,B,g
661428085183,2458736.6290416,3.5792847795913403,0.20376202240266497,15.015574988150732,0.061878412244867176,16.379832505223796,1.50,bE117051,bE,B,g
661428085183,2458738.6013881,3.944863804827331,0.08070451213492046,14.909985587469956,0.02223709109842545,17.385396070160034,1.47,bi258765,bi,G,g
661428085183,2458742.3487982,3.8574223501701046,0.17700902035905572,14.934322641071008,0.04987815479356198,16.532652115137335,1.60,bm166404,bm,G,g
661428085183,2458742.607337,3.9507147433347973,0.08522229274654537,14.908376439541547,0.02344713119434876,17.326257576684323,1.47,bE118912,bE,G,g
661428085183,2458743.3286573,3.935073800909522,0.11699268886587404,14.912683417757224,0.03231603080205677,16.982243805034418,1.46,bm166797,bm,G,g
661428085183,2458743.6004489,4.083237686727587,0.08464274699045721,14.872553969542004,0.0225318712545794,17.333666237727215,1.54,bE119302,bE,G,g
661428085183,2458744.2886919,4.43619346404479,0.04482379446648966,14.782539428197747,0.010982730153527262,18.023869066280042,1.53,bm167176,bm,B,g
661428085183,2458744.6006707,3.932791382126599,0.055947612942615035,14.913313348423017,0.015462966848454713,17.783186707246657,1.61,bE119624,bE,G,g
661428085183,2458745.6003562,4.0376896552008885,0.03946270996943393,14.884733284384637,0.010623463819594097,18.162173347294196,1.58,bE120016,bE,G,g
661428085183,2458746.5808017,3.660089625251224,0.08119928467187873,14.991336321859404,0.024114188741646655,17.37876010313063,1.50,bi261947,bi,G,g
661428085183,2458746.5930952,3.7870931471771576,0.03611376224208691,14.954300654431613,0.010365229443282145,18.258458775180845,1.54,bE120401,bE,G,g
661428085183,2458747.5935765,3.7399293714403803,0.04351470280956294,14.967907120713747,0.012646920653525101,18.056050556975435,1.52,bi262360,bi,G,g
661428085183,2458748.5903614,3.9102473883958835,0.05693603363062483,14.919555035687397,0.015826874089967555,17.764172588078864,1.46,bi262762,bi,G,g
661428085183,2458750.5837654,3.879540048442104,0.03733278875694714,14.928115023673218,0.010459775568077515,18.22241452917154,1.45,bE121900,bE,G,g
661428085183,2458751.5840016,3.8137890514323836,0.03697903829641611,14.9466739531636,0.010539284239864883,18.23275158045722,1.56,bE122289,bE,G,g
661428085183,2458752.2529559,4.133455629909094,0.046571576788181156,14.859282422017163,0.012246721302945619,17.98233825588384,1.55,bm169005,bm,G,g
661428085183,2458752.578033,3.9353461971363664,0.0424292340003055,14.912608262823762,0.011719104317324595,18.083477633277315,1.45,bE122676,bE,G,g
661428085183,2458753.3077768,4.494674181907413,0.061359083582090634,14.76832008407145,0.014838596385019054,17.682943449792823,1.50,bm169437,bm,G,g
661428085183,2458753.5760178,3.817752808049408,0.04602611544368769,14.945546109136226,0.013104144995022684,17.995129805347883,1.45,bE123051,bE,G,g
661428085183,2458754.3152175,4.2836643935199925,0.045084537042312835,14.820527026261612,0.011439955856920618,18.01757157541096,1.53,bm169826,bm,G,g
661428085183,2458754.5747781,4.077275490288591,0.034045675800963376,14.87414048096478,0.009076200378663626,18.32248571326053,1.44,bE123428,bE,G,g
661428085183,2458755.528511,3.6414927263299135,0.04220572620109219,14.99686700524931,0.012598072492993625,18.089212168349103,1.47,bi265465,bi,G,g
661428085183,2458756.5661525,3.6780784753096465,0.043205260317307155,14.98601314456327,0.012768145049265229,18.063799046042558,1.38,bi265891,bi,G,g
661428085183,2458757.5667176,3.7052578933708356,0.04346030599161633,14.978019519449322,0.012749305012987844,18.057408662095124,1.45,bi266283,bi,G,g
661428085183,2458758.3020039,4.20366887206749,0.04538827191032359,14.840994375239049,0.011736195134497057,18.01028149155893,1.52,bm170399,bm,G,g
661428085183,2458758.5599674,3.7166502817699167,0.051859255339663686,14.974686377091295,0.015166548243850034,17.8655749206113,2.09,bi266656,bi,G,g
661428085183,2458763.2457628,4.710478600631695,0.09407316974425287,14.717403034367788,0.02170765521798046,17.218976167473027,1.59,bm171956,bm,G,g
661428085183,2458763.5439446,3.634851121868863,0.09978698302601738,14.998849053534574,0.02984004250744513,17.154955880685655,1.46,bi267940,bi,G,g
661428085183,2458763.55132,3.926432811229749,0.053903311404078544,14.91507019667412,0.014922082890716268,17.823601997160672,1.49,bE126153,bE,G,g
661428085183,2458764.246399,4.1058729702654855,0.14155437353459294,14.866551850274307,0.03747399167202534,16.775332381223336,1.51,bm172217,bm,B,g
661428085183,2458764.4959103,4.081335468782882,0.10643938853865606,14.873059888685587,0.028347335921523623,17.08488468394435,1.45,bE126466,bE,G,g
661428085183,2458765.5033018,3.601787414601013,0.11094335950989666,15.008770431716325,0.03348076781935492,17.039887329576324,1.66,bi268660,bi,G,g
661428085183,2458766.51634,4.000672952835102,0.0727892136978461,14.894732997011701,0.01977635049750045,17.497473041544573,1.47,bE127216,bE,G,g
661428085183,2458767.2552997,4.6089864619670635,0.09153169376724053,14.741052041112628,0.021586301523582558,17.248711864119983,1.62,bm172955,bm,G,g
661428085183,2458768.51009,3.786099937908907,0.09297406736040241,14.95458543873739,0.02669205000590084,17.23173603502525,1.54,bE127943,bE,G,g
661428085183,2458769.2490332,4.551126092803583,0.1355609151100465,14.754768451858267,0.03237634329771336,16.822304381693073,1.52,bm173706,bm,G,g
661428085183,2458772.2907711,4.619724392585386,0.15729418081132843,14.738525455226167,0.03700912027109144,16.660858971576225,1.52,bm174842,bm,B,g
661428085183,2458772.5031391,3.8725922598279756,0.06887886757798885,14.93006118954376,0.019332872995833198,17.557425615526846,2.18,bi271183,bi,G,g
661428085183,2458773.5004331,4.016959111785984,0.029955154982946236,14.890322094494064,0.008105621730847867,18.461461684194727,2.08,bE129477,bE,G,g
661428085183,2458775.2936509,4.193808907260534,0.054752340747551156,14.843544027877494,0.014190778638721768,17.80663388476158,1.48,bm175636,bm,G,g
661428085183,2458777.2891617,4.38842302872566,0.05749751448512904,14.794294408784651,0.014241402422762676,17.75351793314089,1.50,bm176256,bm,G,g
661428085183,2458777.4913069,4.14574830474008,0.12832050746657916,14.856058292733639,0.03364382065939667,16.881900440343923,2.28,bi272957,bi,B,g
661428085183,2458889.8849104,4.5418986507747565,0.1473993546906573,14.756972024730771,0.03527526750378269,16.731401655940235,1.39,bi307308,bi,B,g
661428085183,2458890.8805585,3.4964598232237014,0.10672192989800458,15.040994266640595,0.03317701434597626,17.082006436004352,1.45,bi307666,bi,G,g
661428085183,2458891.8920527,4.127890502240131,0.1609536487354907,14.860745200942437,0.042382330174651865,16.63588854553414,1.57,bE163785,bE,B,g
661428085183,2458893.8865175,3.771650455960057,0.09191017678496398,14.958737029882727,0.02648770537915166,17.244231607817582,1.47,bE164364,bE,G,g
661428085183,2458894.8646062,3.7354172847032396,0.06404056041240949,14.969217812177247,0.018634947447813018,17.636502802115718,1.41,bi308845,bi,G,g
661428085183,2458899.8523267,3.971540614339636,0.06010904394221497,14.902668101900256,0.016451025854448725,17.705291060441056,1.49,bE165813,bE,G,g
661428085183,2458900.8477047,3.783429097200904,0.043779625531940765,14.955351623413005,0.012577624231532695,18.049460505143312,1.47,bE166170,bE,G,g
661428085183,2458902.840096,3.867563907283737,0.03722385015935661,14.931471875596529,0.010461548319538732,18.22558738313579,1.51,bE166610,bE,G,g
661428085183,2458903.8506985,3.657528646208517,0.05691062931289931,14.992096281637755,0.016912890006222907,17.764657141376368,1.50,bi311191,bi,G,g
661428085183,2458904.5817262,3.9930827685155297,0.07731640723501379,14.896794841451392,0.02104628878323484,17.43196144923624,1.48,bm203813,bm,G,g
661428085183,2458904.8486466,3.808949409165823,0.04862314260422275,14.9480526113873,0.013875543170494968,17.935533049753975,1.51,bE167337,bE,G,g
661428085183,2458905.8321419,4.284653912042121,0.047597081431033916,14.82027625217708,0.01207471108268643,17.95868980302631,1.51,bE167689,bE,G,g
661428085183,2458906.8583963,3.991050696317176,0.03734994894828226,14.897347511171606,0.010172201178356719,18.221915580099413,1.56,bE168029,bE,G,g
661428085183,2458907.8267028,3.831684996370683,0.0398471149930825,14.941591126198894,0.011303664459694544,18.15164840363263,1.53,bE168365,bE,G,g
661428085183,2458908.8532896,3.901840358486356,0.038524682581521925,14.921891880988344,0.010732026718837774,18.188292938693582,1.48,bE168736,bE,G,g
661428085183,2458909.8198571,3.5363800269461594,0.042630720419070366,15.028668299630006,0.013103156118082987,18.078333931748862,1.65,bi313365,bi,G,g
661428085183,2458910.8200825,3.764547455638699,0.053319226543994125,14.96078368178476,0.015395125631706964,17.835431009311545,1.45,bi313747,bi,G,g
661428085183,2458911.8154451,3.883893095213515,0.044157545284389706,14.926897453845909,0.012358046592479587,18.04012830398008,1.42,bE169792,bE,G,g
661428085183,2458915.0107984,4.002797207750586,0.08513146368428819,14.89415665188196,0.02311738388286614,17.32741536049547,1.49,bq237359,bq,B,g
661428085183,2458916.811236,3.8102853024602403,0.09263092053558059,14.947671883457215,0.026424735997022913,17.23575066157131,1.43,bE171561,bE,G,g
661428085183,2458917.8990708,3.8428541367987634,0.08588795175416937,14.938430871624636,0.02429352402529113,17.317809996790352,1.56,bi316349,bi,G,g
661428085183,2458920.7909978,3.635491598246278,0.12446223409816631,14.998657759005603,0.037212309094177054,16.91504663067198,1.44,bE172987,bE,G,g
661428085183,2458921.7802994,3.58789281828085,0.17639761749762917,15.012966970245946,0.05343987417387896,16.53640882377553,1.42,bi317768,bi,B,g
661428085183,2458921.8811187,3.8922901092964213,0.0809749581574031,14.92455261563788,0.02261297498265167,17.381763780774428,1.38,bE173402,bE,G,g
661428085183,2458922.7879042,3.3628125563412654,0.13126736529144306,15.083308971402271,0.04242934044182483,16.85724869026838,1.54,bE173635,bE,B,g
661428085183,2458927.5162095,4.2546198518794665,0.05073424032541711,14.827913716874937,0.012961419660755815,17.889387706931426,1.56,bm207870,bm,G,g
661428085183,2458929.5183663,4.33195226016923,0.0425288504031396,14.808356467576376,0.010671172841123264,18.08093150278319,1.50,bm208611,bm,G,g
661428085183,2458931.5069645,4.052353428527653,0.0484006463661332,14.880797333272842,0.012982430864420547,17.94051270777689,1.54,bm209342,bm,G,g
661428085183,2458933.5050482,4.455132375383498,0.1295544797387329,14.777914090382271,0.031608507852791685,16.87150952486904,1.43,bm210013,bm,B,g
661428085183,2458955.979897,3.2951883958139057,0.20646199646624355,15.105364998384001,0.06810390988125417,16.3655403049227,1.51,bq241445,bq,B,g
661428085183,2458958.8913686,4.054641222707439,0.04374832849070462,14.880184543665145,0.011727925692129314,18.050236950396705,1.52,bq242242,bq,G,g
661428085183,2458962.8858273,4.051280288048756,0.04155752604979079,14.881084895005834,0.01114986393324072,18.106016396983446,1.72,bq243311,bq,G,g
661428085183,2458964.8971182,3.9200450833646197,0.04786811863064749,14.916837967904627,0.013272950341761434,17.952524714785813,1.51,bq243988,bq,G,g
661428085183,2458966.8760554,4.120510987750679,0.11823621640957879,14.862687930864633,0.031189730330583726,16.970764302107185,1.55,bq244676,bq,G,g
661428085183,2458967.8647363,4.132823542928871,0.050220031439414184,14.85944846521652,0.013208159053490685,17.900448160792646,1.52,bq245020,bq,G,g
661428085183,2458974.8431825,4.643351598326023,0.21442589696682668,14.732986697183394,0.05019469712822949,16.32444752280594,1.41,bq246040,bq,B,g
661428085183,2458983.816521,3.903102713102524,0.052295481691719194,14.92154067173303,0.014563520117337572,17.856480192386876,1.53,bq248390,bq,G,g
661428085183,2458988.4956878,4.145711137061238,0.06238908037646106,14.856068026676102,0.01635768039752342,17.664869151147805,1.56,bm214610,bm,B,g
661428085183,2458990.9085214,4.139388374558723,0.042318843840827146,14.857725183234361,0.011112449266167387,18.086306125996753,1.60,bq249960,bq,G,g
661428085183,2458991.3831381,4.159373329657453,0.03432332612708831,14.852495865410752,0.008969611579610298,18.313667194339146,1.52,bm215385,bm,G,g
661428085183,2458993.8375704,3.9907582566231747,0.04844615193651703,14.897427070170197,0.013195201867506723,17.939492394255208,1.49,bq250666,bq,G,g
661428085183,2458998.7805573,4.14239829257221,0.047818280106912255,14.856935987077582,0.012547415228940288,17.95365573225994,1.51,bq251971,bq,G,g
661428085183,2459002.3214936,4.288875238931463,0.07365862545419165,14.819207089706053,0.018667766922434593,17.48458158591163,1.55,bm218040,bm,G,g
661428085183,2459009.2822184,4.218723547602478,0.09708326886997795,14.837112954646727,0.025013559447370423,17.184779634085476,1.53,bm220776,bm,G,g
661428085183,2459013.7324769,3.8813823400637477,0.04579686595694699,14.927599558461539,0.012825122022454177,18.000551214695356,1.53,bq255859,bq,G,g
661428085183,2459020.51359,4.254548301530196,0.04406373226366682,14.827931975958144,0.011257449148933972,18.04243741203881,1.57,bm223737,bm,G,g
661428085183,2459025.2511114,4.009203309206167,0.06484850999843751,14.892420421898166,0.01758142589227374,17.622890606686873,1.49,bm225029,bm,G,g
661428085183,2459030.827722,4.433617164058348,0.12977649462995802,14.783170147920082,0.03181632558399661,16.869650513118707,1.53,bq259650,bq,B,g
661428085183,2459031.2632459,4.323375838312831,0.08069796508282846,14.81050814447606,0.020288585290352018,17.385484152717588,1.53,bm225796,bm,G,g
661428085183,2459036.3766357,4.172993611915453,0.16539624875559608,14.84894632256382,0.04308142977807297,16.60632647299608,1.50,bm227666,bm,G,g
661428085183,2459037.7729048,4.287695666562648,0.2485585102150518,14.819505741568,0.06301107044955083,16.16406901838163,1.51,bq260821,bq,B,g
661428085183,2459042.6716764,3.8570545746148137,0.04795857653033561,14.934426162603264,0.013515206104694373,17.95047490088573,1.48,bq261935,bq,G,g
661428085183,2459045.7716381,3.795682023891634,0.10878619924779831,14.951841064588914,0.03115273302750788,17.061206102142673,1.50,bq262853,bq,B,g
661428085183,2459047.5250207,4.354337195285296,0.049442290480623985,14.802760478995987,0.012342089663112005,17.917394156884797,1.98,bm229352,bm,G,g
661428085183,2459050.4515238,4.280418234647834,0.041405847051781054,14.82135010855442,0.010514476161876552,18.109986427539624,2.02,bm230489,bm,G,g
661428085183,2459052.773025,3.7795764753229233,0.061763153865626516,14.95645777926014,0.01776227133800336,17.67581694981557,1.50,bq263660,bq,G,g
661428085183,2459056.486308,4.44687273214123,0.05147077625339281,14.779928871585298,0.012581087721092002,17.87373881622851,2.01,bm232886,bm,G,g
661428085183,2459056.4877265,4.765149291096859,0.062138360434797306,14.70487434343299,0.014174098648068316,17.669241136695252,1.99,bm232887,bm,G,g
661428085183,2459057.7473233,4.146440950280555,0.06285333714313264,14.855876909912052,0.016476502509018918,17.65681975863973,1.45,bq264782,bq,G,g
661428085183,2459066.7210097,4.239218826007958,0.22958407712697074,14.831851034344288,0.05886648464326099,16.25028620107868,1.45,bq267532,bq,B,g
661428085183,2459070.6862137,3.8898782107138237,0.046244127260903024,14.925225612054687,0.012922089843308683,17.989999142274876,1.50,bq268784,bq,G,g
661428085183,2459075.6274216,3.847988948264224,0.049966068862215884,14.936981082185593,0.01411411133079033,17.905952656016936,1.45,bq270246,bq,G,g
661428085183,2459079.6894748,4.017683644684705,0.07986902796850569,14.890126279539832,0.02160801310232209,17.396694614035823,1.43,bq270930,bq,G,g
661428085183,2459084.2698009,4.399510305119454,0.04892289419959346,14.791554774032612,0.012087040426004352,17.928860258227132,1.58,bm238818,bm,G,g
661428085183,2459085.3933368,4.231189343462095,0.05834159030347018,14.833909471751882,0.014987457880365457,17.737694953548502,1.51,bm239198,bm,B,g
661428085183,2459095.5985698,3.9044779426218064,0.10427212044685702,14.921158187949587,0.029028019371822478,17.107220098156574,2.05,bq275869,bq,B,g
661428085183,2459097.3743901,4.068914784705302,0.23132031612041432,14.876369135987549,0.06179414893695107,16.242106168604238,1.68,bm241351,bm,G,g
661428085183,2459101.3678617,4.219649439399463,0.05818980318152029,14.836874692069035,0.014989346147169878,17.74052339079601,1.55,bm242097,bm,G,g
661428085183,2459110.3431464,4.499499687255791,0.05351870043613084,14.767155057368184,0.012928659743842365,17.831376713531448,1.58,bm244158,bm,G,g
661428085183,2459114.2325444,4.5023990500308475,0.05412504691614617,14.766455661976982,0.013066716672867637,17.819144896910935,1.65,bm245285,bm,G,g
661428085183,2459122.3148639,4.343195618709956,0.11037622235084502,14.805542145921882,0.02762347480098418,17.045451796030502,1.57,bm247550,bm,G,g
661428085183,2459130.2399011,4.704428891116993,0.0703426251362144,14.718798351222075,0.016252637018795507,17.53459418183895,1.56,bm249292,bm,G,g
661428085183,2459136.2544318,4.2184499153229895,0.0835693942215546,14.837183379291673,0.021533098623965102,17.34752247628839,2.04,bm250413,bm,G,g
661428085183,2459137.2512007,4.410133818920903,0.06059037573691728,14.788936203070016,0.014933584051193575,17.696631497243118,2.26,bm250710,bm,G,g
661428085183,2459139.2607581,4.161590055887553,0.06720388187116653,14.851917379514475,0.017552833581651644,17.58415471204661,1.46,bm251341,bm,G,g
661428085183,2459146.4945474,3.4793894451343466,0.12976966468758241,15.046308018071354,0.04053986642780698,16.869707655291293,1.98,bE174877,bE,G,g
661428085183,2459241.8801045,4.0498859458232195,0.12266582925473156,14.881458640663517,0.03292251309953042,16.930831613608305,1.50,bE200958,bE,G,g
661428085183,2459245.8731979,3.6362262596688257,0.12567142040035095,14.998438375216793,0.03756624594994879,16.90454930214476,1.46,bi349897,bi,G,g
661428085183,2459246.8617403,3.7996777806923863,0.09843614106536984,14.950698699161645,0.02815917866760264,17.16975416151423,1.48,bi350184,bi,G,g
661428085183,2459248.8644966,4.217552437975352,0.059523069550902086,14.837414394792178,0.01534041119672333,17.71592731321906,1.54,bE202755,bE,B,g
661428085183,2459250.8633356,4.094571574801684,0.08192046444541756,14.869544454375262,0.02174683760343301,17.36915959679913,1.55,bE203391,bE,G,g
661428085183,2459254.868964,3.982233092023292,0.039311119593101955,14.899748929803646,0.010730029315506264,18.16635207934159,1.49,bE204698,bE,G,g
661428085183,2459255.8728022,3.8105556153416575,0.05826520461534493,14.94759486085951,0.016620081305764034,17.73911742157952,1.51,bi353253,bi,G,g
661428085183,2459256.8592306,3.804873170423452,0.051983683109154154,14.949215160253765,0.014850430184832399,17.862972995032425,1.49,bi353589,bi,G,g
661428085183,2459258.6141944,4.164391853626216,0.09224899220656954,14.85118665168173,0.024078100050906735,17.240236535652148,1.46,bm278570,bm,B,g
661428085183,2459260.8377747,3.7497406973191634,0.05515894865769057,14.96506253137432,0.015989206671974697,17.798600661868427,1.45,bi354974,bi,G,g
661428085183,2459262.8278327,4.016855890390568,0.04305550256307712,14.890349994366312,0.011650768806431365,18.067568954252067,1.57,bE207326,bE,G,g
661428085183,2459263.8304621,3.590911595975398,0.0702505218767888,15.01205383868778,0.021264590026425202,17.536016724256765,1.41,bi356014,bi,G,g
661428085183,2459264.8373856,4.24968796530718,0.04932013458654949,14.829173014756595,0.01261477133840028,17.92007997883307,1.49,bE207991,bE,G,g
661428085183,2459266.8223791,3.9613409749646142,0.03865506287107453,14.905460056809101,0.010606603408161776,18.184624651513253,1.53,bE208683,bE,G,g
661428085183,2459267.8217877,3.5926776165700067,0.05273284569185462,15.011520001777061,0.0159542037031832,17.84743759052284,1.45,bi357471,bi,G,g
661428085183,2459268.8218842,3.6220128574317716,0.06051059883440902,15.002690653180755,0.01815907138552726,17.69806198422628,1.52,bi357845,bi,G,g
661428085183,2459269.8295264,4.003867811523497,0.041259078646721715,14.89386629546482,0.011200875435230056,18.113841797569442,1.48,bE209757,bE,G,g
661428085183,2459272.8027205,3.968478699526154,0.16216863689958516,14.903505488259725,0.044417589420499136,16.62772344573216,1.42,bi359234,bi,G,g
661428085183,2459273.8111106,3.4629970561692565,0.07843930188504007,15.051435316372766,0.02462032434960338,17.416306312033644,1.39,bi359616,bi,B,g
661428085183,2459273.8637867,4.049070063414037,0.09233625164821044,14.881677393073694,0.024787294205856028,17.239210010020138,1.52,bE211111,bE,G,g
661428085183,2459274.7953191,4.157096259977779,0.11469874676944357,14.853090419873345,0.029990296841723392,17.003743929681356,1.46,bi359978,bi,G,g
661428085183,2459275.7977313,3.9952611214571,0.1496701770192476,14.896202699513939,0.04071948492858182,16.7148024306627,1.50,bE211774,bE,B,g
661428085183,2459276.8378034,4.11094788479468,0.08382566059423945,14.86521069431187,0.02216395124078546,17.344198149932883,1.39,bE212133,bE,G,g
661428085183,2459277.808883,3.572030905436057,0.08124274968555503,15.01777760284239,0.024721884819177836,17.378179076916553,1.49,bi361063,bi,G,g
661428085183,2459283.992695,4.103746835500582,0.042630801605522003,14.867114220176123,0.011291590268491006,18.078331864061873,1.50,bq328699,bq,B,g
661428085183,2459285.821559,3.73993367766691,0.05199027072930952,14.967905870576939,0.015110204807551418,17.86283541408159,1.53,bi363884,bi,G,g
661428085183,2459287.8392076,3.9111398632669006,0.03471339073769711,14.919307255529652,0.009647301751694919,18.30139801944532,1.47,bE215882,bE,G,g
661428085183,2459287.8800136,3.6150116427350296,0.04249767545311556,15.004791371409567,0.012778140171512234,18.081727672521954,1.49,bi364655,bi,G,g
661428085183,2459291.531361,4.201111644258765,0.03833199266642561,14.8416550646874,0.009917662977837657,18.193737120471788,1.48,bm286720,bm,G,g
661428085183,2459294.7490217,3.913943901193746,0.02868259522146582,14.918529130791658,0.007965554623015174,18.508594501329835,1.65,bE217880,bE,G,g
661428085183,2459295.4871552,4.283749070728998,0.05319912828133194,14.820505564215471,0.013498722376469596,17.837879321386378,2.00,bm287820,bm,G,g
661428085183,2459295.7510993,3.9065767738046357,0.09392264945697787,14.92057471308212,0.02613281199305715,17.220714773800132,1.57,bi367112,bi,G,g
661428085183,2459296.743515,3.902941312180178,0.0422281773089434,14.921585569974528,0.011760410689207263,18.08863477040368,1.58,bE218617,bE,G,g
661428085183,2459297.5514332,4.609289435467175,0.0769978345047679,14.740980672170771,0.018157527216831195,17.436444333441322,1.53,bm288343,bm,B,g
661428085183,2459298.9616717,4.047475486378742,0.05482320774979141,14.882105054483176,0.014722866983836956,17.805229504280028,1.66,bq332100,bq,B,g
661428085183,2459301.7217895,3.901014535729532,0.12424938521686991,14.922121700889214,0.03462014261843753,16.916904990113498,1.50,bE220387,bE,G,g
661428085183,2459301.8661811,3.638390485256,0.07436674250915508,14.997792354064895,0.02221680605706983,17.47419371524945,1.38,bi369545,bi,G,g
661428085183,2459303.4765806,4.2404678620844205,0.13498937305850023,14.83153118203159,0.03460174305843901,16.826891660643803,1.53,bm289904,bm,G,g
661428085183,2459304.7111868,3.5611878754191855,0.13897142635860688,15.021078407062113,0.042417278588003815,16.795326823944194,1.39,bi370343,bi,B,g
661428085183,2459305.7587554,3.7990540068449805,0.0771783442767342,14.950876953604666,0.022081682570838805,17.43390196813124,1.37,bi370774,bi,G,g
661428085183,2459309.4527574,4.333972266761434,0.06910146139018172,14.807850302464063,0.01733058716037631,17.55392253110435,1.49,bm292228,bm,G,g
661428085183,2459309.6986555,3.6683969216800203,0.04197488568747809,14.988874821438573,0.01243727893173673,18.09516680625825,1.38,bi372257,bi,G,g
661428085183,2459309.9909499,3.8423911028570945,0.2931242668045822,14.938561702248625,0.08292058901716944,15.985011177056524,1.48,bq335501,bq,B,g
661428085183,2459310.7657303,3.7760617086357477,0.04973579968622192,14.957467914903456,0.014316675945526712,17.910967848397796,1.43,bi372703,bi,G,g
661428085183,2459311.8196499,3.5710537790903882,0.04200798913698423,15.018074645787724,0.012786381998767377,18.094310879009562,1.50,bi373156,bi,G,g
661428085183,2459312.8895344,4.079933948556624,0.04013906216097127,14.873432791769282,0.010693657285259494,18.143722558718803,1.55,bE224385,bE,G,g
661428085183,2459313.8674925,3.462594174001809,0.054336664723168816,15.051561637358628,0.017057035598873515,17.81490816852578,1.45,bi374024,bi,G,g
661428085183,2459315.9205136,3.9045727320317307,0.05374077377364272,14.921131829740764,0.014960378137500518,17.82688082337441,1.50,bq337445,bq,G,g
661428085183,2459316.6085118,4.311327648895278,0.059305754218811894,14.813538049083935,0.014951954844191274,17.71989852793717,1.55,bm294938,bm,G,g
661428085183,2459316.6735895,3.647152043424735,0.03668224445031213,14.995180950600478,0.01093236705313095,18.24150085974847,1.60,bi375107,bi,G,g
661428085183,2459319.6758259,3.95796915057165,0.03807306572623547,14.90638461008021,0.010455808400567534,18.201095990040564,1.52,bE227039,bE,G,g
661428085183,2459320.6745636,3.946138738187488,0.04883332228238902,14.909634747050813,0.013451047125984153,17.930849932217285,1.45,bi376785,bi,G,g
661428085183,2459321.7142824,3.6628291433489206,0.05745510493927817,14.99052396978641,0.017049990206164916,17.754319055928303,1.48,bi377229,bi,G,g
661428085183,2459321.7603019,3.9183406425002008,0.030219617312422686,14.917310150124091,0.00838298992331596,18.451918210620263,1.47,bE227835,bE,G,g
661428085183,2459322.770989,3.7675696847657467,0.05035353406686807,14.959912387911539,0.014527163881774031,17.89756571906033,1.48,bi377690,bi,G,g
661428085183,2459323.4588401,4.353135798788768,0.037076989382777086,14.803060083641723,0.009257941235666381,18.229879454956915,1.51,bm297404,bm,G,g
661428085183,2459323.7928589,3.8742999890230174,0.037768669508287014,14.929582508961802,0.010596211381606184,18.20981139635422,1.46,bE228675,bE,G,g
661428085183,2459323.8912665,3.6189437759149548,0.04547267002677983,15.003611032430744,0.013657801366091559,18.00826447269361,1.42,bi378211,bi,G,g
661428085183,2459325.5363792,4.361331978942848,0.04204178621850783,14.801017757619084,0.010477898480648588,18.093437712678114,1.54,bm297893,bm,G,g
661428085183,2459326.7938113,3.669512318217761,0.042894089095755684,14.988544747469703,0.0127057782733744,18.071646987621545,1.36,bi379142,bi,G,g
661428085183,2459327.721062,3.8258433646491756,0.06956172344788239,14.94324765869508,0.01976311149163393,17.54671477779085,1.66,bi379456,bi,G,g
661428085183,2459329.6391967,4.044183290889115,0.11325162097167957,14.882988546022267,0.030438676775609665,17.01752954446472,1.44,bi380213,bi,G,g
661428085183,2459330.6481919,4.01795156434957,0.11803954246226976,14.890053879518515,0.031932652359694905,16.972571817829188,1.55,bE231083,bE,G,g
661428085183,2459330.7694899,3.4606013749381654,0.09945113136046219,15.05218668229248,0.031237072437596446,17.15861629133778,1.58,bi380721,bi,G,g
661428085183,2459336.5694258,4.812813129126679,0.1006167505920903,14.694068124002332,0.02272393095638794,17.14596489214396,2.09,bm300502,bm,G,g
661428085183,2459336.8446812,3.8366156667688553,0.09275849357794771,14.940194882536062,0.026279528182753958,17.23425639402238,1.48,bE232898,bE,B,g
661428085183,2459337.3752036,4.432473762173411,0.036274967811689714,14.783450188546842,0.008895554707008455,18.25362302208689,1.57,bm300744,bm,G,g
661428085183,2459337.6809989,3.835860578700359,0.037373844647284694,14.940408588367182,0.010590516351768723,18.22122117139287,1.59,bE233179,bE,G,g
661428085183,2459338.8171525,3.991035269860713,0.04056664929233105,14.897351707834574,0.01104830727665862,18.132217767677254,1.47,bE233685,bE,G,g
661428085183,2459340.6455773,3.777142023136234,0.03940437019778128,14.957157335018321,0.011339482844210904,18.163779635080676,1.65,bi383774,bi,G,g
661428085183,2459342.8575705,3.782774008252933,0.059191053266022337,14.955539631527515,0.017008180038179353,17.722000441376057,1.63,bq342903,bq,B,g
661428085183,2459343.8615052,3.858645858359549,0.03094899674036165,14.933978318778014,0.00871813975240549,18.426024173301187,2.01,bq343105,bq,G,g
661428085183,2459344.3574089,4.53068125775798,0.04110672288888124,14.75965684780209,0.009861920975986573,18.117858473128223,1.61,bm302279,bm,G,g
661428085183,2459344.839299,3.8349516630394733,0.044200351269218736,14.940665886450779,0.012527891951879143,18.039076309467806,1.48,bq343422,bq,G,g
661428085183,2459348.3841242,4.254340741775354,0.046955224627074375,14.82798494530335,0.011996755957263974,17.973430805215433,1.54,bm303720,bm,G,g
661428085183,2459351.5855577,3.938565076038519,0.04680422415889866,14.911720558241823,0.0129169267772072,17.976927984840568,1.52,bE237433,bE,G,g
661428085183,2459351.7457045,3.8249534918073453,0.08452509987407787,14.943500225109926,0.024019928282936583,17.335176379951033,2.14,bi387357,bi,G,g
661428085183,2459353.3958426,4.531724036372759,0.04010352249664156,14.759406984225286,0.00961902908750971,18.144684309962372,1.62,bm304851,bm,G,g
661428085183,2459354.8581311,3.9612635751302365,0.058693861187164166,14.905481270994889,0.01610538506045809,17.731158909939712,1.48,bq345486,bq,G,g
661428085183,2459356.8000892,3.9413547193789,0.02416645767460149,14.910951815163674,0.006664685278791701,18.69460812124418,1.44,bE238867,bE,G,g
661428085183,2459358.3320326,4.8528534376107375,0.10387253332676603,14.685072684122842,0.02326567842623356,17.111388802260652,1.70,bm305492,bm,G,g
661428085183,2459358.57267,3.7290557139921243,0.07019088997774829,14.971068442305759,0.020459454478439686,17.536938738850363,1.43,bi389129,bi,G,g
661428085183,2459358.9102743,4.098183051001564,0.045626780107665015,14.868587240130262,0.012101540020732661,18.004591057460033,1.53,bE239760,bE,G,g
661428085183,2459365.3679192,4.160250737726676,0.11882664511404299,14.852266856575035,0.031046060683752912,16.965356022276715,2.15,bm306978,bm,G,g
661428085183,2459365.5507166,3.988152259483393,0.033538643120455444,14.898136296207777,0.009140836281607383,18.338776890723715,1.45,bE242002,bE,G,g
661428085183,2459365.7029668,3.7582627034929788,0.05660428147392573,14.962597786988978,0.016370966523776415,17.770517406696925,1.52,bi391858,bi,G,g
661428085183,2459366.6436345,3.5820652035312115,0.051505981283000095,15.014731904906682,0.015629185702410044,17.872996447219467,1.51,bi392258,bi,G,g
661428085183,2459367.5447069,3.599677395857906,0.056053999227143714,15.009406670000608,0.016926033455001623,17.78112410344474,1.48,bi392615,bi,G,g
661428085183,2459368.8502775,3.8566379862109823,0.0372722177021909,14.934543435908987,0.010504817993269832,18.224177526178856,1.47,bE243504,bE,G,g
661428085183,2459369.846152,3.7291635631936346,0.04817001906087268,14.971037041839136,0.014040337862165013,17.945698566030284,1.49,bi393732,bi,G,g
661428085183,2459370.7528269,4.098003660402501,0.0405826521726094,14.868634767321891,0.010764162773870215,18.131789546943118,1.42,bE244198,bE,G,g
661428085183,2459370.8080288,3.7372424473678256,0.04162211523053259,14.968687440048722,0.012105564526665627,18.104330243377056,1.46,bi394073,bi,G,g
661428085183,2459371.6671469,3.924651340992366,0.03431831000740594,14.91556292015794,0.009504668730186626,18.31382587886542,1.49,bE244556,bE,G,g
661428085183,2459372.2909342,4.335729473223353,0.05187550539284445,14.807410180587144,0.013005059299363022,17.865234759394614,1.55,bm308845,bm,G,g
661428085183,2459372.5354775,4.070097527420719,0.04103488273373031,14.87605358256489,0.010958738238023073,18.119757619771363,1.55,bE244881,bE,G,g
661428085183,2459372.6946902,3.6743904390483713,0.04700122703110985,14.987102366394957,0.013903881772683277,17.972367621609052,1.47,bi394869,bi,G,g
661428085183,2459373.8384484,3.722400078006427,0.03926250648789865,14.97300800071657,0.011464817481333791,18.167695558514232,1.47,bi395413,bi,G,g
661428085183,2459374.8766011,3.6223655002897073,0.07245577146709543,15.002584949944506,0.02174166944983897,17.502458149122923,1.46,bi395885,bi,G,g
661428085183,2459375.8161362,4.066556321567667,0.04083943171412778,14.876998643204624,0.010916038814059349,18.124941385956888,1.51,bE246352,bE,G,g
661428085183,2459376.7447736,3.7548031746426256,0.043941054203152655,14.963597681319902,0.012720244768290763,18.045464431442042,1.41,bi396656,bi,G,g
661428085183,2459377.794432,4.075041336963526,0.03703578763767511,14.874735575896473,0.009878744184841316,18.23108664844671,1.51,bE247179,bE,G,g
661428085183,2459377.810972,3.649138552494571,0.03079700594542869,14.9945897392601,0.009173399688959135,18.431369369264434,1.40,bi397151,bi,G,g
661428085183,2459378.877476,4.032260058461096,0.04102474753059759,14.88619428745314,0.011058839517930998,18.120025818811605,1.46,bE247667,bE,G,g
661428085183,2459379.2673386,4.288350523090575,0.04329134145885164,14.819339930557437,0.010972938354773691,18.0616380029297,1.59,bm310640,bm,G,g
661428085183,2459379.5068024,3.65881290166206,0.0326675600459544,14.991715117733017,0.00970484646130026,18.367348866327227,1.44,bi397790,bi,G,g
661428085183,2459379.6755392,3.893153818879987,0.03342122891973577,14.924311714597998,0.009331103888747501,18.34258457360745,1.53,bE247929,bE,G,g
661428085183,2459380.704965,3.9756284705216918,0.035649671457064366,14.901551142187747,0.00974679680846249,18.272501781936114,1.50,bE248286,bE,G,g
661428085183,2459383.5724469,3.6787517046365665,0.03914688844639192,14.98581443141141,0.01156668596278738,18.170897490748807,1.50,bi398915,bi,G,g
661428085183,2459384.6519618,3.825462158768079,0.052335492026840236,14.943355846513654,0.014870465845967091,17.855649832695498,1.52,bi399315,bi,G,g
661428085183,2459385.6790338,3.741530916761025,0.03676877159990706,14.967442276766771,0.010681738832577491,18.238942809294734,1.44,bi399773,bi,G,g
661428085183,2459385.7116271,3.8127720349367196,0.1248466778435997,14.946963523160935,0.03559166649778922,16.911698135660668,1.50,bq352580,bq,B,g
661428085183,2459386.2395387,4.2853147525227,0.1293688980483676,14.820108807355554,0.03281401147047552,16.87306591422558,1.52,bm311925,bm,G,g
661428085183,2459386.4930745,3.70939608029661,0.046975550842929974,14.97680760049806,0.013765146737020317,17.972960907917255,1.40,bi400068,bi,G,g
661428085183,2459386.6464911,3.8884494375722642,0.05927097542970404,14.925624482047253,0.01656829395044931,17.720535425103872,1.46,bE250129,bE,G,g
661428085183,2459393.4897911,3.5913307192294193,0.0565701713886472,15.011927121355868,0.01712159684919912,17.771171875169603,1.52,bi402401,bi,G,g
661428085183,2459396.7248978,3.8882706832930323,0.0399256929203631,14.925674395118504,0.011161129417046793,18.149509456029612,1.51,bE253672,bE,G,g
661428085183,2459398.8124964,3.9656567716835,0.08465795159381705,14.90427781420911,0.02320410411184197,17.333471221539696,1.48,bq354608,bq,B,g
661428085183,2459401.8064133,3.915765017089588,0.06784470429765052,14.918024066933611,0.01883265300138077,17.573850726628418,1.53,bq355135,bq,G,g
661428085183,2459402.7126958,3.746280378187537,0.04496756895115247,14.96606492824334,0.013047019284193684,18.020392088299428,1.53,bi406477,bi,G,g
661428085183,2459403.7222516,3.8216763974787122,0.05745366988744655,14.944430846894516,0.01634090244354735,17.754346174618444,1.49,bq355448,bq,G,g
661428085183,2459406.3769015,4.306862811487887,0.03861239210651907,14.814663026787212,0.009744910218217537,18.185823842005185,2.13,bm314730,bm,G,g
661428085183,2459407.4763216,4.04183115142498,0.025307394841646246,14.883620205306356,0.0068058354841607945,18.644522009128266,1.43,bE257768,bE,G,g
661428085183,2459407.6500323,3.7911631289728684,0.04690463159093763,14.953134442350063,0.013447929691528122,17.97460128849925,1.46,bi408346,bi,B,g
661428085183,2459408.6232295,3.8624026999302923,0.034463046586740355,14.932921742278074,0.009698583021167878,18.309256443655958,1.51,bE258270,bE,G,g
661428085183,2459409.7302104,3.7361262799026385,0.0424191579437405,14.969011755221908,0.01234106583111332,18.08373550356135,1.56,bi409257,bi,G,g
661428085183,2459412.2461132,4.388759148044586,0.04302563284939856,14.794211252959354,0.01065608538769875,18.068322444101213,2.04,bm315956,bm,G,g
661428085183,2459414.482146,4.640324066526601,0.22000709185521122,14.73369484363764,0.05153479366795231,16.29654891047822,1.46,bi411211,bi,B,g
661428085183,2459415.3248485,4.163160558166923,0.2091897155621603,14.851507721307604,0.05461718865610153,16.351289787918656,2.15,bm317043,bm,B,g
661428085183,2459419.6044402,3.8870679548067915,0.12865129120749053,14.926010289394807,0.03597528050293441,16.879105238040243,1.47,bi413437,bi,G,g
661428085183,2459420.6976718,3.9266761072575402,0.08754735273764068,14.915002922602497,0.024234279431220057,17.297033065456823,1.50,bE263268,bE,G,g
661428085183,2459422.2160664,4.468564140796986,0.04871947591741337,14.774645632072422,0.011850775867950294,17.933384091741775,1.52,bm318346,bm,G,g
661428085183,2459423.6984375,3.935276872670368,0.05502257350887402,14.912627389157711,0.015197696897437836,17.80128836320346,1.65,bE264493,bE,G,g
661428085183,2459426.2972886,4.224911636926863,0.04061852204928789,14.835521546758114,0.010450057004504028,18.13083031878721,1.58,bm319116,bm,G,g
661428085183,2459428.7005347,4.066116641761736,0.04135551726781076,14.877116040347339,0.011055179465945133,18.111306968248925,1.55,bE266535,bE,G,g
661428085183,2459434.3731969,4.391369640228018,0.06634794632150212,14.793565634648358,0.016422514811212714,17.59807189988576,2.05,bm321058,bm,G,g
661428085183,2459435.6588311,3.9820149465837247,0.058566959405152046,14.899808407710552,0.015986815553888437,17.733508917593976,1.55,bq362120,bq,G,g
661428085183,2459436.560783,3.593989870560087,0.0518907417032087,15.0111235004264,0.015693694791464045,17.864915915562996,1.43,bi420269,bi,G,g
661428085183,2459437.5461602,3.871388451782408,0.04397228387429493,14.93039874668339,0.012345948056678154,18.04469305392892,1.49,bi420671,bi,G,g
661428085183,2459439.5208022,3.8486370554266123,0.040255807701251874,14.936798229748147,0.011369300894989628,18.14056924933123,1.58,bE270556,bE,G,g
661428085183,2459442.2830705,4.436039786164885,0.06811820921811348,14.78257704074318,0.016690907955726555,17.569482556114867,2.09,bm322114,bm,G,g
661428085183,2459442.506014,3.8025045039420013,0.07391914904250729,14.949891279449917,0.021129994994053426,17.48074821483896,1.51,bE271455,bE,B,g
661428085183,2459442.6083812,4.256300590768323,0.18075875667665806,14.827484893906046,0.04616142709875741,16.50989224785031,1.42,bi422447,bi,B,g
661428085183,2459447.5687813,3.8266583620627443,0.09393299375696737,14.943016395185802,0.026681524847590402,17.22059520133661,1.47,bE272653,bE,G,g
661428085183,2459448.65416,3.219975081332435,0.1363107905737562,15.130434345279994,0.046013990498414176,16.81631501989022,1.52,bi423989,bi,G,g
661428085183,2459449.4714215,3.627255970474826,0.1135742369536037,15.001120111713956,0.034034062818595244,17.014441042199497,1.55,bi424269,bi,G,g
661428085183,2459449.6759008,3.9518192053866104,0.13527166274502916,14.908072953482005,0.03720676690542605,16.82462354053952,1.49,bE273259,bE,G,g
661428085183,2459450.6573397,5.358715068993999,0.185124513758502,14.577413958378836,0.03755047524879224,16.483980784371578,1.60,bq363794,bq,B,g
661428085183,2459451.2712028,4.177902798504722,0.0636282034173739,14.84766979320268,0.016554021002071047,17.643516459368286,1.48,bm323658,bm,G,g
661428085183,2459451.6416319,4.147610069388695,0.08072358042122715,14.855570821862008,0.02115507984816862,17.385139570456985,1.47,bq364109,bq,B,g
661428085183,2459452.6779201,3.6992328373284074,0.10517028321281126,14.979786453371624,0.030902495262740873,17.09790800286397,1.54,bi424825,bi,B,g
661428085183,2459455.500832,3.8423001525958607,0.03049625808089307,14.938587402172844,0.008627151782317552,18.442024225740475,1.41,bE274640,bE,G,g
661428085183,2459463.6203356,3.8006916147967864,0.050322476689740124,14.950409040503752,0.01439168177050402,17.89823559303704,1.53,bi429045,bi,G,g
661428085183,2459465.4001782,4.4085899089901615,0.07816407174296448,14.78931636668043,0.01927168307794857,17.420122674742093,1.64,bm326375,bm,G,g
661428085183,2459467.3139815,4.202200775229544,0.0556733013934284,14.841373625922712,0.014400658434277127,17.788523172759145,2.09,bm327104,bm,G,g
661428085183,2459469.2616601,4.488936489283292,0.13423617503812332,14.769706969965963,0.032504110107002104,16.832966689550926,2.16,bm327503,bm,G,g
661428085183,2459473.4873,3.7914445429565724,0.08080619857256832,14.953053852304002,0.02316605809217724,17.384028920439853,1.69,bE280755,bE,G,g
661428085183,2459474.5843605,4.05451575732579,0.11431470980659983,14.880218140821457,0.030646105920415494,17.007385315926516,1.49,bE281206,bE,G,g
661428085183,2459475.5646972,3.7746219935660306,0.11159309395147211,14.957881957089917,0.03213483137075836,17.033547314713633,1.55,bi433252,bi,G,g
661428085183,2459476.5526728,3.680334126763218,0.07560356449496655,14.985347500311551,0.022328893155905555,17.45628493208066,1.53,bi433635,bi,G,g
661428085183,2459477.3005803,4.136653285134129,0.14372396837178633,14.858442817543551,0.03776524015521312,16.758817611364208,1.61,bm328987,bm,G,g
661428085183,2459477.587225,3.5524217368447033,0.13078961008232037,15.023754325298512,0.04001850855156807,16.861207498855713,1.55,bi433922,bi,G,g
661428085183,2459479.2907761,4.3741449294480885,0.09579245771429651,14.797832701010112,0.02380402074585859,17.199312321574915,1.62,bm329501,bm,G,g
661428085183,2459480.5126072,3.822215078260053,0.04364872586381606,14.944277818759584,0.01241276753710989,18.052711684258608,1.48,bE283076,bE,G,g
661428085183,2459481.4973507,3.643038516500323,0.03929358923879222,14.996406215028987,0.011723846149909331,18.166836359251906,1.44,bi435384,bi,G,g
661428085183,2459482.5628688,3.757469132069156,0.051105454570319266,14.962827068514173,0.014783729470336734,17.88147247248659,1.45,bi435810,bi,G,g
661428085183,2459483.5289822,3.8134886740761145,0.030776158798132787,14.946759470062998,0.00877211115037964,18.432104576023555,1.49,bE284164,bE,G,g
661428085183,2459484.574562,3.7402244044063178,0.05440358080517284,14.967821473283898,0.01581036872880645,17.81357189745649,1.41,bi436580,bi,G,g
661428085183,2459486.5375025,4.027030644500817,0.062316592554027606,14.887603286103877,0.016820191517950764,17.666131365772603,1.45,bE285264,bE,B,g
661428085183,2459489.2897948,4.432602222140684,0.05280778847166825,14.783418722682908,0.01294945208283986,17.845895661129493,1.52,bm331962,bm,G,g
661428085183,2459490.4935759,3.69509342466025,0.058239181657678905,14.981002063965612,0.017131761243461534,17.73960245169155,1.48,bi438458,bi,G,g
661428085183,2459491.5581116,4.2053196191551105,0.050525949598161625,14.84056809902216,0.013059533021610907,17.893854400166497,1.51,bE286772,bE,G,g
661428085183,2459493.5066088,3.823610803924152,0.05977934080465436,14.943881422104571,0.01699376523525853,17.71126280718652,1.50,bi439571,bi,G,g
661428085183,2459495.2567496,4.263698997604841,0.06946869025381948,14.825599278749467,0.01770984442627928,17.548167834275766,2.07,bm333293,bm,G,g
661428085183,2459496.5116623,3.8857797963314495,0.05419394981665016,14.926370157579989,0.015159497006913368,17.8177635993355,1.50,bi440306,bi,G,g
661428085183,2459501.515543,3.846512624277947,0.07599193274495294,14.937397716949105,0.021473977850831397,17.450721885684697,1.50,bE289646,bE,G,g
661428085183,2459503.5080407,3.667189342863806,0.10487642218211195,14.989232287632937,0.03108541730722046,17.10094595356887,1.45,bi442770,bi,G,g
661428085183,2459504.5157051,3.886583625283635,0.10787100547942388,14.926145580793857,0.03016816418143081,17.07037879427745,1.45,bi443127,bi,G,g
661428085183,2459505.5088122,3.6743694095024093,0.10410677040588144,14.987108580379328,0.03079699410658751,17.108943176371362,1.57,bi443471,bi,G,g
661428085183,2459506.2500105,4.063291548736777,0.12845026832785558,14.877870660076255,0.034361269725159106,16.880803071871163,1.57,bm335592,bm,G,g
661428085183,2459507.4966838,3.84468877685955,0.13564913050600164,14.937912647480228,0.038350232133009705,16.821598075609423,2.12,bE291639,bE,G,g
661428085183,2459508.4990784,3.6321988411468156,0.12734817730300035,14.999641583473855,0.0381096789864573,16.890158777904798,1.48,bi444524,bi,G,g
661428085183,2459509.4958921,4.015595591599055,0.10616815877698103,14.890690700324152,0.028737996631209912,17.087654897283745,1.46,bi444871,bi,G,g
661428085183,2459510.4963013,3.592408227424976,0.11153675361624739,15.011601416405757,0.03374772411199265,17.034095611982764,1.48,bi445218,bi,G,g
661428085183,2459511.4931227,3.649414699350898,0.140606887809933,14.994507579788344,0.04187892752600372,16.78262412224018,2.03,bi445561,bi,G,g
661428085183,2459610.87027,3.9177823079632588,0.05936458824808429,14.917464870519876,0.01647021740474369,17.718821961719215,1.49,bE319657,bE,G,g
661428085183,2459613.8832931,3.31145497716392,0.1448354207320162,15.100018485490516,0.04754097707175408,16.7504536483073,1.52,bi476003,bi,G,g
661428085183,2459614.8798986,4.1851940267240675,0.07639234978260287,14.845776630268887,0.01984021822571802,17.445015939268554,1.61,bE320692,bE,G,g
661428085183,2459616.8677443,3.711806276898025,0.0961694176357221,14.976102367659283,0.028162023525204055,17.19504814609968,1.59,bi476693,bi,G,g
661428085183,2459617.6036301,4.406385353490408,0.07274638423127058,14.789859434743608,0.017944902778529156,17.498112081126582,2.21,bm352948,bm,G,g
661428085183,2459618.8588686,3.787484514799753,0.05253543063107695,14.954188457549737,0.015076953773325692,17.851509870180365,1.39,bi477357,bi,G,g
661428085183,2459620.6262169,3.6554222885305516,0.1009464672022532,14.992721733353427,0.030016893319355073,17.142412799810995,1.98,bm353898,bm,G,g
661428085183,2459622.6345646,4.871113118615437,0.15120052902776812,14.680995084731341,0.03373939325881505,16.703757334695904,2.33,bm354591,bm,G,g
661428085183,2459626.8382172,3.743026210251355,0.09797464898059545,14.96700845168581,0.028451359326016817,17.174856320989353,1.49,bE324340,bE,G,g
661428085183,2459627.8607781,3.530820704624683,0.1667068297006211,15.030376460751395,0.05132038438661135,16.597757130160502,1.43,bi480468,bi,G,g
661428085183,2459629.5797825,3.91983349683755,0.14548778455058084,14.916896572677796,0.04034326875828142,16.745574284924036,2.30,bm355931,bm,G,g
661428085183,2459630.8365118,3.8447424856929193,0.10098019607101102,14.937897480266187,0.02854835742428139,17.142050087391517,1.55,bE325658,bE,G,g
661428085183,2459631.8354417,3.6303107946723463,0.10128712712241363,15.000206104710333,0.030326522884899294,17.138754978667126,1.49,bi481870,bi,G,g
661428085183,2459632.830506,3.990930106652533,0.09510522893317387,14.897380317205112,0.02590254554147386,17.207129623136638,1.45,bi482237,bi,G,g
661428085183,2459637.815539,3.914444014185863,0.05466553283389061,14.91839040726681,0.015179437287341075,17.8083566474403,1.53,bE327967,bE,G,g
661428085183,2459638.0217262,5.126190903896488,0.2623100108459511,14.62557868312938,0.05562016365597023,16.105603447945786,1.97,bq420937,bq,G,g
661428085183,2459639.5729612,4.386595566673019,0.049926627264237744,14.794746633864404,0.01237134180447392,17.906810039485087,1.96,bm358883,bm,G,g
661428085183,2459640.7950648,3.6886795099109264,0.05923206548700303,14.982888314063171,0.017454126796375407,17.721248418368972,1.50,bi485151,bi,G,g
661428085183,2459643.0087613,3.8705154663292345,0.0989155678644749,14.930643604260228,0.027778450319380515,17.16447898999311,1.50,bq421825,bq,B,g
661428085183,2459644.5775136,4.223225821459317,0.046104035925206885,14.835954861419712,0.01186606746737555,17.99329324898077,1.60,bm359948,bm,G,g
661428085183,2459645.8815174,3.547507332426739,0.034789247030935125,15.025257367822313,0.01065942798793342,18.299028038700026,1.51,bi486601,bi,G,g
661428085183,2459647.9920511,3.8830478295227824,0.04842368196276077,14.927133772256356,0.013554928815417904,17.93999609005983,1.57,bq423564,bq,G,g
661428085183,2459650.7761036,3.8980654512767057,0.03737953525401423,14.922942804896165,0.010423100928339025,18.22105586789025,1.52,bE332303,bE,G,g
661428085183,2459650.7773947,3.920932541713829,0.04067786546030343,14.91659219608633,0.011276672241134105,18.129245222492745,1.45,bE332304,bE,G,g
661428085183,2459651.8966046,3.7574988563219427,0.039287399182870344,14.962818479602692,0.011364925552044039,18.16700741253013,1.46,bi488821,bi,G,g
661428085183,2459653.8171657,3.7012569250791945,0.060373621186486155,14.979192539866439,0.017730058360716134,17.70052254781711,1.41,bi489509,bi,G,g
661428085183,2459654.5366414,4.254054879007432,0.10086138822215501,14.828057901844318,0.025771163475284863,17.14332825807435,1.53,bm361773,bm,G,g
661428085183,2459655.7623014,4.042234027867667,0.13851949343513048,14.883511988083827,0.03724788464480386,16.79886337477147,1.56,bE333978,bE,B,g
661428085183,2459656.5119397,4.9843204318113035,0.19944874133684426,14.656050736140923,0.0434948180227573,16.403062361572186,2.00,bm362443,bm,G,g
661428085183,2459657.8431035,3.6621137000994595,0.07036274489465408,14.990736062264798,0.020884453819288513,17.53428367840453,1.46,bi491021,bi,G,g
661428085183,2459659.7471667,3.6634002618840653,0.09754399663660242,14.990354691966193,0.0289419871488807,17.179639246896105,1.49,bi491697,bi,G,g
661428085183,2459660.7514123,4.059219691489847,0.0476133359367088,14.878959230611448,0.012749648935400858,17.958319085074198,1.47,bE335782,bE,G,g
661428085183,2459665.8162513,3.619762829877791,0.0379804990597283,15.003365332033333,0.011404932613574677,18.203738943887412,2.23,bi493986,bi,G,g
661428085183,2459666.7173354,3.875056022972345,0.038494955111595085,14.929370658213909,0.01079786776360161,18.189131067590182,1.45,bE337309,bE,G,g
661428085183,2459666.7186342,3.8421646852630236,0.04358248495723358,14.938625682467164,0.01232957724054965,18.054360639114556,1.46,bE337310,bE,G,g
661428085183,2459669.715898,3.708976779632507,0.03792308264970375,14.976930336284134,0.011113777319099795,18.20538153006311,1.43,bi495474,bi,G,g
661428085183,2459670.7254484,3.931853532167779,0.015422074746350635,14.913572294038705,0.00426341535541687,19.182283602206866,1.46,bE338812,bE,G,g
661428085183,2459671.8059052,3.8099709684813705,0.03453372185441479,14.94776145624041,0.009852215279357668,18.307032144591908,1.51,bi496324,bi,G,g
661428085183,2459673.7152117,3.83534906354477,0.03775454556811311,14.94055338183534,0.010699821281098552,18.210217493297097,1.46,bE339950,bE,G,g
661428085183,2459674.721818,3.892887613618468,0.027738617643203362,14.924385957380533,0.0077450659623031675,18.544928576023658,1.59,bE340340,bE,G,g
661428085183,2459674.7575211,3.7337863860781613,0.03195899901393558,14.96969195260499,0.00930370375123129,18.39115769058919,1.56,bi497478,bi,G,g
661428085183,2459675.7870322,3.718040531683206,0.028564912029003416,14.974280322631198,0.008350855015766488,18.513058384173608,1.55,bi497904,bi,G,g
661428085183,2459676.7685391,4.198374102202006,0.03551634909842782,14.842362786259418,0.009195161350831503,18.27656982114608,1.43,bE341156,bE,G,g
661428085183,2459677.920659,3.827718656806959,0.04582486158780731,14.942715599864108,0.013012877023258226,17.999887706775112,1.47,bq432756,bq,G,g
661428085183,2459681.4935698,4.556951111911891,0.10258037404453099,14.753379698807667,0.024468203373672323,17.124979915630234,1.52,bm365867,bm,G,g
661428085183,2459684.6743953,3.7876759817474066,0.08043281976421031,14.954133572218337,0.02308195802013742,17.389057375948084,1.53,bE344229,bE,G,g
661428085183,2459688.478364,6.639647323468065,0.39148921363971206,14.344703093116507,0.06408951156971122,15.670841109386306,1.96,bm367565,bm,G,g
661428085183,2459692.9384611,3.932160104671514,0.07407415225205419,14.913487640862291,0.020476120183156612,17.47847388679135,1.51,bq436825,bq,G,g
661428085183,2459697.4456488,4.197396165292187,0.06817682793660504,14.842615718743259,0.017655052046301377,17.568548634085193,1.47,bm369099,bm,G,g
661428085183,2459698.8634201,3.9944783369952543,0.04748560810445449,14.896415446735018,0.01292153494483869,17.961235601479736,1.49,bq438377,bq,G,g
661428085183,2459700.867594,4.065070295157351,0.07405042873060422,14.877395472220247,0.01980029632997855,17.47882166818174,1.46,bq439061,bq,B,g
661428085183,2459702.858928,3.827231061872194,0.045597061313670396,14.94285391546228,0.012949838242269186,18.005298477170506,1.54,bq439689,bq,G,g
661428085183,2459704.9103219,3.801222095737613,0.043686691444281625,14.950257509616593,0.012492175669454693,18.051767723397983,1.59,bq440265,bq,G,g
661428085183,2459706.8763075,4.089428906712527,0.03515454124330274,14.870908965944142,0.009343959448820242,18.287687024217895,1.45,bE352442,bE,G,g
661428085183,2459709.3640269,4.134768017092184,0.08290969995216549,14.858937751540857,0.021795476482818005,17.35612725282091,1.50,bm372497,bm,G,g
661428085183,2459709.8520556,4.127528635824741,0.06868172459129225,14.86084038483611,0.01808686384894794,17.560537632149288,1.45,bq441825,bq,G,g
661428085183,2459710.9198237,4.13682677341347,0.06574366293045798,14.858397283498705,0.017274231457923808,17.608005868232375,2.00,bq442132,bq,G,g
661428085183,2459711.777735,3.726881488927616,0.03539018913017234,14.971701665164936,0.010321658200001119,18.28043340250517,1.45,bi511413,bi,G,g
661428085183,2459711.7802171,3.4819921923395105,0.09326508351327133,15.045496139869206,0.02911410628614367,17.228342902818376,1.46,bi511415,bi,G,g
661428085183,2459712.6819633,4.304700480296006,0.34315455722709703,14.815208275363222,0.08664809216107143,15.813916184277112,1.51,bi511736,bi,B,g
661428085183,2459713.8362095,4.592748024485459,0.2319365706102065,14.744884074695076,0.05489196592334639,16.239217532839707,1.54,bq442872,bq,G,g
661428085183,2459714.8707928,3.8505285247255108,0.09552007809721617,14.936264759797947,0.026964135229254414,17.20240393928066,1.49,bE355215,bE,G,g
661428085183,2459714.8720958,3.829831792250858,0.1694923819710975,14.942116372283305,0.048104162261473266,16.57976515365292,1.54,bE355216,bE,G,g
661428085183,2459714.8734053,3.5399932338269213,0.14381944500261615,15.027559542439823,0.0441598255625759,16.75809659023287,1.47,bE355217,bE,G,g
661428085183,2459720.7988094,3.805389044926484,0.0767672660422746,14.949067963321498,0.02192750320548244,17.43970042619758,1.45,bE357099,bE,G,g
661428085183,2459721.8093665,3.852279803577784,0.05155080451503586,14.935771062744545,0.014545538233353777,17.87205199298431,1.53,bq445052,bq,G,g
661428085183,2459721.8106942,3.6241727802355883,0.09505787555385689,15.002043386722425,0.028509616964016507,17.207670351366158,1.49,bq445053,bq,G,g
661428085183,2459722.6484314,3.8820762989067674,0.03257370329593796,14.92740545522031,0.009120428479132654,18.37047277094323,1.46,bE357758,bE,G,g
661428085183,2459725.5577709,3.9897999322975517,0.030871742052474564,14.897687825720524,0.008410507276253778,18.428737769318534,1.47,bE358897,bE,G,g
661428085183,2459727.8226518,3.986187945324111,0.06561282819368003,14.898671193638439,0.017891351961597187,17.61016871616352,1.53,bq445937,bq,G,g
661428085183,2459730.7762899,3.9812134179732843,0.036812264761787936,14.900026974501458,0.01005053662337513,18.237659269177662,1.57,bq446728,bq,G,g
661428085183,2459730.8746307,3.8520412514724507,0.0595300766863492,14.93583829895023,0.0167980041930038,17.715799506421913,1.57,bq446806,bq,G,g
661428085183,2459733.8491382,3.9277771199183573,0.05070852266224141,14.914698532397093,0.014032863304785858,17.889938216357383,1.54,bq447516,bq,G,g
661428085183,2459737.3151308,4.535798541924872,0.05436656791505463,14.758431229612281,0.013028377476122215,17.81431081777366,2.17,bm380374,bm,U,g
661428085183,2459738.8537844,3.9752125199406665,0.0551226143105233,14.901664743404567,0.015072372815184311,17.799316094558378,1.49,bq448879,bq,G,g
661428085183,2459739.8278936,3.7366556168651854,0.03527361823718678,14.968857938259589,0.010260750071587289,18.28401558576024,1.41,bE361761,bE,G,g
661428085183,2459740.7996873,3.7124169223993824,0.03333408329909651,14.975923763133853,0.009759868030859724,18.345419320566695,1.41,bi519977,bi,G,g
661428085183,2459741.7627634,3.9193331277396695,0.03147716779082098,14.917035176402418,0.008729626112654935,18.40765148870433,1.45,bE362556,bE,G,g
661428085183,2459742.8180806,3.8696406399134613,0.08531369230566223,14.930889033603897,0.023964053222099414,17.325093765774817,1.51,bi520859,bi,G,g
661428085183,2459742.8699673,3.755715115610488,0.0880536967665274,14.963334017138015,0.025483972297525838,17.29077162716317,1.48,bE363056,bE,G,g
661428085183,2459747.5401883,3.722406721581325,0.1920572221589728,14.973006062944378,0.056081418766650404,16.444064003675724,1.52,bm382260,bm,G,g
661428085183,2459749.5541925,3.9198571164837452,0.03463623504310962,14.916890030403035,0.009604452522077925,18.30381391613221,1.44,bE365633,bE,G,g
661428085183,2459750.8572492,4.109798897552475,0.09108211015627915,14.865514194003278,0.024089327997797835,17.254057902362522,1.43,bE366222,bE,B,g
661428085183,2459750.8598343,4.087269374786113,0.14963533737136636,14.871482469324512,0.039793586114434405,16.7150551935783,1.48,bE366224,bE,B,g
661428085183,2459754.8334062,4.180035082831492,0.05882767399789176,14.847115805275152,0.01529726967445398,17.728686418820114,1.51,bq452018,bq,G,g
661428085183,2459756.6514533,3.7819360951342094,0.04862972055997737,14.955780156967544,0.013976542856190988,17.935386176448766,1.52,bi525248,bi,G,g
661428085183,2459756.6527052,3.8157808422228348,0.07818143124753676,14.946107064216317,0.02227062299623728,17.41988156972368,1.50,bi525249,bi,G,g
661428085183,2459757.8030848,4.070159390164768,0.06250566875110619,14.876037080230473,0.01669245299308297,17.66284209625464,1.56,bq452836,bq,G,g
661428085183,2459760.6363823,3.902493772964433,0.032734684671128327,14.921710075405635,0.009117549203244086,18.365120206999492,1.47,bE368681,bE,G,g
661428085183,2459760.638978,3.9398449577096892,0.061388583060539556,14.911367793185303,0.016936382379058732,17.68242158810264,1.45,bE368683,bE,G,g
661428085183,2459761.7504329,4.149023259419111,0.040459940857155506,14.855200948556956,0.010599650528356378,18.13507750244307,1.49,bq453632,bq,G,g
661428085183,2459763.723835,3.9882732725671923,0.048243293232870334,14.898103352056085,0.013148136706261321,17.944048245450354,1.51,bq454167,bq,G,g
661428085183,2459764.7165604,3.973848787139188,0.020729446606523764,14.902037278986695,0.0056700716076378685,18.861171340643256,1.51,bE370378,bE,G,g
661428085183,2459765.812336,3.817768922419202,0.04403228633544694,14.945541526357125,0.012536426843003034,18.04321252048874,1.50,bE370861,bE,G,g
661428085183,2459767.6326262,3.6018838289163453,0.038377457286262275,15.008741368615226,0.011581336174747716,18.192450118945832,1.43,bi529800,bi,G,g
661428085183,2459768.8051561,4.314001778728393,0.0773855431349249,14.81286482270031,0.01949807281341115,17.430991023790416,1.58,bq454894,bq,G,g
661428085183,2459769.790929,4.553760317332887,0.20607048260139557,14.75414020173105,0.049187844636651074,16.36760114098736,1.55,bq455188,bq,G,g
661428085183,2459778.5062542,4.593684607065681,0.11865490603711891,14.74466268698988,0.02807609467898893,16.966926362079445,1.56,bm388676,bm,G,g
661428085183,2459779.7648432,3.537341902095327,0.08394220658424163,15.028373025744257,0.025793811121811082,17.342689658189517,1.60,bq457743,bq,G,g
661428085183,2459784.5455421,3.895276272277824,0.03151300723172659,14.923719958742963,0.008793540261550553,18.40641598863676,1.47,bE374154,bE,G,g
661428085183,2459788.216339,4.449533381278855,0.05737104520158604,14.779279449077787,0.014014914912927643,17.755908706313107,1.55,bm391041,bm,G,g
661428085183,2459789.7165388,4.005783736141336,0.06921752172540827,14.893346874925617,0.018781951701298205,17.5521004972139,1.50,bE376248,bE,G,g
661428085183,2459790.7449818,3.769943728382612,0.04965038441874151,14.959228452759332,0.014315282412440504,17.91283407300458,1.51,bq460182,bq,G,g
661428085183,2459791.6409306,3.4825218420744575,0.03270517706209897,15.045330999877716,0.010207862897740134,18.366099349704314,1.44,bi535361,bi,G,g
661428085183,2459792.6104431,3.7773271102360586,0.03838932242549317,14.957104133195188,0.011046838983698277,18.192114494307457,1.50,bi535751,bi,G,g
661428085183,2459793.6178039,3.8708313236307887,0.028430592523741742,14.930555005281953,0.007983509323160692,18.518175834084712,1.45,bE377664,bE,G,g
661428085183,2459793.7346218,3.5771240747036606,0.03619662930118446,15.01623061184228,0.01099882516296434,18.25597028621791,1.60,bi536270,bi,G,g
661428085183,2459793.7358602,3.614461123123194,0.044541220433631006,15.004956727610361,0.013394630177878746,18.03073533001539,1.62,bi536271,bi,G,g
661428085183,2459795.6869586,3.642590713103369,0.07616399284268485,14.99653968225494,0.02272749130014581,17.44826635256749,1.52,bq461651,bq,G,g
661428085183,2459796.650576,3.8320316863513746,0.05123912561836415,14.941492893479783,0.014533987794897526,17.87863633639325,1.45,bi537299,bi,G,g
661428085183,2459801.626802,4.00587660444111,0.07998655521457462,14.893321703994486,0.02170359110551256,17.395098127925635,1.42,bE380189,bE,G,g
661428085183,2459804.4990699,3.5953195107381775,0.06485693788836716,15.010721893423405,0.019607901719787983,17.62274951060512,2.03,bi539956,bi,G,g
661428085183,2459806.672178,3.761187937689881,0.08380694287949063,14.961753035693505,0.024219609506094315,17.344440614706876,1.50,bi540903,bi,G,g
661428085183,2459807.6934508,3.708910154082718,0.05604169337653215,14.976949839890004,0.016423930905382533,17.78136248740549,1.42,bi541299,bi,G,g
661428085183,2459808.5951857,4.023970238473096,0.03478253551635709,14.888428722303399,0.00939547302329782,18.29923751829425,1.48,bE382891,bE,G,g
661428085183,2459809.6669239,3.70127721434127,0.037358973987194434,14.979186588178548,0.010971234541288092,18.221653260388223,1.42,bi541905,bi,G,g
661428085183,2459810.6603716,3.779069632058931,0.0367189518272254,14.95660338683982,0.010561304248390524,18.24041492291256,1.46,bi542298,bi,G,g
661428085183,2459812.5859256,3.8789455709387166,0.025842540684591412,14.928281408140826,0.007241586050053198,18.621802589773846,1.54,bE384255,bE,G,g
661428085183,2459814.3096135,4.290436060400771,0.05456747410970234,14.818812036924315,0.013824345829507995,17.81030598379241,1.53,bm395971,bm,G,g
661428085183,2459815.5335563,3.9149922639133625,0.03075201176663781,14.918238351727119,0.008537973383613602,18.43295678103589,1.44,bE385423,bE,G,g
661428085183,2459816.6586556,3.663663172335475,0.04994766785639112,14.990276774967551,0.014818759467878542,17.90635257376819,1.41,bi543613,bi,G,g
661428085183,2459818.2982316,4.240637435615416,0.058240054447820225,14.831487765020356,0.01492804041129097,17.739586180639517,1.56,bm396788,bm,G,g
661428085183,2459819.266352,4.223449037832903,0.054851897807286894,14.835897476921696,0.014116810104092388,17.804661465896263,1.48,bm397103,bm,G,g
661428085183,2459819.2675923,4.221635021349794,0.09614652463364091,14.836363912397822,0.024755122473774066,17.195306634928208,1.44,bm397104,bm,G,g
661428085183,2459820.6537488,3.581108606406012,0.06682862548732003,15.015021891486914,0.020284168478544258,17.590234289525178,1.52,bq465350,bq,B,g
661428085183,2459822.5038076,3.747179169918022,0.03477772280220995,14.965804474251229,0.01008808783806427,18.299387757471834,1.44,bi545944,bi,G,g
661428085183,2459823.5347367,3.6545066912606865,0.04038801265293516,14.99299371878935,0.012012568990001303,18.1370094023287,1.55,bi546382,bi,G,g
661428085183,2459824.5856381,4.025687459325085,0.03218304601203532,14.887965485492881,0.00868958956840555,18.383572746060878,1.47,bE388871,bE,G,g
661428085183,2459830.2593685,4.078955715180059,0.12060899477471247,14.873693146656407,0.032139778562167445,16.949191366903765,2.00,bm399300,bm,G,g
661428085183,2459831.4887107,4.179585125374379,0.0784909234199069,14.847232685011335,0.020412605210655306,17.415592015329327,1.98,bE391368,bE,G,g
661428085183,2459833.5585186,4.099026243570013,0.07572840769247435,14.868363875160677,0.020081229475262998,17.454493548432616,1.99,bE392187,bE,G,g
661428085183,2459834.606781,4.032460722779941,0.09521508762281783,14.886140257432281,0.025665385870946893,17.205876182913755,2.06,bE392552,bE,G,g
661428085183,2459835.5631095,3.7311844701601613,0.04970459946483207,14.970448819438822,0.014479782219508276,17.91164916527424,1.46,bE392894,bE,G,g
661428085183,2459836.542979,3.9466961284079436,0.043122793120705355,14.909481398158114,0.011876415029972403,18.065873404138813,1.48,bi550229,bi,G,g
661428085183,2459837.5429748,3.7507736271996346,0.04999843824528927,14.964763488048284,0.014489311787142882,17.905249514204435,1.47,bi550622,bi,G,g
661428085183,2459838.5481739,3.9417322479350982,0.04843367043972239,14.910847821278079,0.013355877732131238,17.939772155565706,1.47,bE393981,bE,G,g
661428085183,2459841.4845623,3.8981916317795653,0.03195092637411765,14.922907660149438,0.008909071456320297,18.391431975289464,2.34,bE395056,bE,G,g
661428085183,2459842.5422705,3.863668787219379,0.03191307648498047,14.932565898607006,0.008978028015458774,18.392718928751638,1.55,bE395482,bE,G,g
661428085183,2459844.4858072,3.7771597302614883,0.04026247452825238,14.957152245132425,0.011586367110508679,18.140389453755333,2.08,bE396103,bE,G,g
661428085183,2459845.5387024,3.7507887715693395,0.048668225723326,14.964759104217393,0.01410376552058081,17.934526827332014,1.69,bi553604,bi,G,g
661428085183,2459846.5240187,3.9043418005364376,0.029101862266772603,14.921196046267731,0.008101867254879234,18.492838659054268,1.55,bE396862,bE,G,g
661428085183,2459847.5247091,3.8348053800820905,0.03795696870878593,14.940707302287578,0.010758714092181591,18.204411806849457,1.51,bi554336,bi,G,g
661428085183,2459848.566465,3.5122867378978233,0.039161010959154134,15.036090712679792,0.012119260025286823,18.170505874482995,1.40,bi554746,bi,G,g
661428085183,2459850.502765,3.5849530848418123,0.034617248787602764,15.013856930869363,0.010495937727455967,18.30440923825531,1.43,bi555454,bi,G,g
661428085183,2459851.5600212,3.858840254753125,0.03181583357671622,14.933923621380563,0.00896187079995903,18.39603234578632,1.50,bE398567,bE,G,g
661428085183,2459852.5457234,3.6289156095331467,0.05345365950442049,15.000623450292982,0.016010789464632216,17.83269700417644,1.50,bi556110,bi,G,g
661428085183,2459856.2550175,3.8603108568927245,0.43045795261859826,14.933509926666733,0.12120502629932667,15.567813772128059,1.52,bm406202,bm,B,g
661428085183,2459858.2452382,4.61858560264447,0.3674912418977494,14.738793128745538,0.08648686771856284,15.739523127999153,2.09,bm406720,bm,B,g
661428085183,2459859.5256458,3.9447890785332786,0.06887970263942841,14.910006154418616,0.018979276333632524,17.557412452549954,1.45,bE401095,bE,G,g
661428085183,2459864.5144917,3.9580471083499607,0.03419623704394528,14.9063632251867,0.009390950096435058,18.31769481420845,2.02,bE402804,bE,G,g
661428085183,2459865.5067906,3.930027252975755,0.03688960404018619,14.914076717224106,0.010202828915624806,18.235380627216667,1.50,bE403139,bE,G,g
661428085183,2459866.5113268,3.9009647480021528,0.03986724054971931,14.92213555797245,0.011108523126606885,18.151100169985202,1.50,bE403484,bE,G,g
661428085183,2459867.5107368,3.656078738123194,0.04194233677857082,14.992526771720062,0.01246950620156758,18.09600905364346,1.44,bi561189,bi,G,g
661428085183,2459869.5090591,3.856769721613995,0.038775476614245824,14.93450634986299,0.01092812385276653,18.181247749666195,1.48,bE404496,bE,G,g
661428085183,2459870.5047675,3.8439824649186445,0.0543810889323213,14.938112127578709,0.015377249978041537,17.8140208622063,1.99,bi562244,bi,G,g
661428085183,2459871.4995827,3.8521497644699005,0.05675177380225227,14.935807713911572,0.016013580578716366,17.76769201107483,2.08,bE405166,bE,G,g
661428085183,2459872.5021716,3.678324760823578,0.04284971034820855,14.985940445693808,0.012662224013952934,18.072770885035673,1.38,bi562890,bi,G,g
661428085183,2459873.4989434,3.7964768351002673,0.06858416804046372,14.951613736545772,0.019636102622937673,17.562080924442064,2.08,bi563239,bi,G,g
661428085183,2459875.4925592,3.787656844501882,0.12570114324917658,14.95413905791799,0.03607287646532449,16.90429254243511,2.36,bi563910,bi,G,g
661428085183,2459876.4967215,3.787035264088214,0.09226179804337767,14.954317249282374,0.026481021722086585,17.24008582619328,2.40,bi564260,bi,G,g
661428085183,2459974.8751961,3.77019276761027,0.07170234989327215,14.959156732331959,0.02067197664535165,17.513807138975686,1.61,bE431896,bE,G,g
661428085183,2459976.8843999,3.8979288387291615,0.22015979005723627,14.922980856537402,0.061392634275347836,16.295795605403242,1.46,bi594679,bi,G,g
661428085183,2459977.8811008,4.063466576036349,0.09030723158981846,14.877823892724976,0.02415672246835804,17.26333428898614,2.02,bE432953,bE,G,g
661428085183,2459978.8616986,3.9181040157921596,0.042383625616343644,14.917375719191499,0.011758023292120324,18.084645349557725,1.63,bE433319,bE,G,g
661428085183,2459979.8604034,3.844574789620494,0.0610677926811039,14.937944837837929,0.017265377617869497,17.688110055096743,1.56,bE433587,bE,G,g
661428085183,2459979.8616851,3.9459330216509794,0.10055564209225303,14.90969134914427,0.027699307203169213,17.146624502658575,1.58,bE433588,bE,G,g
661428085183,2459993.8269552,4.030407043517437,0.049302474509169594,14.88669334946879,0.013296335984677641,17.9204688183856,1.48,bE438432,bE,G,g
661428085183,2459995.8322525,3.699736246499446,0.04737636798496828,14.979638711285542,0.013918844135523953,17.963736203091806,1.54,bi601605,bi,G,g
661428085183,2459997.5793936,4.37700764059657,0.04464936455764267,14.797122360463844,0.011087921699589028,18.02810240528856,1.56,bm435549,bm,G,g
661428085183,2459998.8682359,3.677448507592441,0.04122357050341099,14.986199121383601,0.012184597205248308,18.11477659972565,1.43,bi602903,bi,G,g
661428085183,2459998.8694762,3.6001597577419737,0.08106380757531469,15.009261189554053,0.02447470119388778,17.38057311458995,1.41,bi602904,bi,G,g
661428085183,2460000.861315,4.008354726229248,0.03609550404936363,14.89265025179404,0.00978811662430524,18.259007834389273,1.49,bE441301,bE,G,g
661428085183,2460002.8640642,3.653202372339717,0.04103853336350164,14.993381294780065,0.012210410739851265,18.119661032566786,1.43,bi604613,bi,G,g
661428085183,2460004.8456815,3.7204404868844483,0.03036270014572605,14.973579717672823,0.00887070632021955,18.446789634898273,1.56,bi605466,bi,G,g
661428085183,2460004.8484802,3.9544477566225495,0.03129434521852406,14.90735101647639,0.008601856623814104,18.413975938683013,1.56,bE442960,bE,G,g
661428085183,2460009.0051941,3.6691973770566793,0.10119678416406519,14.988637936336781,0.02997835581535102,17.139723832208226,2.21,bq507436,bq,G,g
661428085183,2460010.7852359,3.6839936951576493,0.09213962252563727,14.984268426613923,0.027185650112937373,17.241524539647294,1.50,bi607876,bi,G,g
661428085183,2460013.5342104,4.672707084709853,0.10254301360697775,14.726144228506655,0.023853367090697884,17.12537541982496,1.58,bm439808,bm,G,g
661428085183,2460015.8318904,3.5000668927493073,0.09534621420968346,15.039874760782048,0.02961005961715904,17.204381977071673,1.49,bi609872,bi,G,g
661428085183,2460020.817515,3.515837471658381,0.04277565066576161,15.034993645977398,0.013224522702652992,18.074649050514793,1.47,bi611943,bi,G,g
661428085183,2460021.7795894,3.7545093674190713,0.04143988585231497,14.963682641730916,0.011997134586525916,18.10909423529531,1.60,bi612344,bi,G,g
661428085183,2460021.7997791,4.063141365008807,0.03433741653722234,14.877910790823059,0.00918581843256295,18.31322156942909,1.58,bE449320,bE,G,g
661428085183,2460022.7872891,3.8603967790508387,0.032746887933704,14.933485760799494,0.009220410606329346,18.364715527526446,1.62,bE449659,bE,G,g
661428085183,2460023.7490763,3.8730356387150935,0.028861747007170157,14.929936889095298,0.00809996784554147,18.501834072735363,1.47,bE450051,bE,G,g
661428085183,2460023.800563,3.7206082523090194,0.03766100432568417,14.973530759790197,0.011002468276966031,18.212910867959714,1.47,bi613225,bi,G,g
661428085183,2460026.7406487,3.9690592421610056,0.032509628269100546,14.903346669199502,0.00890300454350845,18.37261060246666,2.05,bE451315,bE,G,g
661428085183,2460026.7641906,3.8313977033601736,0.04436981823078926,14.941672535844399,0.012587589968026464,18.034921487561938,2.07,bi614503,bi,G,g
661428085183,2460028.9576892,3.865059916904903,0.04953141561221628,14.932175045223683,0.013929537028699708,17.91543876060635,1.55,bq513752,bq,G,g
661428085183,2460030.7847945,3.9913893904460185,0.03770448970641936,14.897255375815938,0.010267888440886688,18.21165794291523,1.55,bE453075,bE,G,g
661428085183,2460031.7801782,4.002598645822251,0.03617642301307201,14.894210512022914,0.009824167348953434,18.256576553286546,1.50,bE453509,bE,G,g
661428085183,2460032.8462857,4.008196402975967,0.030980598299624722,14.892693137390449,0.008401425475097712,18.42491610986319,2.01,bE453994,bE,G,g
661428085183,2460033.7223772,3.6693037226692864,0.050407023107938105,14.988606468526049,0.014932054321404183,17.89641298637343,2.24,bi617612,bi,G,g
661428085183,2460034.5709555,4.277997912615983,0.04038072922206197,14.821964201461796,0.010259962224633778,18.13720521779968,2.18,bm445335,bm,G,g
661428085183,2460035.5309713,4.205239095475789,0.039633420414242025,14.84058888895466,0.010244317580999524,18.1574867261574,1.55,bm445725,bm,G,g
661428085183,2460036.4884068,4.278381858323717,0.045803229947366665,14.821866762178598,0.01163667039470703,18.000400349900982,1.57,bm446118,bm,G,g
661428085183,2460037.5245833,4.305832771305279,0.048763850969556,14.814922725255176,0.012309857036181671,17.932395623137644,1.47,bm446447,bm,G,g
661428085183,2460037.5258314,4.656314269137217,0.09516149538912558,14.729959910990091,0.02221422396620671,17.20648746639232,1.49,bm446448,bm,G,g
661428085183,2460039.9677528,3.915540013431254,0.1582049404631489,14.91808645618219,0.043917797090030866,16.65459050736893,2.24,bq517950,bq,G,g
661428085183,2460041.8698958,3.536753749347444,0.08691593648077882,15.028553565777994,0.026712022011223604,17.30489207679024,1.39,bi621399,bi,G,g
661428085183,2460042.7771217,4.031099978616418,0.09322104122692688,14.886506698331651,0.02513636954241426,17.228855737816478,1.47,bE458059,bE,G,g
661428085183,2460048.8526684,3.9203049480626557,0.036341207717531104,14.916765995477384,0.010076081646650394,18.25164222143482,1.49,bE460860,bE,G,g
661428085183,2460049.8449929,3.6323460753864727,0.050407460365663535,14.999597573134203,0.01508411276118152,17.89640356815242,1.58,bi625147,bi,G,g
661428085183,2460049.8993773,3.8038130311350846,0.0600520592913812,14.949517717511199,0.017160143507672226,17.706320849640704,1.51,bq521622,bq,G,g
661428085183,2460050.7958575,3.807444478367984,0.03120022544579531,14.948481674773008,0.008907099951349758,18.417246281082683,1.49,bE461660,bE,G,g
661428085183,2460051.9144227,3.886256922136929,0.05173277128663772,14.926236850756913,0.014469262908827423,17.868226251768927,1.50,bq522455,bq,G,g
661428085183,2460054.6729309,3.899055874495963,0.029191054731942095,14.922666975315469,0.00813771547232061,18.489516143414864,1.52,bE463432,bE,G,g
661428085183,2460056.8681101,3.9872041945275325,0.041591570704889974,14.898394428482574,0.01133832801668471,18.105127306948123,1.55,bE464034,bE,G,g
661428085183,2460057.8137124,3.5990597829787934,0.02871892544298377,15.009592970638723,0.008673438395000673,18.507220146029162,1.42,bi628568,bi,G,g
661428085183,2460059.874622,3.8031036642816374,0.070372219225519,14.949720213557445,0.0201129260174616,17.5341374940627,1.52,bq525139,bq,G,g
661428085183,2460061.8830816,3.93078706279138,0.04343744121000787,14.913866827257243,0.012011490130770271,18.05798002608507,1.57,bq525972,bq,G,g
661428085183,2460063.9677802,3.775687698141049,0.11272083312607364,14.957575459980369,0.032450418174834135,17.02263013642138,1.63,bq526847,bq,G,g
661428085183,2460065.5333044,4.893670501133529,0.08461953102848532,14.675978811682402,0.01879524808558604,17.33396407621662,1.53,bm453067,bm,G,g
661428085183,2460067.9034765,4.880505851962333,0.22398449812971416,14.67890352765946,0.04988446247076395,16.27709570633994,1.98,bq527913,bq,G,g
661428085183,2460075.7412034,3.61242235872019,0.07206478600378591,15.005569318193729,0.02168386787482434,17.508332858107757,1.40,bi636849,bi,G,g
661428085183,2460076.8062954,3.8658280972568195,0.0720430034596176,14.931959276680386,0.020256361764164562,17.508661085986397,1.43,bi637385,bi,G,g
661428085183,2460080.8768737,3.7141609602720442,0.03596551288837211,14.975413820297316,0.010525378197084233,18.262924966532946,1.55,bi639269,bi,G,g
661428085183,2460087.8614301,3.761389024770019,0.0671911188888031,14.9616949897541,0.019416716643288253,17.584360928527822,1.48,bE477147,bE,G,g
661428085183,2460088.8745594,3.728122198270186,0.05675890037598006,14.971340274849984,0.016548399877836288,17.76755567888971,1.43,bi642179,bi,G,g
661428085183,2460089.8784623,3.926743705061076,0.033222481541213426,14.914984231794053,0.009196269400785387,18.34906043945261,1.48,bE478051,bE,G,g
661428085183,2460090.8739708,3.860228551231356,0.051333153359672326,14.93353307588771,0.014454301108138376,17.87664575272672,1.47,bi642824,bi,G,g
661428085183,2460091.5998862,3.738900538119978,0.04124631101151589,14.968205841664798,0.011990943940485494,18.114177830983987,1.46,bi643102,bi,G,g
661428085183,2460092.6508428,3.8306577525903487,0.03985345859592584,14.94188224232529,0.011308495702966166,18.15147556976256,1.39,bE478988,bE,G,g
661428085183,2460094.7981562,3.672579516899382,0.09117999693603983,14.987637603041566,0.026986125655205986,17.25289167826178,1.61,bq535192,bq,G,g
661428085183,2460095.865452,3.6950549589288904,0.053369600506596546,14.981013366482154,0.01569947835094528,17.834405731584706,1.43,bi644709,bi,G,g
661428085183,2460096.6216697,3.972638804661118,0.13158311793098862,14.902367921117206,0.03600255024897936,16.854640178895664,1.52,bi645014,bi,B,g
661428085183,2460096.8364081,3.7900384653044927,0.07295969323328688,14.95345657811092,0.020924329689523655,17.49493311322389,1.47,bE480436,bE,G,g
661428085183,2460097.5853674,4.094831949997717,0.07850911927335114,14.869475414236653,0.020839927072028402,17.4153403479207,1.46,bE480727,bE,B,g
661428085183,2460103.8278884,3.8185008278084216,0.1182629771373511,14.945333399560152,0.03366418394977988,16.970518592253413,1.47,bE483502,bE,G,g
661428085183,2460104.7603747,3.861609960248596,0.11822048657056293,14.933144607313194,0.0332764132586747,16.97090875523983,1.45,bq538509,bq,B,g
661428085183,2460107.7422737,3.86760105865221,0.05529103247439732,14.931461446191083,0.015539076401711305,17.796003861963996,1.53,bq538873,bq,G,g
661428085183,2460108.7776253,4.3743244366770275,0.1280743474707381,14.797788145216554,0.03182462784048881,16.88398523180225,1.50,bq539258,bq,B,g
661428085183,2460108.8550503,4.039016880787326,0.052292480881408414,14.884376451589578,0.014072645599066154,17.85654249570207,1.49,bE484790,bE,G,g
661428085183,2460109.8620824,3.874086271548704,0.04112272854428207,14.92964240292984,0.011537847856198252,18.117435804133933,1.54,bE485239,bE,G,g
661428085183,2460111.7303726,4.225995293141153,0.09265194276137682,14.83524309976975,0.023830749078147483,17.23550428593415,1.42,bq540286,bq,G,g
661428085183,2460112.7330147,3.7236433922401724,0.07461530871382403,14.972645415863175,0.021780709881371603,17.47057076099571,1.51,bE486550,bE,G,g
661428085183,2460112.8603534,3.807669217465553,0.12020689187126415,14.948417589748235,0.034314867604079924,16.952817191529626,1.45,bq540666,bq,B,g
661428085183,2460113.495934,3.5078701945537953,0.04256673659738271,15.037456836453739,0.013189824419817853,18.07996472138082,1.38,bi652032,bi,G,g
661428085183,2460113.863798,3.7557286480717345,0.14717165196126142,14.963330105058372,0.04259338251088665,16.733080199591075,1.53,bq541037,bq,B,g
661428085183,2460119.3990214,4.605393606594614,0.060478240024113596,14.74189873797666,0.014273962886339074,17.698642750734162,2.34,bm463673,bm,G,g
661428085183,2460130.4540774,4.052464141803281,0.05350775649896988,14.880767670566515,0.014351911048447704,17.831598756364215,1.95,bE493039,bE,G,g
661428085183,2460133.7991799,3.7959631200162987,0.06817870354592193,14.951760661399902,0.01952265712809149,17.56851876486142,1.43,bi660254,bi,G,g
661428085183,2460136.7924173,4.006234628934572,0.0838827103051834,14.893224670854611,0.022758741679495955,17.34345947554591,1.56,bE495644,bE,G,g
661428085183,2460139.623614,3.972495919583312,0.02689641205525299,14.902406972815507,0.007359411082266583,18.578404737507995,1.44,bE496518,bE,G,g
661428085183,2460139.631527,3.6828161679964633,0.0421697373461323,14.984615519563413,0.012446092592599016,18.090138371383127,1.45,bi662133,bi,G,g
661428085183,2460140.5265,3.692517625424442,0.05437672145174386,14.981759179785833,0.016006729827314266,17.814108063884454,1.42,bi662525,bi,G,g
661428085183,2460141.721108,3.7168292724142056,0.03991627125079521,14.974634090239238,0.011673189210377298,18.149765698418257,1.48,bi663228,bi,G,g
661428085183,2460142.7356003,3.684441795929295,0.039370734202858866,14.984136371652637,0.011614860181733895,18.164706826989022,1.54,bi663791,bi,G,g
661428085183,2460142.7779175,3.961255673711489,0.03568295603347259,14.905483436683891,0.009791294723264708,18.271488549322637,1.47,bE497921,bE,G,g
661428085183,2460144.5622802,3.7852709692098543,0.04630186415004821,14.954823187315238,0.013295775551064377,17.98864442041016,1.44,bi664249,bi,G,g
661428085183,2460147.7005383,3.9108564085785904,0.03544895371830289,14.919385945676499,0.00985243829162786,18.278632057854153,1.49,bE499053,bE,G,g
661428085183,2460150.2376653,4.3653273249493045,0.04729224781427366,14.800023587464901,0.011775661562795834,17.96566571982003,2.11,bm471043,bm,G,g
661428085183,2460151.658177,3.551575635908496,0.03857792577123117,15.024012952202623,0.01180673940553188,18.18679342864722,2.20,bi666681,bi,B,g
661428085183,2460157.628707,3.764193006423567,0.11076113695780668,14.960885913585109,0.031983625697747174,17.0416720986706,1.49,bi669364,bi,G,g
661428085183,2460159.7125069,3.802591789669571,0.0955604973309727,14.949866356879333,0.02731560775908618,17.201944608173726,1.48,bi670396,bi,G,g
661428085183,2460164.4326211,4.224633901258747,0.05058570802574328,14.835592922826562,0.013015202389250885,17.89257102894217,1.55,bm474822,bm,G,g
661428085183,2460168.2599838,4.427311659441414,0.06578670357900096,14.784715384529886,0.01615140112090867,17.607295297840043,1.52,bm476128,bm,G,g
661428085183,2460171.2454568,4.481750718780305,0.04456498569529419,14.771446380265731,0.010808321319552089,18.03015618279914,2.15,bm477120,bm,G,g
661428085183,2460185.4117031,4.710685130696214,0.17495907823402584,14.717355431507919,0.040370541831530694,16.54529940651756,1.99,bm479826,bm,G,g
661428085183,2460194.3660086,4.463151040720267,0.04728897789430135,14.775961661375508,0.011516765276286343,17.96574079329207,2.20,bm481414,bm,G,g
661428085183,2460196.3567036,4.39494412325353,0.06936572601288155,14.792682227578528,0.017155514646009937,17.549778271049064,1.56,bm482246,bm,G,g
661428085183,2460201.2469989,4.170046805508951,0.10179558786582936,14.849713298241014,0.0265338456078858,17.133318224570232,1.52,bm483240,bm,G,g
661428085183,2460215.3176015,4.541927629731757,0.11544916752621602,14.756965097362984,0.027628847441451897,16.996663597241074,2.29,bm485504,bm,G,g
661428085183,2460219.2433778,4.236063332660747,0.047753351404547915,14.832659510915358,0.012253314614980238,17.95513097031156,2.06,bm486354,bm,G,g
661428085183,2460221.2711098,4.389939545691206,0.061265967176479336,14.793919273358874,0.01516955800644048,17.684592376690485,1.51,bm487236,bm,G,g
661428085183,2460222.5130202,3.884458092226205,0.037302193140242725,14.926739521306933,0.010437971306757596,18.22330469541207,1.41,bi673147,bi,G,g
661428085183,2460224.2840709,4.206863423816994,0.06625825127328235,14.840169590186882,0.017119604580644755,17.59954068758736,1.58,bm487936,bm,G,g
661428085183,2460225.5336803,3.930545632903508,0.05167233714810099,14.913933515484391,0.014289513238685336,17.869495348444644,1.47,bi674420,bi,G,g
661428085183,2460227.2722436,4.174427423829089,0.06091787091417486,14.848573335143133,0.015862074090124568,17.69077882071058,2.08,bm488336,bm,G,g
661428085183,2460228.4984815,3.6754221015970505,0.053987945553723576,14.986797565862602,0.015966206844492254,17.82189860836222,1.47,bi675666,bi,G,g
661428085183,2460229.5216149,4.2738744779013444,0.04915470465196077,14.82301121491105,0.012501309308888611,17.923727884017524,1.47,bE509614,bE,G,g
661428085183,2460230.5204764,4.1601771262043545,0.046122820665303224,14.85228606777335,0.01205080918487148,17.992850964087722,1.47,bE510007,bE,G,g
661428085183,2460231.5197287,3.8221867613115577,0.04478107818841456,14.944285862485394,0.012734878755821077,18.024904246885246,1.47,bi676919,bi,G,g
661428085183,2460232.5378033,3.8628381102612477,0.05981571839095131,14.932799353663306,0.01683142895241825,17.710602303918776,1.48,bi677347,bi,B,g
661428085183,2460239.495642,3.995744776122757,0.08114949879878325,14.896071271408772,0.022074977731883372,17.37942600681582,1.55,bE512059,bE,G,g
661428085183,2460241.4940584,3.2811314008649584,0.13959979460673452,15.11000656450679,0.046245909914254694,16.790428663167514,2.00,bi680674,bi,G,g
661428085183,2460242.4958786,3.774536868983173,0.26458210180456376,14.957906442689758,0.0761919279303241,16.09623945616742,1.99,bi680959,bi,G,g
661428085183,2460349.8729137,3.888248644909758,0.05581958436492995,14.92568054899522,0.015604316186326704,17.785674115469888,1.47,bE535846,bE,G,g
661428085183,2460350.8645252,4.190316185074299,0.04608608728392986,14.844448636315075,0.011954604598368309,17.993716016392906,1.45,bE536232,bE,G,g
661428085183,2460351.8678273,3.996812915327001,0.042935675588109484,14.895781072086491,0.011676606732530265,18.070594859281755,1.42,bE536627,bE,G,g
661428085183,2460352.8748286,4.30397725519712,0.04223474026167037,14.815390703303965,0.010666256731711819,18.088466042265814,1.54,bE537027,bE,G,g
661428085183,2460353.8741242,4.082717243182079,0.04135933567581646,14.872692364721871,0.01101124495523181,18.11120672545886,1.55,bE537422,bE,G,g
661428085183,2460354.8694853,4.086794401294024,0.04106572075489929,14.871608647913614,0.01092216750133606,18.11894198733462,1.49,bE537816,bE,G,g
661428085183,2460369.8329161,3.9218337486211245,0.08250131330590416,14.916342673676684,0.022865665986332218,17.3614884565229,1.37,bi724386,bi,G,g
661428085183,2460370.8283098,3.8070815662198156,0.0575647493747058,14.948585168242307,0.01643526114867124,17.75224906601285,1.49,bi724798,bi,G,g
661428085183,2460377.8335099,3.8098296091336192,0.05009998823042515,14.94780174048675,0.014293686209892747,17.903046551837043,1.52,bi727788,bi,G,g
661428085183,2460380.8236336,3.8473073729367324,0.04008590157487731,14.937173410324853,0.011325227730205141,18.145161471963473,1.58,bi728989,bi,G,g
661428085183,2460386.8110452,3.996698175968494,0.02857523644477393,14.895812241537369,0.0077714248728222085,18.512666029851246,1.50,bE546817,bE,G,g
661428085183,2460388.7966139,3.9978484004121917,0.0372183949614646,14.895499818482778,0.010119137365953074,18.225746510681084,1.47,bE547681,bE,G,g
661428085183,2460394.779499,3.9411470891407916,0.12819070242260389,14.91100901316305,0.035354610440318894,16.88299929327823,1.51,bi734725,bi,G,g
661428085183,2460396.7556433,3.7388670543930127,0.10826317911211342,14.968215565019845,0.03147407139332683,17.06643867180526,1.95,bi735628,bi,G,g
661428085183,2460408.7226586,3.907656193483787,0.045222792560775646,14.92027475656991,0.012579205250236624,18.014247168857533,1.47,bi740934,bi,G,g
661428085183,2460409.7108547,3.725225833875371,0.041085730011753155,14.972184107133234,0.011988106004362653,18.11841309162253,1.39,bi741379,bi,G,g
661428085183,2460409.9188049,4.000851815997124,0.055233521199460206,14.89468445671061,0.015005913452309911,17.79713378426526,1.46,bE555726,bE,G,g
661428085183,2460411.7208884,3.8715839523592526,0.03764341471833991,14.930343919662628,0.010568479369715493,18.21341808052734,1.46,bi742287,bi,G,g
661428085183,2460418.7964987,3.6297663031277145,0.03344936811206879,15.000368960882891,0.010016625253845387,18.341670816499004,1.54,bi744295,bi,G,g
661428085183,2460419.8187227,3.852243087960487,0.035682008364787896,14.93578141081555,0.010068105987929864,18.271517384710133,1.41,bi744786,bi,G,g
661428085183,2460421.4648147,6.000293887840965,0.24160631643063857,14.454634316847333,0.04376711645238186,16.194869901272334,1.52,bm537078,bm,G,g
661428085183,2460425.6936602,4.170753500702197,0.09580203619125148,14.849529314802805,0.024967346551753058,17.19920376209585,1.46,bE560978,bE,G,g
661428085183,2460425.8796708,3.441093855285511,0.10174953160601961,15.05832432704441,0.032140162870939314,17.133809564767574,1.37,bi746847,bi,G,g
661428085183,2460432.3776635,4.469099003105482,0.05609705406283522,14.774515683255995,0.013643702840680201,17.780290474248662,1.54,bm539570,bm,G,g
661428085183,2460433.7215911,4.133785264148216,0.06557500561375185,14.85919584033108,0.017242593763426805,17.610794770338384,1.45,bE563329,bE,B,g
661428085183,2460434.9176116,4.000965444512373,0.03553931598179724,14.894653621066931,0.009655092457133259,18.275867949518396,1.39,bE563907,bE,G,g
661428085183,2460436.8423772,4.047876072938282,0.04761750446930454,14.88199760236624,0.012786497436983645,17.958224033371547,1.49,bq632250,bq,G,g
661428085183,2460438.8349187,4.210312381540218,0.048753493830267294,14.839279824173921,0.012586459928417853,17.932626251261674,1.48,bq632954,bq,G,g
661428085183,2460439.6492806,3.5582551709053436,0.05284840886444177,15.021972899405945,0.016143845767004204,17.84506082068718,1.43,bi751332,bi,G,g
661428085183,2460440.6116334,3.7846971490383283,0.052411217473956044,14.95498778968257,0.015052383956290888,17.85407999104089,1.47,bi751759,bi,G,g
661428085183,2460442.5999663,4.109046175609286,0.03894550985424973,14.865713068044787,0.010302166030600848,18.17649712701965,1.53,bE566766,bE,G,g
661428085183,2460444.347604,4.16740312465005,0.06452728027901283,14.850401839735735,0.01683022880951828,17.6282822097432,1.59,bm542619,bm,G,g
661428085183,2460446.4095377,4.344835817800528,0.047722613305796364,14.805132197231014,0.011938864422598401,17.955830067051444,1.59,bm543419,bm,G,g
661428085183,2460446.6322747,3.464060167713037,0.05915166433472321,15.051102055461374,0.018560672796511753,17.722723189530306,1.67,bi753903,bi,G,g
661428085183,2460448.5783666,3.770069535863338,0.08361552341356027,14.95919222106268,0.0241073639699294,17.346923329716603,1.49,bi754579,bi,G,g
661428085183,2460449.5889468,4.05752892031266,0.05919074267527038,14.879411562350517,0.015856390685321384,17.72200613852943,1.46,bE569147,bE,G,g
661428085183,2460450.6156064,4.1470982189302035,0.08639411572071311,14.85570481923855,0.02264394103179419,17.311430201918846,1.46,bE569641,bE,B,g
661428085183,2460474.2718775,4.355976190701965,0.05274645286533772,14.802351879074159,0.013161940844159031,17.847157463499265,2.08,bm546897,bm,,g
661428085183,2460475.26815,4.1637539754903,0.05499285935732665,14.851352971388891,0.01435599881246351,17.80187485784467,1.48,bm547923,bm,,g
661428085183,2460476.2845917,4.3614851052234584,0.06448751981191772,14.800979638111322,0.016071390487244153,17.6289514256778,1.65,bm548353,bm,,g
661428085183,2460477.2721648,4.211108270034358,0.11900780838061392,14.839074603465596,0.03071787880109139,16.963701967932273,1.50,bm547260,bm,,g
661428085183,2460478.3566194,4.256167788807889,0.11611562658499712,14.82751877077703,0.02965405591487245,16.990413936278436,1.51,bm547592,bm,,g
661428085183,2460485.4018919,0.6471350450855518,0.27491602811133575,16.05464045956553,99.999,16.05464045956553,1.98,bm549626,bm,,g
661428085183,2460485.8171079,4.175931176963725,0.11374036576307558,14.84818229104144,0.029605572293233955,17.012854060166188,2.21,bE579211,bE,,g
661428085183,2460486.4161311,3.530852744472065,0.1416044274456229,15.030366608462826,0.04359226143319925,16.77494853058,2.03,bm550042,bm,,g
661428085183,2460486.5235704,3.7993525033422224,0.053792706879179635,14.950791649283614,0.01538955217050547,17.825832114508138,1.40,bi760944,bi,,g
661428085183,2460486.796062,4.000156677579235,0.09003022455464521,14.89487311716513,0.024463776701999347,17.266669778019093,1.47,bq644592,bq,,g
661428085183,2460487.4576315,3.749424526784114,0.08743433670404212,14.96515408231012,0.025347175766705518,17.298435562104903,1.57,bm550494,bm,,g
661428085183,2460487.6252922,3.8432589729613325,0.057327479004658115,14.938316497747273,0.016213447393830658,17.756733501573734,1.61,bi761414,bi,,g
661428085183,2460488.5102147,4.1197760077111925,0.0677283646842395,14.862881612089861,0.01786936657781059,17.575714137441228,2.01,bm550955,bm,,g
661428085183,2460488.6449802,3.5779301822152103,0.06426809926700269,15.015985967963285,0.019524313242690484,17.632651971906533,1.44,bi761872,bi,,g
661428085183,2460488.8337643,4.649741741997958,0.21723022782494664,14.731493542820765,0.05078127473629191,16.310339967251455,1.46,bq645011,bq,,g
661428085183,2460490.8010104,3.79053969816981,0.0585586368168814,14.953312998912091,0.016791986698621024,17.73366321581246,1.59,bi762609,bi,,g
661428085183,2460491.8187276,4.039918130880359,0.03559168455659325,14.884134211775002,0.0095760885233683,18.274269252255873,1.97,bE581515,bE,,g
661428085183,2460493.50473,4.509855731082223,0.08104805084760806,14.764658999403878,0.019534041152556345,17.380784174409506,2.19,bm552024,bm,,g
661428085183,2460493.6650095,4.113027814101116,0.03790369331560987,14.864661506259239,0.010016870419925918,18.205936787812178,1.45,bE582207,bE,,g
661428085183,2460496.5971426,3.9249274709612463,0.048034244791171125,14.915486532797104,0.013302445976101153,17.948763193984618,1.47,bE583421,bE,,g
661428085183,2460498.7121194,3.7000096323361427,0.058637646540319756,14.979558485584345,0.017226055783587782,17.732199283206345,1.48,bi765615,bi,,g
661428085183,2460499.7746321,3.7271026937461857,0.04879919943921139,14.971637224437837,0.014231592860347283,17.931608868012496,1.48,bq647168,bq,,g
661428085183,2460500.7772274,3.7150366007866813,0.045200894329912714,14.975157880243042,0.013225012876033585,18.014773042184544,1.47,bi766506,bi,,g
661428085183,2460502.6583936,4.295904533872158,0.0622000385101226,14.817429068156605,0.015737951571764327,17.668163977499358,2.09,bq647814,bq,,g
661428085183,2460503.7628941,3.8240910290484407,0.048123813847933905,14.943745067990369,0.013678673681046685,17.946740515963544,1.50,bq648209,bq,,g
661428085183,2460513.4090507,5.354668323395939,0.30356341819598315,14.578234184493276,0.061621041162879274,15.947017025340557,2.45,bm553583,bm,,g
661428085183,2460514.6205287,4.005207037697263,0.088870737102206,14.893503195760012,0.024118260648154793,17.280743655786527,1.48,bi771953,bi,,g
661428085183,2460515.5965043,3.7825549991182177,0.06681087129290195,14.955602493604383,0.01919879877274027,17.590522772679392,1.40,bi772336,bi,,g
661428085183,2460516.6249197,4.076656159502478,0.04095993839714392,14.874305414861057,0.010921125164561857,18.121742374445148,1.50,bE591314,bE,,g
661428085183,2460517.5973266,4.074560145191666,0.03251414925323993,14.874863790099313,0.008673688771367042,18.37245962396753,1.52,bE591710,bE,,g
661428085183,2460518.6396318,4.03805306088299,0.03374591420695553,14.88463556886293,0.009083670020244534,18.332087616286742,1.49,bE592171,bE,,g
661428085183,2460519.7150872,4.012949146095637,0.052323883674214124,14.891406481800104,0.014172565993701041,17.855890682761554,1.44,bq651755,bq,,g
661428085183,2460520.6054779,3.776577922223077,0.03979653349790175,14.957319497446932,0.01145404716095222,18.153027500874728,1.51,bi774446,bi,,g
661428085183,2460528.3621567,4.336106434447963,0.05511567470772085,14.807315787553428,0.013816160414714694,17.799452790765955,2.27,bm557034,bm,,g
661428085183,2460528.5062128,4.236197845851321,0.032244888480972594,14.832625034678625,0.008273643749068239,18.38148841327367,1.57,bE594686,bE,,g
661428085183,2460528.6743342,4.053612883150414,0.050343280815374904,14.88045994339467,0.013499305184141757,17.897786824890026,1.56,bq653549,bq,,g
661428085183,2460529.3701176,4.086435151176422,0.04861939228039526,14.871704093870928,0.012932339206938074,17.935616796282506,2.16,bm557437,bm,,g
661428085183,2460529.6960027,3.943339925158131,0.033436113698088354,14.910405082555469,0.009216451671812393,18.34210112803838,1.49,bq653904,bq,,g
661428085183,2460530.3633661,4.211057568527359,0.05384486051089022,14.839087675747201,0.013898414196914736,17.824779970875355,1.59,bm557830,bm,,g
661428085183,2460530.6915334,4.218504617820292,0.07824831138132592,14.837169300163577,0.020161768227470424,17.418953176109554,1.52,bq654240,bq,,g
661428085183,2460531.6870459,4.031647395088859,0.061669404629255194,14.886359267224964,0.01662644447408597,17.67746622227513,1.48,bq654563,bq,,g
661428085183,2460532.6791433,4.155026688152471,0.053145364958112215,14.85363107816715,0.013902847172110998,17.838977127012278,1.46,bq654865,bq,,g
661428085183,2460533.6522033,4.170377004024222,0.07550633969122922,14.849627329352344,0.01967978153553886,17.457682067557027,1.41,bq655175,bq,,g
661428085183,2460534.6992845,3.8796415805073163,0.03987012514172685,14.92808660906858,0.011170385626109397,18.15102161444345,1.44,bE596893,bE,,g
661428085183,2460535.6846066,4.1442282837045585,0.055747884264855156,14.856456446304074,0.014621667105817766,17.787069637053545,1.46,bE597300,bE,,g
661428085183,2460542.2747167,4.322181587127074,0.13042344409111453,14.810808100093585,0.03279931911346321,16.8642514503555,1.47,bm560003,bm,,g
661428085183,2460543.6591198,3.7569841789262415,0.12760191875737067,14.962967206768765,0.03691730685418829,16.887997599078993,1.40,bq657927,bq,,g
661428085183,2460544.4854639,4.163629125380627,0.038441557075923644,14.851385527663199,0.010035548294821388,18.190638185296777,1.46,bE599840,bE,,g
