# "asas_sn_id":661428667989,"ra_deg":295.04812,"dec_deg":-4.91847,"name":"ASASSN-V J194011.55-045506.5"
asas_sn_id,jd,flux,flux_err,mag,mag_err,limit,fwhm,image_id,camera,quality,phot_filter
661428667989,2457081.1592818,5.1170264487342445,0.1468395530319549,14.687237250151163,0.03119159367581991,16.795248758987615,1.74,ba190736,ba,G,V
661428667989,2457083.1573148,3.7550389127604893,0.08894564205825886,15.023245299828577,0.02574674935776501,17.339544707579726,1.73,ba190958,ba,G,V
661428667989,2457084.1513085,3.7999151463007643,0.09528750710993572,15.010346657649174,0.027256760560623983,17.264766480718848,2.03,ba191220,ba,G,V
661428667989,2457104.1447292,4.145084435663636,0.07403797163225008,14.915947950552583,0.019414817085415197,17.538720113240707,1.66,ba195324,ba,G,V
661428667989,2457106.1078691,5.36033688018413,0.08334218090880204,14.636801193061405,0.016899931683337227,17.410194241318795,1.62,ba195941,ba,G,V
661428667989,2457107.1080555,3.840640221166991,0.09179729430520565,14.998772340118858,0.025979956980383665,17.30528169191665,1.65,ba196289,ba,G,V
661428667989,2457110.1045974,4.386021071785398,0.12208446995569382,14.85460461994222,0.030255329066941422,16.99570533867776,1.67,ba197051,ba,G,V
661428667989,2457114.0871706,3.7206616348623722,0.13544690635748485,15.033230964207792,0.039569547747951364,16.882933668467647,2.13,ba198396,ba,G,V
661428667989,2457115.0777027,4.193178312304956,0.1460458260950139,14.903423077268187,0.037858028283918405,16.801133519670504,2.09,ba198738,ba,G,V
661428667989,2457134.1133796,3.8910792251870996,0.06397971212744222,14.984606220908233,0.017872461939546225,17.69725068949524,1.69,ba203267,ba,G,V
661428667989,2457144.9928534,3.9428134857782138,0.07970025376613513,14.970265821213328,0.021971800321735357,17.458707133189904,2.06,ba205260,ba,G,V
661428667989,2457155.996615,3.7575618408405957,0.0768135562304529,15.022516062497488,0.022219992494917438,17.49876171350246,2.15,ba207519,ba,G,V
661428667989,2457162.0369249,3.835670119691551,0.06488815543408322,15.000178281157622,0.018388078622978907,17.681942821902542,1.73,ba208808,ba,B,V
661428667989,2457163.0356793,4.067654334536421,0.0656013979473326,14.936421304818069,0.01752997218289535,17.670073658258232,1.69,ba209131,ba,G,V
661428667989,2457164.0409192,4.058815471017389,0.0516604757827624,14.93878313674398,0.013834748455352833,17.929460389621987,1.75,ba209408,ba,G,V
661428667989,2457166.9619289,3.530752809761575,0.06631438392905584,15.090113121027244,0.020415151096818726,17.65833704538447,1.79,ba210032,ba,G,V
661428667989,2457173.9163437,3.762400733221496,0.14265419345913208,15.021118778582244,0.0412127566754625,16.82664503695055,1.67,ba211448,ba,G,V
661428667989,2457183.101469,3.7141068741149503,0.08355965042458069,15.035145413297181,0.024454252411593057,17.407364857621236,1.77,ba213643,ba,G,V
661428667989,2457183.9247501,5.030829252987068,0.060547204629755755,14.70568246060826,0.013081775515698635,17.757121150573653,2.03,ba213831,ba,G,V
661428667989,2457190.0027897,5.3657223946041706,0.09748926535224196,14.635710904759122,0.019748802673939525,17.239964399429216,1.77,ba215166,ba,B,V
661428667989,2457192.0239684,3.669028380517621,0.06305533753219071,15.048403726752547,0.018680261707707903,17.71305175670298,1.68,ba215755,ba,G,V
661428667989,2457195.9406072,5.567288281279687,0.07902859201390422,14.595672128990138,0.015429530348234308,17.46789578230728,1.76,ba216770,ba,G,V
661428667989,2457200.8962202,4.867489031708958,0.12256401849624117,14.741518950607768,0.027369709180067953,16.99144891442974,1.63,ba217965,ba,G,V
661428667989,2457203.9797898,3.7124167524386786,0.16554411112370196,15.03563959507545,0.048469572039080325,16.66507205300398,1.63,ba218904,ba,G,V
661428667989,2457210.003739,3.459573113795315,0.10698557499600372,15.112225121235037,0.03361358891656518,17.13904333081805,1.70,ba220356,ba,G,V
661428667989,2457210.9218499,4.038594391842049,0.07358346306668857,14.944205809862831,0.01980442136849669,17.545405835613217,1.61,ba220602,ba,G,V
661428667989,2457212.9701704,4.314873014540425,0.056624975611864824,14.872361356819903,0.014264356407992973,17.82983632374657,1.59,ba221054,ba,G,V
661428667989,2457217.841417,4.522590577722363,0.057634870977605314,14.821313220518162,0.013851927962988656,17.81064308048182,1.72,ba221834,ba,G,V
661428667989,2457222.9611601,3.8359639785504545,0.07137837519652265,15.000095103780213,0.020225734877813168,17.578439749226316,1.62,ba222723,ba,G,V
661428667989,2457227.8770384,3.75899598100035,0.08560299590399577,15.02210175106666,0.02475308171345651,17.381133983099552,1.61,ba223433,ba,G,V
661428667989,2457235.9813719,3.9352526235964334,0.15898539847595997,14.972349861691391,0.04391337285401707,16.708963294393275,1.62,ba225581,ba,G,V
661428667989,2457237.9772633,4.15995357014199,0.1092934859531914,14.91206019594512,0.02855735414767395,17.115870698292365,1.74,ba225991,ba,G,V
661428667989,2457240.967024,3.616802209604147,0.09750586089996885,15.063969506145023,0.029303408168568187,17.23977959084046,1.63,ba226504,ba,G,V
661428667989,2457242.9110171,4.213261463489858,0.04294868249814134,14.898235376788037,0.011080098148665573,18.129981778995884,1.62,ba227045,ba,G,V
661428667989,2457246.9439149,3.775566204254766,0.06604363709342974,15.017326179541486,0.019013456041951534,17.66277893790449,1.60,ba228442,ba,B,V
661428667989,2457251.9168577,3.6720503982856374,0.06746599451023795,15.04750982154151,0.019970478281767633,17.63964407707555,1.64,ba229405,ba,G,V
661428667989,2457263.8741237,4.067092982419687,0.21351065424087096,14.936571150976523,0.05706208318596907,16.388807515384748,1.79,ba231123,ba,G,V
661428667989,2457264.8809148,3.722634475002728,0.14493450754808657,15.032655417034842,0.04231882266773626,16.809426895604403,1.66,ba231533,ba,G,V
661428667989,2457270.8635187,3.785573249574563,0.05969482336865248,15.01445226938113,0.017140251501384724,17.77251471492829,1.59,ba232662,ba,G,V
661428667989,2457277.8268234,3.7786629864502372,0.059064252173495146,15.01643600566634,0.016990209058558133,17.78404461960474,1.68,ba234889,ba,G,V
661428667989,2457294.7842744,4.175958777327598,0.4035351523411429,14.90789089724431,0.10503579871755742,15.697652962371084,1.71,ba237329,ba,B,V
661428667989,2457296.7930435,4.170139084586795,0.07059161161432626,14.90940505445595,0.018399868941510515,17.590473651176747,1.69,ba237685,ba,G,V
661428667989,2457300.7679728,3.896263964936061,0.08190302485427582,14.983160474816907,0.022848818205513478,17.429106539969982,1.81,ba238356,ba,B,V
661428667989,2457302.7715014,4.366453834760226,0.051345456796392845,14.859459222391534,0.012781602929641108,17.93610133886545,1.75,ba238921,ba,G,V
661428667989,2457305.7552341,3.5970022621094144,0.06182401930377946,15.069929627164676,0.018682229280267512,17.734463303670843,1.76,ba240105,ba,G,V
661428667989,2457309.7491775,4.785502905203525,0.05731627089481018,14.759962443969325,0.013018546991819459,17.81666157712057,1.59,ba241309,ba,G,V
661428667989,2457318.7026728,3.932532881874517,0.10252011649795302,14.97310049785722,0.02833667577212676,17.185333666127665,2.00,ba244220,ba,G,V
661428667989,2457321.6976071,4.762995099074684,0.1152712024253934,14.765081067915169,0.026305881622539166,17.05805433510726,2.03,ba245436,ba,G,V
661428667989,2457325.6999078,3.8524643886640018,0.06884445884769409,14.995434822301847,0.01942417268029645,17.617683917405703,1.65,ba246979,ba,G,V
661428667989,2457442.1637039,3.142891299371695,0.29657153099753086,15.216458002799811,0.10256809067636825,16.032032745793714,1.61,ba283476,ba,G,V
661428667989,2457443.1639834,3.142097608131893,0.24577165313138305,15.216732224228588,0.08502062461025577,16.23602691697692,2.05,ba283896,ba,G,V
661428667989,2457445.1628955,4.603039577307045,0.22261053097790737,14.802169631994108,0.05256699717446438,16.343492129827876,2.00,ba284648,ba,G,V
661428667989,2457448.1576379,4.323584506212022,0.13253828752512506,14.870171524876202,0.03332035161995422,16.906503006317376,2.06,ba285767,ba,G,V
661428667989,2457450.1466561,5.458028487741663,0.09688551946694114,14.61719190925452,0.019294576326084514,17.246709213318944,1.70,ba286566,ba,G,V
661428667989,2457455.8933562,3.9930916929620444,0.07670306472431954,14.956508197093862,0.020879284236428937,17.500324601592308,1.48,be192037,be,G,V
661428667989,2457456.8925001,3.756985111131078,0.07480261877034038,15.022682719604354,0.021641606743314726,17.527564387732376,1.41,be192256,be,G,V
661428667989,2457461.8903621,3.8201872397946848,0.06230112053898222,15.00456978047281,0.017726515751919514,17.72611674895838,1.57,be193563,be,G,V
661428667989,2457468.107956,5.339881629909686,0.08913392144157693,14.64095232938325,0.018143603909951084,17.337248859418036,2.04,ba293051,ba,G,V
661428667989,2457476.8974757,4.568005042005877,0.07892228859264645,14.810464968023801,0.018779553767454982,17.469357217534892,1.55,be198565,be,G,V
661428667989,2457482.10338,3.6643258960821763,0.06990542743031275,15.049796175040493,0.020736190613280518,17.601079154901758,1.80,ba297044,ba,G,V
661428667989,2457484.0886416,3.9544943135285475,0.06116669597353513,14.967054016086628,0.016812652599908374,17.746068838795686,1.72,ba297813,ba,G,V
661428667989,2457489.0674373,3.9249153274613224,0.0695556596007632,14.975205674242453,0.019262575500149193,17.606525210143623,1.70,ba298702,ba,G,V
661428667989,2457494.0725386,3.623757529436409,0.06850858595358934,15.06188357766642,0.020549347933044835,17.622993884705192,1.66,ba300537,ba,G,V
661428667989,2457500.0213359,3.653421182504262,0.1371937355406203,15.053032048314247,0.040817529142756256,16.86902069036406,1.63,ba302114,ba,G,V
661428667989,2457505.0289297,4.8501493785190135,0.14662562637410928,14.74539361818273,0.03285995304542316,16.79683169267125,1.65,ba303848,ba,G,V
661428667989,2457514.0103181,4.146985432635622,0.04752405127556613,14.915450130030914,0.012456416428887968,18.02007275420984,1.69,ba306886,ba,G,V
661428667989,2457523.9990212,3.400357706736462,0.09803328730714612,15.130969889933166,0.03133726806886407,17.23392247895657,1.76,ba308586,ba,G,V
661428667989,2457529.7069588,4.673192207132859,0.1169458347913588,14.785747295001084,0.027200900836621734,17.042394497816844,1.72,be202896,be,G,V
661428667989,2457538.0489776,3.68037202565142,0.07132213579768348,15.045052102044282,0.02106419136688616,17.579295543703708,1.69,ba312069,ba,G,V
661428667989,2457543.0356952,3.949609126618064,0.05440333250152098,14.968396110104313,0.014972128930010199,17.873292635116535,1.61,ba313347,ba,G,V
661428667989,2457548.8133928,4.056084755487025,0.049077847391356844,14.939513851046158,0.013151965383067482,17.985142629085434,1.50,be206262,be,G,V
661428667989,2457550.8859133,4.5615438346836426,0.06710371073310706,14.812001772959553,0.015989940830921628,17.645490052034148,1.59,ba315673,ba,G,V
661428667989,2457551.7042678,3.5518367908643533,0.09080122412398145,15.083648900866216,0.027787589507861313,17.317127135075037,1.48,be206820,be,B,V
661428667989,2457557.7302833,3.8316138078361024,0.10592244208362846,15.001327080417372,0.030048197703504073,17.14988643107341,1.57,be208058,be,G,V
661428667989,2457559.7684548,4.08646826212661,0.13667730216969926,14.931411078801824,0.0363546895356902,16.87311539915425,1.50,be208959,be,G,V
661428667989,2457567.0554877,3.5299373328607926,0.1183353533957788,15.09036391600093,0.03643843275302673,17.029570113447832,1.64,ba319429,ba,B,V
661428667989,2457567.9547863,3.728980291456203,0.13704691078619313,15.030806184471484,0.039947659097195574,16.870183267604176,1.66,ba319664,ba,B,V
661428667989,2457570.992557,5.012107448146527,0.07644245271699776,14.709730472755535,0.01657778157752829,17.504019860449468,2.48,ba320446,ba,B,V
661428667989,2457574.9576062,4.1088217325898455,0.05361573342475338,14.925488156638542,0.014183621219587198,17.8891257656718,1.65,ba321111,ba,G,V
661428667989,2457577.7993609,3.9510261848390957,0.0594322309005696,14.968006634734126,0.016350246228882138,17.777301312115945,1.72,ba321985,ba,B,V
661428667989,2457584.0096552,5.7094327873743556,0.08606316534105501,14.568298992724333,0.016384625641944556,17.37531310598289,1.65,ba323621,ba,G,V
661428667989,2457586.5472854,4.408027619859464,0.5162081221838887,14.84917063687059,0.1272895347693798,15.430294309701813,2.27,be215086,be,B,V
661428667989,2457591.6754965,4.827025697326043,0.1707539275160565,14.75058237739092,0.038450612605804776,16.631429639455767,1.38,be216689,be,G,V
661428667989,2457592.9845201,3.6952100412935796,0.0990095977560878,15.040683581057817,0.029123954198304096,17.2231631533833,1.62,ba325526,ba,G,V
661428667989,2457595.6651148,3.8903092066902385,0.053346946590265995,14.984821102087968,0.014905193502727081,17.894582476588187,1.84,be217600,be,G,V
661428667989,2457600.9480422,4.807067491237655,0.05944197499589812,14.75508085534977,0.0134408020075896,17.777123316948284,1.67,ba327330,ba,G,V
661428667989,2457603.6378394,4.8900273824618505,0.08556188271140018,14.736503176943733,0.019018716901052144,17.381655563027792,1.45,be220452,be,G,V
661428667989,2457604.586797,3.5441610585325476,0.07410718261501013,15.085997780873775,0.022727885138620098,17.537705636923903,1.54,be220835,be,G,V
661428667989,2457605.7496573,5.944687227983819,0.10231241661053862,14.524458880231162,0.018707317008406044,17.18753553671293,1.70,ba328705,ba,G,V
661428667989,2457606.504056,4.1097769487568145,0.05588811364877144,14.925235774737263,0.01478132520953619,17.84405776509052,1.46,be221614,be,G,V
661428667989,2457607.6496652,3.6454217183412836,0.06169128100826506,15.05541196289961,0.018394508347003083,17.73679692271748,1.46,be222144,be,G,V
661428667989,2457608.7962864,3.9039127124547504,0.053025863685256934,14.981031157723896,0.014763856827449033,17.90113701609034,1.82,ba329770,ba,G,V
661428667989,2457609.6804422,3.9511932686939892,0.0726626176416902,14.96796072130649,0.01998917814475272,17.55907879594386,1.45,be222984,be,G,V
661428667989,2457611.8085422,5.125033174273131,0.07909134879181867,14.685539702218422,0.016774302616022446,17.46703393896094,1.61,ba330732,ba,G,V
661428667989,2457618.6116829,3.1695102268088036,0.15731220770746954,15.207301010981926,0.053948881019695014,16.72045032878635,1.48,be226144,be,G,V
661428667989,2457620.818666,3.428537706778697,0.10575562446784133,15.122009079109418,0.03352792810142902,17.151597708632746,2.04,ba333538,ba,G,V
661428667989,2457625.8738247,5.825439451579355,0.08312810273707424,14.546459672891077,0.01551069823330949,17.412986722291755,1.66,ba334249,ba,G,V
661428667989,2457626.8722306,3.604123697606651,0.06140931709962387,15.0677821844139,0.018520246061839628,17.74177072404965,1.76,ba334505,ba,G,V
661428667989,2457630.850082,5.016936933082913,0.06333021422823336,14.708684800435869,0.013720959680514459,17.708329000863415,1.62,ba335416,ba,G,V
661428667989,2457633.6966341,3.9613207825013075,0.05069218798284788,14.965181373468816,0.013909553745958035,17.95000380191899,1.68,be231401,be,B,V
661428667989,2457637.5735673,3.9904108653429677,0.06575401276368675,14.95723736870567,0.017910875700731754,17.667550739633718,1.82,be232801,be,B,V
661428667989,2457639.8258094,3.899923213287749,0.06367690817068869,14.982141264113377,0.017747536768028913,17.702401473443963,1.60,ba337157,ba,G,V
661428667989,2457647.5804548,3.756610606690695,0.12481908634659439,15.022790953543304,0.03611577939441229,16.971653895430684,1.50,be236267,be,B,V
661428667989,2457651.8174333,3.775158713368704,0.11217184310257206,15.0174433676561,0.032296898136778066,17.087646754046165,1.74,ba338962,ba,B,V
661428667989,2457652.7780805,3.8288304124010812,0.05700867142584035,15.002116077306344,0.01618404069328868,17.822504093707817,1.77,ba339326,ba,G,V
661428667989,2457656.5725852,3.943367284151136,0.0619661624913869,14.970113331950872,0.017080459311478682,17.731969889885757,1.42,be239633,be,B,V
661428667989,2457657.6126508,4.229513933131893,0.05422666365532551,14.89405525457114,0.013935886403065855,17.876824181438348,1.38,be240044,be,B,V
661428667989,2457660.7920923,4.906176899709205,0.061558118204897365,14.732923396256437,0.013638113630343694,17.739143055581806,1.57,ba341193,ba,G,V
661428667989,2457667.7687336,4.664824949668575,0.06467123182259431,14.78769302644327,0.015069122197922207,17.685578560597058,1.74,ba342358,ba,B,V
661428667989,2457673.7310728,3.861974819939182,0.10060747629544096,14.99275780988131,0.028316070817045527,17.205780756161204,1.73,ba344615,ba,G,V
661428667989,2457676.7444746,3.482993194477703,0.12840101041365165,15.10489983982106,0.040070797694435785,16.940935290432343,1.68,ba345851,ba,G,V
661428667989,2457680.7271904,3.7108311029093803,0.06218129777047942,15.036103434398008,0.01821380851551949,17.72820693904087,1.73,ba347238,ba,G,V
661428667989,2457686.5397623,3.9045558510807994,0.060609959343250204,14.980852306035661,0.016872697715990755,17.755996411956158,1.79,be247850,be,G,V
661428667989,2457689.7042165,4.788466745354151,0.09055136108127024,14.759290215253984,0.02055467808670395,17.3201189371831,1.76,ba349908,ba,B,V
661428667989,2457690.7039233,5.25815198004943,0.07517352866863068,14.657698567843633,0.015539748101336447,17.522194052073058,2.02,ba350328,ba,G,V
661428667989,2457694.5189567,4.952274910889532,0.07596457034496354,14.722769541380806,0.016673182859054513,17.51082867913694,1.48,be250039,be,G,V
661428667989,2457825.1290773,5.393683795343615,0.19763080317428938,14.63006769863281,0.039827342231720686,16.47271980461131,1.62,ba388220,ba,G,V
661428667989,2457825.9035294,4.086589268243473,0.13437631084618948,14.931378929090018,0.03574159228003145,16.891549609076765,1.48,be286555,be,G,V
661428667989,2457827.8938748,4.7677661609411786,0.12676333683145294,14.763994037216365,0.02889953723300101,16.954872236827217,1.57,be287285,be,G,V
661428667989,2457829.8999182,3.7594036247722813,0.11924500467667705,15.021984014945817,0.03447731301423596,17.021255906300006,1.52,be288049,be,G,V
661428667989,2457838.1523382,5.532733252193117,0.4061079087437226,14.602432073954134,0.07978364757850091,15.690752775588932,2.02,ba393010,ba,G,V
661428667989,2457839.1321574,3.850140997433328,0.06434736538874286,14.996089818871713,0.0181662927442532,17.691029468588923,2.28,ba393376,ba,G,V
661428667989,2457843.8424377,3.9690439713665815,0.06452525431813703,14.963066628768303,0.017670790876581407,17.68803208133668,1.56,be292309,be,G,V
661428667989,2457847.0698981,4.055341301758301,0.05664483318809435,14.939712877611004,0.015182562027499085,17.829455638197604,1.73,ba395786,ba,G,V
661428667989,2457849.1099026,5.162628045759429,0.06530306730722778,14.677604313617534,0.013749120461518577,17.675022441893628,2.00,ba396575,ba,G,V
661428667989,2457852.0535224,3.899204534039731,0.13490330197853612,14.982341362408128,0.037606138023694405,16.887299944005942,1.74,ba397653,ba,G,V
661428667989,2457852.9080205,4.811009197715462,0.06813054823246958,14.754190936541782,0.01539280859535888,17.629001684597995,2.35,be295663,be,G,V
661428667989,2457854.0537114,4.932910628939549,0.3915189990987476,14.727023286300513,0.08627039114767947,15.730474289291385,1.71,ba398312,ba,B,V
661428667989,2457859.0693743,4.2025837812557905,0.10561547895401623,14.90099045416125,0.027316393823650587,17.15303746154247,1.77,ba399487,ba,G,V
661428667989,2457869.1223553,3.7658030097993493,0.07519665514701401,15.020137408992163,0.021704665515515184,17.521860086197243,2.23,ba401346,ba,B,V
661428667989,2457870.7959775,5.266515023335206,0.08000428777807382,14.655973086023547,0.01651209233851199,17.454573235307848,1.79,be301300,be,G,V
661428667989,2457872.8510773,3.5143828076947226,0.06854178407321547,15.09515874026523,0.021199153105033182,17.622467882460818,1.46,be302188,be,G,V
661428667989,2457876.7826134,5.560057652404717,0.08695804783938493,14.597083167472178,0.01699975488129033,17.364081939891747,1.41,be303668,be,G,V
661428667989,2457878.987349,5.509977634170626,0.12338286976803751,14.60690681454542,0.02433981113345208,16.984219225423317,1.57,ba403279,ba,G,V
661428667989,2457879.9848908,3.707699661707804,0.12320088408237195,15.037020036187613,0.036117813376415356,16.985821832898175,1.70,ba403639,ba,G,V
661428667989,2457881.1144656,4.791829411639313,0.05979020580834089,14.75852803241111,0.013562535006284319,17.770781272826312,1.63,ba404097,ba,G,V
661428667989,2457882.9888067,3.437588163529999,0.13902579938049833,15.119146791280404,0.0439595996198251,16.85461789144286,1.66,ba404510,ba,G,V
661428667989,2457886.8656293,3.503556283279864,0.11345002705312453,15.0985086578697,0.0351971644883731,17.075344884221487,1.53,be306425,be,G,V
661428667989,2457892.0150245,5.235966997806022,0.08598031523329136,14.662289153171946,0.01784901708188243,17.37635881103629,2.08,ba406726,ba,G,V
661428667989,2457895.0653461,3.8925653538560114,0.05897374956876833,14.98419162239876,0.01646777789913868,17.78570954060275,1.73,ba407765,ba,G,V
661428667989,2457898.9758933,3.7871408269078213,0.057234360281811864,15.014002767268256,0.016426973281233274,17.818214311179393,1.56,ba408948,ba,G,V
661428667989,2457905.9296889,3.7184387547494024,0.06723622217688127,15.033879822635,0.01965417612402965,17.643348134651955,1.63,ba410796,ba,G,V
661428667989,2457906.9483894,4.1314542121149325,0.07954603668055966,14.919524044664943,0.02092800232298184,17.460810028335217,1.64,ba411148,ba,B,V
661428667989,2457908.0166621,4.095477223033611,0.050423926587366885,14.929020117142496,0.013382717781356775,17.955764739114677,1.62,ba411516,ba,G,V
661428667989,2457911.040632,4.266031567893855,0.07375258189924457,14.884721242444098,0.018791668231855393,17.542913322391527,1.72,ba412417,ba,G,V
661428667989,2457912.0488937,3.590180379450656,0.10895241594054349,15.071990731656086,0.03298623649765724,17.11926423154403,1.67,ba412659,ba,G,V
661428667989,2457914.770927,3.606448482622263,0.14452778485715254,15.067082072610258,0.043559590294983824,16.812478027672675,1.46,be314931,be,G,V
661428667989,2457921.0238379,4.2953845277284115,0.07965794603109776,14.877276283403013,0.020157618808725186,17.459283633687637,1.67,ba414555,ba,G,V
661428667989,2457924.6704961,4.716432669993462,0.14985473186969206,14.775747307028364,0.034535758170688845,16.773180241314446,1.52,be318453,be,B,V
661428667989,2457926.0103352,3.9214882944505374,0.06249206587626143,14.976154097043677,0.017321525263068842,17.722794188912307,1.71,ba415501,ba,B,V
661428667989,2457927.983301,5.596288461944961,0.06866245714156069,14.590031174008725,0.013336179165202392,17.620558041309195,1.65,ba416122,ba,G,V
661428667989,2457931.8514122,4.827496252128862,0.07362409214344193,14.750476541309377,0.016577161935060307,17.54480651228835,2.06,ba417256,ba,B,V
661428667989,2457932.8744229,5.569762191622588,0.07707659125000842,14.595189772539062,0.015041737986341442,17.495050144871975,2.08,ba417566,ba,G,V
661428667989,2457936.9161448,4.042014715859509,0.06947733795817651,14.94328667869585,0.01868346627002692,17.60774846870038,2.24,ba418370,ba,G,V
661428667989,2457937.8238494,5.068088800381992,0.07821140764849967,14.697670865124024,0.016774054868874212,17.479181137706664,1.52,be323076,be,G,V
661428667989,2457938.8138685,5.013811185860911,0.12223751359462243,14.709361467219932,0.026500172758307843,16.994345125085747,1.75,ba418729,ba,G,V
661428667989,2457941.9081573,3.6758866551327896,0.13115723777242666,15.046376125567289,0.0387830823812164,16.917875739512098,2.18,ba419811,ba,G,V
661428667989,2457948.0393141,4.045687208902816,0.09177651933893159,14.942300648555278,0.024657636907382933,17.30552743647776,2.12,ba421506,ba,G,V
661428667989,2457948.6411205,5.351974105325608,0.13430080940631492,14.638496395766584,0.027275756157672356,16.89215981845272,1.46,be326976,be,B,V
661428667989,2457949.903359,4.369648454378646,0.06987754406525734,14.858665157894587,0.017382142531107894,17.60151231180247,1.74,ba422093,ba,G,V
661428667989,2457952.7865238,3.839852519437481,0.06327738613116188,14.998995043614105,0.01791208573394571,17.709235066230498,2.06,be328452,be,G,V
661428667989,2457955.6889128,4.736400127102244,0.07317890097057761,14.771160444273193,0.016793826857769242,17.551391686689982,1.53,be329588,be,B,V
661428667989,2457959.5730835,4.991393894470661,0.07836718346205364,14.714226795898037,0.017065718105070463,17.477020797711237,1.44,be330876,be,G,V
661428667989,2457960.7515796,4.304084086799334,0.11383656594051701,14.875079536163314,0.028748369052762967,17.07165192843672,1.75,ba423810,ba,G,V
661428667989,2457961.9680945,3.856324906815427,0.06273517482784967,14.99434736108949,0.01768274434061826,17.71857861216475,1.67,ba424282,ba,G,V
661428667989,2457967.8438015,4.347351375006922,0.09326382437225132,14.86421954578164,0.023318502094528768,17.288073343317187,1.62,ba425421,ba,G,V
661428667989,2457973.9252881,3.9287070227291965,0.1598206070247405,14.974157296572624,0.04421761411803363,16.703274454039587,1.70,ba427234,ba,G,V
661428667989,2457975.8865206,5.505860639374025,0.11734824809205864,14.607718367947456,0.02316666765340184,17.038664867822757,1.66,ba428017,ba,G,V
661428667989,2457979.9259871,3.8810862910340735,0.08666608351969397,14.987398157430338,0.024272138682652263,17.3677334660788,1.59,ba429215,ba,G,V
661428667989,2457980.8570246,4.631171302305062,0.06012165727313714,14.795554291014172,0.014110820612114891,17.76477903480384,1.65,ba429520,ba,G,V
661428667989,2457984.90941,3.841405442508921,0.05757711296870848,14.9985560361408,0.01629190653808551,17.81173168193593,1.81,ba430985,ba,G,V
661428667989,2457989.8961346,3.575505508701519,0.07196491291163713,15.076437775803948,0.021877390829164158,17.569554383258367,1.60,ba431863,ba,G,V
661428667989,2457992.8582381,4.487091338283765,0.051487885049948834,14.829869129442447,0.012472465618897395,17.933093761603573,1.70,ba432768,ba,G,V
661428667989,2458000.8201322,3.9958395617961555,0.12454828865441941,14.955761298490874,0.03387988244540914,16.97401198236272,1.70,ba435007,ba,G,V
661428667989,2458001.863022,3.3607741509927327,0.1557656807389782,15.143683083974995,0.05037842917601449,16.7311769501223,1.97,ba435151,ba,G,V
661428667989,2458004.784069,4.963791308250343,0.09004958627022125,14.72024761889492,0.019718795371924804,17.326152089154878,1.57,ba435970,ba,G,V
661428667989,2458009.8281625,3.9553610362454994,0.05752029615392407,14.966816076909378,0.015806916350731174,17.812803610111057,1.68,ba436886,ba,G,V
661428667989,2458012.8287812,4.7797730288014,0.06112822857957175,14.761263218781389,0.01390102130719533,17.746751867038416,1.62,ba437748,ba,B,V
661428667989,2458015.8274352,3.92382653954097,0.05545440376873739,14.975506903787785,0.015361669336849836,17.852516293094258,2.35,ba438690,ba,G,V
661428667989,2458018.8132624,4.518210669608023,0.06721642970319631,14.82236521249436,0.01617041390419439,17.64366779224318,1.73,ba439501,ba,G,V
661428667989,2458020.7738332,3.9175955929363,0.054952329131690875,14.977232398380016,0.015246798991234678,17.862391132323935,1.63,ba440217,ba,G,V
661428667989,2458022.7835829,4.675279096167126,0.07078134323765867,14.785262550288511,0.016455967882794985,17.587559393403293,1.71,ba440988,ba,G,V
661428667989,2458028.7372181,5.036730939033742,0.1317335846556969,14.704409525592874,0.028428891816296473,16.913115119309122,1.68,ba442811,ba,G,V
661428667989,2458033.7689047,4.095891373400131,0.11698888331527975,14.928910328883735,0.031046191926950528,17.041994904786034,1.66,ba444010,ba,G,V
661428667989,2458035.5430523,3.6614745744825896,0.06954877844505394,15.050641347731409,0.020646462722064357,17.606632627563158,1.38,be353548,be,G,V
661428667989,2458044.7447368,3.8073554446541658,0.05781028642362322,15.008222846283264,0.016504176918914405,17.80734359089774,2.27,ba445816,ba,G,V
661428667989,2458045.7162161,4.120975829068541,0.054377391379200085,14.922281236400703,0.014342685481885565,17.87381046980682,2.38,ba445974,ba,G,V
661428667989,2458046.740527,4.670554083377713,0.07249562070682584,14.786360390960809,0.01687157162043253,17.56157696208752,2.42,ba446331,ba,G,V
661428667989,2458048.7061218,3.5004410332795604,0.07452715097372181,15.09947448917499,0.023142161809715612,17.531570095365883,1.69,ba446581,ba,G,V
661428667989,2458049.4964243,4.027224812702243,0.10475921900528727,14.94726671950335,0.028274735483090563,17.161875763579907,1.46,be358211,be,B,V
661428667989,2458050.4969852,4.770718439931691,0.10848780390519237,14.76332193961952,0.02471777101681004,17.12390409877754,1.42,be358508,be,G,V
661428667989,2458180.1467654,4.241411545382894,0.2372571010121001,14.891005368959934,0.06080243581992253,16.27430834478299,2.12,ba476157,ba,G,V
661428667989,2458183.906191,4.629746152917096,0.2882417453886597,14.795888455810998,0.06767244566751604,16.062964196418275,1.45,be393160,be,G,V
661428667989,2458186.8925114,3.9148507657990557,0.11994106736425311,14.977993376032261,0.03330158240893187,17.014936620334357,1.42,be393919,be,G,V
661428667989,2458192.896796,3.3210587251329153,0.09672884949578417,15.156590016653455,0.03165859519559007,17.248466338039815,1.43,be396172,be,G,V
661428667989,2458195.1296354,3.561111128337502,0.10478071449010022,15.080817588226111,0.03198217546798955,17.161653004836094,1.61,ba478968,ba,G,V
661428667989,2458198.9124557,3.2109434805271118,0.1990727573255423,15.193199751711933,0.0673893617834929,16.4648268140843,1.52,be398525,be,G,V
661428667989,2458199.8907283,3.7460829780018807,0.0780622202454464,15.025837921939491,0.022650389725879093,17.48125414536866,1.40,be398890,be,G,V
661428667989,2458200.8898711,3.779639412382163,0.08785343244202726,15.016155482094904,0.025265071857699807,17.352959558452365,1.43,be399269,be,G,V
661428667989,2458203.8689009,4.71407142593163,0.0933935912053278,14.77629100823324,0.021534415556549873,17.28656370523385,1.42,be400303,be,G,V
661428667989,2458207.8918232,4.466527819534923,0.12645251252338,14.834856296232704,0.03077298266820126,16.95753773643913,1.50,be401640,be,G,V
661428667989,2458208.8649281,5.2705203547598884,0.17773752437202256,14.65514766722343,0.03665538661651539,16.587908576734122,1.38,be402025,be,G,V
661428667989,2458209.8483861,4.338036793865886,0.1391481601327548,14.866548326408948,0.03486554110333225,16.853662722903238,1.53,be402433,be,G,V
661428667989,2458211.8583341,3.794312007312778,0.14358721148761897,15.011948804079719,0.04113342699915125,16.81956699007563,1.62,be403274,be,G,V
661428667989,2458213.8414783,4.3886886481234,0.13456951187678248,14.853944476327037,0.03332913776516489,16.889989700931174,1.47,be404059,be,G,V
661428667989,2458214.8821421,4.960012095410439,0.14319692248679428,14.721074565628388,0.03138073573127323,16.82252218257007,1.48,be404695,be,G,V
661428667989,2458220.8357428,5.026073198693672,0.10399509172627637,14.706709381322248,0.022490349565564415,17.169824287893853,1.42,be406637,be,G,V
661428667989,2458222.8836371,3.7410718898068906,0.1243744294920479,15.027291269916656,0.03613659433872665,16.975528639574375,1.41,be407067,be,G,V
661428667989,2458223.9546691,2.580305482572813,0.04591889213294844,15.370887809368332,0.019343383801664074,17.99766210778181,1.54,bq064382,bq,G,g
661428667989,2458224.9477677,2.5292652268762743,0.05203317058484866,15.392579689165197,0.02236135361091279,17.86193988652761,1.50,bq064752,bq,G,g
661428667989,2458228.922572,5.176767801154574,0.11182832069933064,14.674634690603416,0.02348038914786995,17.090976885564025,1.55,be409630,be,G,V
661428667989,2458229.8967937,2.5673562312611256,0.04998757729201686,15.376350289776571,0.02116353098253401,17.905485389795018,1.64,bq065829,bq,G,g
661428667989,2458230.8742447,3.87057272616028,0.09268498135917909,14.990343324393613,0.02602833019380337,17.29483297636474,1.59,be410438,be,G,V
661428667989,2458236.7755576,3.493498715576789,0.18971900144555698,15.101629934723865,0.059028590736160215,16.517079318304443,1.43,be412508,be,G,V
661428667989,2458238.8314359,4.658846177500344,0.17400516581970668,14.78908547587746,0.040597187071222,16.610951039440405,1.47,be413406,be,B,V
661428667989,2458240.9343684,5.251023602115264,0.2586997711133133,14.659171478659667,0.05355058835971763,16.18036628249893,1.46,be414159,be,G,V
661428667989,2458241.9334214,3.5977673152593592,0.19284990286424997,15.069698724451904,0.05826376229112612,16.499307832541522,1.44,be414588,be,G,V
661428667989,2458257.0569761,3.8951679976501588,0.08816086561758371,14.983465920946733,0.024601513439987524,17.34916677942972,1.55,ba489161,ba,B,V
661428667989,2458261.0325244,5.5428296682358,0.08393798709667387,14.60045257231596,0.016460354720844957,17.402460018040834,1.60,ba490443,ba,B,V
661428667989,2458262.8092781,3.1203081269231907,0.07446489053168502,15.164571916711227,0.02593977745518908,17.472761722940334,1.54,bq074131,bq,G,g
661428667989,2458263.8107124,4.035332947557032,0.2891778573314774,14.88536718893602,0.07789289311537155,15.999728022725812,1.47,bq074455,bq,B,g
661428667989,2458264.7862153,2.5557990115074043,0.10975135816522415,15.3812488776991,0.04667618775588213,17.051615853165607,1.54,bq074776,bq,G,g
661428667989,2458282.8016897,4.067695604881075,0.05175043533926689,14.876694506780003,0.013828584697280925,17.867855592562012,2.22,bi092546,bi,G,g
661428667989,2458282.9691775,4.24784800751555,0.0476641790028618,14.88935898242563,0.012196502824215584,18.016876101508693,1.55,ba495187,ba,G,V
661428667989,2458284.8719418,2.451368925721685,0.05412837560810034,15.42654393090439,0.024000953206604267,17.819078126156054,1.55,bq079634,bq,G,g
661428667989,2458286.7108359,3.412610892541393,0.04352987274634818,15.067348690668387,0.013864774087057356,18.055672117545907,1.43,bi094339,bi,G,g
661428667989,2458287.7666289,3.757362603179383,0.04516628921006469,14.962857850912652,0.013066024710549266,18.015604583721053,1.40,bi094855,bi,G,g
661428667989,2458289.9120608,4.188815638344574,0.06084946312938973,14.844837506657049,0.01578983810778405,17.691998734360258,1.48,bq080790,bq,G,g
661428667989,2458290.8012539,2.4946965046308582,0.04091197998993069,15.407521325922096,0.017825632651013053,18.12301436577051,1.46,bi096293,bi,B,g
661428667989,2458293.0209431,3.8420954042947377,0.07321069884510377,14.998361042606547,0.020711835130854134,17.55092001241539,2.01,ba497735,ba,G,V
661428667989,2458294.8324501,4.916008421919515,0.18881781943431158,14.730749858937195,0.041748659204808546,16.522248949004773,1.70,ba498119,ba,G,V
661428667989,2458295.6158873,2.524980409820641,0.09577705531879624,15.394420589848302,0.04123021885905643,17.199486910299456,1.49,bi098397,bi,G,g
661428667989,2458295.8964165,4.278554010781015,0.11781153203003454,14.821823075476136,0.02992974092496005,16.97467110237981,1.54,bq082735,bq,G,g
661428667989,2458305.040434,3.5229456210721204,0.08132338551666984,15.092516555470057,0.02509121450201352,17.43681776830071,2.10,ba500571,ba,G,V
661428667989,2458307.9374812,4.869527476396584,0.059704492121126815,14.741064352789383,0.01332699885209479,17.772338872803967,1.58,ba501062,ba,G,V
661428667989,2458308.5968652,2.6887006263864706,0.028954713351356447,15.3262095013897,0.011705473715994197,18.498342436890734,1.34,bi103225,bi,G,g
661428667989,2458309.567418,3.4908214549994394,0.04454878164869211,15.042746530962535,0.013871402296794394,18.030551033578714,1.52,bi103658,bi,G,g
661428667989,2458309.7747236,3.619381433644672,0.06204520075568101,15.0631955188673,0.018633138518393023,17.730585908378288,1.67,be420350,be,G,V
661428667989,2458311.7942945,3.15466439649912,0.06385311598053676,15.152682711351646,0.022000933261056912,17.63968537310008,1.61,bq085037,bq,B,g
661428667989,2458316.0016323,5.8883544599755755,0.08222049743241228,14.53479654140313,0.015177433103299737,17.4249061438633,1.62,ba503349,ba,G,V
661428667989,2458318.9319798,4.139096919063986,0.0662747658082393,14.917517415150822,0.017404228586725103,17.658985889268003,2.04,ba504087,ba,G,V
661428667989,2458319.8977949,3.643173521919537,0.04855414048149644,14.996365980056215,0.014486337072957595,17.937074935121856,1.52,bq086397,bq,G,g
661428667989,2458321.8675167,2.590222777824782,0.045681820949816786,15.36672282692541,0.019169838838349326,18.003282093318415,1.46,bq087061,bq,G,g
661428667989,2458322.6972045,3.236871443267528,0.09356966917806861,15.124751994403091,0.031421131154781096,17.2248028764376,1.55,bq087268,bq,G,g
661428667989,2458323.9823343,3.6518902446917436,0.16500060664191094,15.053487113002777,0.049111137921253926,16.66864254131263,1.60,ba505732,ba,G,V
661428667989,2458328.9201814,4.145505022702718,0.12862321246879282,14.915837790333393,0.033725164696301005,16.939058013081308,2.02,ba507389,ba,G,V
661428667989,2458329.7977392,3.074631213097656,0.1514635305984261,15.180583042915536,0.053546022589072206,16.70187042153287,1.48,bq089105,bq,G,g
661428667989,2458331.9541241,4.299807363497456,0.13783146814254113,14.876158906756451,0.034842680272204926,16.863985438273726,1.98,ba508195,ba,G,V
661428667989,2458333.5710236,3.1250574202358243,0.05658717566883274,15.162920618432024,0.019682134235918795,17.770845565597096,1.77,bi112935,bi,G,g
661428667989,2458333.8210914,2.889464558950342,0.09399423345938068,15.248022192413009,0.035358677353585104,17.2198875852512,1.58,bq090062,bq,G,g
661428667989,2458335.9466608,3.869097493258065,0.06520113276584812,14.99075722156142,0.01831713897313533,17.676718541245776,1.57,ba509269,ba,G,V
661428667989,2458336.7413256,4.0124758659966835,0.05591919198237236,14.891534539152394,0.015148185919499402,17.78373839308758,1.42,bq090707,bq,G,g
661428667989,2458338.9051166,5.636223063907667,0.08512760278615407,14.582310972563521,0.016417022885583964,17.387180384359173,1.55,ba510252,ba,G,V
661428667989,2458339.4727364,3.180574293242533,0.025087392446955046,15.1438017611045,0.00857357895760601,18.654001802391328,1.52,bi115245,bi,G,g
661428667989,2458341.4662506,3.8757622830950305,0.05514843346323675,14.988888574324857,0.015466363785524228,17.858523442531283,1.54,be432249,be,G,V
661428667989,2458342.4666742,4.441179885444205,0.054793007085640645,14.841035494058808,0.013410313910641913,17.86554355485228,1.47,be432677,be,G,V
661428667989,2458344.4673092,4.133288871611161,0.07747439590278207,14.919042007594703,0.020373920746919065,17.489460897262184,1.39,be433533,be,G,V
661428667989,2458344.9332631,4.916492410183336,0.05714656823179608,14.730642971871513,0.012634176940027993,17.819881005568902,1.55,ba511577,ba,G,V
661428667989,2458345.4786057,3.4538273468249745,0.05231876365712424,15.054314062651306,0.016465276244545652,17.855996929842824,1.40,bi117908,bi,G,g
661428667989,2458345.7572559,2.6162941294371413,0.05656134093334896,15.355849205480679,0.02349877932839324,17.77134136897101,1.49,bq092169,bq,B,g
661428667989,2458348.8817082,4.260953256050069,0.06311134434810402,14.88601447980609,0.01609951651957047,17.712087815496975,1.58,ba512431,ba,G,V
661428667989,2458351.598382,4.076840248442741,0.09468443138358477,14.933972169778611,0.025244516323361194,17.2716599551456,1.51,be435645,be,G,V
661428667989,2458359.580619,4.180187540823617,0.0773085253151133,14.847076206051728,0.020102209519705073,17.432072138834165,1.39,bi123472,bi,G,g
661428667989,2458360.6888007,3.9608300754456436,0.09071976396049301,14.905600094710827,0.024895902426815848,17.258385832492635,1.49,bq095650,bq,B,g
661428667989,2458361.7245102,4.494756095275715,0.08209530409825179,14.768300297209127,0.01985291844590695,17.366844821644293,1.44,bq096007,bq,G,g
661428667989,2458362.5429673,2.379058076871126,0.0956891894915079,15.459053012190335,0.043718978359081145,17.200483421372617,1.47,bi124469,bi,G,g
661428667989,2458362.7027956,3.801804670034122,0.08464304298466686,15.00980690495666,0.024199903881753988,17.393378223168046,2.10,be439515,be,G,V
661428667989,2458362.8877824,5.035088844837358,0.10244390160356433,14.704763559158742,0.022115213930051884,17.186141117842947,2.04,ba514951,ba,G,V
661428667989,2458367.8519444,4.634049237633414,0.057790254613718235,14.794879794672081,0.013555206456422001,17.8077198739373,2.06,ba515712,ba,G,V
661428667989,2458370.8458925,3.728343308436861,0.057105699734252426,15.030991665366429,0.01664852392057376,17.82065775005021,1.60,ba516418,ba,G,V
661428667989,2458372.8328639,4.099970911713707,0.05036533289560399,14.927829465721945,0.013352515966401532,17.957027121634614,1.53,ba517179,ba,G,V
661428667989,2458376.8302788,3.768111794734593,0.09689711922615381,15.019471956425548,0.027951122848259437,17.246579229759593,1.58,ba517685,ba,B,V
661428667989,2458377.5124116,4.404089150970218,0.05968277615186982,14.790425368000621,0.014730079376227015,17.713018070949357,1.58,bi130562,bi,G,g
661428667989,2458378.8212161,4.123685643460852,0.07958389400052464,14.921567527606314,0.020977407127636,17.460293430816442,1.59,ba518328,ba,G,V
661428667989,2458384.8054389,4.126806513665566,0.5585040889747575,14.9207461361381,0.1471039797768141,15.34479050102069,1.99,ba520065,ba,B,V
661428667989,2458385.8051369,4.527138582016312,0.12250764322186054,14.82022193187297,0.029413829364946107,16.991948430996437,1.57,ba520431,ba,G,V
661428667989,2458390.5369159,3.132366398600023,0.04407825803213952,15.160384230848724,0.01529551270130711,18.042079554159212,1.63,bi134931,bi,B,g
661428667989,2458390.7103221,3.0894536426497634,0.0687425556551531,15.17536141478982,0.02418556088975583,17.559576426566068,1.45,bq101120,bq,G,g
661428667989,2458392.677207,2.326617252476099,0.05954912761447289,15.483253261841018,0.027820352726921932,17.715452102646484,1.48,bq101736,bq,G,g
661428667989,2458393.5594537,2.8033616666017567,0.041406665627593764,15.280867796114597,0.016054740914661376,18.109964963213343,2.07,bi136068,bi,G,g
661428667989,2458394.6087292,2.8041509009820658,0.03235489389644176,15.280562170282796,0.012541537232749613,18.377790661567822,2.29,bi136498,bi,G,g
661428667989,2458395.6641164,2.9309111549008837,0.052173599022018985,15.232558987753098,0.019349079764754473,17.85901362115573,1.70,bq102257,bq,G,g
661428667989,2458396.762867,4.2687040000724386,0.05661047937462822,14.88404130187821,0.014414944150258832,17.830114312468183,1.60,ba523062,ba,G,V
661428667989,2458401.7506513,3.9274149844944723,0.06709362321323822,14.97451442256958,0.018568919150804813,17.645653280098916,1.58,ba523752,ba,G,V
661428667989,2458410.5087642,2.6001023626807127,0.06514488170756706,15.362589507477978,0.027233410132730024,17.6179398619147,1.43,bi141353,bi,G,g
661428667989,2458411.5541297,2.5791182606309153,0.07327209665793635,15.371387481398509,0.030880159525667153,17.490294064151094,1.41,bi141766,bi,G,g
661428667989,2458413.5176765,3.6452312626770413,0.08009275486426612,14.995752906615367,0.023882529247220653,17.39365753174288,1.47,bi142488,bi,G,g
661428667989,2458417.5386102,2.525644437515608,0.09218822852829882,15.394135096890366,0.039674862675832416,17.240951937104818,1.51,bi143893,bi,G,g
661428667989,2458418.5395192,2.912682024971952,0.08134467856123223,15.23933293314495,0.030356258634773575,17.376817743062823,1.55,bi144266,bi,B,g
661428667989,2458425.5185518,3.1762676360965365,0.04862675650956618,15.145272898613424,0.01664065380335829,17.935452355626587,1.51,bE011406,bE,G,g
661428667989,2458427.6026878,4.363472696491323,0.06606532846279485,14.800484965269082,0.016457107590295072,17.602706615064587,1.64,bq109078,bq,G,g
661428667989,2458429.5935681,2.6832186888997867,0.07784867021867171,15.328425446834249,0.03153605039833724,17.424512615155678,2.25,bq109946,bq,G,g
661428667989,2458430.5933995,2.749862227907068,0.05004432762919167,15.301788283305275,0.019781357676962846,17.904253464793452,1.71,bq110386,bq,G,g
661428667989,2458433.602543,4.5202899699145025,0.08657035863661572,14.762149884648403,0.020816853904428768,17.309217569740312,1.59,bq110985,bq,G,g
661428667989,2458438.5682633,3.4905604846502394,0.06602355795875962,15.042827702558384,0.02055966003949254,17.603393300390845,1.70,bq112103,bq,G,g
661428667989,2458442.5522202,2.721722773071873,0.10126617680700878,15.312955904478947,0.040442006952726255,17.13897957649472,1.66,bq113896,bq,G,g
661428667989,2458451.5338763,3.9748678021377706,0.14777070606286177,14.901758899082019,0.040408974756503485,16.728669740371412,2.15,bq116781,bq,G,g
661428667989,2458553.8872918,4.030456069625554,0.06038399987316216,14.88668014259012,0.01628470360103098,17.7003359175107,1.43,bE053970,bE,G,g
661428667989,2458554.8821859,2.495446996137758,0.048359350976821536,15.407194747816106,0.021064166865769007,17.941439452365948,1.36,bi190127,bi,G,g
661428667989,2458556.880924,2.5987147436424665,0.04380455626948232,15.363169096347216,0.018321998686267986,18.04884239797979,1.46,bE055108,bE,G,g
661428667989,2458557.87615,2.6058193083397527,0.04387687776023476,15.36020487790801,0.018302212391473904,18.047051321463584,1.46,bE055487,bE,G,g
661428667989,2458558.8786987,3.16495103212437,0.047002057087111936,15.14914813469476,0.016142174702683875,17.9723484473459,1.36,bi191702,bi,G,g
661428667989,2458564.8763243,2.9140346636546277,0.0769737495330512,15.23882883833664,0.0287117789301564,17.43678400554589,1.48,bE058210,bE,G,g
661428667989,2458565.8794012,4.0597180472449805,0.12894349530631574,14.87882594152751,0.03452357319596418,16.876642015009644,1.40,bE058608,bE,G,g
661428667989,2458566.8745899,2.632973110620517,0.07063587921610055,15.348949562599818,0.029160240669766493,17.53007722327965,1.45,bE059002,bE,G,g
661428667989,2458567.905192,2.386771511736049,0.088321276866358,15.455538508512534,0.04022227826424297,17.28747726380804,1.37,bi195369,bi,G,g
661428667989,2458568.883732,2.539834248599285,0.07544202272474809,15.388052184342168,0.03228643706142663,17.458607301354824,1.42,bE059803,bE,G,g
661428667989,2458573.8594798,2.3335859811411916,0.05270956590786129,15.480006104464735,0.024551487232354046,17.84791701250016,1.53,bE061505,bE,G,g
661428667989,2458575.8322904,2.854782185834439,0.04428394317301669,15.261133177166283,0.016861083510707836,18.037024899464477,1.38,bi197926,bi,G,g
661428667989,2458576.9448245,2.690538516815328,0.05051129623185671,15.325467588192122,0.020406168697298846,17.89416932740545,1.52,bq148415,bq,G,g
661428667989,2458578.0688032,3.033130074919093,0.03315013274852034,15.195338034019352,0.011879725596167604,18.35142743178972,1.98,bA023198,bA,G,g
661428667989,2458578.9075561,4.341982724204444,0.06877383149023986,14.805845394383514,0.017216596520890342,17.559082560958075,1.40,bi199120,bi,G,g
661428667989,2458579.9380377,2.757099124365052,0.05699165896035445,15.298934671480172,0.022468345386731734,17.76311236404001,1.73,bq149334,bq,G,g
661428667989,2458581.0551849,4.013596682763979,0.05575845521696029,14.891231299593153,0.015100425212240549,17.786863778525554,1.96,bA024399,bA,G,g
661428667989,2458581.8974307,2.5619245451474613,0.044134582436249375,15.378649785837705,0.01872513080222404,18.040693056394502,1.40,bi200376,bi,G,g
661428667989,2458583.0500024,2.8863413170809573,0.04679004855248925,15.24919640677447,0.017620490038944427,17.97725687182852,2.05,bA025198,bA,G,g
661428667989,2458583.9365374,3.0662882183245013,0.04422083514754514,15.18353318650744,0.01567567095393261,18.038573260603343,1.42,bq150802,bq,G,g
661428667989,2458585.5733922,3.0488881213835635,0.051257901774422084,15.189711901609202,0.0182739111460373,17.878238550171254,1.53,bm126653,bm,G,g
661428667989,2458585.9263509,2.9395851768968804,0.042407903710427186,15.229350500414656,0.015680970183688917,18.08402359861966,1.49,bq151223,bq,G,g
661428667989,2458586.8098433,2.5528543367296646,0.04081323756662743,15.382500534507098,0.017377495499082962,18.125637993563718,1.62,bE066613,bE,G,g
661428667989,2458587.8720808,2.633647445575446,0.04225093014791576,15.348671528566083,0.01743776455386077,18.088049925644437,1.45,bi202898,bi,G,g
661428667989,2458589.0450771,2.903835618885871,0.07387933752577193,15.242635552122028,0.027654329750323385,17.481333130248245,2.06,bA026290,bA,G,g
661428667989,2458590.7789629,2.279754855959988,0.10676301538476116,15.50534524867119,0.05090317300986067,17.0815885329906,1.50,bE067917,bE,G,g
661428667989,2458592.5715657,4.008937646633717,0.13568638620719287,14.892492368618697,0.03678909860894574,16.82129992176387,1.45,bm128277,bm,G,g
661428667989,2458594.7741621,3.667797958074561,0.11851378743350624,14.989052111296296,0.03512170943965499,16.968218417898,1.45,bi205761,bi,G,g
661428667989,2458595.794873,4.55086543370177,0.11245074891727584,14.754830637594914,0.02685842433505196,17.02523473103135,1.46,bE069839,bE,G,g
661428667989,2458597.0037687,3.1279501571502055,0.11269066196248095,15.1619160620217,0.039159783182356,17.022920786415384,1.98,bA029339,bA,G,g
661428667989,2458601.0622746,1.709699483535043,0.2888076322413471,15.817766171026966,0.18361199872605227,16.00111894636141,2.02,bA030927,bA,B,g
661428667989,2458601.9630849,2.824928493072514,0.09991111560674704,15.272546974598956,0.0384431106731728,17.15360609062386,1.45,bq155003,bq,B,g
661428667989,2458602.8130196,3.380723901541184,0.04478151015017139,15.077541362133074,0.014397967988118147,18.024893773840034,1.59,bi208785,bi,G,g
661428667989,2458603.8481662,2.3616378657472663,0.0528710425902743,15.467032363437763,0.02433418153907431,17.84459592504835,1.49,bi209256,bi,G,g
661428667989,2458604.7650235,2.6479132555105465,0.04541670170685154,15.342806238027508,0.01864335246383465,18.00960163319516,1.45,bi209634,bi,G,g
661428667989,2458605.7477174,2.762535400926948,0.03848976752319748,15.29679599212966,0.01514431410201096,18.189277391493274,1.63,bi210064,bi,G,g
661428667989,2458606.7588886,3.1932658633101827,0.04641581362127685,15.13947792649591,0.01579948976599638,17.985975692467676,1.47,bi210518,bi,G,g
661428667989,2458609.738184,2.7584944670402898,0.07149331959495081,15.298385329304116,0.028171211116435686,17.516976954442768,1.44,bi211832,bi,B,g
661428667989,2458612.9680259,2.856928645890276,0.03822589693649133,15.26031713812892,0.014543551178366698,18.196746400103187,2.01,bA033536,bA,G,g
661428667989,2458615.4730989,3.28436065662641,0.04182087239190048,15.10893851959967,0.013840584133013159,18.099157891323856,2.03,bm133907,bm,G,g
661428667989,2458616.4716939,3.652224130242427,0.04049015437962199,14.993672068458512,0.012050475491007987,18.13426702985147,1.54,bm134338,bm,G,g
661428667989,2458618.7188222,3.34487368735912,0.1080379333758443,15.089116316961862,0.0351082125229094,17.068699941166496,1.46,bE076000,bE,G,g
661428667989,2458619.0401379,2.6958552725486693,0.06373875615657734,15.323324188993308,0.025699175099423342,17.641631651219708,2.05,bA035660,bA,G,g
661428667989,2458620.5970096,2.4942862326346376,0.0970846091100863,15.407699898262212,0.042307393454694996,17.184764645538205,1.42,bm135998,bm,G,g
661428667989,2458620.8118387,4.405601398043276,0.23660720727474713,14.790052619059043,0.05837608167456876,16.217570687677966,1.59,bq159650,bq,G,g
661428667989,2458621.7097841,2.2497100118044004,0.120189065692123,15.519749269659028,0.058069834827736144,16.952978213606016,1.45,bi216682,bi,G,g
661428667989,2458624.6954528,3.685985917516018,0.11533992561057387,14.983681443173325,0.03401246970683105,16.997691444009185,1.48,bi217675,bi,G,g
661428667989,2458628.4340708,4.356834763875403,0.11555839806077599,14.802137898996612,0.028829864160870675,16.9956368295283,1.54,bm138538,bm,G,g
661428667989,2458630.9296051,2.72054280284975,0.038092923233190024,15.313426714435902,0.015219518434722702,18.200529857701973,2.02,bA039863,bA,G,g
661428667989,2458631.9162697,2.801555118117427,0.04285176112606404,15.281567694164234,0.016625766497602185,18.07271892317953,1.49,bq162436,bq,G,g
661428667989,2458633.9571355,3.706825497639012,0.07079744228693169,14.977560268077125,0.02076001194694604,17.52759669111383,1.67,bA041000,bA,B,g
661428667989,2458635.7974151,2.6857201540598035,0.05716657837611312,15.327413726803481,0.02313628435840515,17.759785114151356,1.47,bq163083,bq,G,g
661428667989,2458636.7897989,2.9017637271276544,0.0362109646208561,15.243410503287505,0.013564076146221998,18.255540376178516,1.38,bi220878,bi,G,g
661428667989,2458638.0137721,2.7522553045512095,0.03275680189598032,15.300843828701456,0.012936742966132064,18.364386875876864,2.01,bA042505,bA,G,g
661428667989,2458640.6783259,2.788421652336367,0.04605289441847237,15.286669506252373,0.017951909780638767,17.994498284585152,2.13,bE082943,bE,B,g
661428667989,2458641.6879367,2.864715475709626,0.04494688020949569,15.257361886772786,0.017054155985050043,18.02089173026918,1.43,bi223100,bi,G,g
661428667989,2458643.6488356,4.0157687351013625,0.05580920803844108,14.890643886816147,0.015105995054007575,17.785875962200134,1.47,bE084249,bE,G,g
661428667989,2458644.6728442,2.431181418141599,0.06515479909954322,15.435522203003929,0.029130048985808156,17.617774586428535,1.48,bE084709,bE,G,g
661428667989,2458645.6410585,2.63767819349816,0.05724347878937629,15.34701110001185,0.023589372179867302,17.758325564571837,1.48,bE085129,bE,G,g
661428667989,2458646.7403058,2.380211240141498,0.05807069114524382,15.458526867921647,0.026518787659564697,17.74274812407631,1.49,bE085647,bE,G,g
661428667989,2458647.7333141,2.659003992035739,0.05855709633143425,15.3382681489065,0.02393716517244833,17.733691778342497,1.55,bi225899,bi,G,g
661428667989,2458648.7069659,3.1755481519602347,0.07170663358460348,15.145518866067436,0.024544421717752913,17.513742276110655,1.49,bi226341,bi,G,g
661428667989,2458649.9971382,3.023426377674061,0.07954662540294866,15.198817127962048,0.02859792581772461,17.401086210566902,2.12,bA046223,bA,G,g
661428667989,2458655.7935176,2.898747717537919,0.17780814364109812,15.244539573071025,0.06667352256276214,16.52776149182803,1.51,bE089205,bE,B,g
661428667989,2458656.9041786,3.3664200124559325,0.18241338259993303,15.082144872511073,0.0588980029633447,16.49999886944223,1.41,bE089734,bE,B,g
661428667989,2458657.6066611,2.648895218765217,0.04137606377056326,15.342403673700431,0.01697839236550569,18.11076768005696,1.41,bE089951,bE,G,g
661428667989,2458658.7557124,2.7352985174596727,0.041192195210752486,15.307553797061221,0.016369008699884585,18.11560326905341,1.42,bq168197,bq,G,g
661428667989,2458661.7347287,3.4125593018677454,0.06336671709684663,15.06736510457767,0.020183346373473583,17.64798759199803,1.38,bi231027,bi,B,g
661428667989,2458662.7574157,3.909789405873365,0.0584557853631914,14.919682208543357,0.016251232620983182,17.735571862176908,1.34,bi231365,bi,G,g
661428667989,2458666.8776146,2.7119689789367385,0.03185217170272393,15.316853828499726,0.012766342842684108,18.394792991007403,1.97,bA050043,bA,G,g
661428667989,2458667.83073,2.9530098166386543,0.03635103599849386,15.224403395569745,0.01338024527649977,18.251348629711927,2.01,bA050309,bA,G,g
661428667989,2458668.7998926,3.2071166109963176,0.04220499614595268,15.134778744294994,0.014304124662485122,18.08923094907445,1.43,bi232347,bi,G,g
661428667989,2458668.9202639,2.802174399762447,0.05981644940098614,15.281327719517519,0.023202652836023498,17.710589035178845,1.73,bq169312,bq,G,g
661428667989,2458670.7035001,2.8103850676533177,0.04505834287078776,15.27815104912123,0.017426956969656883,18.01820257280546,2.22,bi233158,bi,G,g
661428667989,2458673.3135,2.470626656831473,0.05744403402244393,15.418047814956825,0.025272603306149395,17.754528284567833,1.65,bm148392,bm,G,g
661428667989,2458674.3323176,2.8291582941411946,0.05372661348974356,15.270922503950118,0.020641649159246305,17.82716694427824,1.55,bm148739,bm,G,g
661428667989,2458674.8102827,3.6559879311505883,0.07581235550888583,14.992553738765706,0.022539662548299245,17.453290635223176,1.60,bA052205,bA,G,g
661428667989,2458675.7885903,4.456355675425575,0.09055799797520316,14.777616007470478,0.02208813965132751,17.26032357964565,1.38,bq170886,bq,B,g
661428667989,2458675.828008,3.5019064164664044,0.040981939669078864,15.03930428230208,0.01272038178615108,18.121159337330834,2.00,bA052587,bA,G,g
661428667989,2458676.3622909,3.6745590800848094,0.07174114415340832,14.987052536231225,0.021221458905696648,17.51321986474518,1.59,bm149323,bm,G,g
661428667989,2458677.3568149,2.9938594043654283,0.08211059014853057,15.209487118689145,0.02981123339848735,17.36664267764283,1.45,bm149713,bm,G,g
661428667989,2458677.8627355,2.885754160021647,0.0880911095505424,15.24941729628744,0.033180652517011355,17.290310411012822,2.21,bA052936,bA,G,g
661428667989,2458678.3881833,2.4312235825055106,0.08788772781530609,15.435503373072468,0.039293029080950025,17.29282001972433,1.49,bm150172,bm,G,g
661428667989,2458683.7418331,2.3797268223144163,0.11388445863214511,15.458747858181606,0.05201750632644052,17.01147945732039,1.57,bE097871,bE,G,g
661428667989,2458684.6619633,2.6730359362341987,0.09053100222453507,15.332553628679978,0.036813296055484265,17.260647290793866,1.37,bi238587,bi,G,g
661428667989,2458685.4274957,2.842708146928543,0.10901491987672236,15.265734936901346,0.041683659384767195,17.058925761620262,1.53,bm152049,bm,G,g
661428667989,2458685.776303,2.744123506258435,0.08766565465526326,15.30405648727613,0.03472465974754661,17.29556691067203,1.42,bq173550,bq,G,g
661428667989,2458686.8246541,3.262876787749674,0.1356229314694022,15.116063936441668,0.04517983345602065,16.821807793060213,1.52,bq173931,bq,B,g
661428667989,2458688.8828197,3.9729282139150084,0.04272637091626255,14.90228882742777,0.011689541068226861,18.075900595522203,1.99,bA055779,bA,G,g
661428667989,2458689.6256389,2.6918961922590814,0.039541913946383705,15.32491985190008,0.01596656712456637,18.159996394860713,1.51,bi239903,bi,G,g
661428667989,2458689.8528165,2.476923983939306,0.10709649767274228,15.415283926227685,0.04699750067245475,17.078202440111202,1.48,bq174481,bq,B,g
661428667989,2458690.3962995,2.4389901827267293,0.04734014883285034,15.432040491727701,0.021097536135401943,17.964566564004517,1.43,bm152683,bm,G,g
661428667989,2458691.5799721,4.187571298700838,0.06195940558520622,14.845160085979687,0.016082634821003226,17.672372504811385,1.47,bi240535,bi,G,g
661428667989,2458691.9087014,2.6860811513120386,0.03661256005979744,15.327267798923845,0.014815732918241736,18.24356536865849,2.00,bA056936,bA,G,g
661428667989,2458692.7283996,3.4795914056795527,0.049894671736791574,15.046244998534263,0.015586122771718674,17.90750518720652,1.41,bi241099,bi,G,g
661428667989,2458693.615497,2.563820265474312,0.04637110785932092,15.377846682147279,0.019659481901564885,17.98702193190095,1.45,bE101037,bE,G,g
661428667989,2458693.9651537,2.917187183835189,0.029689353939645384,15.23765488004136,0.011062381279384538,18.471138743546696,2.01,bA057747,bA,G,g
661428667989,2458694.6471876,2.614590893328878,0.05522009797745244,15.356556261806826,0.022956496093064226,17.79739767925211,1.44,bi241879,bi,G,g
661428667989,2458697.2436257,2.7898336886980597,0.0398634858435397,15.28611983652973,0.015531347295871198,18.151202429694223,2.02,bm154091,bm,G,g
661428667989,2458697.7652795,2.931945093833691,0.04714107065359441,15.232176039614217,0.017476553123881956,17.96914200678242,1.46,bq176394,bq,G,g
661428667989,2458697.7875975,2.683345083041547,0.04892840035287812,15.328374303979476,0.019819681112926982,17.928738068122165,1.42,bi243168,bi,G,g
661428667989,2458698.6055959,3.566437024548839,0.049808139967933575,15.019479222939896,0.015180215492712803,17.90938980201916,1.41,bi243468,bi,G,g
661428667989,2458699.4290792,2.7855969299095285,0.037150168211565304,15.287769934471081,0.014496217018223857,18.22773865010452,1.52,bm155060,bm,G,g
661428667989,2458700.3510066,3.526220432728318,0.05097334101766175,15.031791978206906,0.01571251897349804,17.884282861197047,1.47,bm155416,bm,G,g
661428667989,2458700.5105334,2.6678117963123995,0.04504164636437649,15.334677650911958,0.018351486163041775,18.018604970227816,1.57,bi244273,bi,G,g
661428667989,2458700.9583254,3.277024945882318,0.03112628577297938,15.11136625378372,0.010324278843518706,18.419822360373352,1.98,bA059031,bA,G,g
661428667989,2458701.5446035,2.9005190077527145,0.049671298463400904,15.243876332676596,0.01861409687843268,17.912376828722135,1.45,bi244734,bi,G,g
661428667989,2458703.5395426,4.362206807549769,0.0778388030597109,14.80079999436545,0.019395548712566456,17.42465023871023,1.39,bi245600,bi,G,g
661428667989,2458705.3258734,2.917210309606709,0.052332771493201466,15.23764627298727,0.01949926170488814,17.85570627352616,1.45,bm156227,bm,G,g
661428667989,2458713.5099722,2.8556681972328475,0.049022721890797996,15.260796259901872,0.018659579332164854,17.926647059098162,1.41,bi249670,bi,G,g
661428667989,2458714.6399345,2.515543091470409,0.20192082740380055,15.398486219213556,0.08724921507634771,16.389687818540295,1.45,bi250171,bi,B,g
661428667989,2458715.8171553,2.560287902004916,0.10164733633772999,15.379343612106311,0.04315383245110314,17.13490060528551,1.42,bq180480,bq,G,g
661428667989,2458716.4139132,2.6593819290965213,0.06448000515683953,15.338113838949761,0.026354605692462653,17.62907795261698,1.46,bm159648,bm,G,g
661428667989,2458717.7461268,3.799937413853912,0.07587870599767468,14.9506245130045,0.02170479283279832,17.452340821413973,1.47,bq180937,bq,G,g
661428667989,2458718.3501425,3.2984556131959617,0.03967752486463382,15.104289011725944,0.013075132569782443,18.156279180254394,1.46,bm160304,bm,G,g
661428667989,2458718.8538719,3.7695937913789956,0.039105217885897714,14.959329238589627,0.011275928911045015,18.17205383637574,2.06,bA064240,bA,G,g
661428667989,2458719.4730154,2.9812343177453933,0.03971393075294474,15.214075342629558,0.01447967903054849,18.15528342590102,1.48,bm160823,bm,G,g
661428667989,2458719.9066139,4.035454420232805,0.04648529337869385,14.885334506305199,0.012520892950641523,17.984351670868225,2.04,bA064673,bA,G,g
661428667989,2458720.2267602,2.42717221933425,0.05189709178555019,15.437314140606711,0.02324098880427641,17.86478305771101,1.53,bm160988,bm,G,g
661428667989,2458720.7354541,3.045977106232315,0.05295587447607472,15.190749035217447,0.018897296702721195,17.84285525127625,2.18,bA064935,bA,G,g
661428667989,2458721.7357254,2.6049824449392287,0.04433041013904552,15.360553619980044,0.018497333256742965,18.03588623806074,1.59,bi253140,bi,G,g
661428667989,2458721.8282902,2.8067035859294536,0.03189315230502608,15.279574248509238,0.012351311364177244,18.39339699434617,2.19,bA065401,bA,G,g
661428667989,2458723.6837278,4.237654518030964,0.06340430769672592,14.832251754222092,0.01626317706270533,17.647343699176147,1.41,bi254002,bi,G,g
661428667989,2458724.4663048,2.6772192848074887,0.04883069868157349,15.33085576054431,0.019825363837102074,17.93090826564171,1.58,bm161907,bm,G,g
661428667989,2458724.892015,3.0566610171451325,0.024284479254460152,15.186947426633402,0.00863562330092057,18.689318623712754,2.01,bA066479,bA,G,g
661428667989,2458726.7070731,2.6310143333809477,0.05108426070761296,15.349757587119955,0.021104548777964482,17.881922829830796,1.46,bq183886,bq,G,g
661428667989,2458727.4513508,3.563726719842898,0.05175766768302885,15.020304639071247,0.015786377256378093,17.867703866904773,1.47,bm162631,bm,G,g
661428667989,2458727.882151,2.529098692042444,0.03682588638920685,15.392651179829535,0.015827036527090537,18.237257588961796,2.00,bA067544,bA,G,g
661428667989,2458728.7302112,2.995229795590151,0.04214674331790638,15.208990254026205,0.015294879073021898,18.090730555719105,1.59,bi256210,bi,G,g
661428667989,2458728.8614223,2.585656682308045,0.03441537363102617,15.368638472968241,0.014467510351351489,18.310759389342234,2.02,bA067732,bA,G,g
661428667989,2458729.7776484,3.216851448860201,0.06404735906710729,15.131488107134777,0.021641252555453492,17.63638754463342,1.43,bq185106,bq,G,g
661428667989,2458730.3398937,3.1494871385197865,0.042680067962360846,15.154466024351667,0.014729819865770502,18.077077855668485,1.42,bm163822,bm,G,g
661428667989,2458730.8929855,3.0139492273495074,0.031203435068752363,15.20222579237192,0.011253267620062258,18.417134595203283,2.01,bA068170,bA,G,g
661428667989,2458738.6820165,2.6017655232460086,0.11929949805142652,15.36189523621189,0.04984052801400026,16.96104407045481,1.58,bE117413,bE,G,g
661428667989,2458740.6787961,2.7469631659225713,0.16139534986967327,15.302933532289094,0.06386315269731394,16.632913067308436,1.57,bE118192,bE,G,g
661428667989,2458741.5447419,2.3773814698567906,0.10027214922376111,15.459818438931965,0.04584517374661454,17.14968980227217,1.45,bi259952,bi,G,g
661428667989,2458742.3967745,2.4159539274748445,0.16115913127610526,15.44234400232902,0.07250675055772529,16.634503317266912,1.54,bm166443,bm,G,g
661428667989,2458743.3323342,3.955753636347378,0.08574153792868085,14.906992532326935,0.023559941392502445,17.319662438699563,1.48,bm166800,bm,G,g
661428667989,2458745.5725246,3.035774726251619,0.04215911264348306,15.194391769750421,0.015095033910882604,18.09041195804756,1.43,bi261539,bi,G,g
661428667989,2458747.5510076,2.516401617802613,0.04650117035386479,15.39811573297632,0.020086122194108515,17.983980902774878,1.39,bi262329,bi,G,g
661428667989,2458748.8264308,3.4063617355275877,0.03472688990758585,15.069338708311406,0.011081212858598798,18.300975885849923,1.99,bA073002,bA,G,g
661428667989,2458750.6535574,2.537408059365183,0.05533586680112513,15.389089834913792,0.023704378601453142,17.795123818236327,1.42,bq186747,bq,G,g
661428667989,2458752.5344534,3.657824343421792,0.04346246039784871,14.992008507562948,0.012915274311963529,18.057354841515227,1.43,bE122643,bE,G,g
661428667989,2458753.6564207,4.006717763626991,0.05572383271066373,14.893093743625228,0.015116957807960787,17.78753816206204,1.38,bq187821,bq,G,g
661428667989,2458756.8026228,2.70110324622179,0.0402676636499999,15.321212660140679,0.01620419348308435,18.140249530554218,2.10,bA075601,bA,G,g
661428667989,2458757.8023708,2.8323735665610204,0.031636004543720904,15.269689290701278,0.012140687184253655,18.402186538330643,2.09,bA075897,bA,G,g
661428667989,2458758.2319948,2.650637685074695,0.06602398709888949,15.341689701786198,0.027074693675584634,17.60338624334218,1.48,bm170345,bm,G,g
661428667989,2458759.7988492,3.0662202885353795,0.02966049054212285,15.183557239904626,0.010514464258581347,18.472194788037694,2.24,bA076115,bA,G,g
661428667989,2458765.7532568,3.0086841092074166,0.07017674496979258,15.204124141657376,0.025352967560105237,17.537157560622376,2.01,bA077854,bA,G,g
661428667989,2458766.6025414,2.666249353674834,0.1060494305648487,15.335313714331662,0.04323343577010442,17.08886975918362,1.39,bE127280,bE,B,g
661428667989,2458767.6816257,2.4022311356900894,0.12456803517839857,15.448528643210517,0.056364284113107774,16.914124075590177,1.41,bq191870,bq,G,g
661428667989,2458769.7391819,2.6826800448381563,0.12259302699783664,15.328643425365032,0.049671704410459754,16.93147619011517,2.07,bA078758,bA,G,g
661428667989,2458770.2605844,2.7313931684178394,0.09493534429030648,15.309105075169413,0.03777947196070331,17.209070787103865,1.54,bm174093,bm,G,g
661428667989,2458770.7620512,2.777465667635809,0.1056190091600885,15.29094387399567,0.04133382175121689,17.09328538909225,2.05,bA079193,bA,G,g
661428667989,2458772.5782067,2.5082404046517772,0.11882385108757375,15.40164272349432,0.05149281529723564,16.96538155199993,1.63,bi271243,bi,B,g
661428667989,2458773.5821843,2.440265647555615,0.0638637558658901,15.431472856652874,0.02844654474840442,17.63950447125677,1.46,bi271621,bi,G,g
661428667989,2458775.5835067,2.9250291261106924,0.041042273243901015,15.234740134915217,0.015251529009140334,18.11956209290667,1.48,bE130232,bE,G,g
661428667989,2458776.3242297,2.547022909777618,0.0446034671264812,15.384983493927713,0.019034783432528547,18.02921906469689,1.60,bm176009,bm,G,g
661428667989,2458777.711743,3.150374993911555,0.028781466993529122,15.154159993289543,0.009930310935776267,18.50485829597462,2.03,bA081231,bA,G,g
661428667989,2458778.566735,2.5579730817132975,0.06388916830394793,15.380325697379991,0.02714834986064511,17.639072524910436,1.46,bE131181,bE,B,g
661428667989,2458781.5563415,2.84563726526227,0.036460229739424095,15.264616773402617,0.013926822291498712,18.248092109294692,1.46,bE131877,bE,G,g
661428667989,2458783.2787153,2.7227244307577676,0.04242900946329753,15.31255640165124,0.01693836071916657,18.08348337904694,1.61,bm176899,bm,B,g
661428667989,2458783.7090023,3.193631025579834,0.031311977980105814,15.139353775471054,0.010657072905862292,18.413364354192268,2.05,bA083636,bA,G,g
661428667989,2458785.5397116,2.5130664964357923,0.03941557027690206,15.399555671539893,0.017048100888420056,18.163471075307445,1.51,bE133267,bE,G,g
661428667989,2458786.275279,4.193465234590591,0.07047208265934715,14.84363300502412,0.018266537472462187,17.53259784549535,1.42,bm177291,bm,G,g
661428667989,2458786.5299889,2.699100011933092,0.04390669948647309,15.32201817948491,0.017681698767687274,18.04631363156471,1.46,bi275891,bi,G,g
661428667989,2458793.5562373,2.612571475031018,0.08720553171063726,15.357395170382112,0.036281733277165294,17.301280525394937,1.50,bE135278,bE,G,g
661428667989,2458799.5497423,2.887415839486674,0.13722113873911979,15.248792285901168,0.05165636678763695,16.809088063871755,1.51,bi279979,bi,B,g
661428667989,2458803.5683271,2.5149602265193023,0.05563647355169885,15.398737819319043,0.024045878394380073,17.78924162399288,1.51,bq203629,bq,G,g
661428667989,2458804.564587,3.0861893906195688,0.07697013045711476,15.176509187393128,0.027108895369080618,17.436835054821415,1.49,bq204070,bq,B,g
661428667989,2458805.564088,2.6609464093295503,0.04482962528111356,15.337475302088297,0.01831222658058161,18.023727839619262,1.45,bq204517,bq,G,g
661428667989,2458806.5614175,3.1047680315238186,0.03621615312669554,15.169992727258794,0.01267900965021345,18.25538481707791,1.47,bq204962,bq,G,g
661428667989,2458808.5535122,3.783126891906934,0.057052124001740014,14.955438351173845,0.016392042887967296,17.76196106777465,1.51,bq205461,bq,G,g
661428667989,2458810.593362,2.842437397049302,0.10005411612110955,15.265838351297432,0.03826099183664727,17.15205321204724,1.46,bq206127,bq,B,g
661428667989,2458814.5599716,4.544079579657928,0.07743728759295555,14.756450801053171,0.0185232153837605,17.430265280263995,1.48,bq207695,bq,G,g
661428667989,2458910.8981501,4.376826896233739,0.10100967374547487,14.797167195832328,0.025085096175693572,17.141733190522842,1.50,bE169490,bE,G,g
661428667989,2458915.8825136,3.474269851766697,0.05123381489870479,15.047906752964714,0.01602895906586078,17.87874887421218,1.41,bE171242,bE,G,g
661428667989,2458918.8720311,2.678506660616863,0.19638712439112677,15.330333795616855,0.07969525287399062,16.419858083939943,1.43,bE172312,bE,G,g
661428667989,2458922.6343438,2.4274502323625358,0.11225738582576618,15.437189785391228,0.05026628188292308,17.027103300330584,1.44,bm206661,bm,G,g
661428667989,2458923.8717016,2.3511404755439473,0.0960297820028283,15.471869177148527,0.04439555990588455,17.196625754009247,1.46,bE174049,bE,G,g
661428667989,2458930.1050065,3.25052336010002,0.0407629653030791,15.120182393600764,0.01363090372629851,18.126976188321972,1.97,bA115989,bA,G,g
661428667989,2458931.6050365,4.085249227648607,0.06769800673884684,14.872019230887869,0.018012313529249036,17.57620090705073,1.44,bm209420,bm,G,g
661428667989,2458938.117333,4.8261204965416855,0.06202554570463263,14.69107021980812,0.013969620415899331,17.671214126664474,2.13,bA118161,bA,G,g
661428667989,2458956.0652071,4.7343585900087195,0.06551434686986547,14.711912749302893,0.015041371548822352,17.611799571991995,2.31,bA121253,bA,G,g
661428667989,2458959.0202107,2.901044800861115,0.03332841350109919,15.243679533112067,0.012487410192178057,18.345604009267827,1.99,bA122338,bA,G,g
661428667989,2458962.0004848,2.684967675917319,0.045815533721049066,15.327717968194452,0.018547520561132767,18.000108735998165,1.65,bA123396,bA,G,g
661428667989,2458964.9194991,3.3240321798030443,0.08016647205473923,15.095902573488777,0.026214388101946602,17.392658682194014,1.49,bq244006,bq,G,g
661428667989,2458965.8965299,4.400963546422273,0.07527757778307191,14.791196194088467,0.018592168112492636,17.460976520714656,1.50,bq244340,bq,G,g
661428667989,2458967.8721716,2.764036295718277,0.046073756974842874,15.29620626817637,0.01811849240272553,17.994006543426217,1.48,bq245026,bq,G,g
661428667989,2458970.9783276,2.842962514769057,0.05694880106724798,15.265637788687744,0.021773368591283707,17.763929147970643,2.09,bA126629,bA,G,g
661428667989,2458973.8702231,3.451283650565207,0.22201066592824556,15.055113987011424,0.06992063407678306,16.286706012674713,1.54,bq245722,bq,B,g
661428667989,2458984.9593149,4.206225391103636,0.05671544610057985,14.840334270539907,0.01465618655451897,17.768387230404652,1.99,bA129435,bA,G,g
661428667989,2458987.0266716,2.5505410299073996,0.03936986690763471,15.383484836510462,0.01677813965486718,18.164730744861423,1.99,bA130194,bA,G,g
661428667989,2458989.0501925,2.9118134134256706,0.05512715176812851,15.239656766520952,0.020578522257981798,17.799226725080736,2.00,bA130851,bA,G,g
661428667989,2458989.9970353,3.1784174471239734,0.030869998610805475,15.144538282271512,0.010556934976069594,18.42879908659664,2.06,bA131138,bA,G,g
661428667989,2458993.035894,3.4438418750021507,0.03944944333357038,15.05745761607627,0.012451161019225311,18.16253841316568,1.99,bA132004,bA,G,g
661428667989,2458993.9332717,2.7213004350833225,0.040251027746181396,15.313124394536107,0.01607728296051772,18.14069817677582,1.99,bA132160,bA,G,g
661428667989,2458997.4694709,3.930895464250841,0.05904674143457845,14.913836885730403,0.016327384249581155,17.724650772573003,1.69,bm216842,bm,G,g
661428667989,2458999.5359283,2.402058862367276,0.048435064949935935,15.44860650836181,0.021917368701076197,17.939740895320163,1.52,bm217080,bm,G,g
661428667989,2459001.0010498,2.895941477591435,0.02981861405715064,15.245591169263582,0.011192055250232057,18.46642197653703,2.00,bA134386,bA,G,g
661428667989,2459002.8042122,2.6947335414958427,0.1099431614152139,15.323776052073816,0.0443470326400244,17.049720059078336,1.49,bq253167,bq,B,g
661428667989,2459003.9554664,4.411992979562952,0.3208941492957078,14.788478590502088,0.07905678680373861,15.88673611421412,1.59,bq253544,bq,B,g
661428667989,2459004.9113259,2.49998321092745,0.11568897237938332,15.405222892028185,0.05029989100383525,16.99441070289239,1.54,bq253815,bq,B,g
661428667989,2459010.883715,2.7063638946290562,0.08073624727142753,15.319100144950328,0.032426086782557186,17.38496921405208,1.98,bA137311,bA,G,g
661428667989,2459011.9474013,2.0540607636417665,0.21027623201557194,15.618532405185572,0.11127281422328854,16.345665145939382,1.50,bq255648,bq,B,g
661428667989,2459014.9179216,3.794274192142119,0.04360683727847014,14.95224384264841,0.012492174727491274,18.053754138298952,2.13,bA138712,bA,G,g
661428667989,2459015.8541764,2.5192566619495476,0.05154267335159106,15.39688458306247,0.022238561792281397,17.87222326082278,1.49,bq256566,bq,G,g
661428667989,2459017.9839423,2.650143368548858,0.0350799573902227,15.341892199246418,0.014388047424208779,18.28999296849298,2.03,bA139753,bA,G,g
661428667989,2459020.8128922,4.052201837024411,0.14835669434897994,14.880837949538146,0.039794976398484644,16.724372741664986,1.50,bq257625,bq,G,g
661428667989,2459022.4110148,2.677105031219782,0.04281386159882715,15.330902096645522,0.017383257490079837,18.07367960939741,1.51,bm224023,bm,G,g
661428667989,2459024.9942629,2.7799335968081977,0.04179962260047557,15.289979566735425,0.016343689807550472,18.0997097098318,2.05,bA141924,bA,G,g
661428667989,2459025.7552495,4.146844207960593,0.05844169028244603,14.855771322932934,0.015318534579142964,17.735833690577632,1.43,bq258721,bq,G,g
661428667989,2459028.9990104,4.807791246624908,0.059788916595037885,14.695201616230154,0.013517216011888036,17.71108890179462,2.01,bA142736,bA,G,g
661428667989,2459030.965664,2.756342272576563,0.05032812684385304,15.299232758041502,0.019846768031716106,17.898113694574956,2.00,bA143315,bA,G,g
661428667989,2459033.8783737,4.247442359072771,0.10442431252448307,14.829746887571067,0.026723067185163738,17.10563654949984,2.15,bA144243,bA,B,g
661428667989,2459037.9425553,3.079776819779255,0.09135278199716902,15.178767507532898,0.03224146033346437,17.250836167425444,2.18,bA145471,bA,G,g
661428667989,2459040.9394222,3.951371501382148,0.062229728201582395,14.908195964165971,0.017118362292966722,17.66764585109939,2.07,bA146487,bA,G,g
661428667989,2459042.8652472,2.811653544915968,0.03535431856305525,15.277661108796286,0.01366761818974543,18.281534434317017,2.01,bA147126,bA,G,g
661428667989,2459043.8638372,3.071014297297771,0.04982967791355429,15.181861026450466,0.017636744131069873,17.908920411416315,1.45,bq262400,bq,G,g
661428667989,2459045.8969582,4.171286902932282,0.06750739204991371,14.849390467689709,0.017591117983918082,17.579262284893662,2.20,bq262904,bq,G,g
661428667989,2459046.766914,2.5987994229653157,0.046063042372014286,15.363133718124597,0.019266021022998764,17.994259064294006,1.45,bq263101,bq,G,g
661428667989,2459048.9714535,2.8399246978626325,0.035754359930184575,15.266798560664903,0.013684670842142938,18.269318092031707,2.03,bA148874,bA,G,g
661428667989,2459052.5632841,3.0523296219328278,0.035782341762014766,15.188487043786216,0.012742349142715336,18.2684687129375,1.57,bm231373,bm,G,g
661428667989,2459052.9427237,4.732668097342007,0.05711619118098943,14.712300501270274,0.013117931624223308,17.760742514917172,2.01,bA150002,bA,G,g
661428667989,2459055.8326161,3.166364329470817,0.03478452595378327,15.14866341136794,0.011940908691132108,18.299175388604368,2.23,bA150824,bA,G,g
661428667989,2459057.7882977,2.678131925693309,0.04933158925222736,15.330485705538646,0.0200219011434932,17.9198278444595,1.41,bq264815,bq,G,g
661428667989,2459058.6838999,2.761891120325646,0.0577240596087691,15.297049237882982,0.022717601932697472,17.74924844521489,1.42,bq265059,bq,G,g
661428667989,2459059.9329551,2.5917938040004977,0.05959886723716598,15.366064504041674,0.024994803726944056,17.71454559788535,2.01,bA151612,bA,G,g
661428667989,2459062.4338312,2.6275899445499786,0.12260309450257847,15.35117164425831,0.05071728693108561,16.93138703165435,1.53,bm235003,bm,G,g
661428667989,2459066.8846194,2.6976354389594643,0.1444435050104743,15.322607476461013,0.058200529073177326,16.753395565678876,2.42,bA153719,bA,G,g
661428667989,2459067.8201881,3.1430008982796815,0.1701003862092069,15.156704359431366,0.05882649420865345,16.575877362267654,1.52,bq267882,bq,G,g
661428667989,2459068.7414388,4.620924814730867,0.13125919001756356,14.73824336643296,0.030875428263399708,16.85731631154827,1.46,bq268152,bq,G,g
661428667989,2459070.9580445,3.9063616192198443,0.06067492650874243,14.920634511613898,0.01688297538820571,17.69511746400712,2.16,bA154858,bA,G,g
661428667989,2459072.8376993,2.8573530910499874,0.029380104359918367,15.260155845599467,0.011176391235447369,18.482507276198675,2.00,bA155469,bA,G,g
661428667989,2459073.743945,3.388523467200936,0.044775259917718066,15.075039378055873,0.014362822406636833,18.02504532248719,1.51,bq269646,bq,G,g
661428667989,2459075.8023131,4.139961247252029,0.04342745509190265,14.857574932634193,0.011401980046554567,18.0582296617948,1.97,bA156535,bA,G,g
661428667989,2459078.761442,3.034669383201778,0.12395937509157685,15.19478716453852,0.044399713501685825,16.919442165962355,1.44,bq270804,bq,B,g
661428667989,2459079.9020516,2.8835500237536706,0.03183775201577344,15.250246897427044,0.012001266461821003,18.395284622196037,2.19,bA157742,bA,G,g
661428667989,2459082.8830833,4.790458547680355,0.05626129656405849,14.6991229059714,0.012765705540112565,17.777116270356267,2.07,bA158559,bA,G,g
661428667989,2459086.7539006,3.950316646632854,0.05589778357728011,14.908485850068178,0.015380655741072299,17.7841541417816,2.11,bA159847,bA,G,g
661428667989,2459087.7443926,3.662821516643972,0.06323067913074454,14.990526230497458,0.018763949797403572,17.650320995468725,1.47,bq273678,bq,G,g
661428667989,2459089.7939205,2.7591437056911663,0.07229322904796762,15.298129820736872,0.02847970427534688,17.5048965530194,2.13,bA160994,bA,G,g
661428667989,2459096.253492,2.8911122985979962,0.07697429101689328,15.247403219364466,0.028939625647758954,17.436776367792145,1.51,bm240919,bm,G,g
661428667989,2459096.673054,3.0404370181819456,0.0871537796548427,15.192725593404948,0.031157484474614246,17.301925045975533,1.55,bq276294,bq,G,g
661428667989,2459097.7874454,3.1674229054584258,0.12979393074077972,15.14830048970881,0.04454105552426342,16.869504648914102,1.35,bq276753,bq,G,g
661428667989,2459099.8558303,3.4705644923045362,0.051140500479404355,15.049065324386907,0.01601684701274065,17.880728176757845,2.28,bA164893,bA,G,g
661428667989,2459101.2808259,2.3582706031155065,0.05049126283135683,15.468581528890692,0.023272056799963334,17.89460002913646,1.51,bm242041,bm,G,g
661428667989,2459103.8222315,2.914442311721712,0.028974180180009097,15.238676963921478,0.010806072222476277,18.497612720158124,2.06,bA166233,bA,G,g
661428667989,2459106.8172652,4.5686209145014125,0.06577804325838359,14.75060281336007,0.015649771439778443,17.607438236186045,2.02,bA167375,bA,G,g
661428667989,2459108.833668,2.725431764678187,0.03552768155782148,15.311477339086847,0.014169147682222345,18.276223442669426,2.05,bA168042,bA,G,g
661428667989,2459123.7863141,3.773911281131628,0.10755972872620467,14.958086406403552,0.03097919900766266,17.073516365869644,2.02,bA172746,bA,G,g
661428667989,2459125.657535,2.2759008351070333,0.11714566938412194,15.50718228432795,0.05594806564785104,16.980825015630057,1.44,bq278157,bq,G,g
661428667989,2459126.6784575,2.997920583893192,0.0934869812216429,15.208015312203866,0.03389558899008803,17.22576277081874,1.47,bq278579,bq,G,g
661428667989,2459127.700767,3.258765100169715,0.14309815843766746,15.117432980843809,0.047730189744140034,16.763555499535848,1.44,bq278928,bq,G,g
661428667989,2459128.6974566,3.2117886661792627,0.11688695258307222,15.133198219224287,0.039557719582939584,16.983225521249686,1.43,bq279333,bq,G,g
661428667989,2459129.7418934,4.570589251066345,0.2520354010774576,14.750135137430526,0.05993790031479322,16.148986745472584,1.57,bq279744,bq,G,g
661428667989,2459131.7360637,2.6842368190596297,0.03708963819199989,15.32801354932068,0.01501910108507584,18.229509119384094,2.07,bA175168,bA,G,g
661428667989,2459132.6791065,2.8409549972454653,0.04551472024492645,15.266404736674964,0.01741404635178045,18.007260917203695,1.44,bq280786,bq,G,g
661428667989,2459133.6718579,2.9435395651361462,0.036303901901523675,15.227890928056807,0.013405888408574394,18.252757348904797,1.50,bq281116,bq,G,g
661428667989,2459134.6554006,3.734601397446488,0.051182429501474315,14.969454983829653,0.01489665686493867,17.879838369168326,1.53,bq281445,bq,G,g
661428667989,2459136.667665,2.4822288929363143,0.051254188530353156,15.412961056132346,0.022443971483875422,17.878317206328052,1.44,bq282133,bq,G,g
661428667989,2459139.7264366,2.9734943100364397,0.027296497643812825,15.216897842814758,0.009978195026112411,18.562373293432163,1.99,bA177798,bA,G,g
661428667989,2459142.5179437,2.518553326386466,0.044341085032106466,15.397187745306244,0.01913671275159721,18.035624821065078,1.35,bi319387,bi,G,g
661428667989,2459143.6331957,2.6561850619510965,0.05527663676087515,15.339419797401952,0.022620148606251146,17.79628658380413,1.58,bq284448,bq,G,g
661428667989,2459148.7237742,4.448886978747627,0.07166565346328706,14.77943719002592,0.01750942421975051,17.514362948397,2.04,bA180902,bA,G,g
661428667989,2459152.6313062,3.836509961279466,0.17736339864556186,14.940224796884515,0.05025043719978169,16.530480606049924,2.13,bq287748,bq,B,g
661428667989,2459153.6076576,4.354791457427237,0.26491548802993375,14.802647216493142,0.06612294072836261,16.094872237317578,1.60,bq286562,bq,B,g
661428667989,2459155.5222542,2.924195892760552,99.99,15.235049465337095,99.99,99.99,1.61,bE176595,bE,G,g
661428667989,2459156.5190979,2.9395014545349047,0.04451277122528976,15.229381423721371,0.016459745889687256,18.03142902910665,1.53,bE176919,bE,G,g
661428667989,2459159.5901913,3.451989469383331,0.057586198362328075,15.054891966809068,0.01813264334299304,17.751844589225747,1.53,bq289021,bq,G,g
661428667989,2459162.6004305,2.5339235860044464,0.06475646719522772,15.390581837307707,0.02777805326546075,17.624432742225135,1.65,bq289822,bq,B,g
661428667989,2459164.5522183,3.961895564389478,0.06826758244026679,14.90530806391697,0.018729391714353893,17.56710430280582,1.74,bq290459,bq,B,g
661428667989,2459165.5852516,3.5047171999553832,0.05053881703097357,15.03843317241278,0.015674159607941173,17.89357793116137,1.48,bq290914,bq,B,g
661428667989,2459167.5843301,2.781962561269511,0.04535294006178118,15.289187419521985,0.01772010690097176,18.011126996445817,1.42,bq291731,bq,B,g
661428667989,2459170.561956,3.8819642875236315,0.05701614354345293,14.92743678293239,0.015964615972421745,17.76264601352446,1.54,bq292988,bq,G,g
661428667989,2459174.5815211,2.5397932401988426,0.11989411282459575,15.388069714881627,0.05131114052521008,16.955645965424914,1.44,bq294732,bq,B,g
661428667989,2459177.5441381,2.937962740115527,0.08136415000088686,15.229949913102757,0.030102251560803397,17.37655788196888,1.50,bq295608,bq,B,g
661428667989,2459180.5403759,2.032686307242477,0.12596619976156737,15.629889718167764,0.06735903216432536,16.902005542820675,1.53,bq296777,bq,B,g
661428667989,2459184.5364404,3.274783919661409,0.19245050534761243,15.11210899932123,0.06387759834890332,16.441842971873307,1.50,bq297868,bq,B,g
661428667989,2459271.1570331,3.3175639740088236,0.09825290913714707,15.098017356522334,0.032191282882004235,17.17177706615162,2.09,bA214877,bA,G,g
661428667989,2459275.8989643,2.3236955393571317,0.15143220981708844,15.484617561522601,0.07083553988643046,16.702094961543462,1.52,bE211827,bE,G,g
661428667989,2459278.0122881,1.6812946790682723,0.16856909815294563,15.83595602595694,0.10897987300035197,16.58569570309426,1.49,bq326846,bq,B,g
661428667989,2459285.6177718,2.665800673826264,0.04707467335632882,15.335496438782698,0.019194279495757836,17.97067232344513,1.51,bm285565,bm,B,g
661428667989,2459295.8509543,3.0352864483880997,0.05012245038325424,15.194566414986337,0.017949187088604594,17.902559874934965,1.56,bi367192,bi,G,g
661428667989,2459296.9867283,2.8149787463806306,0.05506565874373804,15.276377821795574,0.021262674530784613,17.80043851393595,1.47,bq331734,bq,G,g
661428667989,2459298.5961381,2.964146847829233,0.053168436767925625,15.220316333846887,0.019496935227043367,17.838505882466222,1.53,bm288685,bm,G,g
661428667989,2459299.9621346,2.30997597380256,0.13755742051836967,15.49104696529996,0.06472748506553677,16.80643055314019,1.51,bq332468,bq,B,g
661428667989,2459303.5935044,2.8434616215407345,0.13491560962630367,15.265447194992847,0.05157354706558699,16.82748511119903,1.46,bm289994,bm,G,g
661428667989,2459304.8410784,2.4441107318590665,0.09279461573706191,15.429763427331011,0.04126806181197687,17.233833667218345,1.45,bE221359,bE,G,g
661428667989,2459306.8252448,2.8241231607221176,0.11459459223139645,15.272856541071064,0.04410549125984411,17.004730302518162,1.43,bi371224,bi,G,g
661428667989,2459307.8399329,2.4848052962075915,0.2314813947302558,15.411834712139518,0.10125952807945918,16.24135038537579,1.36,bi371587,bi,B,g
661428667989,2459311.1279599,2.943451292629846,0.047322940603011926,15.227923488207926,0.01747539666958773,17.964961302829806,2.07,bA221699,bA,G,g
661428667989,2459311.7937639,2.634039451109842,0.04157902023343433,15.348509934071082,0.017157900649973995,18.105454982901747,1.51,bE223933,bE,G,g
661428667989,2459313.5699456,2.264960647333726,0.051476493554967064,15.512413970421452,0.0247036125999365,17.873618220872643,1.46,bm293732,bm,G,g
661428667989,2459315.043626,2.8833210863681598,0.03858827937934299,15.250333102096253,0.014547038181897731,18.1865020760474,1.96,bA223216,bA,G,g
661428667989,2459317.7921707,2.6267121850179165,0.05379859513312122,15.35153440044872,0.022262330137989707,17.82571327422321,1.48,bi375625,bi,G,g
661428667989,2459318.8438144,2.6245890580267814,0.04021880180455755,15.352412337501079,0.016656355700447812,18.14156779147786,1.37,bi376089,bi,G,g
661428667989,2459320.7914829,3.7111680982848876,0.06206174497517488,14.976289056604191,0.018177139020583,17.67058065550859,1.43,bi376876,bi,G,g
661428667989,2459322.5725431,2.622626709461922,0.054613737221444955,15.353224422643736,0.022634848350787978,17.809385870564913,1.51,bm297106,bm,G,g
661428667989,2459325.6281936,4.526311325883088,0.07840196977273153,14.760704567246101,0.018827589669837455,17.416823176329256,1.49,bm297952,bm,B,g
661428667989,2459326.7900742,3.5975977914321917,0.061522490815907105,15.01003410241653,0.01858803471173034,17.680055836164467,1.46,bi379139,bi,G,g
661428667989,2459327.7821471,3.9489597593595738,0.07724688567986775,14.908858851740014,0.021262309896869204,17.43293816334604,1.41,bi379504,bi,G,g
661428667989,2459332.7531064,3.724518038943904,0.22852540211824188,14.972390417201895,0.06669243473067295,16.255304406919652,1.33,bi381539,bi,G,g
661428667989,2459333.7680763,4.02597844050498,0.13100818710446796,14.887887010105057,0.035370334312212655,16.859394519188456,1.42,bE232385,bE,G,g
661428667989,2459338.7463943,3.7635150977896936,0.07819416926287945,14.961081465787483,0.022583584769508936,17.41970468631707,1.48,bE233631,bE,G,g
661428667989,2459339.8353487,3.6838760822028265,0.060534658094423106,14.984303089724717,0.01786122549693269,17.69763037689752,1.55,bE233886,bE,G,g
661428667989,2459340.824486,3.282211385311072,0.04919401350989354,15.109649253221214,0.0162913802731916,17.922859971282193,1.46,bE234265,bE,G,g
661428667989,2459345.0781268,2.6227461385215554,0.03700425462950562,15.35317498156196,0.015335840290021257,18.232011459660647,1.98,bA231567,bA,G,g
661428667989,2459347.958547,4.463575569715163,0.058647982265989815,14.775858392502116,0.014281780562511339,17.73200792350259,1.63,bA232617,bA,G,g
661428667989,2459350.8837152,2.805265439291306,0.05189660113640084,15.28013071911695,0.020108381998801494,17.864793322603415,1.37,bi387036,bi,B,g
661428667989,2459353.9378194,4.664645650996007,0.07612283738972656,14.728018976707304,0.01773815649563505,17.44885319210338,1.98,bA234522,bA,G,g
661428667989,2459356.7711876,3.317966273787475,0.0616107430679588,15.097885704214509,0.020183508047074635,17.678499494653916,1.41,bi388423,bi,G,g
661428667989,2459360.4954163,4.909205304411032,0.22742493966479246,14.67253763527538,0.050354590212932974,16.260545391027932,1.56,bm306136,bm,B,g
661428667989,2459362.5974319,3.194865450808229,0.11570240548220753,15.138934189991382,0.039364250594019684,16.994284641098478,2.29,bm306697,bm,G,g
661428667989,2459366.7029139,2.4408692569584365,0.06286306367062312,15.431204328698481,0.027993886537958687,17.6566517544176,1.42,bE242548,bE,G,g
661428667989,2459367.9227911,2.3572487074680026,0.12740521278508493,15.469052106592224,0.058748118729083865,16.88967261763138,1.49,bq347961,bq,B,g
661428667989,2459368.9915981,2.856987108101524,0.03181422515471862,15.260294920601714,0.01210389764025833,18.396087235630223,2.19,bA240011,bA,G,g
661428667989,2459369.478114,2.742053563594276,0.08885449056594154,15.304875787043628,0.03522213033645489,17.28094215830533,2.09,bm307738,bm,B,g
661428667989,2459370.5509731,2.704854472454488,0.03252666242171089,15.319705862271096,0.013070968589893569,18.372041855496843,1.50,bm308201,bm,G,g
661428667989,2459371.5430327,2.7730614293542937,0.03466286351344969,15.29266689664798,0.013586798027359445,18.30297951867681,1.73,bm308625,bm,G,g
661428667989,2459373.916495,2.568528990242452,0.049059391100369915,15.375854442672246,0.020761075818756542,17.92583522727536,1.46,bq349285,bq,G,g
661428667989,2459375.9204804,2.6224363757255134,0.04919596904914932,15.353303221401859,0.020390915827826473,17.92281681242161,1.46,bE246416,bE,G,g
661428667989,2459375.9835242,2.7772972521058454,0.0353493907798736,15.29100971113076,0.013834763570429783,18.281685777794404,2.07,bA242126,bA,G,g
661428667989,2459375.984777,2.72931371887873,0.03734321301877235,15.30993197681651,0.014872034919504881,18.222111406393783,2.08,bA242127,bA,G,g
661428667989,2459377.9416844,3.8785774929327377,0.04371571422730802,14.928384439898327,0.01225116186757612,18.051046665728904,1.98,bA242805,bA,G,g
661428667989,2459381.9067396,3.0066519532383826,0.03138625685652821,15.204857728399773,0.011346673014958704,18.41079180001045,2.07,bA244152,bA,G,g
661428667989,2459383.7521352,2.469723382933252,0.052553066760444266,15.418444838316363,0.023129269879938064,17.851145450004587,1.47,bi399057,bi,G,g
661428667989,2459386.8506693,2.5511902696182402,0.05403705308661247,15.383208497745425,0.02302295049002608,17.820911469630857,1.43,bi400348,bi,G,g
661428667989,2459387.8431696,2.3851950315302686,0.07838056170524507,15.456255882233517,0.03571878257202017,17.41711968275595,1.45,bE250693,bE,G,g
661428667989,2459389.8018471,3.4751399745611904,0.12520370098799788,15.047634866905577,0.039161294316487114,16.908597694709254,1.62,bE251201,bE,G,g
661428667989,2459395.8155143,4.520890875957216,0.05760816087228968,14.762005561587442,0.013850713915379375,17.751430584709208,1.98,bA248693,bA,G,g
661428667989,2459397.8376336,2.5167305757565357,0.052161446935866405,15.397973808803782,0.022528126560883953,17.859266536364377,1.39,bi404410,bi,G,g
661428667989,2459399.8281124,2.4577793565744726,0.07336321142824465,15.423708391857406,0.032444987750567825,17.488944776330378,1.47,bE254994,bE,B,g
661428667989,2459401.8802862,4.136890630195943,0.06027887170759754,14.858380524013876,0.01583810610012335,17.702227824820365,1.50,bq355193,bq,G,g
661428667989,2459403.9155464,2.805030996324722,0.029885939510100847,15.280221460567011,0.011580876254618294,18.463973328707493,1.99,bA251407,bA,G,g
661428667989,2459405.7624802,2.9418588482327834,0.03206450764361969,15.228511044186037,0.011847178093035683,18.387579172359075,1.47,bi407567,bi,G,g
661428667989,2459408.5674482,2.551136180731652,0.05227610045674593,15.383231517151579,0.022273153723316227,17.85688265179912,1.52,bE258228,bE,G,g
661428667989,2459408.5930614,2.729539767694487,0.04788754558633534,15.30984205706173,0.01906976428817987,17.95208416540212,1.43,bi408726,bi,G,g
661428667989,2459409.7531008,2.782093982558059,0.03780361342192786,15.289136130017662,0.014769768531143392,18.20880732784104,1.48,bi409275,bi,G,g
661428667989,2459410.8308763,2.6040592605179995,0.05565314220815286,15.360938464186319,0.02323009571847986,17.78891638674934,1.50,bq356656,bq,G,g
661428667989,2459411.7802347,2.9254561805299963,0.03451279522118682,15.234581628938031,0.012823267734716101,18.307690274936416,1.45,bq356931,bq,G,g
661428667989,2459412.8469278,2.9346437343093745,0.04390976028033934,15.231177158676562,0.016263643776149462,18.046237946101506,1.53,bE260089,bE,G,g
661428667989,2459412.9097147,2.8652926757518777,0.05121113246035262,15.25714314817109,0.0194270815280048,17.879229662100084,1.41,bq357281,bq,G,g
661428667989,2459416.5463081,3.97383820448293,0.14520851002178634,14.902040170387188,0.03971861179505164,16.747660438520946,2.12,bE261518,bE,G,g
661428667989,2459416.8960014,2.6489722787158265,0.07802087676829368,15.342372088622716,0.03201441612526572,17.42211354535265,1.63,bq357945,bq,G,g
661428667989,2459420.5100927,2.671215806863895,0.1857326661945843,15.33329318232606,0.07557732037278514,16.480419878743046,2.02,bm317788,bm,G,g
661428667989,2459422.826678,2.6816407376339813,0.10955037817271684,15.329064136026947,0.04440434408036483,17.05360590868484,1.53,bq359132,bq,G,g
661428667989,2459423.6652321,3.362769448319479,0.06751321725158131,15.083322889585096,0.02182246892717257,17.57916860093849,2.21,bi415167,bi,G,g
661428667989,2459424.618059,2.4919348756439135,0.049557411839589026,15.408723901630271,0.021616436499221982,17.914869068813253,1.42,bi415553,bi,G,g
661428667989,2459425.7262637,3.338071896317699,0.05224553757038946,15.091326406285017,0.017012404033761638,17.857517606126493,1.43,bi416061,bi,G,g
661428667989,2459426.4903842,2.966038470611888,0.0495241980108812,15.21962367306135,0.018149006004201367,17.915596983059537,1.99,bm319269,bm,G,g
661428667989,2459429.7806502,2.8700463382200825,0.0629860863864461,15.255343350594616,0.0238543665532002,17.654529050226714,1.63,bi417787,bi,G,g
661428667989,2459430.7387161,3.3479130770173158,0.04795224655025382,15.088130187944069,0.015568506684850086,17.950618215025667,1.55,bE267371,bE,G,g
661428667989,2459433.3551586,3.5992766409774273,0.05294464346673769,15.009527552584714,0.01598891423130387,17.843085541245287,2.19,bm320647,bm,G,g
661428667989,2459437.2294784,4.069008646921452,0.06136416006016329,14.876344090382931,0.016392241886461132,17.682853626286278,1.47,bm321527,bm,G,g
661428667989,2459439.9412293,4.260038509866992,0.04732268236156,14.826531809650351,0.012074467895055004,17.96496722771223,2.27,bA263278,bA,G,g
661428667989,2459443.5302869,2.3867713309362397,0.06225048978822226,15.455538590757904,0.02834941704709578,17.667283679392813,1.57,bE271727,bE,G,g
661428667989,2459444.4726056,3.0686445465485876,0.14821330851726686,15.182699159114787,0.05249921255382069,16.725422606448113,1.43,bi422936,bi,G,g
661428667989,2459451.8848895,4.661404087738186,0.08559691111285628,14.728773740584693,0.01995967717529266,17.3214953793885,2.02,bA266961,bA,G,g
661428667989,2459452.6969336,2.8164500200842464,0.07518850810018872,15.275810500346715,0.029017606794560103,17.46226194247838,1.49,bi424840,bi,G,g
661428667989,2459454.8177581,2.8174853027126523,0.031308236322265606,15.275411474166942,0.012078391898574254,18.413494103137815,2.01,bA267974,bA,G,g
661428667989,2459455.7330776,3.8503446203887344,0.07020683381083741,14.936316616669998,0.019819466412759824,17.536692142304,1.46,bE274815,bE,G,g
661428667989,2459457.6102459,2.6165301274310173,0.06120851006373482,15.355751273062621,0.025427182550744692,17.685611091340427,1.51,bi426798,bi,G,g
661428667989,2459459.2758964,2.607618240131149,0.059698877197791496,15.359455596676511,0.024884809790017157,17.712725203693676,1.57,bm325152,bm,B,g
661428667989,2459459.5807251,3.6236471269386143,0.052402971473212726,15.002200874304618,0.015718901318473522,17.854250826338284,1.61,bi427415,bi,G,g
661428667989,2459460.2912318,2.761830085233192,0.04032709250144953,15.297073231856311,0.015871286373334837,18.13864833289815,1.50,bm325542,bm,G,g
661428667989,2459460.6671932,3.431675770544371,0.04945294128215756,15.061300001347593,0.01566383325231699,17.91716029402461,1.43,bE276427,bE,G,g
661428667989,2459461.675573,4.0592653832049255,0.05813754462862709,14.878947009329062,0.015567591011281207,17.74149889668984,1.50,bE276796,bE,G,g
661428667989,2459463.6279885,2.6926400327035243,0.051347094865617136,15.324619876387802,0.020727634945136988,17.876350919044334,1.57,bi429051,bi,G,g
661428667989,2459465.6179964,2.991132168254881,0.03722788703950559,15.210476613545794,0.013528353924850746,18.225469642782073,2.06,bE278128,bE,G,g
661428667989,2459466.5829281,4.137304006723273,0.06096871086333517,14.858272037839214,0.01601775885630782,17.689873080704626,1.42,bi430069,bi,G,g
661428667989,2459467.6133039,2.645352344859926,0.048713391369752536,15.343856808256698,0.020015987113499965,17.9335196971874,1.61,bi430492,bi,G,g
661428667989,2459472.4854067,2.326908021669607,0.07299667291588427,15.483117580342611,0.03409855866767238,17.494382946319153,1.66,bE280379,bE,G,g
661428667989,2459475.381657,3.1212265617639137,0.12422657869729917,15.164252386975283,0.043261483015208976,16.917104300048205,1.62,bm328323,bm,G,g
661428667989,2459478.5833982,3.7007194589244,0.100064157036176,14.979350213015836,0.029390335930627995,17.151944258628305,1.46,bi434311,bi,G,g
661428667989,2459479.5650152,2.3583083798333044,0.11356139240730756,15.468564136814631,0.05234103272941113,17.01456383921731,2.02,bi434679,bi,G,g
661428667989,2459480.7187775,3.84162264056643,0.3869747443394954,14.938778866705016,0.10949142106423236,15.683434056465375,1.50,bq371705,bq,B,g
661428667989,2459481.8035487,4.19611031951848,0.07939861357171452,14.842948378120767,0.02056734315048316,17.403108313920125,2.07,bA276224,bA,G,g
661428667989,2459485.252701,2.9767602417260237,0.04613703227743539,15.2157059809867,0.016846821394849436,17.99251647272556,1.52,bm331341,bm,G,g
661428667989,2459486.7002431,3.8086945701289654,0.058645609062044406,14.948125255362147,0.016736765331958385,17.732051858954065,1.53,bq373120,bq,G,g
661428667989,2459487.7011841,2.5174089580894594,0.06261288337682566,15.397681189078394,0.027034734151015018,17.660981351747363,1.38,bq373508,bq,G,g
661428667989,2459490.7594721,2.9938751557957466,0.035037484927325994,15.209481406379089,0.012720711708157719,18.291308301590938,1.99,bA279320,bA,G,g
661428667989,2459493.7423704,3.097050642999359,0.022202769497068647,15.172694854777134,0.007792396020407727,18.78662273587006,2.11,bA280513,bA,G,g
661428667989,2459494.5599476,2.9122168460685853,0.05811558990493702,15.239506347856288,0.0216910768671518,17.74190898522216,1.38,bi439968,bi,G,g
661428667989,2459494.593279,2.576323146541007,0.04082989795245502,15.372564783833552,0.01722622564679029,18.12519487524852,1.42,bE287644,bE,G,g
661428667989,2459495.6848277,3.1167246293457005,0.05788572300304337,15.16581953994481,0.020187623744915683,17.746211956250228,1.54,bq375445,bq,B,g
661428667989,2459497.6237216,3.9328014963634876,0.05271516945867738,14.913310556162255,0.014569537082071165,17.847801594083773,1.51,bq376211,bq,G,g
661428667989,2459502.2358625,2.6810430784005206,0.15079722093575365,15.329306141818382,0.06113666135273022,16.706657266616222,1.47,bm335031,bm,G,g
661428667989,2459503.577957,3.776124630162814,0.10709942958814032,14.957449823141166,0.030828543776202266,17.07817271698119,1.46,bE290343,bE,G,g
661428667989,2459504.5307999,2.469918780362713,0.10939896348308092,15.418358941380276,0.04814405954351799,17.05510759337075,1.47,bi443139,bi,G,g
661428667989,2459506.7274912,2.8837008530900072,0.10259959099798871,15.250190107502439,0.03867297623591275,17.124776537662306,2.08,bA283960,bA,G,g
661428667989,2459507.5567839,2.7450111708950984,0.10765930542495873,15.303705331875946,0.04263042183518889,17.0725116774588,1.52,bE291681,bE,G,g
661428667989,2459509.7336558,3.4320664132438785,0.07754801949570674,15.061176414268974,0.02455993427561392,17.428713834406913,2.11,bA285221,bA,G,g
661428667989,2459510.5494791,2.508135066203144,0.06157608723642855,15.401688322061698,0.02668537691876944,17.679110389372095,1.40,bi445260,bi,G,g
661428667989,2459513.7244112,2.88352911044233,0.03269381157808068,15.250254771894781,0.01232404819032806,18.36647672305103,2.03,bA286888,bA,G,g
661428667989,2459515.5748648,4.10595381616874,0.053087360687545715,14.866530472004536,0.014053653670924274,17.840162775642874,2.08,bq382663,bq,G,g
661428667989,2459516.5302276,2.5183875891003913,0.0517558794722686,15.397259196202754,0.022338257611419703,17.86774137938923,1.46,bi447273,bi,G,g
661428667989,2459517.60893,2.6360257316907987,0.05415668622163898,15.347691508959869,0.022331331055191337,17.81851040502668,1.55,bq383348,bq,G,g
661428667989,2459518.6147073,2.5531923045248894,0.05257188050423105,15.382356805357078,0.022381137634204837,17.850756831250887,1.48,bq383759,bq,G,g
661428667989,2459520.6074255,3.023634631630668,0.04161578804308492,15.1987423449029,0.014960323495285921,18.10449530415416,1.48,bq384577,bq,G,g
661428667989,2459522.5079898,2.60948549014186,0.06506447697941083,15.358678406445556,0.027101993037896305,17.619280753788665,1.45,bE296186,bE,G,g
661428667989,2459523.6071473,2.7144509462445376,0.049580592303856634,15.315860627829608,0.019853719674295753,17.914361334771712,1.45,bq385290,bq,G,g
661428667989,2459525.6023506,2.7438713315274383,0.042892937945039775,15.304156266974783,0.016991598002505163,18.071676125966878,1.48,bq386131,bq,G,g
661428667989,2459530.5092948,2.205295654788426,0.11757953595023451,15.541398567890878,0.05795315614333322,16.97681125686332,1.42,bi451606,bi,G,g
661428667989,2459532.5769123,3.2419479527204214,0.09735468171037907,15.123050526620796,0.03264096393593753,17.181748508343038,1.51,bq388863,bq,G,g
661428667989,2459535.5726321,2.806667121332726,0.10018874431798287,15.279588354448405,0.03880075703084267,17.15059327755339,1.49,bq390124,bq,G,g
661428667989,2459537.573546,3.5749630741503102,0.1668216044567998,15.016886721467861,0.050721595487920317,16.597009876851146,1.54,bq390818,bq,G,g
661428667989,2459539.5599713,3.434866602327183,0.29499519209117747,15.060290934003032,0.09335062610814315,15.97810326696531,1.57,bq391595,bq,B,g
661428667989,2459541.5509904,2.877133823069122,0.08661196214974053,15.25266546593248,0.03272125765038542,17.30869591786374,1.61,bq392198,bq,B,g
661428667989,2459549.532618,2.546863597670047,0.20917500410821777,15.385051407071382,0.08927220723883161,16.35136614597384,1.90,bq394182,bq,B,g
661428667989,2459635.1605613,2.732456894512743,0.10211265302797533,15.308682323470713,0.04061985913985847,17.129941711666707,2.08,bA319357,bA,G,g
661428667989,2459639.1540063,4.590334952171858,0.0686205853493364,14.74545468045842,0.016248834463752512,17.56150456552337,2.02,bA320935,bA,G,g
661428667989,2459641.1581891,2.5672330210408765,0.07377485283016226,15.376402396689263,0.031235987059552783,17.482869731891967,2.19,bA321786,bA,G,g
661428667989,2459642.8927189,3.21596108599571,0.05973075906392309,15.131788659715248,0.020188284738793163,17.712145526852314,1.64,bi485597,bi,G,g
661428667989,2459644.8910806,2.624060568199168,0.06948201085291236,15.352630984422662,0.028781319210155445,17.54795966466405,1.36,bi486260,bi,G,g
661428667989,2459647.8772502,3.6810372246126994,0.051187195897797064,14.985140099066172,0.015114831232521143,17.879737264000898,1.51,bE331301,bE,G,g
661428667989,2459650.1449487,3.3490161683577613,0.04856197607361031,15.087772511709954,0.01576127254937503,17.93689973482835,2.05,bA324699,bA,G,g
661428667989,2459651.8699052,2.6899267587382214,0.053755948224127825,15.325714484273302,0.021721921726930223,17.826574294020173,1.37,bi488800,bi,G,g
661428667989,2459653.9948859,3.187422367305704,0.060782029243899645,15.141466582490011,0.020727539521861793,17.693202623533644,1.42,bq425741,bq,G,g
661428667989,2459656.6332073,2.884130588989866,0.16089991317458813,15.250028320588065,0.06063914395555579,16.636251087083476,1.62,bm362523,bm,G,g
661428667989,2459659.6151039,2.9675259450204523,0.14294613648175308,15.21907931060407,0.052358846454898474,16.764709556861416,1.50,bm363129,bm,G,g
661428667989,2459661.8543893,2.6612874635596055,0.08647729562502575,15.337336151898844,0.035320145511924035,17.3103853624062,1.39,bi492532,bi,G,g
661428667989,2459666.5860097,2.829517315565614,0.06847025034450636,15.270784732292512,0.026302784841659436,17.563885822041197,1.63,bm363796,bm,G,g
661428667989,2459671.0833087,2.7160123775634655,0.04413151488604758,15.315236260272059,0.017661568229909892,18.040768522522864,2.02,bA332031,bA,G,g
661428667989,2459672.830491,3.2703106922539193,0.04317463352710869,15.113593086562926,0.01434999726391255,18.06456896169926,1.49,bi496736,bi,G,g
661428667989,2459674.9497965,2.445421974000272,0.055233735487131584,15.429181096386245,0.024550637741077665,17.79712957197847,1.45,bq431891,bq,G,g
661428667989,2459676.9220252,2.654383556321441,0.043487445417198706,15.340156426603386,0.017807886994110962,18.056730869802383,1.47,bq432412,bq,G,g
661428667989,2459680.0630318,3.493598286667927,0.03993781114750872,15.041883207466139,0.012425774439045174,18.149179963899158,2.01,bA334572,bA,G,g
661428667989,2459681.5943918,4.370562458037989,0.08241382903495227,14.798722294899925,0.02049627474978335,17.362640380450333,1.40,bm365934,bm,G,g
661428667989,2459682.5497488,3.343285986221108,0.049721866890452326,15.089631802453951,0.016165385705070756,17.9112720449755,1.42,bm366268,bm,G,g
661428667989,2459687.5457332,1.8230765490887388,0.5830767045353275,15.238326385071275,99.999,15.238326385071275,1.99,bm367229,bm,B,g
661428667989,2459694.9979764,2.964917111475462,0.034092593720750596,15.22003423092529,0.012498550783880513,18.320990503811473,2.10,bA338908,bA,G,g
661428667989,2459695.8123419,3.3689202780343983,0.06762575344480902,15.081338787334179,0.021818935349590687,17.57736031947909,1.42,bE348382,bE,G,g
661428667989,2459695.8319489,3.1581960692869413,0.039051222755230396,15.151467900591957,0.013440261568455725,18.173554019267694,1.66,bi505573,bi,G,g
661428667989,2459699.0075192,4.659714545676534,0.06216531088879233,14.729167340768969,0.014501100750733416,17.66877033669741,1.62,bA340437,bA,G,g
661428667989,2459700.9019042,2.6732108000447248,0.07852114712461078,15.332482604659045,0.031927550554601045,17.415174022359356,1.55,bq439088,bq,B,g
661428667989,2459703.9367486,3.915554908192669,0.06321410656172938,14.918082326036433,0.01754821142960284,17.650605600930152,1.51,bq439941,bq,G,g
661428667989,2459706.9206002,2.7403300681468523,0.05262408890005114,15.305558432255399,0.02087343320258202,17.849679136915086,1.45,bq440926,bq,G,g
661428667989,2459708.9111282,3.2667324019187016,0.033157642037743636,15.114781721760872,0.011032711230723555,18.351181514708564,1.41,bq441556,bq,G,g
661428667989,2459708.9124263,3.4966527917795993,0.05829737949182266,15.040934346842615,0.01812210723006547,17.7385180280532,1.48,bq441557,bq,G,g
661428667989,2459708.9137397,3.256933757243917,0.06887387112418904,15.118043308427612,0.022985700347558848,17.55750437738435,1.46,bq441558,bq,G,g
661428667989,2459711.4741945,3.855060453183186,0.12110802943355675,14.934987640194159,0.0341471071663954,16.944708267145955,1.53,bm373339,bm,G,g
661428667989,2459711.9605125,2.6091656361867264,0.0963593036343643,15.358811497166261,0.040142477757252555,17.19290647945388,2.06,bA343162,bA,G,g
661428667989,2459713.504717,2.616990008202971,0.143976339189087,15.355560461069038,0.05980000701843168,16.75691279446657,2.05,bm374090,bm,G,g
661428667989,2459713.5059726,2.809494042502122,0.16378271477549075,15.278495333492883,0.06336539151896957,16.616970447761183,2.03,bm374091,bm,G,g
661428667989,2459715.4609272,2.476245773776406,0.26290105022599436,15.41558125394667,0.11540131199473347,16.10315980891455,1.70,bm374831,bm,G,g
661428667989,2459717.8716126,3.891329457582624,0.23348958245516238,14.924820618035008,0.06522013290682582,16.23197184012011,1.38,bq443980,bq,G,g
661428667989,2459720.8637511,3.443120310569131,0.08302134568281132,15.057685126729227,0.02620895728112801,17.354666190128306,1.43,bq444817,bq,G,g
661428667989,2459722.94267,4.528778996752933,0.05625922166544288,14.760112802928866,0.013502828895175746,17.77715631269848,2.05,bA346486,bA,G,g
661428667989,2459723.7434354,2.715399249395389,0.05176177296029001,15.315481388242018,0.020719898449001517,17.867617752680665,1.37,bi515910,bi,G,g
661428667989,2459726.5105566,2.696184104745264,0.04952051041699432,15.323191762281782,0.0199640082674132,17.91567783047192,1.45,bm377442,bm,G,g
661428667989,2459726.5117985,2.351581933374635,0.08263604820025253,15.471665334901683,0.038196326586467245,17.359716760718094,1.51,bm377443,bm,G,g
661428667989,2459727.5369711,2.7999236312175824,0.05398769122502942,15.282200157313381,0.020958526302792557,17.821903723106235,1.52,bm377853,bm,G,g
661428667989,2459731.8947564,2.78418327673315,0.04122849060572423,15.2883210709291,0.016095771108120042,18.11464702302018,2.07,bA349219,bA,G,g
661428667989,2459736.8871818,2.701347076419922,0.04862547061179939,15.32111465451053,0.019565709591888702,17.935481067478285,2.02,bA350872,bA,G,g
661428667989,2459737.7013777,3.404506263945023,0.045164405885057754,15.069930278350377,0.014419637304573756,18.0156498572384,1.46,bE360848,bE,G,g
661428667989,2459737.711576,3.473025189209128,0.04771316068032129,15.048295789332954,0.01493284049174208,17.956045144842783,1.43,bi518624,bi,G,g
661428667989,2459738.6760004,3.1898503184970566,0.045407412287777935,15.140639860858654,0.015472789627556091,18.00982372968916,1.44,bE361250,bE,G,g
661428667989,2459739.6925747,2.321778059315557,0.05833847096250495,15.485513865237195,0.027311560304638608,17.73775300599354,1.46,bE361659,bE,G,g
661428667989,2459739.7243086,2.3650885088530007,0.04997529727946583,15.465447127264465,0.022967840357954003,17.90575214591514,1.45,bi519486,bi,G,g
661428667989,2459740.8856512,4.421520632178735,0.06647417437596007,14.78613648251259,0.016341558340658483,17.596008231434727,1.50,bq449325,bq,G,g
661428667989,2459740.8869031,4.473906721202807,0.07622445366475418,14.773348309720895,0.018519086827235375,17.447404810784775,1.37,bq449326,bq,G,g
661428667989,2459742.0072206,4.338466437644267,0.054807179363164815,14.806725017030297,0.013731354593413814,17.805546981947426,2.12,bA352684,bA,G,g
661428667989,2459749.7676226,3.0072861585289394,0.06992121593743107,15.204628733809217,0.02527239433320105,17.541118181143304,1.48,bi523727,bi,G,g
661428667989,2459750.8606669,2.865208166793769,0.061992414483214936,15.257175171353,0.023517683637028344,17.67179423243951,1.52,bq451130,bq,G,g
661428667989,2459754.9624073,2.6414084170780163,0.04124847959298392,15.345476728721776,0.016974014171960237,18.11412074841196,1.98,bA355173,bA,G,g
661428667989,2459758.8195921,3.807859764370606,0.04988123754793441,14.948363257692233,0.014238637927914292,17.907797562097745,2.04,bA356003,bA,G,g
661428667989,2459758.8622569,4.0559117346001266,0.05684267514518511,14.879844384176879,0.015233447004055472,17.765954339893447,1.51,bE368037,bE,G,g
661428667989,2459758.8648332,4.128624110242013,0.07168157116032858,14.860552261231865,0.018871844270816767,17.514121821718884,1.52,bE368039,bE,G,g
661428667989,2459760.3616377,2.4671409604695036,0.05422402773331116,15.419580713084462,0.023889660754718194,17.81716117740035,1.50,bm384587,bm,G,g
661428667989,2459765.3029114,2.4762914412995434,0.08023521035407401,15.415561230721764,0.035218869521151074,17.39172812256784,1.57,bm385519,bm,G,g
661428667989,2459766.8613408,2.6888904513041436,0.03872558576229437,15.326132850047943,0.015654422805539834,18.182645622419713,1.48,bi529544,bi,G,g
661428667989,2459770.7922056,3.8305516577804104,0.09252182342696663,14.941912313550374,0.026253972890006836,17.237030153215123,2.07,bA359319,bA,G,g
661428667989,2459771.8340909,3.0526157517359267,0.1132494190616648,15.188385270070746,0.04032515214607107,17.017550654243486,2.12,bA359699,bA,G,g
661428667989,2459772.587099,2.973273845536913,0.09529415899296695,15.216978345798175,0.03483722421213659,17.20497490745563,1.53,bi530720,bi,G,g
661428667989,2459775.9558528,3.1326188796294394,0.13733048256593372,15.160296719774834,0.04765094937954315,16.8082232461209,2.14,bA360743,bA,G,g
661428667989,2459776.2761814,3.447176334350922,0.19800204063836005,15.0564068733817,0.062433594488587735,16.41096644597254,1.67,bm387916,bm,G,g
661428667989,2459776.8951154,4.3588237741937395,0.17607897023466904,14.801642344807032,0.04390867696253344,16.538371887288015,1.43,bq457042,bq,G,g
661428667989,2459777.2812644,2.6986067933590916,0.05449685355674094,15.322216599029899,0.02195047849636079,17.811712040263977,1.70,bm388333,bm,G,g
661428667989,2459777.90959,4.427989060510984,0.1250781729378261,14.784549274108327,0.030703448889346608,16.909686789641093,1.45,bq457357,bq,G,g
661428667989,2459779.2780431,2.8011179277521676,0.12505111888369397,15.281737139500422,0.04852531479475527,16.909921656704903,1.76,bm388822,bm,G,g
661428667989,2459779.9458698,2.620148293324171,0.04541463561294029,15.354250942504013,0.01884005362889749,18.009651026565958,2.07,bA361329,bA,G,g
661428667989,2459780.9403217,2.7770602345773163,0.0388188622180209,15.291102372977846,0.015193914387958087,18.180033606304665,2.00,bA361677,bA,G,g
661428667989,2459781.3762204,2.847695281449045,0.04562442134051874,15.263831833207064,0.017414701161922112,18.004647188203503,1.59,bm389032,bm,G,g
661428667989,2459781.9588956,2.939088966005172,0.0348504001403711,15.229533791448828,0.012888643438814506,18.297121189233906,2.02,bA362024,bA,G,g
661428667989,2459782.5381267,2.5013836914340386,0.04780379123464778,15.404614837286557,0.020772759822611356,17.95398475866741,2.03,bE373332,bE,G,g
661428667989,2459782.5857538,2.6160602388563983,0.04414999778765318,15.355946272098786,0.018344045491489176,18.04031389606422,1.56,bi531640,bi,G,g
661428667989,2459783.5014589,3.1219937970616716,0.054009618120816866,15.16398553266079,0.01880404333548461,17.82146284499389,1.40,bi532004,bi,G,g
661428667989,2459784.5056448,3.464778230644691,0.055020722161957226,15.05087701718507,0.01726088332458963,17.801324895631232,1.49,bE374124,bE,G,g
661428667989,2459784.9732415,4.993122793648402,0.06401825200701027,14.654135005788476,0.013936179702585323,17.63688108211379,2.01,bA362588,bA,G,g
661428667989,2459785.4895285,3.536041320994101,0.05649434288311087,15.028772293806005,0.017366000242582127,17.77262820771899,2.02,bm390166,bm,G,g
661428667989,2459785.5039883,3.9828500673009506,0.060469445975434036,14.89958072756788,0.016502669585423676,17.698800637459748,1.49,bE374519,bE,G,g
661428667989,2459786.24602,2.873115342955433,0.0364608615730386,15.254182968889939,0.01379386712483151,18.24807329430939,1.53,bm390367,bm,G,g
661428667989,2459786.6309786,3.461083296447967,0.04103381361632272,15.052035493772134,0.012886708438327364,18.119785907767355,1.72,bi533374,bi,G,g
661428667989,2459787.3959857,2.5912961945302153,0.037730053055781025,15.366272979148041,0.015826414333147895,18.21092207168269,1.53,bm390824,bm,G,g
661428667989,2459788.2681883,4.035612261106166,0.07534119472346694,14.88529204015851,0.02029248541777482,17.460059354568887,1.49,bm391080,bm,G,g
661428667989,2459788.5674966,2.549848732344949,0.04356606002873152,15.383779579684091,0.01857145973955837,18.054769897576627,1.52,bi534158,bi,G,g
661428667989,2459788.8841079,3.776335977390542,0.05767407921296839,14.95738905689586,0.016600540023759647,17.75018893748272,1.51,bq459746,bq,G,g
661428667989,2459789.6208539,2.790300450228289,0.04196328495705456,15.285938199357245,0.016346722179662126,18.095466916041577,1.48,bi534624,bi,G,g
661428667989,2459790.8774333,2.422760727865514,0.06128952996544554,15.439289309079221,0.027497166164220932,17.68417488463215,1.44,bq460287,bq,G,g
661428667989,2459791.6120757,3.2182366509242457,0.047858235176793065,15.131020681038427,0.016164075699467505,17.95274891268512,1.57,bE376850,bE,G,g
661428667989,2459792.2481966,2.6954926496394296,0.047650698674788404,15.32347024256934,0.019215128520909085,17.9574674293641,1.51,bm391614,bm,G,g
661428667989,2459792.5536084,3.230264285687322,0.05549794860910793,15.126970482770092,0.018674588779344258,17.79194828535666,1.44,bi535706,bi,B,g
661428667989,2459792.8940937,2.812781120952425,0.03391849199924141,15.277225776104013,0.01310728581456358,18.32654927274631,2.16,bA364915,bA,G,g
661428667989,2459793.9574482,2.883927255528689,0.02886642014797904,15.250104868537644,0.010879797185922994,18.501658290325242,2.09,bA365330,bA,G,g
661428667989,2459795.4792337,2.877143129716079,0.035127307475495646,15.252661953913984,0.01327075304571085,18.288528455959348,1.44,bi536764,bi,G,g
661428667989,2459796.7811333,2.467531220690151,0.04652222066108125,15.419408981453198,0.02049320824366541,17.983489519246348,1.50,bE378816,bE,G,g
661428667989,2459798.7644783,3.127426979014916,0.07143699890061037,15.162097676473387,0.024828369253547707,17.517832608033007,1.43,bq462139,bq,G,g
661428667989,2459800.4935182,2.244826898255512,0.10521351229203947,15.522108478344645,0.050944914037596954,17.09746181472515,1.59,bE379668,bE,G,g
661428667989,2459804.6961411,3.270555523255691,0.08082275570372172,15.113511806232758,0.02686113132537107,17.383806476671857,1.36,bi540094,bi,G,g
661428667989,2459805.9231009,2.770423426910156,0.08717146653155718,15.293700244822388,0.03420112360286981,17.30170473041156,2.09,bA368397,bA,G,g
661428667989,2459806.8471512,3.7208791708646336,0.1248091030975277,14.97345170406712,0.036459681262034895,16.91202495575151,1.54,bq464084,bq,G,g
661428667989,2459807.6442209,2.537138192473967,0.05843805271669657,15.389205314895644,0.025035933283638116,17.735901271780865,1.41,bi541260,bi,G,g
661428667989,2459809.5507838,3.389469868912845,0.046561260289865763,15.07473617840412,0.014931557880671086,17.982578793939474,1.42,bi541814,bi,G,g
661428667989,2459810.8697745,2.772731337563952,0.03162528820301691,15.292796145115478,0.01239763578910247,18.40255438156277,1.97,bA369968,bA,G,g
661428667989,2459812.7018,3.3174063164314704,0.07332002563050447,15.098068954203175,0.024023490773022207,17.489584091175523,1.50,bE384341,bE,B,g
661428667989,2459813.7449021,2.744899839457975,0.03710109051534024,15.30374936777081,0.014691709955889008,18.229173923803877,2.14,bA371016,bA,G,g
661428667989,2459817.2169624,3.0230352258329845,0.06943163586613114,15.198957602753374,0.024964700634248334,17.548747117166403,1.58,bm396666,bm,G,g
661428667989,2459818.8090053,3.5268342083999213,0.05252815012214334,15.031603010871798,0.016188970611141777,17.851660345008924,1.55,bq464897,bq,G,g
661428667989,2459818.8114863,3.5240665963611675,0.08628385222582761,15.032455354942076,0.026613230293229928,17.312816795543448,1.46,bq464899,bq,G,g
661428667989,2459819.7137156,2.2920313187191903,0.061209820337074415,15.49951425325197,0.029027706936850434,17.685587849539978,1.48,bE387007,bE,G,g
661428667989,2459820.6856414,2.454347744360164,0.04948309324876836,15.425225382827438,0.021914568156109447,17.916498511228024,1.46,bi545257,bi,G,g
661428667989,2459822.7966491,2.9103608888925474,0.03000236619524103,15.24019850863472,0.01120523153262004,18.459751842558664,2.06,bA373491,bA,G,g
661428667989,2459824.5270863,2.6384105050864193,0.047390085351266716,15.346709703558883,0.019523482884497605,17.96342188424154,1.41,bi546768,bi,G,g
661428667989,2459833.8431977,2.7099418136442743,0.12001417207484953,15.317665707166793,0.04813763394515588,16.954559277771313,2.06,bA376430,bA,G,g
661428667989,2459834.4968187,4.221891724213702,0.05925236519835845,14.836297894582826,0.01525494943687106,17.720876384142144,1.50,bi549446,bi,G,g
661428667989,2459836.8409274,3.200934983722183,0.0580305947255028,15.13687348979401,0.019705721521384154,17.74349805782594,1.97,bA377117,bA,G,g
661428667989,2459837.6464718,2.405704981111696,0.061795009324694325,15.446959703728515,0.0279205010272572,17.675257106174286,1.44,bi550703,bi,G,g
661428667989,2459840.7692245,2.804683233306593,0.040746897792891194,15.280356076657775,0.015791482535589183,18.127404236587413,1.98,bA378648,bA,G,g
661428667989,2459843.7641663,4.821310434933306,0.05747172173373393,14.692152882851822,0.012956905305543298,17.75400509171306,2.01,bA379762,bA,G,g
661428667989,2459844.3980256,3.394534675584661,0.0891056723130887,15.073114998772146,0.028532332381603936,17.277877233059794,1.72,bm403232,bm,G,g
661428667989,2459845.8121909,2.806466251532571,0.033118946346183356,15.279666062067331,0.01282711121306158,18.352449332473284,1.99,bA380586,bA,G,g
661428667989,2459846.3649292,2.376438318420569,0.05661386230844088,15.46024925613578,0.025894552524258076,17.770333650656024,1.48,bm403507,bm,G,g
661428667989,2459847.5663866,4.305893340282488,0.06819414650072124,14.814907452607022,0.017214563024575465,17.56827286583973,1.45,bi554369,bi,G,g
661428667989,2459848.5779283,2.4715793888754645,0.05368036106320565,15.41762921011646,0.023607665126836295,17.828102040669574,1.40,bi554755,bi,G,g
661428667989,2459849.7144947,3.612958527073193,0.048368432000584966,15.005408181389186,0.014551615307890415,17.941235589607974,1.48,bq472117,bq,G,g
661428667989,2459851.5122317,3.003848282904455,0.03208908381023099,15.205870637971001,0.011611584753687624,18.386747317600374,1.39,bE398531,bE,G,g
661428667989,2459852.5875564,2.975534397432666,0.04325363809131354,15.216153184504066,0.015800463961318137,18.06258400612896,1.45,bE398952,bE,G,g
661428667989,2459853.603459,3.742505567719446,0.06500429546139706,14.967159484495319,0.018879555852171714,17.620285472391007,1.42,bi556531,bi,G,g
661428667989,2459854.5616619,2.3104007769601864,0.07234109518304353,15.490847317438188,0.03403375984941307,17.504177913125204,1.41,bi556870,bi,G,g
661428667989,2459855.5792204,2.5221582614461675,0.06417991479652979,15.395634786320514,0.027659159228473628,17.634142770935707,1.49,bE400005,bE,G,g
661428667989,2459859.5633905,4.42436673847463,0.10734761294180203,14.785437825470016,0.02637263022650053,17.075659632448858,1.50,bi558420,bi,G,g
661428667989,2459860.5733253,2.6800268731707493,0.091775904251595,15.329717750259462,0.03722217066680193,17.24581893088449,1.48,bE401466,bE,B,g
661428667989,2459862.5688132,2.5484400426082137,0.10324959834503851,15.384379571389104,0.044037851552993654,17.117919684274177,1.50,bE402154,bE,G,g
661428667989,2459863.5539791,2.7832651088257117,0.10179978544546231,15.288679184046334,0.03975616277109681,17.133273454749517,1.39,bi559849,bi,G,g
661428667989,2459868.7290868,2.6194473805259015,0.04659863791542115,15.354541425378407,0.01933640422132026,17.981707555471576,2.01,bA386597,bA,G,g
661428667989,2459871.7046197,3.114268686298828,0.04441008459388719,15.166675424804838,0.015500213996526138,18.03393661035761,2.05,bA387778,bA,G,g
661428667989,2459873.2924722,3.2568916885245853,0.05613190057542057,15.118057332608041,0.01873348617119825,17.779616243224037,2.44,bm409695,bm,G,g
661428667989,2459874.5049725,2.53671323099944,0.048837624430210516,15.389387187016482,0.02092643887844937,17.930754284579816,2.34,bE406178,bE,G,g
661428667989,2459875.5529828,2.921788774193321,0.03654302943035815,15.235943581922813,0.013594646031316649,18.245629242245727,1.65,bi563955,bi,G,g
661428667989,2459876.5585924,2.9312258809278076,0.043437674095171706,15.232442405885342,0.016107548535966482,18.057974205042918,1.52,bE406866,bE,G,g
661428667989,2459877.5548327,3.561887869218581,0.05632989508017375,15.020865013679591,0.017189801890003978,17.775793255639623,1.51,bE407198,bE,G,g
661428667989,2459879.296122,2.9869534331069887,0.04874563087121402,15.211994492372444,0.017738603084494937,17.932801372820258,1.64,bm411198,bm,G,g
661428667989,2459880.6265169,2.782289329240865,0.04933379052120555,15.289059896963897,0.01927322395466594,17.91977939793384,1.62,bq477727,bq,G,g
661428667989,2459881.5355766,2.5662250971167695,0.042076146498048306,15.376828752367997,0.01782187458812138,18.092550715093346,1.67,bE408467,bE,G,g
661428667989,2459882.6137022,2.998354734580649,0.05739014431422942,15.207858090230065,0.02080494043164846,17.755547319360694,1.50,bq478264,bq,G,g
661428667989,2459885.5969937,2.6187755378044337,0.07578702618302384,15.354819933560274,0.031456381497253695,17.453653446285852,1.38,bq479193,bq,G,g
661428667989,2459886.5927311,2.7605053987698858,0.09844324125203087,15.297594120196006,0.03876229445076094,17.169675850320534,1.50,bq479591,bq,G,g
661428667989,2459887.5960119,3.0314755530497686,0.1736412870845027,15.195930446601425,0.062260284187282126,16.553508120673282,1.52,bq480015,bq,B,g
661428667989,2459887.5984807,3.183105672261235,0.22222560986517198,15.142937981024913,0.07588487496515024,16.285655344617002,1.62,bq480017,bq,B,g
661428667989,2459888.5991221,2.573163461505132,0.12212985824622406,15.373897182626182,0.05159013327593219,16.935585978886913,2.45,bq480439,bq,G,g
661428667989,2459888.6003755,2.3490247463793095,0.15029423085200508,15.472846642322708,0.06954515683845171,16.710284835910155,2.41,bq480440,bq,G,g
661428667989,2459890.5946232,4.181653335126947,0.15244239404482327,14.846695556387674,0.03962505763082743,16.6948762100194,1.52,bq481281,bq,G,g
661428667989,2459891.2515236,3.2959135061607414,0.24061450830168143,15.105126107051143,0.07935205475953762,16.199336085464243,1.58,bm413020,bm,G,g
661428667989,2459891.2558128,3.439110752231071,0.27488408016403787,15.058950217396927,0.08687915719571673,16.05476664012667,1.61,bm413021,bm,B,g
661428667989,2459891.5902914,1.2988402621799784,0.27992177881943675,16.035048888203303,99.999,16.035048888203303,1.47,bq481702,bq,G,g
661428667989,2459894.504425,3.1283029589560805,0.148427352367538,15.16179360863401,0.051572395889113255,16.723855759898594,1.55,bi570098,bi,G,g
661428667989,2459898.5654042,2.91756392273581,0.04130619939329366,15.2375146721534,0.015388880589357029,18.112602518605755,1.67,bq483968,bq,G,g
661428667989,2459898.5666328,3.0286150262285396,0.04540243009884148,15.196955440444182,0.016294731113513514,18.009942865297607,1.97,bq483969,bq,G,g
661428667989,2459901.5683787,3.2776998167519906,0.05535933071236156,15.111142680173582,0.01835835766575563,17.794663534160986,1.44,bq484476,bq,G,g
661428667989,2459906.55143,3.0176758937265644,0.0355784127746441,15.200884138326028,0.01281522242959281,18.274674187892362,2.13,bq485139,bq,G,g
661428667989,2459913.5365104,2.801834110357796,0.1713066005111157,15.281459576750251,0.06645747724826537,16.568205369376777,1.53,bq486895,bq,G,g
661428667989,2460005.8992004,2.4324883280826346,0.14867370686931305,15.434938709655272,0.0664347916604851,16.72205518696377,1.55,bE443317,bE,G,g
661428667989,2460010.0058321,2.5577537600477633,0.14612539655739643,15.380418792840429,0.06209821885935287,16.740826354525478,2.13,bq507878,bq,G,g
661428667989,2460011.9012574,2.887858081212488,0.15480740630309406,15.248626005353959,0.05826772478515237,16.678161275490673,1.43,bi608364,bi,G,g
661428667989,2460013.8923976,2.6965752767478284,0.10693592924661778,15.323034251228101,0.0431045655224685,17.079831492202043,1.61,bE446188,bE,G,g
661428667989,2460016.877887,3.9366816141390073,0.09951002418692756,14.91223989252912,0.027475696632392226,17.157973531945018,1.50,bE447331,bE,G,g
661428667989,2460016.8804531,4.124136989500317,0.14299356560238846,14.861732915770528,0.037687348672935335,16.764349372434207,1.43,bE447333,bE,G,g
661428667989,2460017.8807113,2.9441704879049446,0.0967584148037274,15.227658234636465,0.03572218064005236,17.188418749723606,1.56,bi610711,bi,G,g
661428667989,2460023.1130528,3.159013934271241,0.04525072563297703,15.151186768374247,0.015569912752391557,18.013576741767523,2.19,bA407242,bA,G,g
661428667989,2460024.8623319,2.279516980652016,0.05369245829576063,15.505458543005712,0.02560251501003956,17.827857390235764,1.43,bE450564,bE,G,g
661428667989,2460025.6130267,3.6725061020484633,0.05347718172084318,14.987659307121204,0.015827712690055607,17.832219332400822,1.69,bm443294,bm,G,g
661428667989,2460026.8518422,2.8445696771669966,0.0532381808119213,15.265024181805206,0.020343178197932976,17.83708259421219,1.49,bi614572,bi,G,g
661428667989,2460028.9765995,3.2945251897398737,0.0513354150763494,15.105583541068405,0.016936997290899154,17.87659791670993,1.53,bq513767,bq,G,g
661428667989,2460031.0899659,3.7191897007983625,0.04800370817652237,14.973944795967471,0.014029384857387745,17.94945364412829,2.02,bA409654,bA,G,g
661428667989,2460034.8641683,3.625132111450829,0.04893598150944014,15.001756026581177,0.014672922976068741,17.928569852965367,1.63,bi618180,bi,G,g
661428667989,2460040.5720267,2.669976604791919,0.20436064590400305,15.333796982404769,0.08319591132503153,16.376647444824073,1.64,bm447481,bm,G,g
661428667989,2460042.9135202,2.74608199833259,0.08901020169314897,15.303281869335121,0.03523209404905971,17.279041148618298,1.49,bE458157,bE,G,g
661428667989,2460044.9445697,2.4177629807615775,0.17132320839387288,15.441531313138182,0.07702197451560534,16.568100114205514,1.66,bq519522,bq,G,g
661428667989,2460045.9311235,2.382615592405568,0.13557001785660752,15.457430673323094,0.06184745685843163,16.82223147830725,1.53,bq519927,bq,G,g
661428667989,2460049.0282456,3.91796929918486,0.05731563133608522,14.917413050822294,0.015900992203107624,17.75695791004833,1.62,bA414814,bA,G,g
661428667989,2460049.7842141,2.529905431690349,0.07202972545129412,15.392304903594312,0.03094707764868974,17.508861212887773,1.41,bi625099,bi,G,g
661428667989,2460051.0728391,2.853989058173482,0.042054848214850546,15.261434862900472,0.01601680686440193,18.09310043681576,1.98,bA415756,bA,G,g
661428667989,2460053.5791305,2.6648380954397055,0.047691756620764275,15.335888551721053,0.01945291384900497,17.956532313920377,1.53,bm451545,bm,B,g
661428667989,2460057.0161398,2.8427639967454965,0.03860424788485585,15.26571360598396,0.014760683283352678,18.186052872337328,2.03,bA417349,bA,G,g
661428667989,2460060.0043462,3.2189159636314653,0.041654403760199736,15.130791525556965,0.014065768208258755,18.103488305509345,1.61,bA418689,bA,G,g
661428667989,2460061.8868491,2.7080670268703972,0.054439180056723505,15.318417099059186,0.02185064889962132,17.812861672957535,1.51,bq525975,bq,G,g
661428667989,2460063.9715663,2.499385788932927,0.1272421926845482,15.40548238185263,0.055336287735677885,16.891062750384624,1.61,bq526850,bq,G,g
661428667989,2460068.4841242,2.665572059611877,0.11608284502329881,15.335589553536458,0.047335807338286524,16.990720502711664,1.55,bm454181,bm,G,g
661428667989,2460070.8976209,3.0776513604389604,0.2584221624951182,15.17951706990914,0.09126883522178243,16.12181622052043,1.47,bq528782,bq,G,g
661428667989,2460072.5425309,2.749760558480843,0.1326846325393119,15.30182842648646,0.05244908551341048,16.84558904636573,2.09,bm455917,bm,G,g
661428667989,2460072.7875824,2.2862745642212285,0.09510302875291797,15.502244660627175,0.04521454201426591,17.20715474102994,1.50,bE471046,bE,B,g
661428667989,2460073.7165058,2.597668594419892,0.1071880468481463,15.36360626274853,0.044851274263525,17.07727471795073,1.39,bE471453,bE,G,g
661428667989,2460073.8340473,2.550899779971498,0.1162292261364813,15.383332131442145,0.049526099126933225,16.98935224582759,1.41,bi635963,bi,G,g
661428667989,2460076.7952018,3.3949303911895115,0.18687653498967224,15.07298843717849,0.05983235149509612,16.47375367907953,1.36,bi637377,bi,G,g
661428667989,2460079.8862885,2.255134626219081,0.06957760232883904,15.51713443892151,0.03353583761209839,17.54646696465931,1.48,bE474286,bE,G,g
661428667989,2460081.8659103,2.8305549868247786,0.051348546328592926,15.27038663233649,0.01971826640834765,17.876320228240235,1.51,bq531709,bq,G,g
661428667989,2460082.8967744,2.765103587519884,0.05468562716440674,15.295787108094,0.021496807338440806,17.807957618433242,1.64,bq531975,bq,G,g
661428667989,2460086.8877558,2.6802534385776693,0.0554470212939327,15.329625967647031,0.022486120356749278,17.792945061214617,1.43,bq532786,bq,G,g
661428667989,2460087.8845905,2.7497006467791643,0.05329802313424932,15.301852082732474,0.021068705755091625,17.83586285894183,1.56,bq533138,bq,G,g
661428667989,2460088.8778549,3.005176049786238,0.04467322816163721,15.205390824770495,0.016158073900823793,18.027522270326944,1.43,bq533519,bq,G,g
661428667989,2460090.9273865,4.007408258154044,0.10408981814968772,14.892906650258585,0.028232987356411755,17.109119986937475,1.51,bq534237,bq,G,g
661428667989,2460091.6951124,2.6661177527289217,0.06499276459192449,15.335367305507488,0.026497070231327902,17.620478084169864,1.45,bi643177,bi,G,g
661428667989,2460092.9988763,3.675441588420285,0.04185406308346697,14.986791809382712,0.012377709109345051,18.098296550058876,1.97,bA428078,bA,G,g
661428667989,2460093.9730547,2.683426269810998,0.06104106227287559,15.328341454651957,0.02472547186327563,17.688585404283433,2.33,bA428474,bA,G,g
661428667989,2460095.9594861,3.316275904151244,0.07846710944682851,15.09843898385187,0.025718709425981034,17.415921475280836,1.60,bA429057,bA,G,g
661428667989,2460097.7363727,2.5127322086695982,0.08931214654635525,15.399700105629835,0.03863460651482688,17.275364292907124,1.54,bi645598,bi,G,g
661428667989,2460097.9252818,4.50381613165663,0.09194552065642542,14.766113991961806,0.022190244983522563,17.243814170426532,1.42,bq536290,bq,G,g
661428667989,2460097.9265104,4.967471487997395,0.1328239837927393,14.659727164654946,0.029063859908553587,16.8444493566863,1.38,bq536291,bq,G,g
661428667989,2460098.705133,2.74027398908057,0.1267414976677309,15.30558065136554,0.0502732566210095,16.895343524561678,1.44,bE481294,bE,G,g
661428667989,2460103.8080276,2.3671143865255173,0.0868965762191434,15.46451750995157,0.039902085330501685,17.30513394818087,1.42,bi648371,bi,G,g
661428667989,2460104.8543324,2.81698487636752,0.1557275323535424,15.275604333827173,0.0600887347057026,16.671727106801693,1.55,bq538584,bq,G,g
661428667989,2460107.7155032,4.267395552717552,0.07663587233745392,14.824658371590072,0.019520070311578253,17.44156034821475,1.47,bi649283,bi,G,g
661428667989,2460108.8590042,3.5729675248417636,0.07685350366912157,15.01749295012634,0.02338012211162022,17.4384814331709,1.46,bE484793,bE,G,g
661428667989,2460108.877441,3.780876700049027,0.09817897076748922,14.956084335753348,0.028225271819092658,17.17259442399281,1.53,bq539337,bq,B,g
661428667989,2460111.8948445,2.814448165360968,0.039919771232631046,15.276582485976615,0.015417251673589556,18.14967050189099,2.07,bA434949,bA,G,g
661428667989,2460113.7011,3.9864052834233954,0.050066340862489775,14.898611997882089,0.013651380592533107,17.903775981921328,1.42,bE486996,bE,G,g
661428667989,2460113.7261383,4.577128441566183,0.09386281697962959,14.74858287328697,0.022290132856727162,17.22140665150833,1.44,bq540927,bq,G,g
661428667989,2460116.0032489,3.489460461271813,0.0370936376156345,15.043169917926269,0.011554557436265265,18.229392049357322,2.02,bA436695,bA,G,g
661428667989,2460119.6655055,3.469487543016127,0.049098206859936995,15.049402290979248,0.01538198811508382,17.92497653312331,1.54,bi653636,bi,G,g
661428667989,2460119.7325653,3.8185048910475,0.05540902110073227,14.945332244236734,0.015772455075237675,17.79368941734118,1.47,bE488347,bE,G,g
661428667989,2460121.9905777,3.5666207572003183,0.04257831461411525,15.019423290351696,0.012976085741956486,18.07966944474772,2.04,bA438977,bA,G,g
661428667989,2460123.7136616,2.5152283425775264,0.05739230890918652,15.398622076814457,0.02480209983741636,17.755506369214608,1.45,bE489899,bE,G,g
661428667989,2460125.6046775,2.3842281095010502,0.09828206520631899,15.456696112524535,0.04480625461980438,17.17145492704914,1.41,bi656185,bi,G,g
661428667989,2460127.6688687,2.3321294384882054,0.1569657850176665,15.480683994563577,0.07315845377152626,16.663128120505277,1.47,bi657232,bi,G,g
661428667989,2460131.0081823,2.798700917223893,0.1493486384067934,15.282674396963007,0.058003867269300145,16.71713744257042,2.17,bA442676,bA,B,g
661428667989,2460131.5408401,2.6417218135994283,0.08571797389820043,15.345347916470221,0.035269311961339395,17.319960868584392,2.22,bm466560,bm,G,g
661428667989,2460133.8620105,3.971515000782121,0.09442280504843015,14.902675104134175,0.025842401131075107,17.21494836641275,1.50,bE494766,bE,G,g
661428667989,2460136.7794642,2.840797518106953,0.04290264454385662,15.266464922612933,0.01641556956789941,18.071430453509166,1.51,bi661254,bi,G,g
661428667989,2460139.6086203,2.586576977779605,0.04599803746420857,15.368252102905032,0.019329742450519306,17.9957923548821,1.42,bi662115,bi,G,g
661428667989,2460140.6628209,2.684400085353881,0.05076036635652235,15.327947512399245,0.020553684064503353,17.888828741693537,1.43,bi662634,bi,G,g
661428667989,2460141.6833769,2.7628668934749414,0.037076968153382246,15.29666571619961,0.014586678944183596,18.2298800766236,1.37,bi663198,bi,G,g
661428667989,2460147.8963039,2.5973169778387613,0.034024644938386056,15.363753236343584,0.014239043609691023,18.323156606812844,2.02,bA447824,bA,G,g
661428667989,2460150.9256921,2.9560778786294346,0.03194740340853447,15.223275943599845,0.011747132488822547,18.391551697081837,2.08,bA449125,bA,G,g
661428667989,2460153.9319265,3.0743135023729953,0.05869970894138807,15.180695241041452,0.02075391185992631,17.73105074186073,2.05,bA450367,bA,G,g
661428667989,2460161.947353,2.8282371670724973,0.06615040089904646,15.271276059229526,0.025423118863579192,17.60130941009876,2.00,bA453725,bA,G,g
661428667989,2460165.2357059,2.400394351559098,0.04921220168259817,15.44935913192294,0.02228447318804004,17.922458623505733,1.59,bm475111,bm,G,g
661428667989,2460171.9242899,4.094400806325261,0.04969968030205569,14.86958973710645,0.013193967612846776,17.911756623688312,1.98,bA455092,bA,G,g
661428667989,2460180.7929283,3.4505205092919926,0.05542090394532176,15.055354089481405,0.01745826834584037,17.793456598729595,2.01,bA456798,bA,G,g
661428667989,2460189.242905,2.5015514489936157,0.04442179105925429,15.40454202384764,0.019301843869177476,18.033650448813482,1.58,bm480285,bm,G,g
661428667989,2460192.865334,3.008801318811431,0.06324799773341831,15.204081845348671,0.022848907700704635,17.650023657853843,1.99,bA460860,bA,B,g
661428667989,2460194.833564,4.50553923795967,0.06007587342858894,14.765698681688448,0.014493240203574448,17.705890377381593,2.01,bA461449,bA,G,g
661428667989,2460197.8388087,2.8989423793346596,0.03782830083113577,15.244466664254945,0.014183696298285782,18.2080985261349,2.03,bA462788,bA,G,g
661428667989,2460200.8270369,4.382566749197425,0.05590023066871841,14.795744273808978,0.013864277207691667,17.784106611496032,1.99,bA463969,bA,G,g
661428667989,2460203.8403894,2.857204638226303,0.036404633667039665,15.26021225612607,0.01384928942663243,18.249748948476764,2.00,bA465357,bA,G,g
661428667989,2460206.8251564,4.291252102345633,0.05526556839302395,14.818605549279926,0.01399854134870843,17.796504008953683,2.02,bA466544,bA,G,g
661428667989,2460216.5454795,3.4351224878308155,0.09890685565813363,15.060210053479917,0.031296541006375335,17.16457462281052,1.51,bE504531,bE,G,g
661428667989,2460217.5636825,2.610254036462674,0.10673926426574745,15.35835868222663,0.04444814098497411,17.081830099028817,1.45,bi671197,bi,G,g
661428667989,2460218.5827002,2.6260013141145664,0.07779427607857241,15.351828274569787,0.032200667715998554,17.425271501967345,1.51,bi671649,bi,G,g
661428667989,2460220.7552872,2.933073061876985,0.0343907930399305,15.23175841916531,0.012744754731275407,18.311535134892768,1.98,bA472027,bA,G,g
661428667989,2460221.6074545,3.0935125939107637,0.04188765255650238,15.173935901273532,0.014717915555363791,18.09742555503207,1.43,bE506508,bE,G,g
661428667989,2460223.7760141,3.464088020024322,0.03655060465276206,15.051093325780101,0.011468795790168572,18.245404196840457,1.98,bA473357,bA,G,g
661428667989,2460228.3011447,2.850351598013786,0.035123613055985436,15.262819535717915,0.013394081033669162,18.28864265133191,1.60,bm488564,bm,G,g
661428667989,2460229.6072987,3.410355849474564,0.039672391940964676,15.068066379053125,0.012644476722235991,18.156419646717275,1.46,bq571987,bq,G,g
661428667989,2460232.7406097,2.789131492943719,0.038697545448771964,15.286393148634223,0.015080877150200338,18.183432064002194,2.00,bA477376,bA,G,g
661428667989,2460235.7381672,3.6504538253541234,0.03738791452604198,14.994198473747101,0.011132598704864919,18.22081250853869,2.01,bA478801,bA,G,g
661428667989,2460237.5321872,2.5323465675585286,0.0516633153257149,15.391257768920394,0.022175391886463457,17.86968493101345,1.46,bE511352,bE,B,g
661428667989,2460241.7250125,3.5732309479257722,0.07142455801939479,15.017412905335895,0.02172694412505934,17.518021707402777,2.07,bA481459,bA,G,g
661428667989,2460243.5166904,2.6361996559742384,0.08148836478296681,15.347619874734242,0.033599241751653054,17.374901604048905,1.57,bi681377,bi,G,g
661428667989,2460244.5362587,2.571571123282542,0.12253040963474808,15.374569271452224,0.05179138413012244,16.932030897902923,1.52,bE513687,bE,G,g
661428667989,2460245.631888,3.394425122120803,0.16687017473876975,15.073150039828692,0.053434858095420076,16.596693809646197,1.73,bq577655,bq,G,g
661428667989,2460247.5254121,2.2871262967938897,0.06937119702342467,15.50184025395927,0.032968653777958275,17.549692640286953,1.52,bE514508,bE,G,g
661428667989,2460249.7030251,2.7292512958130617,0.04666758562524656,15.309956809343824,0.018585916447854813,17.98010227897195,2.08,bA485336,bA,G,g
661428667989,2460250.6213123,2.694939067281963,0.048011324975223646,15.32369324675212,0.019364527915575337,17.94928138289252,1.54,bq578479,bq,G,g
661428667989,2460251.6142954,2.8628135209568013,0.04391527130320205,15.258082973025536,0.016673803654177668,18.046101686154945,1.45,bq578931,bq,G,g
661428667989,2460253.5836993,4.4044716822912795,0.08293428465048736,14.790331066987584,0.020466918186591965,17.355805353931295,1.44,bq579816,bq,G,g
661428667989,2460255.5829227,2.6002261595354117,0.04772848119832045,15.362537814310272,0.019951642944968748,17.95569657495478,1.44,bq580515,bq,G,g
661428667989,2460264.5670861,3.601029017189351,0.05251836506857767,15.008999069927022,0.01585246304594422,17.851862617058277,1.47,bq582028,bq,G,g
661428667989,2460268.5486262,2.6840486795470246,0.06600212336936148,15.32808965178599,0.02672881419463138,17.603745842558613,1.48,bq582996,bq,G,g
661428667989,2460271.5555556,4.305889165692237,0.09532452858976473,14.814908505235508,0.024063233874645144,17.204628945876895,1.53,bq584185,bq,G,g
661428667989,2460274.5536293,2.614729474247412,0.17455507026247952,15.35649871615653,0.07256344256380276,16.547809440969495,1.58,bq585471,bq,G,g
661428667989,2460367.1567882,2.544042059974076,0.17415409504785606,15.386254904503582,0.07440833324971542,16.55030638422718,2.12,bA523274,bA,G,g
661428667989,2460377.9056086,3.0237028338720577,0.18548862472467967,15.198717854904402,0.0666791948250837,16.481847408380972,1.46,bi727842,bi,G,g
661428667989,2460393.1399241,2.6823379854503933,0.1055688238055774,15.32878187271409,0.04277936716037445,17.093801404211128,2.05,bA529942,bA,G,g
661428667989,2460396.8554752,3.785900886377564,0.18956453589557568,14.95464252205242,0.054425198853871544,16.458247881593614,1.53,bi735707,bi,G,g
661428667989,2460397.1036638,2.8706675824019285,0.09284737241780677,15.255108359855768,0.03515595382570727,17.233216567170683,2.03,bA531424,bA,G,g
661428667989,2460399.9863819,4.295218726605603,0.08772583760340892,14.817602411212638,0.022200073471790115,17.294821802600552,1.56,bq621383,bq,G,g
661428667989,2460400.6641477,0.21204550380896103,0.4134248166930617,15.611649255161455,99.999,15.611649255161455,1.91,bm532000,bm,B,g
661428667989,2460400.8484231,2.4618697230296918,0.1352242651152559,15.421902954151324,0.059703767217838224,16.82500403664235,1.51,bE552523,bE,G,g
661428667989,2460407.1354004,4.007266762097327,0.06411989632609955,14.89294498678283,0.017392288465570855,17.635158582735954,2.05,bA534986,bA,G,g
661428667989,2460409.1285841,2.7670349951704196,0.040300502290588534,15.29502899284935,0.015830986550793538,18.13936446378969,2.03,bA535738,bA,G,g
661428667989,2460410.1249972,2.876129917516292,0.0346930035786829,15.253044373163254,0.013111294545113245,18.3020358591576,2.28,bA536185,bA,G,g
661428667989,2460411.1251987,3.049929880509899,0.06674986891462176,15.189340985274022,0.023788810951237437,17.591514568549616,1.99,bA536635,bA,G,g
661428667989,2460416.5951965,2.8451776637285615,0.07038838979744007,15.264792145834235,0.026890805562131234,17.53388803541677,1.51,bm535549,bm,G,g
661428667989,2460417.0794695,3.1189894686642248,0.039729139840552506,15.165030851395091,0.013845461193964494,18.154867705382276,2.07,bA537478,bA,G,g
661428667989,2460417.5847169,3.022737742181556,0.04454755018871407,15.19906445055353,0.016019004735150336,18.03058104695088,1.51,bm535849,bm,G,g
661428667989,2460418.5982073,3.5005898004932834,0.06420119734360855,15.039712564606656,0.019934900726232673,17.63378279224851,1.51,bm536280,bm,G,g
661428667989,2460419.0667624,4.546030260530599,0.055996482190712016,14.75598481661137,0.013388767347215023,17.78223874987087,1.99,bA538374,bA,G,g
661428667989,2460420.0721182,2.772315447849789,0.04547222373990118,15.292959009934538,0.017828537582330904,18.008275128593063,2.26,bA538825,bA,G,g
661428667989,2460421.5744498,2.443368683201177,0.09874383503561823,15.430093114284688,0.04392716343277325,17.166365635343812,1.50,bm537160,bm,G,g
661428667989,2460423.5575579,2.9839246009764375,0.252812041257135,15.213096009759191,0.09209203775748989,16.14564622334403,2.24,bm537351,bm,B,g
661428667989,2460424.0436072,4.072476368067993,0.13981910224836852,14.875419190166925,0.03731815026459525,16.788724338241206,2.44,bA539611,bA,G,g
661428667989,2460424.5647731,3.182953405920657,0.25752710139121915,15.142989919304696,0.0879437197733009,16.125583262316464,1.85,bm537784,bm,B,g
661428667989,2460424.7852068,3.0696358398715073,0.1177170707553207,15.182348480099874,0.041683556112922675,16.97554199474864,1.49,bE560850,bE,G,g
661428667989,2460425.5273933,2.4687074832166513,0.1312581031495268,15.418891538553005,0.05779212491533769,16.85732530182821,1.51,bm538209,bm,G,g
661428667989,2460426.0593389,3.0664125167221203,0.11874699942333897,15.183489174814602,0.042092453235263026,16.966084000444145,2.30,bA540442,bA,G,g
661428667989,2460428.7497197,2.70928295351154,0.22495182516169718,15.317929711091427,0.09025002468631443,16.27241680845908,1.48,bE562141,bE,B,g
661428667989,2460429.5984085,3.248519271460125,0.12472760601502242,15.12085200350678,0.04173393274591862,16.912734144684222,1.50,bm538942,bm,B,g
661428667989,2460432.7293792,3.5324868831048453,0.08133859690050271,15.029864227548867,0.025028123612564752,17.376898920174895,1.55,bi748654,bi,G,g
661428667989,2460433.7604118,4.285227075327905,0.10372535720060992,14.820131021658137,0.02631014681300094,17.112928263716732,1.38,bi749096,bi,G,g
661428667989,2460434.9905185,3.135619575408234,0.03662001199538005,15.159257204664252,0.012694257038295631,18.243344405880357,1.98,bA543782,bA,G,g
661428667989,2460436.8723408,2.6164561612794888,0.051452425666985865,15.355781965949708,0.021374923251410084,17.874125976672023,1.47,bq632274,bq,G,g
661428667989,2460438.9728097,2.735011804048208,0.044575955512178946,15.307667609665337,0.017715508753929392,18.029888958171483,2.01,bA545226,bA,G,g
661428667989,2460439.8588745,3.140200046050793,0.07033319469130117,15.157672333206978,0.0243453039753319,17.53473975021733,1.44,bi751479,bi,G,g
661428667989,2460440.8546191,3.987472849838511,0.06155608867546142,14.89832127472444,0.016779748617286448,17.67946306992395,1.47,bi751935,bi,G,g
661428667989,2460442.4926368,3.7040260724858265,0.07802742468349193,14.978380534778498,0.022897359919853772,17.422022428582594,2.05,bm541883,bm,G,g
661428667989,2460443.4780213,2.735250095786613,0.04827933598982058,15.307573017496775,0.01918564565639052,17.943237390456574,2.06,bm542287,bm,G,g
661428667989,2460444.4802253,2.5518375959437094,0.045084939380792534,15.382933043387684,0.019203952857369377,18.017561886246263,1.55,bm542724,bm,G,g
661428667989,2460445.5252002,2.6503504046754447,0.04992417108653351,15.34180738200936,0.020474803354001387,17.90686345440221,1.60,bm543090,bm,G,g
661428667989,2460448.5391438,3.368407249396761,0.06883385550545848,15.081504138881886,0.022212102818477856,17.558135371857905,1.50,bm543846,bm,G,g
661428667989,2460449.6958734,3.002337118077388,0.05405769158842326,15.206416983542837,0.019570873659859486,17.820496870956934,1.44,bE569234,bE,G,g
661428667989,2460449.8068843,2.7754664139990024,0.073118017946575,15.291725681558898,0.02863522543915642,17.492579585923295,1.61,bq636446,bq,G,g
661428667989,2460451.7934323,3.314481856250766,0.12066333721476773,15.09902650729234,0.0395705292738452,16.948702280110147,1.57,bq637181,bq,B,g
661428667989,2460453.9511506,3.7548296870166027,0.1291776363344191,14.96359001504784,0.03739463197546665,16.87467227731835,1.50,bq637863,bq,G,g
661428667989,2460455.8872134,2.7483883916776524,0.11181461757051374,15.302370358406323,0.04422141650796615,17.03139415455108,1.33,bq638453,bq,G,g
661428667989,2460474.4028503,2.6367686664389405,0.03327801963979728,15.34738554931181,0.01371821538174295,18.347246927153474,2.04,bm547002,bm,,g
661428667989,2460474.8778178,2.8847427162368025,0.04951373994034218,15.249797908623284,0.018656527752346105,17.9158262831862,1.99,bA554929,bA,,g
661428667989,2460475.3766109,2.607053315750184,0.05557596938809562,15.359690840200171,0.02317124165179649,17.790422994812676,1.53,bm548010,bm,,g
661428667989,2460475.862125,2.886915165669414,0.0627414232986188,15.248980567345736,0.023622862233229378,17.658754695169485,1.98,bA555266,bA,,g
661428667989,2460476.379617,2.808375783197839,0.06276731163475413,15.278927573707296,0.02429352195016496,17.658306791615416,1.49,bm548427,bm,,g
661428667989,2460476.8663403,3.091084710594884,0.060938047807450976,15.174788354819853,0.02142840287078782,17.6904192684794,2.07,bA555617,bA,,g
661428667989,2460477.3805664,3.4291957036806333,0.0869364640118879,15.062084944925555,0.02755636152035181,17.304635681321898,1.54,bm547347,bm,,g
661428667989,2460477.8549163,4.194940916859341,0.09007256199972215,14.843251001183699,0.023338817074126855,17.266159321755055,2.03,bA554152,bA,,g
661428667989,2460479.8706719,2.777113626894906,0.12200506812273357,15.291081498596268,0.04775253097206117,16.936695932049986,2.07,bA554796,bA,,g
661428667989,2460486.5176624,3.7481581981793175,0.11728555813018675,14.965520840204459,0.03401251910267458,16.97952926424166,2.07,bm550123,bm,,g
661428667989,2460486.9930147,2.478853525748928,0.08115642979321971,15.41443845909238,0.03558641514252133,17.379333277835872,2.31,bA557970,bA,,g
661428667989,2460487.5668055,3.1275878395585006,0.0946054324993749,15.162041832603725,0.03287900999821725,17.212850422743163,1.62,bm550581,bm,,g
661428667989,2460488.0270375,2.686038532518473,0.0846115527463168,15.327285025929163,0.03423967227523419,17.33406644877863,2.02,bA558351,bA,,g
661428667989,2460488.5475856,2.6482753455672152,0.06865296856294133,15.342657778705481,0.028177882651495078,17.560992309126018,1.54,bm550985,bm,,g
661428667989,2460489.0588181,2.82119064862407,0.06552108359743176,15.273984533225143,0.02524415326641516,17.611687933345856,2.06,bA558713,bA,,g
661428667989,2460490.7821037,2.6977249810200923,0.05362017040088786,15.322571438439635,0.021604423847522824,17.829320136931162,2.44,bi762594,bi,,g
661428667989,2460492.5631026,3.781222676327206,0.06427485256859683,14.955984987952487,0.018476555379996294,17.63253788857572,1.47,bi763235,bi,,g
661428667989,2460493.7529135,2.9347090087834515,0.03504924994030982,15.231153009213118,0.012981529238729275,18.290943790369518,1.51,bE582260,bE,,g
661428667989,2460493.936082,2.6139132747294367,0.03701868525677364,15.35683768648467,0.015393663498733813,18.23158813535862,1.97,bA560192,bA,,g
661428667989,2460495.5713185,2.560875202907981,0.0481764799441901,15.379094585139867,0.02044837601235248,17.945552949634973,1.46,bE582986,bE,,g
661428667989,2460496.9537956,3.733238534559883,0.044132293990617535,14.969851272343604,0.012849402557146165,18.040749354937653,2.08,bA561251,bA,,g
661428667989,2460496.9550372,3.8743671046836377,0.055037099516214126,14.929563700590824,0.015440698478065189,17.801001765728877,2.06,bA561252,bA,,g
661428667989,2460499.9285648,2.852262759382807,0.03729127429191506,15.262091793303956,0.014211170994754664,18.22362255137014,2.12,bA562243,bA,,g
661428667989,2460500.8361559,2.976632664667006,0.03742208606641028,15.2157525141264,0.013665166343767887,18.219820628286403,1.47,bq647436,bq,,g
661428667989,2460501.8131998,3.790884363546867,0.04738869321985355,14.953214279812457,0.013587713106558838,17.96345377930286,1.46,bq647652,bq,,g
661428667989,2460503.5389148,3.439987344633696,0.07917394440706606,15.058673510159991,0.025017137158751864,17.40618490690043,1.58,bi767562,bi,,g
661428667989,2460504.5546216,3.760966274038778,0.06201708967316214,14.961817024876545,0.01792355346147117,17.671362156726914,1.46,bE586484,bE,,g
661428667989,2460514.2554267,2.7853750524600263,0.44558273389514397,15.28785641861813,0.17388288810654842,15.53031972693994,1.53,bm553864,bm,,g
661428667989,2460514.7969723,3.461841389681217,0.1400885967249045,15.051797707197663,0.043985323615718774,16.786633649048717,1.60,bi772077,bi,,g
661428667989,2460515.261705,2.6998333572503905,0.07163672143201538,15.321723225088542,0.028841039891380572,17.5148013577992,2.44,bm554092,bm,,g
661428667989,2460515.6837905,2.4916860930209506,0.0747524195959107,15.408832301648165,0.03260949692785877,17.46857747513343,1.47,bE590938,bE,,g
661428667989,2460516.2638364,2.6735505870717122,0.05029287005708559,15.33234460744881,0.020447027772682837,17.898874561046217,2.48,bm554496,bm,,g
661428667989,2460516.498353,3.880886224409879,0.05328025393964156,14.927738345395644,0.014922704802668258,17.836224896284214,1.43,bE591215,bE,,g
661428667989,2460517.2532195,2.7199141636929935,0.0363971580224124,15.313677625820535,0.014545359119537415,18.249971925902617,2.17,bm554862,bm,,g
661428667989,2460517.883254,2.691227568677815,0.05441948522718848,15.325189564752879,0.021979417521514034,17.813254538140114,2.07,bA567229,bA,,g
661428667989,2460518.7147415,3.5572166436619312,0.052776081333023146,15.022289833170898,0.016126458279951794,17.846547760535866,1.49,bq651584,bq,,g
661428667989,2460518.9211429,2.825771931281115,0.05531157227598835,15.272222854989852,0.021276053296266462,17.795600601904567,2.03,bA567599,bA,,g
661428667989,2460520.6815338,2.4345796329115705,0.046562944633078,15.43400566104124,0.020788761910315593,17.982539518384673,1.50,bE593046,bE,,g
661428667989,2460520.8020784,3.9491415403433496,0.041027724000731056,14.908808873602746,0.011292416774413819,18.1199470482072,1.98,bA568173,bA,,g
661428667989,2460525.2221901,3.2157030862243827,0.0360612742833266,15.131875766157748,0.012189258838106043,18.260037938557264,1.61,bm556437,bm,,g
661428667989,2460525.8655241,3.0539847281313754,0.04829266349887944,15.187898469840144,0.017188044543489996,17.94293771437504,1.41,bq653071,bq,,g
661428667989,2460527.755748,2.7151815543570397,0.06273122790157934,15.315568435794905,0.025112912679782835,17.658931140181302,1.60,bq653279,bq,,g
661428667989,2460528.7432668,2.7257807303763513,0.04513202892878101,15.31133832975871,0.01799724850820423,18.01642846683043,1.39,bi776318,bi,,g
661428667989,2460529.8773808,2.758894805599376,0.03587167819538025,15.298227768527797,0.014132816692053997,18.265761374244576,2.18,bA570847,bA,,g
661428667989,2460530.5035413,2.583078640898769,0.07676824157609467,15.369721551498097,0.0323039877773707,17.439686629097434,1.46,bE595066,bE,,g
661428667989,2460530.8704328,2.846724217429391,0.043203151781034635,15.264202132365286,0.016496135207114033,18.063852034267086,2.03,bA571210,bA,,g
661428667989,2460531.5037732,2.6646404576041567,0.05335407288192052,15.335969078381007,0.021764121052373353,17.834721667194273,1.45,bi776947,bi,,g
661428667989,2460531.8649744,3.0652194915272175,0.03123004798041998,15.183911675924225,0.01107447751143926,18.41620898278987,2.15,bA571549,bA,,g
661428667989,2460532.5080997,2.648598100894061,0.05176275927456819,15.342525463992809,0.02124288647557065,17.867597064306654,1.43,bi777372,bi,,g
661428667989,2460533.496849,3.012820181294595,0.045276335861713,15.202632592801761,0.016334665059297846,18.012962429255143,1.49,bi777770,bi,,g
661428667989,2460533.8641387,4.437434722710075,0.05740661804854866,14.782235678828764,0.014061840179757864,17.755235705521898,2.07,bA571867,bA,,g
661428667989,2460535.8520857,2.763532332389193,0.05717750571191561,15.296404247168793,0.022489138991405307,17.759577596565588,2.28,bA572594,bA,,g
661428667989,2460536.836421,2.875538482734208,0.05632697922917591,15.253267662168543,0.021291656429094794,17.775849458956397,2.05,bA572932,bA,,g
661428667989,2460537.4828584,2.504849022624834,0.12156023666817684,15.403111736511526,0.052749962507587414,16.940661769077753,1.53,bi779431,bi,,g
661428667989,2460538.7339296,3.230593058680274,0.11957965979715311,15.126859983273548,0.04023344591007052,16.958497327635296,1.67,bq656388,bq,,g
661428667989,2460543.8361466,3.2739502138126935,0.09860433888856007,15.11238544500081,0.03273679262882876,17.167900547367555,2.04,bA575407,bA,,g
