# "asas_sn_id":661428920851,"ra_deg":273.14315,"dec_deg":50.4625,"name":"WISE J181234.3+502744"
asas_sn_id,jd,flux,flux_err,mag,mag_err,limit,fwhm,image_id,camera,quality,phot_filter
661428920851,2456221.7563603,780.2128162321488,0.6816001067623346,9.229248704493013,0.0009495738417131624,15.128532269216187,2.25,ba022783,ba,G,V
661428920851,2456224.7649567,760.4039288520014,0.6513764946980527,9.257170524241472,0.0009311076681159877,15.17777618682416,2.54,ba023667,ba,G,V
661428920851,2456236.6932645,692.3255990172198,0.4826440416098437,9.359005429213733,0.0007577548619479885,15.503289021028568,3.03,ba025644,ba,G,V
661428920851,2456239.7380655,788.5894185250478,0.6965854979955883,9.217654041235397,0.0009601424165839923,15.10492032175229,2.15,ba024832,ba,G,V
661428920851,2456243.7194225,772.2421873050332,0.664350550951304,9.24039759630948,0.0009350954609169379,15.156363144915623,2.14,ba023922,ba,G,V
661428920851,2456247.7234041,711.5998794278337,0.5347945362566299,9.329191739952389,0.0008168894146553176,15.391888989599781,2.27,ba029160,ba,G,V
661428920851,2456338.1465228,699.3815118492464,0.4970835551355391,9.347996035641902,0.0007725514657589515,15.471282904316805,2.26,ba040367,ba,G,V
661428920851,2456350.1372051,683.2547613764493,0.4607111582776816,9.373324737442372,0.0007329228077665843,15.553784566541339,2.11,ba041783,ba,G,V
661428920851,2456356.1082078,713.8930431644263,0.5362090914496985,9.325698529988983,0.0008164191744796465,15.389020960696662,2.07,ba043252,ba,G,V
661428920851,2456365.1153534,724.7831312648149,0.5611750132058063,9.309261212174087,0.0008415935941784872,15.33961058003678,1.69,ba044761,ba,G,V
661428920851,2456380.9700702,619.5196695365815,0.2436526541089659,9.479643655438203,0.00042749222413050546,16.24542852739207,2.16,ba046320,ba,G,V
661428920851,2456388.9926952,579.4156814398746,0.2820282958319202,9.552305792334488,0.0005290717964478998,16.086624685758146,2.27,ba047649,ba,B,V
661428920851,2456389.9830786,685.6654513743631,0.46078268336022565,9.36950073646634,0.00073045935416308,15.553616019843977,2.17,ba047927,ba,G,V
661428920851,2456394.029293,696.3377826710347,0.48937136486727706,9.352731503895395,0.0007638898963007434,15.488260010172898,2.37,ba049009,ba,G,V
661428920851,2456398.0606794,637.5804965882654,0.29696872330420226,9.448443845410262,0.000506276607072091,16.030579613916466,2.30,ba049861,ba,B,V
661428920851,2456401.0700399,675.2671540830493,0.429109791409301,9.386092340624534,0.0006907246761436488,15.63093533277923,2.39,ba050692,ba,G,V
661428920851,2456404.0767918,485.40136323447155,0.5667500768887654,9.744528925266914,0.0012691202351914795,15.328877424382963,2.05,ba051425,ba,G,V
661428920851,2456406.0129936,605.5418518432512,0.12240711816592384,9.504420992894243,0.00021972257572740745,16.992839710053907,2.05,ba051749,ba,G,V
661428920851,2456409.0035918,662.5478718069633,0.41076366906151646,9.406738246257191,0.0006738867755506036,15.678376332555787,2.20,ba052372,ba,G,V
661428920851,2456412.0131226,703.7588361623909,0.5124283000743765,9.341221752639438,0.0007914462370757587,15.438273626969439,2.13,ba053176,ba,G,V
661428920851,2456415.0076599,676.7874054628976,0.4348011523259646,9.383650734037902,0.0006983137457428726,15.616629677679567,2.35,ba053667,ba,G,V
661428920851,2456435.9671221,670.087720970204,0.42047171694405744,9.394452255079916,0.0006820517085098405,15.65301442299867,2.45,ba054849,ba,G,V
661428920851,2456443.9556686,666.8224532026387,0.4022265382111912,9.39975586717209,0.0006556509260079572,15.701179590665248,2.67,ba055917,ba,G,V
661428920851,2456448.955315,677.1681492937348,0.4372054426194959,9.383040097490309,0.0007017803594140499,15.610642494443773,2.09,ba056846,ba,G,V
661428920851,2456450.9357765,633.7887143435079,0.27297574754840165,9.454920150538342,0.00046815723025565566,16.12204623371036,2.30,ba057429,ba,G,V
661428920851,2456452.9334441,525.1440162589336,0.4670975056303377,9.659085351290216,0.000966810368801072,15.538837523433685,2.05,ba058036,ba,B,V
661428920851,2456457.9075792,576.687136326115,0.28364181341689254,9.557430744322039,0.0005346162581248537,16.080430760424147,2.16,ba059101,ba,G,V
661428920851,2456460.9202207,551.1017697315053,0.384999477505837,9.606701890365612,0.0007593473944839769,15.748706043389367,2.03,ba059877,ba,G,V
661428920851,2456462.9209005,584.2621984094612,0.2528047660893297,9.54326193327861,0.0004703158786852682,16.205393250240625,2.02,ba060528,ba,G,V
661428920851,2456464.9085073,615.1466929546165,0.18768817531192844,9.487334670590808,0.00033164266108420576,16.528764113276292,1.72,ba061188,ba,G,V
661428920851,2456468.9448997,571.7877669188033,0.32676568253686095,9.56669425543571,0.0006211746914907618,15.926765293819924,2.04,ba062366,ba,G,V
661428920851,2456471.9127632,643.3510783328189,0.31821304515309856,9.438661321455745,0.0005376282971778839,15.955561444700683,2.44,ba063219,ba,G,V
661428920851,2456474.9311547,538.9827335294981,0.42358867766774816,9.630844272871904,0.0008542434610303052,15.644995535934267,1.99,ba063927,ba,G,V
661428920851,2456477.8997247,517.0052697703376,0.4867656571580021,9.676043979951793,0.0010233804886390346,15.494056569170262,1.79,ba064834,ba,G,V
661428920851,2456481.8899427,432.06028178066106,0.6842978153603998,9.870920543160999,0.0017215236034943452,15.124243509923334,2.09,ba066148,ba,B,V
661428920851,2456482.8780841,626.2317942527958,0.23335440620890877,9.467943621282744,0.00040503547733148845,16.292316379508208,2.33,ba066474,ba,G,V
661428920851,2456485.8809319,618.7806636649048,0.18660747487877427,9.480939569691234,0.00032779662283467494,16.53503380327526,2.16,ba067289,ba,G,V
661428920851,2456488.8704525,616.7961544621792,0.17242314526157954,9.484427261126104,0.00030385478392657415,16.620867486116765,2.00,ba068343,ba,G,V
661428920851,2456491.8573683,570.3886384635389,0.31584139980285225,9.569354238905246,0.0006018806234915417,15.963683754230987,1.80,ba069403,ba,G,V
661428920851,2456493.8707687,548.2723329240148,0.4009946726169945,9.612290577158255,0.0007949767814457567,15.704509886493142,2.23,ba070030,ba,G,V
661428920851,2456497.8948764,586.0461989244991,0.2554281451409961,9.539951770840691,0.00047374983184986653,16.194184519561542,1.99,ba071063,ba,B,V
661428920851,2456509.871195,531.1258226320136,0.4475396110534336,9.646787862633772,0.0009158961553789125,15.58527769342641,2.15,ba072932,ba,G,V
661428920851,2456513.8602876,556.7912678763264,0.3638973293938255,9.595550365412235,0.0007103929214563905,15.80990922279174,2.19,ba073958,ba,G,V
661428920851,2456517.8413832,427.94564611596456,0.694075808561423,9.881309873870336,0.0017629113265771226,15.108839124449513,1.84,ba074754,ba,B,V
661428920851,2456519.7882371,627.784695930175,0.24499799339133718,9.465254593748252,0.00042419346705344606,16.239450075241514,1.69,ba075443,ba,G,V
661428920851,2456522.8172946,533.8918153573912,0.44339736519437384,9.641148246745542,0.000902717824017115,15.595373623495227,2.00,ba076355,ba,G,V
661428920851,2456523.8218614,524.6476502826201,0.474933908076676,9.66011207415082,0.000983960394182474,15.520773450428928,2.10,ba076507,ba,G,V
661428920851,2456524.82125,558.1079110910282,0.3762905819601764,9.592985957977945,0.0007328537976303943,15.773548022032953,1.71,ba076850,ba,G,V
661428920851,2456528.7857256,612.5132293366553,0.13797069664368133,9.49199272145266,0.0002448406684834454,16.862889250813556,1.75,ba077935,ba,G,V
661428920851,2456534.7900867,595.9124783149075,0.17091680299644113,9.521825205569186,0.0003117557367100637,16.63039449185005,1.99,ba079291,ba,G,V
661428920851,2456536.7999472,616.6276349206871,0.1692091125060636,9.484723943856114,0.0002982723088624027,16.641297024630205,1.82,ba080038,ba,G,V
661428920851,2456548.7228821,583.6202945120627,0.26275043471553755,9.544455440974435,0.0004893563525624488,16.1634977855951,1.76,ba082389,ba,G,V
661428920851,2456556.7971676,552.2805761158727,0.3960506294094189,9.604381981475157,0.0007794766522535373,15.717979624143199,1.72,ba084007,ba,G,V
661428920851,2456563.7515314,483.2173159142181,0.575633368454672,9.749425182830896,0.001294838623050386,15.311991490471677,1.79,ba085135,ba,B,V
661428920851,2456572.7128328,399.29621332807653,0.744138572450679,9.956543425415562,0.002025679802123077,15.033221851697691,1.79,ba087453,ba,B,V
661428920851,2456574.7055869,640.8619757865665,0.3118910580192054,9.442870143547019,0.0005289938120763117,15.977349084618211,2.11,ba087995,ba,B,V
661428920851,2456730.0279373,622.4344371799809,0.25503696513364177,9.474547372810413,0.00044537075068102136,16.195848564257847,2.06,ba110484,ba,G,V
661428920851,2456731.0487588,632.6240883329749,0.31444064099489616,9.456917093365242,0.0005402628697397006,15.968509711365828,1.78,ba110693,ba,G,V
661428920851,2456737.0031672,628.7519550441642,0.27408635082483923,9.46358303335873,0.0004738274675071381,16.117637871857113,1.79,ba112117,ba,B,V
661428920851,2456741.0558241,687.1394486068102,0.46771616107214237,9.36716919936882,0.0007398602025119069,15.537400452638883,2.26,ba112769,ba,G,V
661428920851,2456742.0491836,630.1562113891835,0.25794062239255877,9.46116085098269,0.00044492180932877596,16.183557035117147,1.77,ba113118,ba,G,V
661428920851,2456751.0405566,648.470452458387,0.3378023452441324,9.430055923885497,0.00056621926385373,15.890699742674654,1.63,ba113758,ba,G,V
661428920851,2456755.9676508,539.0968746959836,0.43163335749417747,9.630614369261032,0.0008702827171703304,15.624568892529247,2.55,ba114669,ba,B,V
661428920851,2456758.0381311,569.687950278637,0.3237913780842842,9.570688820518262,0.0006177893527842291,15.936693193228615,1.70,ba115404,ba,G,V
661428920851,2456759.0300424,664.8407710830219,0.4012724204931707,9.402987293215242,0.0006560453170442408,15.703758114571801,2.10,ba115720,ba,G,V
661428920851,2456760.0388839,677.8528905084348,0.44601082440520723,9.38194277373055,0.0007151911294349693,15.588992896434672,2.82,ba115946,ba,G,V
661428920851,2456764.9862152,601.1371553359139,0.20310050162314838,9.512347474885463,0.00036723967708236077,16.443078903580776,2.04,ba116359,ba,B,V
661428920851,2456778.0874125,617.7832031579297,0.17842465045428418,9.482691164168774,0.0003139286346066781,16.58371925713163,1.79,ba117967,ba,G,V
661428920851,2456783.9985277,655.4101348857091,0.36270876172664135,9.418498522570511,0.0006015296881538863,15.813461276964812,2.04,ba118875,ba,B,V
661428920851,2456785.9933846,723.4697144686284,0.5588158357225808,9.31123051548008,0.0008395769787487084,15.344184632044168,2.14,ba119535,ba,G,V
661428920851,2456787.9513299,626.2515679669249,0.24426087802110552,9.467909338931406,0.0004239525582869106,16.242721608970722,1.73,ba119908,ba,G,V
661428920851,2456788.9823642,676.5978137060544,0.44235872826998224,9.383954929226322,0.0007106506921853249,15.597919891565148,2.30,ba120268,ba,G,V
661428920851,2456793.0413237,616.7404061816065,0.2222495582437464,9.484525398349668,0.0003916973889911569,16.345254127642114,2.09,ba120557,ba,B,V
661428920851,2456795.0446011,643.2594163117255,0.3325420072355722,9.438816023714875,0.0005619174696103668,15.90774010899052,1.69,ba120830,ba,G,V
661428920851,2456799.0275563,622.6135113413859,0.21439723191250828,9.474235051823987,0.000374293948372635,16.38430845899922,1.84,ba122178,ba,B,V
661428920851,2456801.0913225,612.1197596649207,0.13022503255961626,9.49269040685982,0.00023124388030187188,16.925620206953024,2.11,ba122787,ba,G,V
661428920851,2456801.9717485,634.7282632827419,0.27690132728482264,9.453311811818404,0.00047418670473853937,16.106543799987502,2.13,ba123063,ba,G,V
661428920851,2456802.957989,653.9202700212204,0.3569777301080156,9.420969405268501,0.0005933739779070422,15.830753584439016,2.10,ba123416,ba,G,V
661428920851,2456803.9772409,563.0051912601211,0.34256213433537225,9.583500406175347,0.0006613618343079802,15.875508004094218,2.02,ba123660,ba,B,V
661428920851,2456804.9738871,684.1372926245474,0.4560721710331204,9.371923242884709,0.0007246069261718056,15.564772461350637,2.11,ba123987,ba,G,V
661428920851,2456806.0273699,699.3700871541764,0.4974465378374665,9.348013771750407,0.0007731282313190888,15.470490362227897,2.29,ba124341,ba,G,V
661428920851,2456808.0049793,693.6328274369102,0.482045070987214,9.356957307687235,0.0007553881721802038,15.50463727750965,2.54,ba124778,ba,G,V
661428920851,2456809.017461,653.3418683872521,0.35428385005754987,9.421930179113957,0.0005894175163111524,15.838978004734692,2.25,ba125086,ba,G,V
661428920851,2456810.0342059,702.076629151505,0.5050597960583225,9.343820113503696,0.0007819346441673988,15.453999396099025,2.26,ba125385,ba,G,V
661428920851,2456811.0351617,701.4101357136528,0.5031098162054125,9.344851311129812,0.0007796558219379661,15.458199416292535,2.36,ba125710,ba,G,V
661428920851,2456811.9753553,644.8353366339863,0.3214981942390396,9.436159333126717,0.0005419283638821906,15.94441004877069,1.62,ba125986,ba,G,V
661428920851,2456812.9444602,575.2343752745502,0.2911885529089216,9.560169326926703,0.0005502266732391772,16.051920648274695,1.70,ba126290,ba,G,V
661428920851,2456814.9346398,652.0861304335366,0.35174882846100797,9.424018996853116,0.0005863269670458979,15.846774744570375,1.65,ba126874,ba,G,V
661428920851,2456815.9600363,645.1144747276508,0.32325076076941917,9.435689438350224,0.0005446467818347895,15.938507504516885,1.66,ba127211,ba,G,V
661428920851,2456816.856967,664.866265078502,0.40127932076450507,9.402945660354549,0.0006560314421916526,15.703739444437465,1.74,ba127493,ba,G,V
661428920851,2456817.8472267,583.5839391224503,0.2599533320407923,9.544523076717377,0.0004841770834791072,16.1751179223684,1.67,ba127841,ba,G,V
661428920851,2456818.9346213,641.8708133857153,0.3175410715205665,9.441162333875043,0.0005377302276585998,15.957856628810525,1.78,ba128192,ba,G,V
661428920851,2456819.9332718,638.2231356859486,0.3079300989729227,9.447350046056961,0.0005244351240239178,15.991226039728703,1.82,ba128455,ba,G,V
661428920851,2456820.9418156,597.6907453255675,0.19496506704251648,9.518590076398215,0.0003545622092872396,16.48746438513915,1.75,ba128781,ba,B,V
661428920851,2456822.993287,595.3459641819437,0.19774343049897558,9.522857869731878,0.0003610312731476628,16.472101233359314,2.03,ba129482,ba,G,V
661428920851,2456826.9179753,641.5658374978766,0.3085505937657238,9.44167832875334,0.0005227539569253399,15.989040427439974,1.62,ba130681,ba,G,V
661428920851,2456828.0383377,644.3310368416522,0.32136298261548485,9.43700877596324,0.000542124420254001,15.94486676994922,1.75,ba131106,ba,G,V
661428920851,2456829.9253714,636.4369692391372,0.2854451362944059,9.450392907194423,0.00048750538936297833,16.07354977504428,1.69,ba131655,ba,G,V
661428920851,2456832.9277089,680.6061626821258,0.4450202514361643,9.377541711561374,0.0007107159633969471,15.591406956747898,1.73,ba132317,ba,G,V
661428920851,2456834.9288405,665.2711806021491,0.39650168423911164,9.402284628731238,0.0006478261859685006,15.71674380259964,2.20,ba132698,ba,G,V
661428920851,2456846.8917414,659.0134889999732,0.3781176642706048,9.412545644442057,0.0006236556125541119,15.768288977472036,2.09,ba133267,ba,B,V
661428920851,2456847.9060678,626.312184965929,0.2435162502189173,9.467804251952257,0.00042261923475001397,16.246036524513602,2.02,ba133627,ba,B,V
661428920851,2456848.8927882,672.2897516067712,0.4276112664067773,9.39089017723007,0.0006913609104989575,15.63473354572941,2.00,ba133947,ba,B,V
661428920851,2456849.8799676,657.1944501087823,0.40137276053941634,9.415546686421466,0.0006638442239500689,15.703486655092227,2.11,ba134249,ba,G,V
661428920851,2456851.8995735,533.2958535439637,0.6180228270064,9.642360887040423,0.0012596459131158089,15.234845102962053,1.79,ba134951,ba,B,V
661428920851,2456853.9987659,644.9838576698953,0.3378542524433957,9.435909290845942,0.0005693675566041816,15.890532919688447,2.20,ba135298,ba,B,V
661428920851,2456854.9723903,646.436274922766,0.3365659853501186,9.433467107050076,0.0005659221286979547,15.894680837699822,1.87,ba135506,ba,G,V
661428920851,2456855.9597999,637.732799409811,0.294349602738769,9.448184519817493,0.0005016916499579762,16.040197758640915,1.71,ba135844,ba,G,V
661428920851,2456857.892013,633.5568353472738,0.2740504296973542,9.455317452480509,0.0004701723432305354,16.117780175275048,1.82,ba136443,ba,G,V
661428920851,2456862.8870778,680.0556087423905,0.443845031887233,9.3784203375215,0.0007094129448377091,15.594277986093438,2.04,ba137187,ba,G,V
661428920851,2456863.872792,651.0549194732092,0.3454677332258698,9.425737342396989,0.0005767691702324129,15.866337667703537,1.81,ba137520,ba,G,V
661428920851,2456864.8817515,667.1204208863257,0.40350118847185773,9.399270817454157,0.0006574349017172556,15.697744348101054,1.81,ba137880,ba,G,V
661428920851,2456865.8747367,639.5767769293604,0.298374262955791,9.445049689261669,0.0005070850955470566,16.025452995622558,1.70,ba138143,ba,G,V
661428920851,2456866.8800005,655.265607203864,0.36261584899072796,9.418737969952295,0.0006015082397324991,15.813739438550193,1.70,ba138483,ba,G,V
661428920851,2456868.8657583,631.915688478901,0.26336213765021477,9.458133560357545,0.0004530085236325282,16.160973047138377,1.69,ba139090,ba,G,V
661428920851,2456873.855348,657.5230423223096,0.3717055222257761,9.415003962266185,0.0006144693273756134,15.78685886062846,2.12,ba139942,ba,G,V
661428920851,2456874.8594959,701.7817556560661,0.5069567554275128,9.344276220527018,0.000785201306689001,15.449929107178942,2.33,ba140268,ba,G,V
661428920851,2456875.86118,636.9109618542718,0.290263305835576,9.449584595570801,0.0004953653056637574,16.055376050742428,2.08,ba140590,ba,G,V
661428920851,2456876.850856,623.7781135504707,0.22614345413244433,9.472206072929595,0.0003940633648057381,16.326396340349195,1.80,ba140925,ba,B,V
661428920851,2456881.8850798,636.5012067028521,0.29923743858532564,9.450283326161449,0.0005110093775056699,16.022316572151073,1.79,ba141316,ba,G,V
661428920851,2456883.8246531,637.2758380530676,0.2915854458701944,9.448962772600819,0.0004973367623682408,16.050441786400302,1.83,ba141825,ba,G,V
661428920851,2456884.8385403,670.3855828696775,0.41361237394973727,9.393969739758392,0.000670626992621452,15.670872586246901,2.12,ba142090,ba,G,V
661428920851,2456886.8487854,707.4375086367455,0.5197407439420757,9.335561198099956,0.0007985660702809431,15.422889484361662,2.14,ba142782,ba,G,V
661428920851,2456887.8364482,676.8212828573063,0.43383200743815836,9.38359638758762,0.0006967223723127262,15.619052417629414,1.66,ba143043,ba,G,V
661428920851,2456888.8178426,652.3368919119001,0.352013652872327,9.423601554329474,0.0005865428438507883,15.845957623815943,1.69,ba143874,ba,G,V
661428920851,2456889.8201722,642.4873237826367,0.31140892200595244,9.440119995775433,0.0005268399020065925,15.979028765819514,1.70,ba143526,ba,G,V
661428920851,2456890.8287167,620.7778722624743,0.20021996006171217,9.477440834461799,0.00035057691502156,16.458587967654868,1.83,ba143344,ba,G,V
661428920851,2456891.8495131,597.8574665354282,0.15301442162487686,9.518287260914867,0.0002781934370898168,16.750525481062038,1.73,ba144306,ba,G,V
661428920851,2456892.8300852,617.5096346031119,0.17639442435885958,9.483172059516377,0.00031049405419967825,16.596144260117857,1.73,ba144656,ba,G,V
661428920851,2456894.8224806,673.9848113996107,0.4254116590615112,9.388156130536489,0.00068607477411922,15.640332923080035,2.01,ba145172,ba,G,V
661428920851,2456895.8629711,709.9394904110051,0.5268455509751936,9.331728068284361,0.0008066296005737098,15.408148101329807,2.44,ba145486,ba,G,V
661428920851,2456896.8197141,636.5467732528647,0.2859306419526531,9.450205602063262,0.0004882503361807652,16.071704645384578,1.71,ba145810,ba,G,V
661428920851,2456897.8097823,655.038462051189,0.3609217823760905,9.419114401231495,0.0005989057252652522,15.818823660125094,1.71,ba146176,ba,G,V
661428920851,2456900.8059278,653.8174742116445,0.3577078106208767,9.42114009565788,0.0005946810126177918,15.828535335780668,2.01,ba147018,ba,G,V
661428920851,2456902.7974314,672.3723426315476,0.422341233617766,9.390756802360226,0.0006827564567624455,15.64819768337497,1.79,ba147471,ba,G,V
661428920851,2456904.7990482,640.3331869487815,0.31141309996353606,9.443766377368616,0.0005286193295295194,15.97901419934739,2.05,ba148000,ba,B,V
661428920851,2456908.8096851,606.041961443546,0.12661710418198768,9.503524666739551,0.00022709200997653143,16.95612545194386,2.05,ba148926,ba,G,V
661428920851,2456909.8124106,606.7066603315526,0.1529849243448854,9.502334498047905,0.0002740829664760359,16.750734803502425,1.79,ba149225,ba,G,V
661428920851,2456910.8140162,615.9702971065229,0.1832699126223165,9.485881978463684,0.0003234026505809544,16.554628461694605,1.82,ba149585,ba,G,V
661428920851,2456911.7953069,672.9466451272384,0.4337589970435814,9.389829823620454,0.0007006159761899099,15.619235153569491,2.07,ba149886,ba,B,V
661428920851,2456912.7881808,664.9061192809797,0.39957428042432525,9.402880579817362,0.0006532048020495104,15.708362578608854,1.77,ba150254,ba,G,V
661428920851,2456913.788428,614.6168780099596,0.15308516031710592,9.488270198876746,0.00027073274317966617,16.75002366031396,1.85,ba150506,ba,G,V
661428920851,2456914.7892251,631.4385434942005,0.26034199870663055,9.45895368443095,0.00044815197978070745,16.173495806911124,1.85,ba150880,ba,G,V
661428920851,2456918.7719189,694.1369685529239,0.48429200032005626,9.356168467509818,0.0007583580359815383,15.499588155427467,2.03,ba152127,ba,G,V
661428920851,2456919.782985,690.201372669763,0.4737733943629863,9.362341857818299,0.0007461171496042915,15.523429722559033,1.77,ba152466,ba,G,V
661428920851,2456920.7742556,694.6580351431153,0.4868497656513997,9.355353745557188,0.0007617914155026396,15.493868980447864,1.82,ba152813,ba,G,V
661428920851,2456922.768284,638.4147373428503,0.2944077956691718,9.447024144935357,0.0005012548345693847,16.039983129757182,1.76,ba153259,ba,G,V
661428920851,2456923.7907579,674.1242349931492,0.42610251702659496,9.387931553386373,0.0006870468168470802,15.638571144613662,2.05,ba153520,ba,G,V
661428920851,2456927.7638848,627.7253192510755,0.2424796900698999,9.465357288923098,0.0004198729482908446,16.250667973031845,1.84,ba154152,ba,B,V
661428920851,2456928.7370638,564.9827213493537,0.34808545707128963,9.579693489116073,0.0006696731482027599,15.85814169632249,2.18,ba154267,ba,B,V
661428920851,2456930.7464534,649.3052750261468,0.3419170502003191,9.428659076661138,0.0005723794059644389,15.87755449849092,2.03,ba154708,ba,B,V
661428920851,2456931.7411582,663.759153944909,0.3932055190681708,9.404755095732543,0.0006439041944579216,15.725807381178338,1.78,ba154904,ba,B,V
661428920851,2456932.715198,671.3383548356128,0.4187862503421551,9.392427754610624,0.0006780521964003453,15.657375357641284,2.08,ba155258,ba,G,V
661428920851,2456933.7452329,543.208997985607,0.44198470543851504,9.62236401650924,0.0008844075850490086,15.598838290771305,1.78,ba155649,ba,B,V
661428920851,2456938.7418344,580.2155343912201,0.3050558691003075,9.550808024020526,0.000571481538772112,16.001407931211876,1.83,ba156679,ba,B,V
661428920851,2456940.7180436,683.4214244049925,0.4540145439663106,9.37305993135756,0.0007220933554406044,15.569681980349477,2.18,ba157301,ba,G,V
661428920851,2456942.7457875,648.6101934045663,0.3373574379491261,9.429821980366834,0.0005653516874460904,15.892130669219434,2.19,ba157577,ba,G,V
661428920851,2457039.1687978,564.7451828976916,0.3420264771016428,9.580150066491605,0.0006582931933753898,15.87720707580231,1.69,ba178867,ba,G,V
661428920851,2457044.1653023,618.2395536108396,0.18526141728251028,9.481889437455276,0.00032571695642206534,16.542893938283353,1.83,ba180830,ba,G,V
661428920851,2457047.1636661,605.9083520941863,0.0621006128039581,9.503764056930489,0.00011140408587859516,17.729616679223238,1.70,ba182068,ba,G,V
661428920851,2457050.1648286,621.6454667796105,0.20607073348998356,9.475924477030611,0.00036031780118476136,16.427315601350816,1.72,ba183244,ba,G,V
661428920851,2457054.1470395,599.124631828819,0.14686870492208845,9.515988466718554,0.00026645523848209266,16.795033230402346,1.73,ba184523,ba,G,V
661428920851,2457061.1469024,621.7850887185496,0.23307844754771545,9.475680647418976,0.00040744968516525173,16.29360110180862,1.69,ba185757,ba,G,V
661428920851,2457065.1348837,636.6508913651107,0.2902603951241105,9.450028025858986,0.0004955626918329303,16.05538693837652,2.05,ba186583,ba,G,V
661428920851,2457069.1195844,593.7536314389413,0.18811877148883574,9.525765707475438,0.00034438008410289715,16.526276058877784,1.74,ba187295,ba,G,V
661428920851,2457078.0918481,638.3868367565107,0.2947850569817183,9.44707159581158,0.0005019190900387125,16.03859273162244,2.02,ba189751,ba,G,V
661428920851,2457081.0967285,658.5625044512987,0.3750561663209618,9.413288903690614,0.0006190296945932381,15.777115618379565,1.62,ba190693,ba,G,V
661428920851,2457085.1050734,491.9838652645383,0.6236468307470969,9.729904254008542,0.0013778439453050035,15.225009594465565,2.04,ba191577,ba,B,V
661428920851,2457097.1509271,611.2985145009778,0.13213067677829768,9.494148053455808,0.0002349429901088791,16.90984724500691,1.73,ba193182,ba,G,V
661428920851,2457101.134428,594.4576359589398,0.18087793983169215,9.524479129396116,0.00033073249369846723,16.56889238660999,1.60,ba194463,ba,G,V
661428920851,2457106.0506141,593.2407181670139,0.1893629659096364,9.526704024568653,0.00034695749038823924,16.519118775828044,1.68,ba195906,ba,G,V
661428920851,2457111.02227,637.0027296595789,0.2900832697374187,9.449428171113652,0.0004949867358606179,16.0560496886148,1.65,ba197347,ba,G,V
661428920851,2457113.0191572,609.7010380005886,0.14368256348451172,9.496989068522204,0.00025615291709497776,16.818846224244734,1.69,ba198003,ba,G,V
661428920851,2457114.0098472,571.9209227976853,0.31776641180986637,9.566441442528836,0.0006039266268084403,15.957086418708604,1.80,ba198348,ba,G,V
661428920851,2457115.0071261,540.5566175056468,0.4299693056871834,9.627678433620046,0.0008645864759197913,15.628762759649373,2.02,ba198695,ba,G,V
661428920851,2457119.1048913,558.3538593876723,0.3764425356976632,9.59250759860811,0.000732826794974285,15.773109668325354,2.00,ba199635,ba,G,V
661428920851,2457122.0989076,598.1772363455403,0.1591374987777393,9.517706699719673,0.00028917105439598567,16.70792507414314,1.75,ba200420,ba,G,V
661428920851,2457124.9904734,629.3102550329411,0.25266235468216286,9.462619382204014,0.00043640317637183053,16.20600504562145,2.03,ba201057,ba,G,V
661428920851,2457132.0725269,619.8734701282123,0.1951045085132693,9.47902378090487,0.00034211839700986393,16.486688130495477,1.73,ba202723,ba,G,V
661428920851,2457136.0209543,621.7851230984189,0.20749036648551564,9.475680587386227,0.00036271856413292656,16.419861549241052,1.66,ba203674,ba,G,V
661428920851,2457138.946338,592.9352027796858,0.20609651087083733,9.527263316185708,0.00037781185119139155,16.42717979514071,1.63,ba204642,ba,G,V
661428920851,2457144.9250805,568.919454412811,0.3290375038086149,9.572154442308523,0.000628646916338399,15.91924288916023,1.77,ba205218,ba,G,V
661428920851,2457149.0553562,584.8278213104254,0.25559431770590246,9.542211342991505,0.00047504564664413895,16.19347840744541,1.66,ba205806,ba,G,V
661428920851,2457152.0848866,500.9650243382205,0.5507492311510545,9.71026288958514,0.0011949745781819005,15.359971644812568,1.72,ba206644,ba,B,V
661428920851,2457154.0631353,450.21340820332534,0.6524994470132035,9.826235342104939,0.0015753385315478464,15.1759060238014,1.77,ba206991,ba,B,V
661428920851,2457156.1055581,608.7479949626058,0.1050749252960359,9.498687545051066,0.00018761766160526567,17.158608668896914,2.02,ba207585,ba,G,V
661428920851,2457157.0801869,662.0201408113145,0.38642488264036656,9.407603398779687,0.0006344626401146584,15.744693684427798,2.05,ba207839,ba,G,V
661428920851,2457161.9825221,601.340083837488,0.12287905256953958,9.511981020010392,0.0002221109005793171,16.98866175824349,1.73,ba208774,ba,G,V
661428920851,2457164.9861988,604.7177071340133,0.07522759208003045,9.505899690385956,0.00013521866626604165,17.521413491325298,1.76,ba209639,ba,G,V
661428920851,2457168.8603137,586.3609439844647,0.23772254004121074,9.539368816161252,0.00044067407270739295,16.272180488668393,1.62,ba210445,ba,G,V
661428920851,2457172.0341157,603.568467966271,0.09626987392834081,9.507965047044543,0.00017337083175667414,17.25363038598025,1.66,ba211012,ba,G,V
661428920851,2457173.8554687,589.5531148604252,0.25659823893511785,9.533474058837253,0.0004730890605901273,16.189222215093555,1.73,ba211411,ba,G,V
661428920851,2457177.9301538,572.507364031888,0.3150777646275915,9.565328711319731,0.0005982033640668975,15.966312004595276,1.63,ba212177,ba,G,V
661428920851,2457179.9607279,569.8883849173753,0.33361451486636984,9.570306890603629,0.0006363078846279899,15.904244049634714,1.77,ba212829,ba,B,V
661428920851,2457181.0209777,608.0549044643861,0.219081265056127,9.499924415096046,0.00039162879551703987,16.360843293575186,1.68,ba213146,ba,B,V
661428920851,2457181.9216679,609.3186915389152,0.09952481604379342,9.497670152510842,0.00017754116093249606,17.21752793484995,1.67,ba213405,ba,G,V
661428920851,2457185.0370568,567.418270637466,0.32239590536773416,9.57502311504047,0.000617587325004109,15.941382600294459,2.01,ba214192,ba,G,V
661428920851,2457188.9487976,617.2492203152565,0.17288279537818843,9.483630029465129,0.00030444118153253637,16.617976953350574,1.85,ba214827,ba,G,V
661428920851,2457191.9182727,606.9234312263986,0.054651997963382444,9.501946643440784,9.787782536643047e-05,17.868341284979515,1.67,ba215680,ba,G,V
661428920851,2457195.0152831,667.1462586805001,0.4043881409957798,9.399228767346754,0.0006588545187058148,15.695360365991375,2.09,ba216523,ba,G,V
661428920851,2457199.7605335,641.4292436320522,0.3092895902902547,9.441909514216505,0.0005241175712045706,15.986443135501997,2.15,ba217573,ba,G,V
661428920851,2457202.7669911,573.976098499708,0.30997807620560686,9.5625468847843,0.0005870151952468539,15.984028947152781,1.82,ba218494,ba,G,V
661428920851,2457205.0088696,559.8995783169473,0.3775835360272987,9.58950605349114,0.0007330187463614518,15.769823770504207,1.65,ba219187,ba,G,V
661428920851,2457210.9894191,601.3899478711787,0.13216067118358513,9.511890992846695,0.00023886814864286678,16.909600804764718,1.76,ba220644,ba,G,V
661428920851,2457212.9795216,573.2143463774996,0.2996888389355413,9.563988776116958,0.0005682843425535748,16.020679970738637,1.66,ba221060,ba,G,V
661428920851,2457216.8863064,629.9584292896014,0.25222887755221796,9.461501675826717,0.0004352062146949819,16.20786937559792,1.84,ba221716,ba,G,V
661428920851,2457222.8691308,641.5477483973492,0.3089543762501366,9.441708941773998,0.0005234528139547573,15.987620515549562,1.63,ba222665,ba,G,V
661428920851,2457226.9447688,597.8478824856751,0.1565766320777544,9.518304666122287,0.00028467440694321004,16.725539025504737,1.66,ba223168,ba,G,V
661428920851,2457230.828734,611.180321799111,0.1274124436081376,9.494357997533601,0.0002265972604008433,16.949326781165993,2.00,ba224250,ba,G,V
661428920851,2457237.9200228,573.3705632149487,0.30697582905593307,9.563692923143764,0.0005819436867105695,15.99459594131047,1.64,ba225952,ba,G,V
661428920851,2457240.9065227,625.1912584140385,0.22693448839417413,9.469749162087567,0.00039454793848736527,16.32260513654425,1.68,ba226463,ba,G,V
661428920851,2457242.8373662,566.0740706351187,0.32771644375053394,9.577598248969485,0.0006292701685066347,15.92361081012527,1.68,ba226995,ba,G,V
661428920851,2457244.8757719,594.6499833945476,0.18043519906633865,9.5241278767876,0.0003298162311497566,16.57155323597919,1.68,ba227711,ba,G,V
661428920851,2457246.8823415,605.3939721241372,0.060077295889023226,9.504686173529933,0.00010786597089148926,17.765580452149756,1.63,ba228400,ba,G,V
661428920851,2457248.8884433,630.8862546933622,0.25833935089677235,9.459903741002247,0.00044509392967450684,16.181879983589432,1.65,ba228925,ba,G,V
661428920851,2457251.7741109,630.6712191885402,0.25737723337099755,9.460273873699311,0.0004435874887706677,16.185931073179066,1.70,ba229308,ba,G,V
661428920851,2457256.8393912,560.0738842549239,0.3573025976823514,9.589168098574495,0.0006934306342489493,15.829765959558964,1.66,ba230057,ba,B,V
661428920851,2457263.8398836,457.3761895371518,0.6603125790658972,9.809097524510179,0.001569235742088761,15.162982466839752,1.93,ba231096,ba,B,V
661428920851,2457264.8313348,591.069375530815,0.22578161924248843,9.530685258819966,0.00041520473515320775,16.328134935294514,1.68,ba231494,ba,G,V
661428920851,2457270.8219068,463.768623781414,0.6154466030304021,9.794027996648738,0.001442451396326865,15.2393804463462,1.63,ba232617,ba,G,V
661428920851,2457275.8048524,466.70574891835986,0.6089849112288165,9.787173528037211,0.0014183243348405371,15.250840062961933,1.63,ba234246,ba,G,V
661428920851,2457288.7514332,552.7720495723065,0.38461974735782406,9.603416216500518,0.0007563062262350471,15.749777448026549,1.71,ba236294,ba,B,V
661428920851,2457289.7450915,360.49673235216477,0.8226639320770618,10.067528073264329,0.002480466106686333,14.924300251126422,1.70,ba236630,ba,B,V
661428920851,2457294.7464255,306.8958713157806,0.9156379586967271,10.242303789798097,0.003242984815958115,14.808046922446298,1.68,ba237299,ba,B,V
661428920851,2457296.7610382,609.1752613682862,0.09863144240005722,9.497925758752391,0.00017598890888063376,17.22731793279316,2.01,ba237660,ba,G,V
661428920851,2457297.7406426,626.2303370752533,0.23276593246187013,9.467946147683145,0.0004040149979155613,16.295057850064893,1.67,ba237981,ba,G,V
661428920851,2457303.7105838,589.2983335819446,0.21611071546018312,9.533943372020037,0.0003986146544133936,16.375665640862003,2.03,ba239270,ba,G,V
661428920851,2457304.7215745,621.7231097477952,0.20390308079727246,9.47578887800824,0.0003564831031698386,16.4387969245829,2.03,ba239691,ba,G,V
661428920851,2457308.7039518,648.9768414889398,0.342592493135796,9.429208405940612,0.0005738003591290985,15.875411787422964,2.06,ba240859,ba,G,V
661428920851,2457311.7023928,606.699396658525,0.05713523073895788,9.502347496883273,0.00010236290330075056,17.820096429662623,2.01,ba241982,ba,G,V
661428920851,2457413.176487,482.8754213358293,0.6264495158578021,9.750193654268784,0.0014101429824658468,15.220141198838348,1.77,ba272319,ba,G,V
661428920851,2457414.1730742,499.83358283549717,0.5465331772871168,9.712717824109697,0.0011885111801192307,15.368315066364422,1.66,ba272751,ba,G,V
661428920851,2457427.1554359,631.4837133534122,0.2608695041657898,9.458876019236177,0.0004490279050430023,16.17129811185793,2.40,ba277768,ba,G,V
661428920851,2457430.1511244,557.3036601610017,0.36153521844252906,9.594551666145708,0.0007051327518842429,15.816979868990275,1.68,ba279018,ba,G,V
661428920851,2457431.1438376,651.7572208673686,0.34840291743055857,9.424566775896201,0.0005810427735501068,15.857151936142358,2.12,ba279436,ba,G,V
661428920851,2457432.1441362,603.8904058238411,0.08826812329400541,9.507386079754614,0.00015887586779128303,17.347846661260995,2.05,ba279738,ba,G,V
661428920851,2457433.1444144,611.022753568333,0.11684038100324604,9.494637946974526,0.0002078489113413354,17.043373982454625,1.76,ba280877,ba,G,V
661428920851,2457434.1411997,619.591333052092,0.1922747148950923,9.479518069153722,0.00033730984307229063,16.502550953537643,2.00,ba280336,ba,G,V
661428920851,2457439.1198263,602.9282989299757,0.12915152624778758,9.509117233746023,0.00023283381124543836,16.934607536643334,2.92,ba282215,ba,G,V
661428920851,2457441.1126911,561.8166262820482,0.3685894635912206,9.58579493583074,0.000713116526910458,15.79599910261685,1.65,ba283047,ba,G,V
661428920851,2457442.1522263,557.6955113342681,0.38486630935409305,9.593788531904742,0.0007501099371398084,15.749081655574189,1.65,ba283467,ba,G,V
661428920851,2457444.1173445,599.4145096647702,0.16059412514621746,9.5154632759147,0.00029121555929351005,16.698032258992257,2.07,ba284218,ba,G,V
661428920851,2457447.0956246,536.2797353033254,0.4336691791452091,9.636302938644013,0.0008789807100999688,15.61945999880077,1.75,ba285376,ba,G,V
661428920851,2457451.1228604,600.9654516895922,0.1250559085685908,9.512657639534435,0.00022618660526737278,16.96959585406813,1.74,ba286960,ba,G,V
661428920851,2457453.1271909,568.4686020944035,0.3188762098434234,9.57301519815686,0.0006097163055967781,15.953301095249138,1.69,ba287788,ba,B,V
661428920851,2457455.0898114,664.945418116336,0.3963799915408568,9.402816409995147,0.0006479446359864328,15.717077083525215,2.23,ba288582,ba,B,V
661428920851,2457459.0642952,589.6466783527583,0.214608560348401,9.533301763570808,0.0003956100879655689,16.383238790679393,2.02,ba289806,ba,G,V
661428920851,2457460.0646644,641.8922346889715,0.3104618707372951,9.441126099953939,0.0005257246262104248,15.982335718508281,2.16,ba290213,ba,G,V
661428920851,2457463.0539225,612.9171425548785,0.14051207863796303,9.491276983977,0.0002491862433835916,16.84307224748085,1.69,ba291214,ba,G,V
661428920851,2457468.0435061,574.989669942416,0.3054131786198907,9.560631298563809,0.0005773509745996208,16.000136961201306,1.78,ba293001,ba,G,V
661428920851,2457473.0330838,569.1947049366252,0.33745959816613497,9.571629276247712,0.0006444260775247146,15.891801931083897,2.06,ba294464,ba,G,V
661428920851,2457478.0872811,561.921775790377,0.34533187887759004,9.58559174863303,0.0006679946463766356,15.866764714806108,1.82,ba295592,ba,G,V
661428920851,2457481.0727479,604.2494437918876,0.08289684406423597,9.506740756231197,0.00014911931854131186,17.416011401184768,1.99,ba296626,ba,B,V
661428920851,2457484.009196,553.434814116629,0.37583702247242473,9.60211521653257,0.0007381510744666098,15.774857496685005,1.70,ba297752,ba,G,V
661428920851,2457488.0710996,622.7245583196234,0.21246365629318534,9.47404142131038,0.0003708521749384514,16.394144766196142,2.10,ba298318,ba,G,V
661428920851,2457489.9804561,609.1752269884169,0.09832843193835519,9.497925820027811,0.00017544825467731903,17.230658610069135,1.73,ba299021,ba,G,V
661428920851,2457493.9702731,555.4463538305374,0.3748728285271605,9.598176103932483,0.0007335910353544387,15.777646485930397,1.72,ba300458,ba,G,V
661428920851,2457495.053741,585.7472553814414,0.23557716024313236,9.540505748734535,0.0004371546402420751,16.282023437952144,2.07,ba300905,ba,G,V
661428920851,2457495.9706936,620.7117015922556,0.20921020859179656,9.477556572674878,0.0003663575216318982,16.410899212465687,2.09,ba301158,ba,G,V
661428920851,2457500.0174842,495.6649972218594,0.5548460329558845,9.721810776863423,0.0012167361372353246,15.35192518052986,1.74,ba302111,ba,G,V
661428920851,2457503.0485109,587.1112449655498,0.24670208033038724,9.537980408224003,0.00045673530773109256,16.231924364377022,1.73,ba303116,ba,G,V
661428920851,2457506.0040415,573.9977049253379,0.3030386301009482,9.562506014725255,0.000573852146969756,16.00861140847472,1.74,ba304201,ba,G,V
661428920851,2457511.0433777,622.9693138992591,0.2131619731981786,9.473614767533762,0.0003719248954724759,16.390582064263175,2.01,ba305800,ba,G,V
661428920851,2457514.9159693,607.6986599929605,0.0760859760552177,9.50056070775066,0.00013609071951395152,17.50909485303476,1.81,ba307181,ba,G,V
661428920851,2457520.9371042,597.8714379854408,0.15397414182113467,9.51826188842608,0.0002799317495339921,16.743736913133194,1.79,ba307864,ba,G,V
661428920851,2457526.8900263,522.8467004919568,0.4759705488988068,9.663845475320745,0.000989504747365754,15.518406190691028,2.01,ba309201,ba,G,V
661428920851,2457529.0497605,644.833406072088,0.33304150414045014,9.436162583699332,0.0005613878430094898,15.9061104953768,1.80,ba309882,ba,G,V
661428920851,2457531.0146387,638.1231696040867,0.30343159882181187,9.447520120266597,0.0005168546935002055,16.007204380043834,2.34,ba310467,ba,G,V
661428920851,2457538.9096052,593.1690996097944,0.18992038245243045,9.526835107200364,0.00034802082315761026,16.51592745324568,1.63,ba312316,ba,G,V
661428920851,2457544.0271377,303.1696223913546,0.8982658546129529,10.255567197479312,0.0032205599005125313,14.828844165305426,1.70,ba313680,ba,B,V
661428920851,2457545.0703753,549.6066685484428,0.3884322777027555,9.609651420733684,0.0007682021010008565,15.739068115009346,1.62,ba314056,ba,G,V
661428920851,2457550.0109182,587.8779424997444,0.22328834457605182,9.53656349069319,0.00041284883275813535,16.34019125884223,1.85,ba315420,ba,G,V
661428920851,2457555.8597388,528.380986749358,0.4584039731961217,9.652413450567284,0.0009430036294871645,15.559235460667391,1.66,ba316372,ba,B,V
661428920851,2457559.9253848,542.7121030882255,0.4231602843311423,9.623357637163938,0.0008475153367271549,15.646094142997253,1.71,ba317544,ba,G,V
661428920851,2457567.9187557,572.3308366254256,0.3016081680861539,9.565663539765772,0.0005728067480061284,16.01374864661505,1.62,ba319636,ba,B,V
661428920851,2457574.9876187,590.4616055545433,0.20813465878617246,9.531802246755396,0.0003831465460910153,16.41649538024221,1.62,ba321134,ba,G,V
661428920851,2457577.9835943,566.7803389372884,0.3253169270031225,9.576244463065827,0.0006238843007525379,15.931589740599922,1.73,ba322128,ba,G,V
661428920851,2457581.9755031,526.3482901927276,0.4611595473084075,9.656598363275101,0.0009523359092239042,15.552728383196065,1.71,ba323102,ba,G,V
661428920851,2457582.9715537,551.7147363572707,0.38186217379618587,9.605494944109799,0.0007523228089823264,15.757589792422902,1.67,ba323327,ba,G,V
661428920851,2457586.9637039,590.0635422033328,0.22628055591865415,9.532534449384704,0.0004168315925436071,16.325738301101612,1.77,ba324198,ba,G,V
661428920851,2457592.9468404,526.014091415879,0.46777183262755184,9.657287957905524,0.0009666046070967172,15.537271226772251,1.67,ba325497,ba,B,V
661428920851,2457595.8926384,540.0675506400726,0.4195149703498617,9.628661194610238,0.0008443287000830701,15.655487735685693,1.68,ba325797,ba,G,V
661428920851,2457599.943054,604.5192855688599,0.07332165016880612,9.50625600346656,0.0001318360683243754,17.5492758172197,2.01,ba326965,ba,G,V
661428920851,2457602.9077703,561.6820687623358,0.3449179552049221,9.586055005507932,0.0006674787067727295,15.868066886712864,1.63,ba327909,ba,G,V
661428920851,2457605.8760536,541.5869028541052,0.41523351874321934,9.625611021264849,0.0008333672377675898,15.666625384552429,2.27,ba328804,ba,G,V
661428920851,2457607.8940801,547.7606811288348,0.39455515532429025,9.613304267277963,0.000782941006977211,15.722087087876373,1.62,ba329514,ba,G,V
661428920851,2457609.8867622,558.9637318251896,0.35583153756794456,9.591322330146099,0.0006919472380381547,15.834245300575136,1.73,ba330201,ba,B,V
661428920851,2457612.8822187,611.3548181486719,0.12639015042712967,9.49404805633124,0.00022471500053991483,16.95807331683752,1.79,ba331157,ba,G,V
661428920851,2457619.772891,552.6793561551304,0.3837482498263733,9.603598297049125,0.000754719093827839,15.752240374206387,1.78,ba333139,ba,G,V
661428920851,2457622.8645662,550.0433193361731,0.3907132313331551,9.608789168927718,0.0007720997237815433,15.732711097009414,1.69,ba334031,ba,G,V
661428920851,2457627.8414388,578.827468320094,0.2713026602939583,9.55340857344793,0.0005094682130886989,16.128721262891442,1.71,ba334856,ba,G,V
661428920851,2457636.8274836,586.8449781660764,0.2297193894784626,9.538472923197856,0.0004254871351951535,16.309362260193986,2.08,ba335999,ba,B,V
661428920851,2457638.8118958,565.3636503025648,0.33186485300159135,9.578961698610135,0.0006380365382759047,15.909953244244242,1.70,ba336760,ba,G,V
661428920851,2457650.7758664,562.637458887558,0.34567980509749197,9.584209797143616,0.0006678171043341803,15.86567137258277,1.77,ba338536,ba,B,V
661428920851,2457653.7697413,584.3236881282277,0.24385738295582055,9.54314767276132,0.00045362250095857626,16.24451662192406,1.72,ba339714,ba,B,V
661428920851,2457657.7557656,627.951700112807,0.24151425373525587,9.46496580306086,0.0004180504537902143,16.2549994758764,1.99,ba340439,ba,B,V
661428920851,2457660.7463831,496.3749944175589,0.5411147956164192,9.720256666547787,0.0011849272479870863,15.379132871325998,1.68,ba341182,ba,G,V
661428920851,2457662.7315194,570.6761864021853,0.31644332010752485,9.568807028602382,0.0006027238191243725,15.96161656252445,1.70,ba341748,ba,G,V
661428920851,2457667.7266062,502.5150804202535,0.52640219732213,9.706908655977081,0.0011386251353065595,15.409062160043634,1.65,ba342325,ba,B,V
661428920851,2457670.7173336,524.7815995431043,0.46701652985606,9.659834907181207,0.0009673103312482405,15.539025762399639,1.65,ba343532,ba,G,V
661428920851,2457674.7073511,636.8188502502707,0.2937402215972038,9.449741628722677,0.0005013715430011211,16.042447848260956,2.35,ba345005,ba,G,V
661428920851,2457780.1734442,481.66551439266044,0.5854951805117687,9.752917520955878,0.0013212650395089068,15.293548082328316,1.83,ba375737,ba,G,V
661428920851,2457781.1662536,496.0615293465779,0.5418233472741436,9.720942534872176,0.001187228571677222,15.377712106340372,1.69,ba376154,ba,G,V
661428920851,2457793.150517,605.3038995108533,0.06523734800407688,9.504847725143712,0.00011714803246980431,17.676115648662435,2.02,ba380050,ba,G,V
661428920851,2457795.1434386,470.7231159986416,0.6166776147689197,9.777867589735456,0.0014239830856013084,15.237210933827257,1.70,ba380876,ba,B,V
661428920851,2457799.1341369,524.2811873206203,0.4703019213098215,9.660870718793756,0.0009750449814281331,15.531414511278314,1.67,ba381938,ba,G,V
661428920851,2457804.1279451,594.6568937483016,0.18241828823878647,9.524115259655044,0.00033343723106582377,16.55968545339111,1.79,ba383776,ba,G,V
661428920851,2457809.1058743,493.0898392178349,0.5499566127845272,9.727466271019665,0.0012123124010990209,15.361535322539153,1.72,ba385461,ba,G,V
661428920851,2457817.0855402,568.7336708876577,0.3169628234104654,9.572509052860394,0.0006057752964003918,15.95983557673282,1.68,ba386619,ba,G,V
661428920851,2457818.0819018,548.1763337501634,0.393980544460048,9.61248069965484,0.0007812079724593819,15.723669453594384,1.61,ba387005,ba,G,V
661428920851,2457819.0783725,549.093853126913,0.3907413110364293,9.610664949532406,0.0007734903858881458,15.732633070332687,1.63,ba387241,ba,G,V
661428920851,2457820.0785876,557.5561141867829,0.3612424595467313,9.594059947838492,0.000704242743183089,15.817859417320268,1.62,ba387438,ba,G,V
661428920851,2457825.0615744,470.9840856536184,0.6150234074893811,9.777265822626724,0.001419376416647019,15.240127280864339,1.78,ba388168,ba,G,V
661428920851,2457827.0880942,525.144042704987,0.4718649301233392,9.659085296612954,0.0009766780568158807,15.52781214124925,1.72,ba388979,ba,G,V
661428920851,2457831.0926463,594.1998821440567,0.18931540026252372,9.524950001197048,0.0003463104170241416,16.51939153366191,1.78,ba390431,ba,G,V
661428920851,2457835.0858248,602.1634129504391,0.11742511198158413,9.510495493182757,0.00021196238187064283,17.03795393613398,1.77,ba391972,ba,B,V
661428920851,2457840.0829515,593.8559274181079,0.18497422167357067,9.52557866545034,0.0003385651760282094,16.544578372196284,1.71,ba393719,ba,G,V
661428920851,2457846.0068974,528.7512579430478,0.4540112799435252,9.65165287049979,0.0009333131869936828,15.569689786003496,1.80,ba395432,ba,G,V
661428920851,2457849.0016994,558.3054631099455,0.3611052958278881,9.592601710733227,0.0007030304775243905,15.818271749514032,1.88,ba396492,ba,G,V
661428920851,2457852.0064752,616.6387739983803,0.21550375184039372,9.48470433073789,0.00037987103373876124,16.378719305005877,1.82,ba397617,ba,G,V
661428920851,2457852.9883867,610.7996017697218,0.18030473459316304,9.495034541436143,0.00032086367869042825,16.57233856632341,1.71,ba397931,ba,G,V
661428920851,2457859.07602,525.5068296655638,0.46768539554021693,9.658335492917502,0.0009673588659696457,15.537471872772077,1.75,ba399492,ba,G,V
661428920851,2457869.0150497,567.9433041356677,0.32260241669427764,9.574018945212973,0.0006174116292968686,15.9406873524964,2.49,ba401264,ba,G,V
661428920851,2457876.9386789,573.0857127737494,0.2999285380185949,9.564232450816634,0.000568866529366264,16.01981191722123,1.60,ba402518,ba,G,V
661428920851,2457879.1176644,547.2400376754978,0.39800782025019144,9.61433674420688,0.0007905437580220589,15.712627380212956,1.67,ba403378,ba,G,V
661428920851,2457882.9063374,485.2743163939255,0.5791355634005929,9.74481313833244,0.001297194506989614,15.305405806700076,1.70,ba404448,ba,G,V
661428920851,2457889.0332321,524.5409933492475,0.47085655665660214,9.660332818618754,0.0009757113582174487,15.530134837854025,1.75,ba405813,ba,G,V
661428920851,2457894.0691076,551.909458648474,0.38101822891825826,9.605111811799755,0.000750395272873874,15.759992008758044,1.71,ba407412,ba,G,V
661428920851,2457897.9337044,568.2363264073684,0.3189152145149585,9.573458919513362,0.0006100401473635405,15.953168297025531,1.71,ba408572,ba,G,V
661428920851,2457902.9888339,412.6416588105758,0.7170689191982089,9.920848727887417,0.0018888610047409651,15.073454146805027,1.61,ba410088,ba,B,V
661428920851,2457905.937514,590.600743530705,0.20815159724605983,9.531546431067103,0.0003830874556378862,16.416407024218458,1.64,ba410802,ba,G,V
661428920851,2457908.9607122,417.69356905391373,0.7164462540696205,9.907636932573357,0.0018643953032373055,15.074397352888468,2.31,ba411795,ba,B,V
661428920851,2457909.9609499,607.6064769846151,0.09744765298963233,9.500725417709946,0.0001743255971709046,17.240427934502215,1.73,ba412017,ba,G,V
661428920851,2457914.9546107,483.9627243754237,0.5779685976822168,9.747751622417754,0.0012980890985392747,15.307595786482944,1.68,ba413600,ba,G,V
661428920851,2457920.9938255,501.2716663274236,0.5284078922496516,9.709598510954688,0.0011457986620852115,15.404933154747686,1.62,ba414532,ba,G,V
661428920851,2457925.8881359,602.7483308919657,0.10253116319477536,9.50944136346901,0.0001848979263885104,17.18521668272027,1.74,ba415407,ba,G,V
661428920851,2457928.7728101,627.3480424978393,0.2387517891845892,9.466010036491527,0.0004136664128221441,16.267489806596828,1.76,ba416297,ba,G,V
661428920851,2457931.8796737,588.8581945597705,0.21766362723028918,9.534754596814565,0.00040177907236263016,16.36789173831058,2.04,ba417277,ba,G,V
661428920851,2457937.7914545,594.1435150258344,0.19355555199244545,9.525053001426112,0.00035410042226558333,16.49534231058316,2.00,ba418483,ba,G,V
661428920851,2457940.8475422,618.5341097536377,0.1968828846485202,9.481372268818703,0.0003459843719415239,16.476836484055113,2.06,ba419441,ba,G,V
661428920851,2457949.8034906,532.0274214846149,0.44426966867209855,9.644946361878313,0.0009076633915343866,15.59323973379102,1.68,ba422016,ba,G,V
661428920851,2457955.7617074,608.4185509216985,0.08503214570279556,9.499275286034582,0.0001519122735312858,17.388398548151674,1.79,ba422827,ba,G,V
661428920851,2457960.9384082,552.1053974581339,0.38020328329586206,9.604726422308623,0.0007485245394588,15.76231673629395,1.68,ba423954,ba,G,V
661428920851,2457966.8483507,513.4612341538556,0.4984970410405902,9.683512253664246,0.001055278517217851,15.468199931709501,1.69,ba425068,ba,G,V
661428920851,2457975.8942255,573.3591649659322,0.30582135019345696,9.56371450711656,0.0005797666303975378,15.998686890237845,1.72,ba428023,ba,G,V
661428920851,2457978.8580143,526.7411463160232,0.4604540219229064,9.655788293168381,0.0009501697476844536,15.554390716802313,1.65,ba428809,ba,G,V
661428920851,2457981.8393012,528.3632414475248,0.4555491084073139,9.652449914862336,0.0009371622314209639,15.56601839122376,1.68,ba429863,ba,G,V
661428920851,2457984.8685512,532.575066358476,0.4428720060071134,9.643829329133908,0.0009038774918935182,15.596660820312483,1.71,ba430954,ba,G,V
661428920851,2457989.8537391,562.4046807255083,0.3429369028356015,9.584659088193119,0.0006627923199382235,15.874320840443863,1.65,ba431830,ba,G,V
661428920851,2457995.76312,537.8116229466708,0.4277957796689677,9.633205945095098,0.0008646064771451942,15.634265154141932,1.67,ba433211,ba,G,V
661428920851,2458000.8240385,585.2720065787701,0.3206181112264247,9.54138702349477,0.0005954461226027232,15.947386265322718,1.82,ba435010,ba,B,V
661428920851,2458001.8054887,551.955897918249,0.4007032315517972,9.605020458635625,0.0007890974486546395,15.705299281421908,1.72,ba435108,ba,B,V
661428920851,2458002.8171108,537.4652325392036,0.4471052087253292,9.63390546469781,0.0009042146228353166,15.586332070228675,1.83,ba435444,ba,G,V
661428920851,2458003.8060284,606.766242496487,0.08710061739129947,9.502227877597578,0.0001560313964261547,17.362303310156516,2.10,ba435753,ba,G,V
661428920851,2458008.7458478,606.6267168211824,0.04217726381234087,9.502477570949885,7.55734139277113e-05,18.149660388415427,2.17,ba436517,ba,B,V
661428920851,2458012.7862587,340.52599512519345,0.8419034233784481,10.12940572763576,0.002687349658516572,14.89920070500917,1.69,ba437715,ba,B,V
661428920851,2458013.7869965,563.1073788104687,0.3394681516373253,9.58330335887059,0.0006552695546706961,15.885358804403499,1.74,ba438073,ba,G,V
661428920851,2458017.770903,484.84967211444,0.5678418963183803,9.745763638893786,0.001273012003552093,15.326787812826216,1.64,ba439125,ba,G,V
661428920851,2458020.766144,552.034469142908,0.38069788130251014,9.604865914491123,0.0007495945779192089,15.760905244070688,1.68,ba440211,ba,G,V
661428920851,2458023.7171449,527.3149198906459,0.45967497249405914,9.65460625584645,0.0009475300060470302,15.556229246785486,1.75,ba441314,ba,G,V
661428920851,2458028.6121272,440.3066729068347,0.2255727624600456,9.79067745403055,0.000556856846306615,16.269423966109922,1.55,bq002248,bq,G,g
661428920851,2458029.7366779,498.2679764740634,0.5388932982975393,9.716123964271045,0.00117557943268006,15.383599436869545,1.88,ba443094,ba,G,V
661428920851,2458033.6861699,430.7312618921499,0.19107102554406613,9.814549638751355,0.0004821704754332616,16.449653524892717,1.63,bq002693,bq,G,g
661428920851,2458034.6806453,419.3621079822898,0.12435501285710318,9.84359265565731,0.00032231927888365646,16.915982369588566,1.65,bq003110,bq,G,g
661428920851,2458035.6293133,458.47373546016655,0.28610154571021107,9.746779468948898,0.0006782939063613571,16.01134010104645,1.52,bq003495,bq,G,g
661428920851,2458036.5670996,447.76470239465186,0.2505359127837953,9.772440985147409,0.0006081802403669434,16.15546564116425,1.56,bq003831,bq,G,g
661428920851,2458038.7119048,569.5565398392795,0.31356712139658477,9.570939297169348,0.0005984196541771985,15.971530095895709,1.92,ba445450,ba,G,V
661428920851,2458039.6262701,454.16148309839974,0.2722270386749983,9.757039873680009,0.0006515280711671661,16.06531246426873,1.54,bq006769,bq,G,g
661428920851,2458040.6290895,489.4313111873448,0.370369234940879,9.67583624794824,0.0008225367812980454,15.731053350342403,1.51,bq007175,bq,G,g
661428920851,2458041.6248804,424.3174859488628,0.14799792805579134,9.830838299201858,0.0003791201598595165,16.727001522958766,1.59,bq007522,bq,G,g
661428920851,2458042.6343618,391.5563969354965,0.19564260968965022,9.918079813488195,0.0005431018678192109,16.423981993265766,1.68,bq007644,bq,G,g
661428920851,2458043.6047162,432.45276521502296,0.18832600585657633,9.810218926171721,0.00047335153511414327,16.46536487220553,1.66,bq007950,bq,G,g
661428920851,2458044.6000796,382.142239263451,0.23565213087840303,9.944503011932076,0.000670283455222589,16.22196218341663,1.50,bq004047,bq,B,g
661428920851,2458045.6083087,300.76784157738723,0.4483299557286247,10.204487124365722,0.0016202369465914412,15.52364621702694,1.59,bq004420,bq,B,g
661428920851,2458046.6026308,441.115809594403,0.2252767250042908,9.788684064343979,0.0005551059384260016,16.27084980173271,1.54,bq004676,bq,G,g
661428920851,2458048.6032109,464.0011813182549,0.30269982147135743,9.733767906674412,0.0007090963521747783,15.950110199404461,1.59,bq005092,bq,G,g
661428920851,2458049.6209588,450.86967597202863,0.26123809055891245,9.764938054646088,0.0006297927347797583,16.11004935955294,1.57,bq005375,bq,G,g
661428920851,2458055.5717967,489.171551767829,0.37058515155223726,9.6764126415469,0.0008234533383710963,15.730420575928568,1.69,bq009272,bq,G,g
661428920851,2458057.5968986,353.9383772068721,0.32970859538807956,10.027746483945377,0.001012546056346565,15.857314938451193,1.54,bq010188,bq,B,g
661428920851,2458058.6073357,423.6829346153157,0.14762276610975178,9.832463193408259,0.0003787254932178345,16.729757264584247,1.63,bq010387,bq,G,g
661428920851,2458065.5490854,471.93569785545856,0.32548951391363623,9.71535854926138,0.0007496634637172197,15.871298107083355,1.65,bq013012,bq,G,g
661428920851,2458068.556047,471.53407970272093,0.32453656704882033,9.71628290615256,0.0007481052871490006,15.87448151674603,2.45,bq013729,bq,G,g
661428920851,2458069.5507931,456.83957918338376,0.2824934152728753,9.750656315249932,0.0006721354148607022,16.025119788522424,2.38,bq014188,bq,B,g
661428920851,2458071.5426168,479.35492029851275,0.34599036554628826,9.698422648508252,0.0007845470409592258,15.804980597468472,1.62,bq014872,bq,G,g
661428920851,2458072.5386962,464.0541243237423,0.3044189933866071,9.733644030139125,0.0007130422786028119,15.943961247555386,2.11,bq015310,bq,B,g
661428920851,2458074.5344105,391.79234091550694,0.20467356280729526,9.917425767807744,0.000567829537966774,16.374986237668153,1.63,bq015758,bq,G,g
661428920851,2458145.1734482,312.92636487317486,0.8983055248953383,10.221176016653338,0.003120283742135346,14.828796216793794,1.71,ba471203,ba,B,V
661428920851,2458146.0238913,443.70966034472934,0.23594887556248542,9.782318411834442,0.0005780044745710584,16.220595831414837,1.98,bq041092,bq,G,g
661428920851,2458147.0244175,438.3553398971775,0.21536161408641666,9.795499868902851,0.0005340158762943443,16.319719867705558,1.59,bq041562,bq,G,g
661428920851,2458149.0181829,424.1132382510264,0.1516408477160966,9.831361050484285,0.00038863914992793224,16.700600102460537,1.59,bq042489,bq,G,g
661428920851,2458152.0236663,228.1740146125143,0.5851212253256097,10.504400163104123,0.002787352157324846,15.234525980271549,1.66,bq043060,bq,B,g
661428920851,2458158.1659043,561.7974264472779,0.3511354556351711,9.58583204101946,0.0006793711675222639,15.848669683091956,2.10,ba473305,ba,G,V
661428920851,2458161.0209088,402.8087001062084,0.13647015906602683,9.887318516937057,0.0003682570147578302,16.815046367061846,2.01,bq046478,bq,B,g
661428920851,2458162.0113927,435.2259091468955,0.2010396788751376,9.803278769386212,0.0005020872735035563,16.394436156748533,1.57,bq046772,bq,G,g
661428920851,2458163.9984756,278.9241101170538,0.4896115840613644,10.2863504818463,0.0019079974986428681,15.428011400105706,2.13,bq047401,bq,B,g
661428920851,2458167.0077291,272.20712227270997,0.5034032214102365,10.312816911560763,0.002010150983588724,15.397850635476216,1.56,bq048236,bq,B,g
661428920851,2458170.0126691,439.6055791675018,0.220053089817366,9.792407633409262,0.0005440971462618661,16.296321934009462,1.50,bq048857,bq,G,g
661428920851,2458171.0019552,432.38614972293334,0.1879772821557448,9.81038618703488,0.0004725478207590847,16.467377196136237,2.08,bq049299,bq,G,g
661428920851,2458184.9327778,429.933571232805,0.18058451604767983,9.816562226796568,0.0004565531295457791,16.510939337353086,1.46,bq054208,bq,G,g
661428920851,2458185.9331893,330.52147196866906,0.38956591405867724,10.102066426762859,0.0012811307187131366,15.676188235688532,1.68,bq054377,bq,B,g
661428920851,2458186.9880935,272.27625122061573,0.5032854210052384,10.31254121608283,0.0020091703488844246,15.39810473621767,1.51,bq054776,bq,B,g
661428920851,2458190.9230903,435.7303650769586,0.20377704124133683,9.802021057272688,0.0005083345153575746,16.379752481008396,1.45,bq055639,bq,G,g
661428920851,2458193.9177172,443.39292926004924,0.2343488052889857,9.783093714317948,0.0005744948677817992,16.227983751874405,1.50,bq056240,bq,G,g
661428920851,2458196.9163727,458.29408576006495,0.2853170610679387,9.7472049903984,0.0006766991980202022,16.014321256728834,1.55,bq056851,bq,G,g
661428920851,2458198.9208744,397.68643936900514,0.16591136428734188,9.901213666489522,0.00045346891819821527,16.602950275099637,1.65,bq057602,bq,B,g
661428920851,2458199.9235588,419.78197631988195,0.11373487349359257,9.842506152631369,0.0002944977856763218,17.012906489220395,1.51,bq058015,bq,G,g
661428920851,2458207.878143,375.24321304468396,0.27119742025366633,9.964283507328393,0.0007855699833495669,16.069426726394575,1.77,bq059763,bq,G,g
661428920851,2458210.8758304,383.006422415984,0.23886792281822616,9.942050481117613,0.0006778973702418904,16.207246029013692,1.53,bq060734,bq,G,g
661428920851,2458211.8912533,406.33990409479964,0.12410925078583623,9.877841937883828,0.00033199141455314546,16.91813022668189,1.52,bq061108,bq,G,g
661428920851,2458216.845413,433.1712570598629,0.19181875312205307,9.808416543687317,0.0004813307469038046,16.44541295238351,1.55,bq062401,bq,B,g
661428920851,2458220.8454497,262.35011507698675,0.5212735139381052,10.35286247470001,0.002159715635796948,15.359976464301848,1.48,bq063690,bq,B,g
661428920851,2458223.8285522,439.5665760375333,0.21972332587238447,9.792503967466438,0.0005433299869797369,16.297950201048895,1.55,bq064281,bq,G,g
661428920851,2458225.0249839,471.0446471159104,0.6009522114451282,9.777126222272665,0.0013867240175284262,15.26525654948899,1.79,ba482628,ba,B,V
661428920851,2458228.8168408,344.91655037919423,0.3488426862199932,10.055780537451698,0.0010993291926147336,15.7960665562874,1.64,bq065452,bq,G,g
661428920851,2458231.8411928,401.0713637942868,0.1472697453511991,9.89201148534166,0.0003991205172315698,16.732356771772736,1.53,bq066231,bq,G,g
661428920851,2458232.8076871,386.2482991186614,0.22093277934135044,9.932899172332728,0.0006217356190797284,16.291990221368145,1.45,bq066571,bq,G,g
661428920851,2458236.7950362,357.3094384081243,0.3654371556611492,10.017454401434492,0.0011116815200889814,15.74560885654015,1.58,bq067398,bq,G,g
661428920851,2458237.8123141,331.43743944138413,0.39250346172621176,10.099061709505987,0.0012872239124449994,15.66803188293033,1.50,bq067721,bq,G,g
661428920851,2458238.7831278,313.17572121157485,0.49065961736615166,10.16059540670176,0.0017029598239189855,15.425689821883905,1.56,bq067957,bq,G,g
661428920851,2458243.7673077,330.31756118086764,0.38533832865972867,10.102736463854427,0.001268010117038272,15.688035088017347,1.60,bq068996,bq,G,g
661428920851,2458245.9162451,399.34849717565345,0.7421070526141839,9.956401268419912,0.0020198851538754917,15.03618999636187,1.60,ba486716,ba,B,V
661428920851,2458248.8363531,425.4903446493149,0.15596900306489989,9.827841348792996,0.0003984380073542435,16.670044870932074,1.57,bq070744,bq,G,g
661428920851,2458249.0986812,94.00329020113418,1.170308284701588,11.526923768092479,0.013532230837664638,14.541605695061719,1.66,ba487594,ba,B,V
661428920851,2458249.7526062,376.34556841819904,0.2556142347307966,9.961098606150268,0.0007382618072474707,16.13367802320262,1.58,bq071015,bq,G,g
661428920851,2458253.7537842,392.35687022216683,0.19450548415897392,9.915862468364033,0.0005388436409968063,16.43031098409503,1.48,bq072094,bq,G,g
661428920851,2458254.7451216,371.23535622557796,0.2729530295759774,9.975942293646545,0.0007991913233764901,16.062420813904573,1.50,bq072408,bq,G,g
661428920851,2458255.7333872,357.8943070983738,0.3140276612447976,10.015678646602176,0.0009537296560090214,15.910220849564302,1.51,bq072739,bq,B,g
661428920851,2458256.9077484,407.27176872990316,0.10173599570665402,9.875354855536138,0.00027152042571924146,17.133954011561613,1.47,bq072988,bq,G,g
661428920851,2458257.7938146,414.2420628296495,0.05647748093808469,9.856930132826632,0.0001481949124570038,17.772952317283913,1.50,bq073240,bq,G,g
661428920851,2458258.8637129,563.0491446008763,0.33936614850135777,9.583415646973444,0.0006551404116465236,15.885685094629345,2.02,ba489712,ba,G,V
661428920851,2458260.0424138,549.3017719987643,0.38999295944277707,9.61025390446931,0.0007717167726515623,15.734714476769359,1.68,ba490091,ba,B,V
661428920851,2458260.8689429,95.70033344797884,1.1719509690669532,11.507497777045494,0.013310922784592682,14.540082787486044,1.60,ba490317,ba,B,V
661428920851,2458261.9068434,394.3490246064255,0.18415288949493946,9.91036369486318,0.0005075863555980718,16.489694267327703,1.51,bq073928,bq,G,g
661428920851,2458262.7211768,330.17907154799514,0.3852061997837633,10.103191767343185,0.0012681069975340486,15.688407440556206,1.59,bq074073,bq,G,g
661428920851,2458265.8572238,519.595528470855,0.49474041493690346,9.670617892090291,0.0010349614096299034,15.476412921247586,1.63,ba491415,ba,B,V
661428920851,2458267.8395922,334.90657889724633,0.380567904293824,10.087756425045672,0.0012351527010870742,15.701560214727122,1.72,bq075765,bq,B,g
661428920851,2458270.6853007,368.120560561998,0.2874214920721643,9.985090435570946,0.0008486748602655531,16.006342512494996,1.53,bq076662,bq,G,g
661428920851,2458271.8014471,354.6046747351911,0.3266412104182184,10.025704480821085,0.00100124115452788,15.86746317078829,1.55,bq077065,bq,G,g
661428920851,2458272.9324167,468.9171943499384,0.6059039869376333,9.782041009946536,0.0014044937956745407,15.256346868107688,1.62,ba492763,ba,B,V
661428920851,2458274.8444393,594.0398702979443,0.18518566312358287,9.525242418034992,0.0003388472295029732,16.543337991096863,2.07,ba493154,ba,B,V
661428920851,2458276.0603946,554.8734000835701,0.37308733592462134,9.599296640029868,0.0007308508803998672,15.782830124675778,1.68,ba493417,ba,G,V
661428920851,2458276.8541203,274.8091391829433,0.9379611349045994,10.362203475190114,0.003709931102559452,14.781894285059137,2.25,ba493574,ba,B,V
661428920851,2458281.6706445,359.2384355302813,0.3099917831212001,10.011608631318929,0.000937949720919348,15.9242651558276,1.49,bq078475,bq,G,g
661428920851,2458282.8344046,402.11202006659215,0.13993968436710197,9.88919798385118,0.00037827357796403816,16.787788386368902,2.17,bq078936,bq,G,g
661428920851,2458284.9380938,507.279046034144,0.5131777245245853,9.696664095853835,0.0010995957330468965,15.436686901884705,1.68,ba495806,ba,G,V
661428920851,2458287.9070366,395.7683303235322,0.17596662537049013,9.90646302554982,0.00048328291174415844,16.539064848041516,1.53,bq080135,bq,G,g
661428920851,2458288.7860908,388.8310086641293,0.2088399597647885,9.925663392431577,0.0005838010632072715,16.35310660927395,1.49,bq080364,bq,G,g
661428920851,2458290.7717085,504.081982638304,0.5215275275941795,9.703528467609784,0.0011245745075394449,15.419163302246426,1.76,ba496985,ba,G,V
661428920851,2458292.8002665,410.91753639110937,0.07392319126224736,9.865678933064162,0.00019554116759278652,17.480688843696544,1.58,bq081681,bq,G,g
661428920851,2458294.8521986,348.83987664879817,0.3434981775969527,10.043500311657779,0.0010703122244261354,15.812829518227545,1.48,bq082374,bq,G,g
661428920851,2458296.8368403,357.48017514433917,0.3220025401474199,10.016935717178308,0.000979082996388497,15.88299236723633,1.51,bq083015,bq,G,g
661428920851,2458298.783531,548.7914953983611,0.40462041856462916,9.61126297325395,0.0008014060102523844,15.69473690615278,1.71,ba499269,ba,G,V
661428920851,2458301.8274435,373.2459426191544,0.2694551427383512,9.970077883752332,0.0007846998219467547,16.076424419385557,1.50,bq083899,bq,G,g
661428920851,2458304.7624233,396.14222737598925,0.1751444264501973,9.905437774420326,0.0004805707733743112,16.54414980769954,1.48,bq084384,bq,G,g
661428920851,2458308.9111736,574.9922881017028,0.2903390740191917,9.56062635478133,0.0005488524916790548,16.055092675188206,1.61,ba501330,ba,G,V
661428920851,2458311.9342597,528.0127783478337,0.45668270105781505,9.653170322146478,0.0009401178544077377,15.56331999109596,1.68,ba502380,ba,G,V
661428920851,2458313.8867028,555.208471580181,0.36854697133355413,9.598641194201253,0.000721520932341103,15.796124277226154,1.65,ba502938,ba,G,V
661428920851,2458316.830573,572.6478454675625,0.3002550875175236,9.565062326850084,0.0005699213367266785,16.018630456636394,2.29,ba503569,ba,G,V
661428920851,2458320.8550127,445.42267918339144,0.6623441139735617,9.837850589916929,0.0016163057876598874,15.15964719057854,1.66,ba504632,ba,B,V
661428920851,2458321.8595397,576.9982212522898,0.28649983521889844,9.556845218687913,0.0005397120006583244,16.069545452382155,1.68,ba504977,ba,G,V
661428920851,2458323.7032141,349.84930546082984,0.3403990308193861,10.04036308212009,0.0010575952010407439,15.822669824203345,1.51,bq087618,bq,G,g
661428920851,2458328.9047447,546.7868316583375,0.43684796688547856,9.615236287395415,0.0008684092577257849,15.61153059662189,1.98,ba507377,ba,B,V
661428920851,2458329.6902263,353.64474852458653,0.33467573740703604,10.028647588841238,0.00102865368978366,15.841080039034294,1.46,bq089019,bq,G,g
661428920851,2458331.7790742,384.16341425812493,0.23565855354789322,9.938775615960113,0.0006667751070912269,16.221932592214785,1.64,bq089395,bq,G,g
661428920851,2458333.8713997,504.9566065164347,0.5188576485289891,9.701646258033144,0.0011168795449841462,15.424735835945214,1.67,ba508676,ba,B,V
661428920851,2458336.7711978,586.3563476603833,0.23337891776728675,9.539377326985642,0.0004326255488079058,16.292202339712787,1.77,ba509489,ba,G,V
661428920851,2458338.751611,411.2378663523476,0.056617917617561,9.864832879257731,0.0001496487065930071,17.77025588104156,1.51,bq091424,bq,G,g
661428920851,2458343.8958862,513.8498853546602,0.4955496079111314,9.682690744596828,0.0010482455937350307,15.474638551549774,1.63,ba511295,ba,G,V
661428920851,2458345.7238035,393.9153732614788,0.18602506951419698,9.911558296609048,0.0005133111735174943,16.47871192269819,1.60,bq092142,bq,G,g
661428920851,2458348.818558,268.3951902257628,0.5085513944794806,10.328128800294007,0.0020595497795770144,15.386803487661314,1.58,bq092807,bq,B,g
661428920851,2458352.842088,246.11993153073774,0.9932582291998808,10.481914440523036,0.00438659519887375,14.719700963936106,2.26,ba513612,ba,B,V
661428920851,2458360.5012528,505.02174314596533,0.5265363979715934,9.701506213056813,0.0011332624376587219,15.4087853984067,1.69,ba514320,ba,G,V
661428920851,2458361.8212448,571.0904109366302,0.3069388875264583,9.568019234328624,0.0005841968612729128,15.994726606873535,2.03,ba514633,ba,G,V
661428920851,2458367.81309,541.9473625619826,0.41419516788639693,9.624888636782645,0.0008307303810440858,15.669343823703656,1.71,ba515682,ba,G,V
661428920851,2458370.7528049,540.0335410153968,0.4196924982229275,9.62872956873025,0.0008447391938112841,15.655028377423916,1.61,ba516346,ba,G,V
661428920851,2458372.7980195,571.4960669497726,0.30539058866415064,9.567248289726747,0.0005808374041801141,16.00021727089858,1.66,ba517152,ba,G,V
661428920851,2458374.7320396,362.85904189443517,0.29921310607429613,10.000720748509355,0.0008963029702644049,15.962689080213408,1.48,bq098477,bq,G,g
661428920851,2458377.7870087,510.1081654889937,0.5060212200574365,9.690625715771219,0.0010782479138567913,15.451934570151478,1.68,ba517964,ba,G,V
661428920851,2458385.7505374,493.99659505084975,0.5542374998825286,9.725471515789469,0.0012195065130513568,15.353116626325017,1.61,ba520389,ba,G,V
661428920851,2458389.6662074,368.912245666276,0.28633893668228566,9.982757943709506,0.0008436639832666579,16.010439591750668,1.46,bq100674,bq,G,g
661428920851,2458390.6656587,407.35342395725536,0.11777987498117616,9.875137194610017,0.0003142764874706012,16.974962888949822,1.53,bq101084,bq,G,g
661428920851,2458391.6609832,419.2408560215742,0.10995385383348556,9.843906624603797,0.00028507493198255457,17.04961447196402,1.48,bq101490,bq,G,g
661428920851,2458396.7317998,516.5154624152681,0.4887554935700509,9.677073086774731,0.001028538368992089,15.489627264016237,1.72,ba523038,ba,G,V
661428920851,2458400.7215471,600.6708479438979,0.12501257345447256,9.513190016859028,0.00022621912230443784,16.969972155011185,2.03,ba523633,ba,G,V
661428920851,2458405.6572458,371.8480333631542,0.2715878963295478,9.974151899970272,0.0007938840834274642,16.067864583599402,1.46,bq104316,bq,G,g
661428920851,2458418.6257703,341.0787529110477,0.3616704068377052,10.067928956282724,0.001152578412103004,15.756858174711459,1.57,bq106002,bq,G,g
661428920851,2458424.5995703,11.331764026355131,0.8512027463766338,13.764321816891483,0.08164839775559099,14.82755807096826,2.05,bq107815,bq,B,g
661428920851,2458425.6066717,452.2911332786177,0.2669862373078914,9.761520437495777,0.0006416275060551207,16.086418424466046,2.08,bq108266,bq,B,g
661428920851,2458427.5952545,351.2669836707309,0.33235207784622806,10.03597229365657,0.0010284264542981866,15.848644615684762,1.60,bq109072,bq,G,g
661428920851,2458431.5855417,387.7675138131605,0.21235062084429981,9.928637066863473,0.0005952429845200491,16.335006773780496,1.46,bq110825,bq,G,g
661428920851,2458437.5732545,358.37931494123603,0.31424033960006686,10.014208284888817,0.0009530839875002796,15.909485772817458,1.62,bq111655,bq,G,g
661428920851,2458439.5606361,283.66691211233467,0.486096883585528,10.268043919425265,0.0018626288624071837,15.435833519494086,2.05,bq112547,bq,B,g
661428920851,2458442.5559525,368.4890759668602,0.28714719929732785,9.984004078481357,0.0008470170252846961,16.00737914962278,1.68,bq113899,bq,G,g
661428920851,2458448.5402948,404.81798342446456,0.12761909950526115,9.8819161294486,0.0003426636616591958,16.887851421776162,1.51,bq115587,bq,G,g
661428920851,2458450.5327444,352.2238616476862,0.33897799382483,10.033018686766779,0.0010460800111336411,15.827211848756447,2.11,bq116338,bq,G,g
661428920851,2458506.039327,279.44271983376905,0.5308705340878331,10.284333623117277,0.0020649426457385,15.34016906008871,1.68,bq130385,bq,G,g
661428920851,2458507.0360955,378.80535036574065,0.28490515207972367,9.954025361066686,0.0008175162067566773,16.01588985426519,1.56,bq130621,bq,G,g
661428920851,2458508.0331499,379.2031715958625,0.2601081454680273,9.952885719651826,0.0007455798533648855,16.11475572983345,1.57,bq131074,bq,G,g
661428920851,2458509.0300709,387.6691325177784,0.22429718473093757,9.928912566184652,0.0006288901212423417,16.275581055031488,1.50,bq131527,bq,G,g
661428920851,2458512.0242917,364.6088884424682,0.2964438761120805,9.99549749306421,0.0008837458841064326,15.972784403464653,1.60,bq132723,bq,G,g
661428920851,2458531.0063951,378.16475782527107,0.24949176805689416,9.95586298892594,0.0007171125780445354,16.160000059654337,1.56,bq136609,bq,G,g
661428920851,2458536.9996729,378.73424273985205,0.2588854562128606,9.954229189684465,0.0007429939077551728,16.11987147863346,1.48,bq138128,bq,G,g
661428920851,2458544.9923233,231.1744747753549,0.5705541993892299,10.490215923302365,0.0026826820246241417,15.261898345921113,1.46,bq140339,bq,B,g
661428920851,2458552.0141748,352.05636923032614,0.3457096387899594,10.033535107864536,0.0010673613073166255,15.8058618905661,1.65,bq142088,bq,G,g
661428920851,2458569.0650867,467.1659562738345,0.22933614742469766,9.726387654856973,0.0005335971462948051,16.251459329939777,2.07,bA020496,bA,B,g
661428920851,2458571.0025847,466.52929632290727,0.22761002730349017,9.727868319697134,0.0005303036819782294,16.25966213424084,1.75,bA021094,bA,B,g
661428920851,2458571.9981519,474.23495613625073,0.19925028132264594,9.710081714975843,0.0004566858472570771,16.404143253313382,1.71,bA021503,bA,G,g
661428920851,2458572.995283,461.0584746190502,0.24437351338561972,9.740675599513537,0.0005761164770570057,16.182505279506763,1.67,bA021914,bA,G,g
661428920851,2458575.8452031,349.8931037653694,0.3360405881076154,10.040227165233016,0.0010439231436169193,15.836661271192352,1.54,bq147946,bq,G,g
661428920851,2458576.8480465,122.36661597922853,0.720856535765241,11.18090824756153,0.006403214688239067,15.00801851041029,1.48,bq148337,bq,B,g
661428920851,2458577.8418137,347.4395965444041,0.34229898371457007,10.04786734218025,0.001070874236655053,15.816626587142697,1.48,bq148720,bq,G,g
661428920851,2458578.8396593,360.65483027338263,0.3058995325529522,10.007336239534686,0.0009219327290122315,15.938693578099715,1.50,bq149106,bq,G,g
661428920851,2458580.973723,500.69683774701946,0.03998004814577719,9.651128500951708,8.679218799750774e-05,18.148032329493645,1.74,bA024336,bA,G,g
661428920851,2458581.8491843,360.91523142629836,0.30556697411508643,10.006552595681477,0.0009202659971703365,15.939874577444247,1.44,bq149971,bq,G,g
661428920851,2458582.8315854,375.93054516777573,0.25759508217396354,9.962296586004683,0.0007448042148635643,16.12529669264489,1.43,bq150337,bq,G,g
661428920851,2458583.8326906,348.75771694768997,0.338584418628165,10.043756057271857,0.001055249888685147,15.828473190532558,1.53,bq150718,bq,G,g
661428920851,2458587.9730529,468.06710313298123,0.22456372440825062,9.724295324899781,0.0005214872037743459,16.274291605200656,1.69,bA025886,bA,G,g
661428920851,2458589.9563816,415.80761693249934,0.3638907879400363,9.852834520655469,0.0009512415094031883,15.75021295803203,1.63,bA026598,bA,G,g
661428920851,2458594.9733471,457.01261807895764,0.26796643946222387,9.75024514461082,0.0006373300374178203,16.082439597163454,1.69,bA028535,bA,G,g
661428920851,2458596.9296372,454.96253948038594,0.2690607113435821,9.755126523863131,0.0006428162091601927,16.078014896319257,1.98,bA029282,bA,G,g
661428920851,2458600.7832474,280.2617855631072,0.48687333937641486,10.281155910797109,0.0018882708194868742,15.434100627114393,1.52,bq154497,bq,G,g
661428920851,2458601.7983207,308.1585425360038,0.4329389235406045,10.178130093747615,0.0015270898628494058,15.561574028989536,1.50,bq154871,bq,G,g
661428920851,2458604.915754,444.1919583953754,0.2922177370904694,9.78113889262754,0.0007150691701978438,15.9883741782137,1.65,bA031322,bA,G,g
661428920851,2458609.8886522,463.29524985871797,0.2373689366091376,9.735421003712194,0.000556901271455437,16.21408090094812,2.01,bA032320,bA,G,g
661428920851,2458611.8947622,459.4353578160309,0.24950285076062273,9.744504584438712,0.0005902870691449012,16.159951831107442,1.68,bA033095,bA,G,g
661428920851,2458612.8335755,365.80807425564905,0.29046135470088763,9.991932404382206,0.0008630724306666588,15.994919715036017,1.46,bq158335,bq,G,g
661428920851,2458617.7430654,344.5460562963492,0.35676683259934294,10.05694741401387,0.0011255100104832557,15.771679429697585,1.55,bq158938,bq,B,g
661428920851,2458618.7220438,331.6820468222925,0.38811030249649314,10.098260710268443,0.001271877777209727,15.680252683038487,1.50,bq159235,bq,G,g
661428920851,2458618.8959208,463.6080582505152,0.23689798644365645,9.734688182055288,0.0005554213451843387,16.216237188002992,1.65,bA035505,bA,G,g
661428920851,2458620.7858563,255.87001598682542,0.5448057134942412,10.380017131620729,0.0023143787328086017,15.312036477772459,1.51,bq159629,bq,G,g
661428920851,2458621.9779933,432.9091360278544,0.33947018477112695,9.809073744347765,0.0008523482194407244,15.825636519525245,1.65,bA036588,bA,G,g
661428920851,2458622.9616753,440.2542150735908,0.31006087280790817,9.790806815599117,0.0007655183671060314,15.924023198394382,1.72,bA036957,bA,G,g
661428920851,2458623.7067469,210.35022595031737,0.6200727343062867,10.592708165141989,0.0032041425173749212,15.171534023764469,1.51,bq160559,bq,G,g
661428920851,2458625.8379261,351.6981215598615,0.3340340584806331,10.034640500454655,0.0010323640534051456,15.843163735909522,1.51,bq160966,bq,G,g
661428920851,2458626.8539687,482.5657903963757,0.1640289224504159,9.691174294619923,0.0003694673566994331,16.61533953167119,1.68,bA038313,bA,G,g
661428920851,2458628.8508014,458.5871846034958,0.25191354327323817,9.746510837192282,0.0005970927186114209,16.149511820220475,2.42,bA039057,bA,G,g
661428920851,2458629.7950207,305.1291687183146,0.4391005724068462,10.188856307634577,0.0015642006068505997,15.546230603326098,1.48,bq161872,bq,G,g
661428920851,2458630.942939,328.740305265538,0.3912711122744333,10.107933237030188,0.0012937102035945655,15.671446149133157,1.47,bq162233,bq,G,g
661428920851,2458632.8636547,494.93485012391835,0.08951887100072022,9.663695534513096,0.0001965978363184461,17.272854120705826,1.66,bA040556,bA,G,g
661428920851,2458634.8803851,500.59678863387336,0.04060906234949365,9.651345474158958,8.817532625998611e-05,18.131083206735934,1.69,bA041311,bA,G,g
661428920851,2458636.0775,493.3397362917641,0.1016333298127593,9.667200378948037,0.0002239248180096109,17.135050224937743,2.01,bA041813,bA,G,g
661428920851,2458637.876867,476.7159470557052,0.1893286536813662,9.704416421914727,0.0004316868695961686,16.45959974486357,1.69,bA042400,bA,G,g
661428920851,2458638.9260405,369.9812487289268,0.27801466052750834,9.979616337654726,0.0008167707132121991,16.042471366086556,1.55,bq163467,bq,G,g
661428920851,2458642.7590445,344.6906423965203,0.3491812043457302,10.056491888745814,0.0011011171776914679,15.795013465071293,1.45,bq164277,bq,G,g
661428920851,2458643.8319628,479.8660105373884,0.17672870601379467,9.697265648674492,0.0004003126192769691,16.534372867403086,1.69,bA043890,bA,G,g
661428920851,2458644.9178328,515.4722936290426,0.15639707521584387,9.619552304428305,0.0003297884735762816,16.667069043812546,1.62,bA044325,bA,G,g
661428920851,2458645.9570578,520.726065234632,0.180433629037341,9.608542329599379,0.00037663470856759624,16.511846901151316,1.67,bA044723,bA,G,g
661428920851,2458647.8833132,477.96449609602877,0.1922104138776504,9.701576527834806,0.0004371127240976371,16.443198326796118,1.72,bA045401,bA,G,g
661428920851,2458648.9659865,427.81060939065367,0.3380689382096623,9.821936745894696,0.0008589460595841957,15.830127437440007,1.64,bA045832,bA,B,g
661428920851,2458650.7067881,257.3100479101545,0.5343679495807153,10.373923758128967,0.002257334031541344,15.333039606306665,1.49,bq165725,bq,B,g
661428920851,2458652.8919747,452.2491386981552,0.2838660684622464,9.761621251219294,0.0006822568536087823,16.019856904346582,2.13,bA047174,bA,G,g
661428920851,2458653.8303665,435.03239848949625,0.3207353930788078,9.803761618049336,0.0008013780777479063,15.887273394262973,1.64,bA047494,bA,B,g
661428920851,2458654.9430377,469.9219281610733,0.21890133178212515,9.720001344385658,0.0005063314051529121,16.302019601950533,1.70,bA047947,bA,B,g
661428920851,2458655.7810503,336.5855673823795,0.37121257250832423,10.08232689799982,0.0011987796439919662,15.728583919416966,1.50,bq167376,bq,G,g
661428920851,2458656.8931559,311.43546984748247,0.5390590756401425,10.166645438553378,0.0018813970616663098,15.323549705810027,1.99,bA048641,bA,B,g
661428920851,2458659.8393481,524.3246582447523,0.19380570990207172,9.60106491616399,0.0004017708818683947,16.434224191233852,2.22,bA049193,bA,G,g
661428920851,2458660.8383319,337.02260565360314,0.36926787764384733,10.080918042348992,0.0011909531323435602,15.734286785645228,1.47,bq168742,bq,G,g
661428920851,2458661.930665,505.7487741154107,0.09542762252997183,9.640228525388213,0.00020509328340822218,17.20345535141292,1.67,bA049560,bA,G,g
661428920851,2458668.7955912,492.9899104099116,0.10451729425824471,9.667970544667956,0.00023044235232738507,17.10467021595867,2.15,bA050584,bA,G,g
661428920851,2458669.8073223,80.4808552304878,0.7716055426569741,11.63583416535635,0.010421132757587066,14.934152264839767,1.46,bq169478,bq,B,g
661428920851,2458672.8443052,489.7033021299366,0.1272806871702004,9.67523304095848,0.00028251509109566584,16.890734333095782,1.72,bA051998,bA,G,g
661428920851,2458674.8063777,502.2270516169025,0.06643265398423714,9.647815368407183,0.00014377840913214435,17.59668660431522,1.67,bA052202,bA,G,g
661428920851,2458675.8436088,491.6896232154543,0.11885857914947998,9.670838015060092,0.00026275540843489006,16.965064275587338,1.66,bA052599,bA,G,g
661428920851,2458678.905438,481.7225439007584,0.17646843619298516,9.693073194462714,0.0003981825638631251,16.535973018620858,2.14,bA053337,bA,G,g
661428920851,2458683.9604134,456.37229740957747,0.2650609446645888,9.751767436988333,0.0006313041437809745,16.094276257841173,2.23,bA055034,bA,B,g
661428920851,2458689.8380721,507.5937243554762,0.10884839565281265,9.636275012162498,0.000233086950958458,17.06058553085345,1.65,bA056128,bA,B,g
661428920851,2458690.8411986,334.26019293025035,0.3751613213169167,10.08985397350277,0.001219959939994362,15.717095469507534,1.47,bq174785,bq,G,g
661428920851,2458690.8705911,507.5312114866961,0.10869486038124329,9.636408734589338,0.00023278684088183133,17.062118088872186,1.72,bA056538,bA,G,g
661428920851,2458691.8504499,487.01750011424184,0.1413020098273026,9.681204204530571,0.0003153667806200088,16.77726976360247,1.72,bA056891,bA,G,g
661428920851,2458692.9346697,478.1872660668791,0.18284122040176023,9.701070605163043,0.00041561219016367375,16.49745533296199,1.64,bA057340,bA,G,g
661428920851,2458717.7799879,504.06243365411177,0.0802939237188948,9.643854792516747,0.00017314522609745967,17.39093390874367,1.71,bA063834,bA,G,g
661428920851,2458722.857965,545.7384731715943,0.2647806160973278,9.557604193490707,0.0005273680190155882,16.09542514054741,2.29,bA065737,bA,G,g
661428920851,2458738.7787253,418.5795434509952,0.3639409319807994,9.845620622377321,0.0009450723900239055,15.750063354218112,1.96,bA070228,bA,B,g
661428920851,2458743.7842478,494.26974028941487,0.10058785376070951,9.665155564002001,0.00022120436421805894,17.146276757136807,1.72,bA071487,bA,B,g
661428920851,2458744.7900887,504.87627542875634,0.09070958015378333,9.642103214024685,0.00019529016222566862,17.258507719365042,1.72,bA071904,bA,G,g
661428920851,2458745.7939381,496.93634641272246,0.0719165184776569,9.659313715701145,0.00015730410815058174,17.510568974506207,1.72,bA072318,bA,G,g
661428920851,2458746.7856987,238.71575537114262,0.6325526789992105,10.455362913213824,0.002880234103998594,15.149898862925333,1.76,bA072720,bA,B,g
661428920851,2458751.738241,541.1617819498492,0.25147372713095284,9.56674782686944,0.0005051003542160094,16.151409064980925,1.71,bA073840,bA,G,g
661428920851,2458752.7739374,532.1101369733618,0.22217215095022433,9.585061790937068,0.00045383737622019076,16.285916562313506,1.73,bA074276,bA,G,g
661428920851,2458764.7583736,488.7074524844143,0.13558036931254483,9.677443217784344,0.00030155047952490626,16.822148580026294,1.65,bA077443,bA,B,g
661428920851,2458771.7067895,523.1057762768905,0.19017220200123658,9.60359183315166,0.00039515701143647886,16.45477302341615,2.07,bA079570,bA,G,g
661428920851,2458773.6979262,213.13770542123865,0.6779119894980555,10.578414907336793,0.0034572055502509595,15.074707324253765,2.03,bA080223,bA,B,g
661428920851,2458777.7469819,546.2821356208252,0.26660903166693867,9.556523125883901,0.0005304812418872113,16.087953467645978,2.06,bA081258,bA,G,g
661428920851,2458778.6477275,378.6057534524605,0.24786542415529156,9.954597598782849,0.0007116081486940728,16.167100738107205,1.54,bq195108,bq,G,g
661428920851,2458779.7460356,500.1055301319448,0.02338399309096038,9.652411479851729,5.0824040653612014e-05,18.73034392636054,1.72,bA081990,bA,G,g
661428920851,2458784.5804609,419.9763662796595,0.11492360903010759,9.84200349321083,0.00029743808548953463,17.001617471439275,1.49,bq197267,bq,G,g
661428920851,2458786.6295023,395.7660913870039,0.18281411896586736,9.906469167782886,0.0005020920265794858,16.49761627692772,1.54,bq198161,bq,G,g
661428920851,2458789.5966757,420.7742458938388,0.12373298367724263,9.839942746464592,0.0003196307161730441,16.92142689754357,1.54,bq199180,bq,G,g
661428920851,2458810.5444127,204.10990341463776,0.6121205853002235,10.625405429282043,0.003259755901854668,15.185548149330515,1.47,bq206088,bq,B,g
661428920851,2458811.544281,410.51813756637955,0.06897021021869706,9.866734747443953,0.0001826170708250608,17.55598673718025,2.18,bq206539,bq,G,g
661428920851,2458904.0996226,481.6703786628051,0.16807830123681908,9.693190774084082,0.0003792921752825702,16.588861486400617,1.73,bA112574,bA,G,g
661428920851,2458912.0759314,489.64600883555056,0.12657954518089692,9.675360075109378,0.0002809916953685571,16.896731784300272,1.73,bA113719,bA,G,g
661428920851,2458918.9165951,280.7018542420524,0.5180829748460668,10.279452418586835,0.0020061629796907063,15.366642309415244,1.48,bq237908,bq,B,g
661428920851,2458930.0163517,494.0266319769602,0.09752710201456102,9.66568971855167,0.00021457895732630958,17.179827312714046,1.64,bA115922,bA,G,g
661428920851,2458930.8833793,342.1400373469726,0.35573505804220895,10.06455587615423,0.001130147013335645,15.774823942826846,1.45,bq239717,bq,G,g
661428920851,2458933.016177,487.1321888980707,0.14079599819201713,9.680948552310255,0.0003141634487668937,16.78116483358574,1.69,bA117131,bA,G,g
661428920851,2458946.0547923,454.1323648002441,0.2766119832015316,9.757109487254102,0.0006620651211775029,16.047963135443773,2.03,bA119508,bA,G,g
661428920851,2458956.942267,448.21684206933185,0.28143892768846746,9.771345193701455,0.0006825086636858854,16.029180192918496,1.72,bA121540,bA,G,g
661428920851,2458957.9492382,242.4920915151431,0.6272672179682676,10.438321673878175,0.0028116883696439696,15.15900913350235,1.72,bA121927,bA,B,g
661428920851,2458958.9339477,486.2425077141782,0.14578934429638157,9.682933315925752,0.0003259005045198001,16.743326154751994,1.71,bA122273,bA,G,g
661428920851,2458959.9338584,490.51685409770374,0.12155512688434683,9.673430786591304,0.0002693590175628316,16.940707408951944,1.68,bA122647,bA,G,g
661428920851,2458961.9230217,502.82102148947195,0.06936628454587498,9.646532057314868,0.00014995024502476923,17.549769528733716,1.69,bA123338,bA,G,g
661428920851,2458963.0512787,60.29203291867259,0.8214048542264409,11.949415803294043,0.014808446822384348,14.866247448793315,1.74,bA123770,bA,B,g
661428920851,2458964.9285327,451.0071331920662,0.2758147807912791,9.764607095295455,0.0006647315590138504,16.0510967711638,2.04,bA124397,bA,B,g
661428920851,2458965.9231692,475.0374161271057,0.19581253796608208,9.708246077285473,0.0004480483177846658,16.423039370364382,2.00,bA124770,bA,G,g
661428920851,2458966.927196,448.54743545161256,0.28066981423476095,9.77054467737971,0.0006801418555221992,16.03215134344896,1.74,bA125148,bA,G,g
661428920851,2458967.9489523,495.5679851080354,0.08327519275566743,9.662307516944795,0.0001826520610388563,17.35135149489618,1.64,bA125528,bA,G,g
661428920851,2458969.915216,522.4423320692831,0.18899182158864347,9.604969723823478,0.0003932030014058889,16.46153308402194,1.68,bA126246,bA,G,g
661428920851,2458970.9981173,552.8097914890307,0.2846525834678342,9.543626305397286,0.0005596951913547899,16.016852787035564,1.76,bA126644,bA,G,g
661428920851,2458973.904081,448.8789592665001,0.2875013735107491,9.769742500338662,0.0006961820920657897,16.006040801863154,1.70,bA127627,bA,G,g
661428920851,2458974.8994428,462.4013481715092,0.2589793020304603,9.73751789318772,0.0006087768611631427,16.119477971250205,2.06,bA127954,bA,G,g
661428920851,2458981.8772807,494.09336077315845,0.09647096285250098,9.665543076705386,0.00021222657610070808,17.191649078616507,1.69,bA128357,bA,G,g
661428920851,2458983.8703711,495.5839397392925,0.08350349164744075,9.662272562624763,0.0001831469052082731,17.348379022388507,2.20,bA129065,bA,G,g
661428920851,2458984.8844542,518.0602080333078,0.16709025639768865,9.614115033261161,0.0003505767111510216,16.59526279784118,1.65,bA129378,bA,G,g
661428920851,2458985.8645411,504.4540939213837,0.0852221195789659,9.643011494976463,0.00018362966975390494,17.32625978285005,1.64,bA129721,bA,G,g
661428920851,2458986.8611854,513.5871578521609,0.14508054848964172,9.623530232915241,0.0003070486595065915,16.748617639443207,1.67,bA130068,bA,G,g
661428920851,2458988.879381,497.3277977139827,0.06676503672455705,9.658458786204495,0.00014592124636002318,17.591267880880014,2.01,bA130724,bA,G,g
661428920851,2458989.9356072,519.6395487448283,0.1741485227552185,9.610810129886278,0.00036427533858276995,16.550341124361484,1.75,bA131092,bA,G,g
661428920851,2458990.9138143,504.0415202746504,0.0808711795130431,9.643899840278259,0.00017439725192587284,17.383156167995114,2.01,bA131430,bA,G,g
661428920851,2458991.8576514,383.4935337183235,0.22967981739486695,9.94067050857186,0.0006509939633364795,16.24983352592675,1.50,bq250214,bq,G,g
661428920851,2458992.902323,526.6775850303308,0.20260939296821004,9.596203533455107,0.00041814500429085004,16.385991673001687,1.73,bA131902,bA,G,g
661428920851,2458993.9827339,526.1244352191094,0.20121890438154463,9.597344440900972,0.00041571192245354663,16.393468661499963,1.68,bA132197,bA,G,g
661428920851,2458994.9387332,562.2765466850793,0.308762893662221,9.525190700089187,0.0005968803837111967,15.928577855453572,2.17,bA132517,bA,G,g
661428920851,2458995.9743262,558.6562944241128,0.2997092447614527,9.532203881383584,0.0005831329951357465,15.960890263195836,1.98,bA132904,bA,G,g
661428920851,2458999.8222849,500.4385661286132,0.046730806415573256,9.651688694611627,0.00010149968095480864,17.97863242258717,1.66,bA133901,bA,G,g
661428920851,2459000.8317918,517.7963312448305,0.172022685605903,9.614668199801466,0.0003611095110637346,16.56367630254833,1.98,bA134257,bA,G,g
661428920851,2459001.9625706,538.0530235747093,0.24330426666964028,9.573002931670134,0.0004915150511867745,16.187266299094244,2.05,bA134551,bA,G,g
661428920851,2459004.8462848,475.44363385142515,0.20174459388164842,9.707318030761725,0.0004612273389147888,16.39063584687049,2.06,bA135209,bA,G,g
661428920851,2459007.9017401,454.8717536627549,0.2695678259314749,9.755343199471318,0.0006441563013923565,16.07597047129304,1.65,bA136271,bA,B,g
661428920851,2459009.6704461,387.80862040260627,0.2129323910095038,9.928521975873723,0.0005968104856900992,16.332036284446996,1.56,bq254903,bq,G,g
661428920851,2459010.6775456,391.17210558455474,0.19777661000058216,9.919145927894593,0.0005495651990990982,16.412203290007312,1.48,bq255149,bq,G,g
661428920851,2459013.789823,487.66243176357324,0.13783415266454566,9.679767372355075,0.0003072201617321834,16.8042485095302,1.72,bA138272,bA,G,g
661428920851,2459014.734708,385.6743577221371,0.22122292366655935,9.934513709910878,0.0006234785767396185,16.290565292359844,1.45,bq256163,bq,G,g
661428920851,2459016.7803595,514.1418741458202,0.1481584949516176,9.622358181522063,0.0003132245211621108,16.72582421734847,1.73,bA139268,bA,G,g
661428920851,2459017.7502021,384.31730549259385,0.22679296631738732,9.938340770211099,0.0006414337587720146,16.26356665803413,1.47,bq257046,bq,G,g
661428920851,2459019.0500464,504.89965369197597,0.08942690842954944,9.642052940244026,0.000192519762344237,17.27397006881157,2.23,bA140006,bA,G,g
661428920851,2459019.8968685,388.75149089527724,0.4128702519990747,9.925885453295637,0.0011543930339893247,15.613106630569733,2.30,bA140227,bA,B,g
661428920851,2459022.7364959,402.6102903997179,0.1373206691985186,9.887853444989684,0.00037073467945074686,16.808300833476565,1.51,bq258024,bq,G,g
661428920851,2459024.8458779,518.2204102246013,0.16821269385882795,9.613779337856865,0.0003528226233889869,16.587993696627695,1.74,bA141813,bA,G,g
661428920851,2459026.6809021,385.5470627719063,0.22223373932961454,9.93487212510457,0.00062653417867615,16.28561562690654,1.46,bq258943,bq,G,g
661428920851,2459027.9378167,524.8929695315659,0.19563355536846144,9.599888732722777,0.0004051210079428858,16.424032242195825,1.78,bA142414,bA,G,g
661428920851,2459028.9026853,512.5916880061781,0.1406663283212804,9.62563672340844,0.0002982845538378505,16.782165232360455,1.72,bA142668,bA,G,g
661428920851,2459030.8405333,500.3701131340236,0.04659983052194385,9.651837218292938,0.00010122904699585438,17.981679768403794,2.14,bA143222,bA,B,g
661428920851,2459031.9657854,499.8619821214449,0.04896598371904688,9.652940354829337,0.00010647718220318459,17.92790440184523,1.69,bA143639,bA,G,g
661428920851,2459032.8623054,512.5499190790117,0.18012256167845792,9.625725199061307,0.0003819830729474322,16.513720324413207,2.07,bA143906,bA,G,g
661428920851,2459033.8424634,496.6086541498156,0.09684091950132523,9.660029913490991,0.00021196140692188674,17.187493350439677,2.06,bA144216,bA,G,g
661428920851,2459036.8461121,458.62395957095356,0.3092646605577715,9.746423773458108,0.0007329692065176578,15.926814870613079,1.98,bA145057,bA,B,g
661428920851,2459037.7691505,368.97980593253766,0.2865685131895746,9.982559127020455,0.0008441858045571331,16.0095694353611,1.46,bq260818,bq,B,g
661428920851,2459038.9422308,266.95328658001756,0.521083604486115,10.333977442236355,0.0021217016262421737,15.360372089882157,1.48,bq261079,bq,B,g
661428920851,2459040.9634522,470.35523520194397,0.21415646379523645,9.719000666726595,0.0004948999130303719,16.325812643793075,2.11,bA146505,bA,G,g
661428920851,2459042.8732761,463.29094851453584,0.237310615833619,9.735431083994236,0.0005567696118073164,16.21434769557815,1.67,bA147132,bA,B,g
661428920851,2459043.8675788,349.55838631956584,0.33784132603119443,10.041266307710131,0.0010505221645773694,15.830858678864265,1.50,bq262403,bq,G,g
661428920851,2459048.9194105,513.7957684690954,0.14605742769187788,9.62308931435058,0.00030899062102275246,16.741331492085227,1.65,bA148835,bA,G,g
661428920851,2459051.8928306,507.234156386641,0.10698807099058356,9.637044395790166,0.00022926567552138653,17.079302218438826,1.74,bA149765,bA,G,g
661428920851,2459055.8404654,511.80757463466784,0.17168771909070954,9.627298849638704,0.00036462353278255257,16.565792534021668,2.11,bA150830,bA,G,g
661428920851,2459055.8417533,514.3414229592845,0.14955990446001005,9.621936867194988,0.0003160645950080476,16.71560266381295,2.15,bA150831,bA,G,g
661428920851,2459058.8069647,344.7603774259703,0.34882569515475675,10.056272253574365,0.0010997736083522664,15.796119440480465,1.46,bq265158,bq,G,g
661428920851,2459059.7538633,361.92938410919004,0.30374631910877314,10.003506012823198,0.0009122195019399993,15.946363052131483,1.50,bq265444,bq,G,g
661428920851,2459060.9021472,517.9419210682997,0.17510845605128805,9.61436296410495,0.00036748382506678463,16.54437281436977,1.71,bA151944,bA,G,g
661428920851,2459061.924901,463.33735730728387,0.2185206442035561,9.735322329046365,0.0005126339061716694,16.303909431057434,1.70,bA152322,bA,G,g
661428920851,2459066.8463192,510.645364845656,0.14726263067015252,9.629767136911777,0.00031346231227177433,16.732409225543037,2.15,bA153689,bA,G,g
661428920851,2459067.8535578,276.45673432428066,0.5013787083579018,10.295997688374577,0.0019712916679089144,15.402225893484667,1.51,bq267907,bq,G,g
661428920851,2459069.9091959,497.1607774345708,0.07635152528277749,9.658823476097416,0.00016692947657514506,17.44559631787343,2.21,bA154514,bA,G,g
661428920851,2459072.7858608,347.9969954799546,0.3408521285362691,10.046126886353345,0.0010646397781399902,15.821225585433854,1.50,bq269338,bq,G,g
661428920851,2459074.8065018,499.9374552605586,99.99,9.652776434113411,99.99,99.99,1.68,bA156179,bA,G,g
661428920851,2459075.7314348,344.70190838287317,0.3488824142610209,10.056456402753826,0.0011001390078754537,15.795942913974674,1.45,bq270330,bq,G,g
661428920851,2459078.8648111,498.0604935629222,0.05590522538147456,9.65686038573923,0.00012200636290782784,17.784009604772624,2.02,bA157328,bA,G,g
661428920851,2459080.675677,344.2920903033597,0.3502530645466049,10.057748008717347,0.0011057757743798324,15.79168575183418,1.46,bq271275,bq,G,g
661428920851,2459082.8117567,265.27674024698933,0.5137508598882378,10.340817691684013,0.0021050652506687077,15.37575920698416,1.50,bq272077,bq,G,g
661428920851,2459086.742457,530.5872323379897,0.21808314055419784,9.588173634211838,0.0004467632793616402,16.30608537972026,2.14,bA159838,bA,G,g
661428920851,2459089.778792,522.4695129037956,0.18924076665087117,9.604913238262032,0.0003937004560263272,16.46010386446503,1.64,bA160982,bA,B,g
661428920851,2459090.8039672,253.9584704479587,0.5395884378044682,10.388158865475647,0.002309468829655688,15.322484023636349,1.52,bq274814,bq,G,g
661428920851,2459095.7781915,286.01656547809137,0.49590577186615836,10.25908765408041,0.00188460417317782,15.414142703715845,1.46,bq276013,bq,B,g
661428920851,2459101.7765909,526.5008791000123,0.20211279778657049,9.596567870620131,0.0004172601270041255,16.388656076638117,1.68,bA165399,bA,G,g
661428920851,2459103.8071226,508.84296435640766,0.1180400193992871,9.633606187246114,0.00025214924426546784,16.972567430937048,1.76,bA166221,bA,G,g
661428920851,2459106.7933509,508.48923218290616,0.11510497082551192,9.634361220546628,0.0002460506354997471,16.999905413673623,1.68,bA167356,bA,G,g
661428920851,2459115.7535575,480.83213514907345,0.17294944232232226,9.695081910051622,0.0003909649761763765,16.5578426965308,1.64,bA170500,bA,G,g
661428920851,2459119.7805069,542.5162172714219,0.26210320871940784,9.56403380991528,0.0005251359922827513,16.1064597671966,2.32,bA171559,bA,B,g
661428920851,2459122.7148913,484.8429921701579,0.16332431635738717,9.686062815331232,0.00036615241158511615,16.62001348895059,2.41,bA172593,bA,G,g
661428920851,2459125.703943,234.19525649585722,0.578473073367494,10.476120386245565,0.0026848326868584493,15.246932740647466,1.51,bq278194,bq,G,g
661428920851,2459126.7083343,282.0664646649716,0.49957629758135375,10.274186984142117,0.0019251409961383319,15.406136048765289,1.49,bq278603,bq,G,g
661428920851,2459127.7045014,274.53861101806547,0.5042093756749626,10.303557042003025,0.001996271734527907,15.39611331885052,1.50,bq278931,bq,G,g
661428920851,2459128.7011891,277.89434192143244,0.496902553573799,10.290366361288024,0.0019435857079399307,15.411962539984065,1.49,bq279336,bq,G,g
661428920851,2459130.6327517,309.4494427475795,0.43010221876115623,10.173591359887634,0.001510755383968342,15.568711404073222,1.58,bq280009,bq,G,g
661428920851,2459136.7194926,495.6078259271974,0.0874158554188461,9.66222023349955,0.00019171859115250792,17.29866508201882,1.64,bA176710,bA,B,g
661428920851,2459137.6728783,266.9607378178269,0.5111805136811458,10.333947137437116,0.0020813210124960057,15.381204886291533,1.60,bq282524,bq,B,g
661428920851,2459139.6522671,336.31459545429414,0.3703435705041209,10.083201333956138,0.0011969369295431506,15.731128588161889,1.64,bq283180,bq,B,g
661428920851,2459143.6369632,354.1192568959901,0.32484980758509663,10.027191761781546,0.0009971149833402939,15.873434076791344,1.56,bq284451,bq,B,g
661428920851,2459144.6589702,311.3971392679709,0.4276533057210554,10.166779076058441,0.0014927579321683609,15.574911027855038,1.49,bq284890,bq,G,g
661428920851,2459161.6048242,306.0091099909993,0.4370930262122947,10.18572973287625,0.0015525718023954272,15.551205917922692,1.52,bq289458,bq,G,g
661428920851,2459163.6051182,282.5584424455932,0.482705728174685,10.272294902454567,0.0018568906834958126,15.443434480099326,1.50,bq290221,bq,B,g
661428920851,2459164.5733691,346.1932968041178,0.3453612100811668,10.05176898588589,0.0010843439867810204,15.806956718098144,1.48,bq290476,bq,B,g
661428920851,2459168.5945132,319.91618580279635,0.4090429279301057,10.137475089069351,0.0013897761286106557,15.623218390416216,1.75,bq292163,bq,B,g
661428920851,2459170.5873118,306.0274350447505,0.4374492979890588,10.185664716581131,0.001553744249465349,15.550321301644075,1.47,bq293006,bq,B,g
661428920851,2459172.5810159,297.4577272231927,0.45427469631239403,10.216502483996104,0.0016599899704314016,15.509344244630972,1.57,bq293864,bq,B,g
661428920851,2459179.5593691,364.3903069161091,0.29951863875976525,9.996148582627772,0.0008934478541365417,15.961580978196077,1.54,bq296391,bq,B,g
661428920851,2459184.5515257,229.88298630816266,0.603221454838299,10.496298546717819,0.0028522140977867306,15.20144866211208,1.53,bq297880,bq,B,g
661428920851,2459185.5400908,362.03058190116036,0.30369626425700114,10.003202476405557,0.0009118142266558054,15.946541987116959,1.63,bq298296,bq,G,g
661428920851,2459231.0329246,368.2509928755169,0.28473678873296415,9.984705806137944,0.000840449898249084,16.01653165457292,1.58,bq314756,bq,G,g
661428920851,2459252.9945309,439.9443074470544,0.2222836295450795,9.791571365721746,0.0005491891512630747,16.285371912634776,1.78,bq321855,bq,G,g
661428920851,2459257.1280502,471.4115202585244,0.2093672579212172,9.716565143487468,0.00048274829242888126,16.35036869860045,1.76,bA211192,bA,G,g
661428920851,2459259.1027668,461.87972629796315,0.24174301008442284,9.73874337281523,0.0005689016565031045,16.194255797787797,2.01,bA212009,bA,G,g
661428920851,2459263.1000146,470.25189617061835,0.2132561756747967,9.719239233763531,0.0004929277113786767,16.330386569608216,1.70,bA212967,bA,G,g
661428920851,2459277.1107335,485.45720123987365,0.15625423955877002,9.684688252865138,0.00034985898716511477,16.668061087329885,1.98,bA215120,bA,B,g
661428920851,2459278.9182133,375.97448607973746,0.2598927784860285,9.96216968636428,0.0007513598953849764,16.11565508109328,1.52,bq327175,bq,G,g
661428920851,2459289.0135257,467.61555351182045,0.22316558478567447,9.725343252434865,0.0005187408459551677,16.28107255838229,1.67,bA216321,bA,G,g
661428920851,2459294.0279959,456.76527553549244,0.25764841764935276,9.7508329214937,0.0006131215372083819,16.125071912490053,1.66,bA217361,bA,G,g
661428920851,2459303.9930851,414.3697934951692,0.3693108170337415,9.85659539996455,0.0009687598068808363,15.734160540871024,1.61,bA219691,bA,B,g
661428920851,2459306.0567132,497.4245993122713,0.06902533032370121,9.658247475328368,0.00015083197144708215,17.55511937731397,2.11,bA220445,bA,G,g
661428920851,2459309.8467376,332.44683260156023,0.3790429425446426,10.095760123402835,0.0012393055310347275,15.705919574294393,1.49,bq335402,bq,G,g
661428920851,2459312.0118024,430.1253426803739,0.3270009618591843,9.816078043204614,0.0008263540713338841,15.866268036140692,1.74,bA222015,bA,G,g
661428920851,2459313.9700477,478.6506367580439,0.18149599117777326,9.700019019782772,0.0004121549960037173,16.50547301912204,1.75,bA222753,bA,G,g
661428920851,2459318.0387929,496.20024457032247,0.07734179707615343,9.66092318729708,0.00016942186477103847,17.43160496417127,2.04,bA223893,bA,G,g
661428920851,2459322.1043088,513.126435080677,0.14306160228591808,9.624504649598483,0.00030304761357827795,16.763832899388127,1.67,bA225477,bA,G,g
661428920851,2459326.933525,436.98676455351915,0.3155887359138875,9.798894914114873,0.0007849922755429267,15.904836876823564,1.67,bA226747,bA,G,g
661428920851,2459328.9222569,425.9355283871224,0.3440287379450378,9.82670595424777,0.0008779363435378235,15.811153805815273,1.98,bA227501,bA,G,g
661428920851,2459332.0776842,442.2295845097369,0.31124402332128964,9.78594614008826,0.0007650069847236848,15.919888059885556,1.76,bA228649,bA,G,g
661428920851,2459337.8861986,413.59120443922563,0.36387884847803204,9.858637386429983,0.0009563077822517882,15.750248582233743,1.68,bA229797,bA,G,g
661428920851,2459339.7717022,396.00776283760797,0.17562911251977073,9.905806373854226,0.0004820643107920684,16.541149344493927,1.48,bq342079,bq,G,g
661428920851,2459344.738077,378.27928941121604,0.24916703091874925,9.955534210899717,0.0007159623506776097,16.161414168533913,1.54,bq343341,bq,G,g
661428920851,2459345.8276402,40.811570341107824,0.819419208510824,12.373107357760418,0.02182403287314867,14.868875260689347,1.56,bq343648,bq,B,g
661428920851,2459348.9424289,393.82709926714426,0.18548081218505313,9.91180163063084,0.0005119240875937201,16.481893139140873,1.48,bq344000,bq,G,g
661428920851,2459352.9003202,475.4261234148256,0.19492844964248182,9.707358018814418,0.00044566072240528063,16.42795253980181,2.30,bA234135,bA,G,g
661428920851,2459354.9296916,498.1732467418691,0.060604580382894714,9.656614619702298,0.00013223219898956956,17.696376989976844,1.68,bA234883,bA,G,g
661428920851,2459356.9958508,491.0172483801212,0.12331699311503305,9.672323751726655,0.0002729847278274782,16.925083294900507,1.67,bA235608,bA,G,g
661428920851,2459363.0511757,461.6083450366575,0.2511021247895119,9.739381493606004,0.0005912741723524046,16.15301464227979,1.65,bA237838,bA,G,g
661428920851,2459366.9343491,498.26002204383565,0.09369770209733402,9.65642551504228,0.0002044019665653756,17.223318261188723,1.71,bA239250,bA,G,g
661428920851,2459370.8026972,451.30223285834774,0.2730359106381407,9.763896916691149,0.0006576040226024332,16.062091184624776,1.76,bA240265,bA,G,g
661428920851,2459373.9230378,500.5778431956403,0.03363335478533487,9.651386565388307,7.303158705248128e-05,18.335715140145375,2.14,bA241363,bA,G,g
661428920851,2459377.781871,460.53245988336073,0.2460974692077974,9.741915006897901,0.0005808434202589311,16.17487274251167,1.72,bA242679,bA,G,g
661428920851,2459380.8969752,342.38211593844727,0.49101841051979683,10.063787943368252,0.0015588304375816903,15.424896171169085,1.66,bA243791,bA,B,g
661428920851,2459382.7834276,392.525931321171,0.19155393297361423,9.915394740549171,0.00053043832291449,16.44691292814636,1.44,bq351767,bq,G,g
661428920851,2459384.8255445,400.31481581424896,0.39176306287055607,9.894061462737046,0.001063736337855749,15.670081895412455,1.70,bA245144,bA,G,g
661428920851,2459387.8108005,421.90768563241664,0.3570260480957976,9.837022030459748,0.0009198026123339686,15.770890854553958,2.04,bA246153,bA,B,g
661428920851,2459389.7550119,393.64249395912157,0.23226457284035504,9.912310685639204,0.000641347151519659,16.23768318092866,1.47,bq353634,bq,B,g
661428920851,2459397.7616092,515.6634746502435,0.15739754292615052,9.619149695644584,0.0003317750707577932,16.660145740271854,2.04,bA249323,bA,G,g
661428920851,2459401.9614699,548.0773977090905,0.2716445116748514,9.552960891105656,0.000538730067676213,16.067638274088196,1.71,bA250737,bA,G,g
661428920851,2459408.7531736,487.8271381638631,0.14427345942444564,9.679400730395669,0.0003214642346990357,16.754674497596987,2.36,bA252880,bA,B,g
661428920851,2459410.6754234,378.9362461533817,0.24787471329953142,9.953650250876724,0.0007110141585296812,16.167060049208114,1.51,bq356533,bq,G,g
661428920851,2459412.7678222,522.8841350275632,0.18890309565834287,9.604051959831397,0.00039268632962390977,16.462042923938817,2.25,bA254230,bA,G,g
661428920851,2459413.7072377,396.4657269654449,0.17772484430051586,9.904551497077092,0.00048725316073627297,16.528270255372483,1.49,bq357402,bq,G,g
661428920851,2459420.9611415,436.67258339230204,0.32236682637834513,9.799675808583851,0.000802428953982425,15.88176475210596,1.69,bA256793,bA,G,g
661428920851,2459423.7840724,516.8814572447416,0.19276436084745663,9.61658824117977,0.000405366600494643,16.44007375482303,1.70,bA257426,bA,G,g
661428920851,2459426.911069,517.5723105285089,0.16525720230327587,9.61513803710638,0.0003470575804653953,16.607239621041824,1.69,bA258444,bA,G,g
661428920851,2459429.8200747,524.0627490924435,0.19241155166691265,9.601607395505013,0.00039908005540268614,16.442062756706953,1.76,bA259494,bA,G,g
661428920851,2459430.6844966,325.4998546370824,0.39535066904332966,10.118688624893649,0.0013202125345638143,15.660184416239087,1.49,bq360550,bq,G,g
661428920851,2459431.6789701,329.99819185887714,0.385096566304929,10.103786721586479,0.0012684409629235,15.688716495757014,1.48,bq360830,bq,G,g
661428920851,2459432.8459284,556.03460989212,0.29305785466448775,9.537311060515194,0.0005728800702464285,15.985257196382614,2.09,bA260591,bA,G,g
661428920851,2459433.8606828,538.8003134878808,0.24428312008982891,9.571496022945427,0.0004928080475929329,16.182906965550924,1.66,bA260977,bA,G,g
661428920851,2459434.8315878,309.50759092397675,0.43017275426091744,10.173387360006847,0.0015107192664403448,15.568533361125594,1.53,bq361921,bq,B,g
661428920851,2459436.8903591,500.32049880671224,0.029946697253091417,9.651944880083382,6.505981258299449e-05,18.461768281177346,1.63,bA262128,bA,G,g
661428920851,2459438.8160954,524.6750360506079,0.22137236240166325,9.600339619702272,0.0004586117434832115,16.289832112154954,1.70,bA262824,bA,G,g
661428920851,2459443.7834923,451.1269454564297,0.27625754631742616,9.764318702434489,0.0006656218270127196,16.04935523607348,2.34,bA264469,bA,G,g
661428920851,2459445.8238009,461.24767275108906,0.2491212492872329,9.74023015248861,0.0005870684723490958,16.161613678644684,1.64,bA265210,bA,B,g
661428920851,2459450.8085436,287.86645113278945,0.6111463938553566,10.252087987847469,0.0023076310418403082,15.187277477700679,1.46,bq363914,bq,B,g
661428920851,2459451.7965394,482.39509414551736,0.16792648228734305,9.69155841609982,0.0003783802681871329,16.589842635177746,1.70,bA266892,bA,G,g
661428920851,2459452.7210454,410.79530400436624,0.1005304054240521,9.866001946462847,0.0002660015310389012,17.146897026434694,1.43,bq364483,bq,B,g
661428920851,2459453.8265491,473.26318791695087,0.20269116125291514,9.712308810226407,0.00046552633977818575,16.385553584341878,1.72,bA267617,bA,G,g
661428920851,2459454.733818,407.38968545953225,0.11009070212432905,9.875040549605153,0.0002937330298922507,17.048264007623406,1.48,bq365117,bq,G,g
661428920851,2459461.7632074,539.3146749364953,0.24551673379983058,9.570460027906938,0.0004948243157507989,16.177437866738114,2.25,bA270212,bA,G,g
661428920851,2459462.7548361,520.7932546712356,0.17916048973449678,9.608402245776439,0.00037392892670590043,16.51953500915084,1.75,bA270553,bA,G,g
661428920851,2459465.7831546,513.6558654744555,0.17975347719863607,9.623384992983725,0.0003803796033086673,16.515947360834453,1.63,bA271139,bA,G,g
661428920851,2459466.7007945,369.70934985259714,0.2788529696009883,9.98041453751809,0.0008198360523880824,16.03920242693415,1.50,bq367617,bq,G,g
661428920851,2459471.7451256,516.6091411631597,0.19430507564216473,9.617160405912005,0.0004088219745797388,16.43143024794333,2.01,bA273249,bA,G,g
661428920851,2459471.7463769,529.4599445964172,0.21649411255703516,9.59048284761708,0.00044445229514268164,16.31402538533949,2.02,bA273250,bA,G,g
661428920851,2459472.6089869,378.4493487621755,0.2530693697536791,9.955046216688613,0.0007268486596842723,16.14454165265521,1.49,bq369418,bq,G,g
661428920851,2459473.684682,152.40669120390322,0.7019342288446783,10.942555535988161,0.005006158075132531,15.03689955970744,1.59,bq369779,bq,B,g
661428920851,2459478.7703864,450.01233295250034,0.2882170358161129,9.767004581955977,0.0006961573357362001,16.003341493093608,2.08,bA274981,bA,B,g
661428920851,2459480.7616828,505.1328872164041,0.09718160601344723,9.641551510684327,0.00020911760671829955,17.183680431709128,1.68,bA275789,bA,G,g
661428920851,2459482.7607798,510.27626070525116,0.12681593468077396,9.63055221136998,0.0002701348619886763,16.894706044038166,2.00,bA276584,bA,G,g
661428920851,2459483.7716733,515.7286659446916,0.1563547898313065,9.619012443195345,0.00032953541219389143,16.667362636134992,1.74,bA276958,bA,G,g
661428920851,2459486.6140839,389.1201273866882,0.20682380138829118,9.92485638370195,0.0005777354188273028,16.36363932112254,1.50,bq373052,bq,G,g
661428920851,2459492.7352222,480.0199742543184,0.1756000223490902,9.696917349010214,0.00039762843162179833,16.54132919433238,2.11,bA280105,bA,G,g
661428920851,2459494.7226465,546.1289193005794,0.2663990197553285,9.556827686161633,0.0005302120830349123,16.088809055275682,1.74,bA280882,bA,G,g
661428920851,2459500.6997924,474.2257433281444,0.21431045717535313,9.710102807424512,0.0004912136305988258,16.32503220457081,2.12,bA282145,bA,G,g
661428920851,2459504.7055075,437.62443120202096,0.3123403151493506,9.797311724023368,0.0007757801401104093,15.916070501035659,1.69,bA283138,bA,G,g
661428920851,2459507.6651078,361.3218943165959,0.34266947056901786,10.005329926134177,0.0010308448552235469,15.815452077490546,1.60,bq379833,bq,G,g
661428920851,2459509.6991286,494.1658796057097,0.10324855319273615,9.665383733247818,0.00022710327216949642,17.11793067478122,2.06,bA285194,bA,G,g
661428920851,2459511.6555097,384.4822666282101,0.24996160739481924,9.937874837901665,0.0007066578173419973,16.157957339532093,1.58,bq381443,bq,G,g
661428920851,2459515.616507,431.4426055399526,0.18485640429818057,9.812758047155123,0.00046571866490952317,16.485554358492063,1.62,bq382694,bq,G,g
661428920851,2459516.6369975,416.7263449105823,0.08793923357340988,9.850438230104553,0.00022937384357081777,17.292183920829316,1.51,bq382953,bq,G,g
661428920851,2459520.6314083,89.69275992601479,0.765012688490607,11.518172152662057,0.009270932588694596,14.943469015402078,2.10,bq384595,bq,G,g
661428920851,2459524.5953414,425.2089802053375,0.15106377829070683,9.828559552195237,0.00038616249104697696,16.704739754603185,1.49,bq385703,bq,G,g
661428920851,2459528.6085774,374.7433027262031,0.2675801268389266,9.965730922184202,0.0007761258489197226,16.084005973275673,1.53,bq387250,bq,G,g
661428920851,2459529.5793306,411.597529757996,0.06041269356677801,9.86388372318653,0.0001595392744627163,17.699820112289455,1.52,bq387649,bq,G,g
661428920851,2459534.5916085,387.0161866093618,0.23167786931045853,9.930742798829797,0.0006506802033161712,16.24042923537665,1.56,bq389717,bq,G,g
661428920851,2459535.5764341,389.077166900754,0.22193965462548676,9.924976260127487,0.0006200280446918086,16.287053346776933,1.57,bq390127,bq,G,g
661428920851,2459539.5753175,366.35745152370146,0.29765346813641097,9.990303049049466,0.0008831166858038131,15.968363243595078,1.56,bq391607,bq,G,g
661428920851,2459543.5634437,352.11416088816793,0.3307893891750604,10.033356893944159,0.001021128156217864,15.853761686150136,1.49,bq392927,bq,G,g
661428920851,2459596.03864,374.9601907894236,0.2772661050043595,9.9651027185511,0.0008037551945372968,16.045398657559723,1.50,bq408472,bq,G,g
661428920851,2459606.1656746,454.2082789491604,0.2684001895469716,9.756928007452023,0.0006423029917883861,16.080683565941463,1.71,bA308606,bA,G,g
661428920851,2459621.1162325,476.4252723429061,0.15929614150484842,9.705078645020503,0.0003634315598857473,16.647127470486865,1.78,bA314214,bA,G,g
661428920851,2459623.1066451,442.41728784840757,0.2973148547201093,9.785485399605307,0.0007304604255398744,15.969599090516892,1.64,bA315080,bA,G,g
661428920851,2459625.107915,453.3116932334571,0.25806076377852344,9.759073317569177,0.0006187813691573764,16.123335665656132,1.98,bA315934,bA,G,g
661428920851,2459632.0784334,454.99919242389524,0.2668769787122684,9.755039057706247,0.0006375476645749336,16.08686283049008,1.72,bA318001,bA,G,g
661428920851,2459634.0744156,465.3123057262461,0.23413662561896176,9.730704277010014,0.0005469366037876713,16.22896722393228,2.05,bA318859,bA,G,g
661428920851,2459636.0869423,513.3240848964439,0.14585209699074345,9.624086518262745,0.0003088397616593405,16.742858917496783,2.05,bA319643,bA,G,g
661428920851,2459644.0484527,467.21288973499895,0.2242833980411238,9.726278582700083,0.0005217884771049173,16.2756477931332,1.75,bA322528,bA,G,g
661428920851,2459646.0847056,448.95415652471934,0.27946940584097874,9.769560630491133,0.0006766194028736787,16.03680493242174,1.69,bA323400,bA,G,g
661428920851,2459649.0636242,490.8312884586138,0.11923254105691963,9.672735023759465,0.00026404304524338645,16.961653612345106,1.69,bA324232,bA,G,g
661428920851,2459653.0423385,433.3009854322464,0.32199418697963744,9.808091430464236,0.000807738023375285,15.883020533021355,1.97,bA325876,bA,G,g
661428920851,2459655.1430571,485.21008444071305,0.15787573704593458,9.685241075990852,0.0003536696113895766,16.656852133741392,1.64,bA326723,bA,G,g
661428920851,2459657.9076292,416.7749294767291,0.13786903620334878,9.850311655558986,0.0003595649292899362,16.803973762463357,1.53,bq426838,bq,G,g
661428920851,2459660.0276756,418.32096931794615,0.34539235330058876,9.846291534397364,0.000897460319981131,15.806858815393984,2.02,bA328671,bA,G,g
661428920851,2459662.915717,463.1656979094373,0.30307751936833927,9.735724652221043,0.0007112618394602006,15.948756301505988,1.49,bq428031,bq,G,g
661428920851,2459666.0065315,492.6375845624157,0.10730167936602189,9.668746766814241,0.00023675063339728114,17.076124313664096,1.67,bA330612,bA,G,g
661428920851,2459669.9996973,453.3091302321692,0.26730389485643197,9.759079456283883,0.000640948289860522,16.085127394289593,1.68,bA331729,bA,G,g
661428920851,2459672.9936169,492.63309103051483,0.10781095094277127,9.668756670265937,0.0002378764609519175,17.070983419601422,1.73,bA332613,bA,G,g
661428920851,2459676.9789651,461.98175357184317,0.24184109053635766,9.738503564774765,0.0005690067812215406,16.193815380086022,1.70,bA333423,bA,G,g
661428920851,2459677.9581684,459.2780994524933,0.24950735102022578,9.744876280529827,0.0005904998360178539,16.15993224796159,1.72,bA333804,bA,G,g
661428920851,2459679.9538033,478.0012728211742,0.34174609765870656,9.701492989651115,0.0007771174905804016,15.818381701111123,1.53,bq433514,bq,G,g
661428920851,2459682.9959644,487.08325119355334,0.14540143645377004,9.68105763175086,0.0003244723345267735,16.746218868847425,1.65,bA335464,bA,G,g
661428920851,2459682.9972238,494.6282588522935,0.10300312659199695,9.664368310713618,0.0002263516453113245,17.12051459237239,1.64,bA335465,bA,G,g
661428920851,2459686.7952917,406.5111381743994,0.21832787936068868,9.877384498493848,0.0005837796066654484,16.30486762032076,1.60,bq434751,bq,B,g
661428920851,2459690.9919946,455.8456583230524,0.24041538688945727,9.753021065428802,0.0005732665605882258,16.20023496239852,1.70,bA337908,bA,G,g
661428920851,2459692.9421432,449.93460446587346,0.25613973179521715,9.76719213219649,0.0006187849282715929,16.13144823535068,2.18,bA338169,bA,B,g
661428920851,2459693.7649767,396.79285769638807,0.17048894597533873,9.903656006740711,0.00046702975650363273,16.57340004692649,1.51,bq437044,bq,G,g
661428920851,2459694.9090557,501.02938288089416,0.11532819017198247,9.650407632719665,0.000250198357084393,16.99780191953395,2.12,bA338839,bA,G,g
661428920851,2459695.9057728,500.8435495149869,0.11280614889163897,9.650810410375808,0.0002448177267108305,17.02180867888135,1.77,bA339217,bA,G,g
661428920851,2459696.9088998,480.3122860228119,0.13953948196020335,9.696256383023629,0.0003157807001204612,16.790897845618424,1.69,bA339601,bA,G,g
661428920851,2459697.9250515,427.31468029099943,0.31642727492413186,9.823196089397577,0.0008048932227198523,15.901955833681845,1.66,bA339994,bA,G,g
661428920851,2459698.9076972,293.93210539440526,0.5513879999441438,10.22944805864788,0.0020390245623008087,15.298997336029181,1.67,bA340359,bA,G,g
661428920851,2459699.942439,-5.143968668061802,0.8749732003592012,14.797653733498855,99.999,14.797653733498855,1.64,bA340757,bA,B,g
661428920851,2459700.9100784,425.7253812452015,0.32007335465962045,9.827241764597547,0.0008172071377670942,15.889516807259215,1.71,bA341057,bA,G,g
661428920851,2459708.0107405,515.068209433948,0.18585390973115978,9.620403758323743,0.0003922104210139687,16.479711357443016,2.08,bA341752,bA,G,g
661428920851,2459709.8824666,480.6444667701706,0.14700282062211484,9.69550575469983,0.0003324404744799857,16.73432644176787,1.74,bA342357,bA,G,g
661428920851,2459711.8682887,394.1996436599818,0.3953461878620022,9.91077505388342,0.0010901179748705372,15.660196722803265,2.04,bA343090,bA,G,g
661428920851,2459713.9333132,470.9963348619748,0.19213982161777093,9.717521803267914,0.0004434166823281798,16.443597153522944,2.10,bA343885,bA,G,g
661428920851,2459716.8611805,387.7119060887298,0.4241145131123563,9.92879277781655,0.0011890118119978262,15.583932775985156,1.65,bA344852,bA,G,g
661428920851,2459717.8477776,443.7912837031058,0.2825934457296839,9.782118701769486,0.0006921424555109244,16.024735399158008,1.67,bA345207,bA,G,g
661428920851,2459720.8410111,465.5293933992511,0.20489329650829471,9.730197853735932,0.0004784018110523859,16.373821236877472,1.71,bA345694,bA,G,g
661428920851,2459721.8413962,458.15463678790843,0.23102823243363171,9.747535406700436,0.0005481067390481273,16.2434779729572,1.69,bA346052,bA,G,g
661428920851,2459721.8426632,461.78740535588776,0.21880464725951404,9.738960412452492,0.0005150230074860277,16.30249925675706,1.74,bA346053,bA,G,g
661428920851,2459723.0103779,512.8177937313961,0.17649880689430678,9.625157907520109,0.00037410271558055094,16.535786176523093,1.98,bA346537,bA,G,g
661428920851,2459723.9266029,491.54769727121914,0.04662487378792523,9.671151457468978,0.00010310130821564222,17.981096438450287,1.67,bA346829,bA,G,g
661428920851,2459724.9188305,507.7255287937438,0.15316127295192355,9.635993120824507,0.0003278929954703742,16.689768193459333,1.65,bA347179,bA,G,g
661428920851,2459725.9227998,502.1957143982509,0.12135563143473974,9.647883116678148,0.0002626631236704556,16.942490775670812,1.68,bA347539,bA,G,g
661428920851,2459726.8683313,505.3554478627403,0.139857616143902,9.641073242609377,0.0003008162841133398,16.78842530776579,1.73,bA347832,bA,G,g
661428920851,2459726.8695845,502.2589108990579,0.12494488004316899,9.64774649581484,0.00027039769583725784,16.910844450373187,1.75,bA347833,bA,G,g
661428920851,2459727.8396146,436.7387062289738,0.2928205327307227,9.799511414194344,0.0007287725663223349,15.986136795409676,2.05,bA348164,bA,G,g
661428920851,2459729.9278288,537.2181662966334,0.26119363719135247,9.574688896965755,0.0005284745475735488,16.110234128693616,2.05,bA348535,bA,G,g
661428920851,2459731.810002,464.0525647718579,0.20990640059748134,9.73364767899106,0.000491666566257184,16.347576407532802,2.01,bA349153,bA,G,g
661428920851,2459732.9491302,505.150543824042,0.13888837561585154,9.641513560110104,0.0002988527430388937,16.79597586493743,2.10,bA349613,bA,G,g
661428920851,2459733.8872092,522.0374528757161,0.212058504439489,9.605811467296858,0.00044153608734587237,16.336501375983403,2.00,bA349908,bA,G,g
661428920851,2459734.9440442,534.4654264781178,0.253061501762367,9.580266580297748,0.0005146578920067247,16.144575408995742,2.02,bA350301,bA,G,g
661428920851,2459736.0017791,520.3416358423966,0.2063438169064807,9.609344177409781,0.00043103749932280495,16.366161962012043,2.02,bA350605,bA,G,g
661428920851,2459736.7764477,430.2441523724032,0.178674220857339,9.815778181376238,0.00045139744156113605,16.52248586905648,1.48,bq448244,bq,G,g
661428920851,2459737.8462862,484.69394060404926,0.11277547311853597,9.686396646209674,0.00025290606242289916,17.02210396710009,1.65,bA351189,bA,G,g
661428920851,2459738.8155247,484.0837553879544,0.11708436152849612,9.687764349597295,0.00026289998154362316,16.981393381349427,2.03,bA351514,bA,G,g
661428920851,2459739.8033246,469.2842631135513,0.19302233656003379,9.721475645005512,0.00044707846407048127,16.43862169017319,1.67,bA351852,bA,G,g
661428920851,2459740.8128082,491.3817863862249,0.07473521180365732,9.671517985199213,0.00016531733190796552,17.46882743726021,2.00,bA352207,bA,G,g
661428920851,2459741.8129411,502.3910716535712,0.12958395247437826,9.647460840672565,0.0002803635060455154,16.87126255558696,2.06,bA352556,bA,G,g
661428920851,2459741.8154937,509.10572046888143,0.16939390741592905,9.633045679953511,0.00036166125228182915,16.580396146385006,2.04,bA352558,bA,G,g
661428920851,2459744.9761937,473.3850301127349,0.21465256673577066,9.712029322067151,0.0004928715368669896,16.32330039649512,2.24,bA352957,bA,G,g
661428920851,2459745.9140377,474.2399212886999,0.18186324739262447,9.710070347577709,0.00041683003463922067,16.50327825723165,2.03,bA353171,bA,G,g
661428920851,2459748.6924786,445.3875971001239,0.2416667344472779,9.77822032507903,0.0005897812036194085,16.194598427295844,1.53,bq450665,bq,G,g
661428920851,2459750.6361375,434.59934561158366,0.19985001387479173,9.804842952143172,0.0004998357179879533,16.400880154573525,2.07,bq451058,bq,G,g
661428920851,2459752.0227583,482.9796634036703,0.12418494414731633,9.690243511022022,0.00027948099096238125,16.917468245634876,2.01,bA354677,bA,G,g
661428920851,2459754.7939925,482.156426949889,0.12813943523453697,9.692095722018276,0.00028887304417208275,16.88343359759727,1.67,bA355042,bA,G,g
661428920851,2459755.7888524,490.34013875968645,0.06208902359346992,9.67382200823502,0.00013763521235289383,17.67010353588514,1.67,bA355379,bA,G,g
661428920851,2459756.7613974,489.4276494204733,0.07653186435567023,9.675844371105969,0.0001699675308102249,17.44303487870271,1.64,bA355431,bA,G,g
661428920851,2459757.752483,-68.44913949526926,0.9888511886432156,14.664813261654883,99.999,14.664813261654883,2.05,bA355608,bA,B,g
661428920851,2459758.7540521,41.52629461083416,0.8451197235520649,12.354257670372071,0.02212112599436272,14.835345017781275,2.00,bA355952,bA,B,g
661428920851,2459759.9648831,514.8909185694903,0.184902177096702,9.620777542306003,0.0003903363217929806,16.48528554966759,2.08,bA356389,bA,G,g
661428920851,2459760.8997941,521.9565913915652,0.2117799268959923,9.60597965645765,0.0004410243620055088,16.337928626303338,1.98,bA356667,bA,G,g
661428920851,2459761.6897659,440.8420568215849,0.22437133962788047,9.789358072292577,0.000553218294684104,16.275222159086116,1.49,bq453584,bq,G,g
661428920851,2459763.0101147,510.1158022018202,0.16403562937927949,9.630893679349409,0.0003495276883832918,16.615295138240384,1.99,bA357094,bA,G,g
661428920851,2459764.804137,512.0868504815901,0.17274504995311443,9.626706562195391,0.0003666689712264735,16.55912658288735,1.72,bA357274,bA,G,g
661428920851,2459765.9159539,426.833678087712,0.31782579733594296,9.824418925118701,0.0008093616809689783,15.897167748474402,2.30,bA357707,bA,B,g
661428920851,2459766.9647163,505.5283324020802,0.14140765834737676,9.64070187053061,0.0003040462158356121,16.776458284962178,2.04,bA358070,bA,G,g
661428920851,2459767.8274133,523.8175349626403,0.22134694142794886,9.602115541077666,0.00045930975099807994,16.289956798254313,2.06,bA358311,bA,G,g
661428920851,2459769.7338896,465.4631926105287,0.3187364189409697,9.730352262254971,0.0007443179928805953,15.894061389050107,1.52,bq455144,bq,G,g
661428920851,2459771.7727999,396.7136299495104,0.4027401237290571,9.903872817654879,0.0011034685249131386,15.640078363559255,2.12,bA359651,bA,G,g
661428920851,2459772.8652724,458.5883247969966,0.23425980713918482,9.746508137710336,0.0005552479454508683,16.22839615792924,1.99,bA359986,bA,G,g
661428920851,2459774.9692036,426.7484972755099,0.3271876020546909,9.824635621049648,0.000833368366042382,15.86564851438748,2.07,bA360443,bA,B,g
661428920851,2459775.880127,482.5218329454259,0.14374908246553178,9.691273200035024,0.00032381747728625144,16.75862790814981,2.01,bA360685,bA,B,g
661428920851,2459776.9617707,458.00393344806196,0.2351413431793161,9.747892602668559,0.0005580485184375399,16.224318124804967,2.05,bA360937,bA,G,g
661428920851,2459777.6851516,480.181294658238,0.3473591502453804,9.696552526737177,0.0007862952970996185,15.80069375223059,1.59,bq457180,bq,G,g
661428920851,2459780.7479966,474.56260409313916,0.18278392047450331,9.709331841075949,0.00041865535277156975,16.497795641103348,2.24,bA361527,bA,G,g
661428920851,2459782.6903135,437.9340597461057,0.2129010809878042,9.796543814311272,0.0005284225177625326,16.332195945095712,1.52,bq458489,bq,G,g
661428920851,2459783.8183477,522.8866968736638,0.21509620939601634,9.604046640331221,0.0004471336314391925,16.321058719049756,1.65,bA362106,bA,G,g
661428920851,2459784.8274058,511.17083241924826,0.16913258114331317,9.628650460114338,0.0003596444680582178,16.582072419653905,1.72,bA362474,bA,G,g
661428920851,2459785.9385287,499.55974143222625,0.10391645475879993,9.653597041913688,0.00022610442525303217,17.110929806910864,1.72,bA362915,bA,G,g
661428920851,2459788.7468253,499.08335312600536,0.10203908663774554,9.65463291163259,0.0002222315170371938,17.130724205089628,2.06,bA363449,bA,G,g
661428920851,2459789.8410678,477.37700499054677,0.15426655816099957,9.702911883710952,0.00035125496143801027,16.681961136210422,1.68,bA363799,bA,G,g
661428920851,2459790.7924792,255.80342780637991,0.6028970039805365,10.380299722791344,0.0025618219272247073,15.202032797192444,1.70,bA364120,bA,B,g
661428920851,2459791.758511,491.47614172593507,0.04891052486309696,9.671309521685169,0.00010817130165246777,17.929134803196803,2.22,bA364451,bA,G,g
661428920851,2459793.6795767,463.384938995124,0.30111030144880485,9.735210836830362,0.0007063108409012359,15.955826577311216,1.50,bq461078,bq,G,g
661428920851,2459799.8761442,486.9805791379215,0.10665993070749663,9.681286517712863,0.00023806844103719884,17.082637368432287,2.01,bA366136,bA,G,g
661428920851,2459800.7868081,490.8347766084893,0.07573353654466419,9.67272730787574,0.00016771236551409377,17.45442001734807,2.00,bA366436,bA,G,g
661428920851,2459803.8947611,419.07102139715147,0.35346959507990566,9.844346545850405,0.0009168042216989348,15.78176045547995,2.01,bA367629,bA,B,g
661428920851,2459804.8768112,454.5559649650391,0.25157174006620786,9.756097219233244,0.0006015706857377999,16.150985977206055,1.98,bA367988,bA,G,g
661428920851,2459805.7764422,522.3147903669405,0.21356612110143378,9.605234812505937,0.00044443904793630226,16.32880971182505,2.07,bA368283,bA,G,g
661428920851,2459805.7777015,527.7632640312831,0.23263963635568685,9.59396772968162,0.00047913370858803224,16.235931335632483,2.07,bA368284,bA,G,g
661428920851,2459807.8700223,508.5462682790829,0.15892066898850846,9.634239442782462,0.00033967382787166117,16.64968964998604,1.70,bA369105,bA,G,g
661428920851,2459808.8596095,523.6091540938006,0.2183799874508305,9.602547545835662,0.0004533334639418216,16.30460851969723,1.69,bA369265,bA,G,g
661428920851,2459809.8304372,511.96111682616623,0.17212501661247448,9.626973177797186,0.0003654426150978797,16.56303062349098,1.69,bA369559,bA,G,g
661428920851,2459810.7736492,505.3169173197544,0.13964371914071064,9.64115602711397,0.0003003791205823717,16.790087094215252,1.72,bA369893,bA,U,g
661428920851,2459811.8079067,510.15202045434756,0.16503605756467904,9.630816594750279,0.0003516344381666433,16.60869351014123,2.11,bA370299,bA,B,g
661428920851,2459813.8370126,512.260783564524,0.17349117756429283,9.626337848604642,0.00036812766654810013,16.554447124468815,2.09,bA371088,bA,G,g
661428920851,2459816.8471089,519.6046485858476,0.20341114447266875,9.610883052816748,0.0004255140339500993,16.38170375312194,1.67,bA371532,bA,G,g
661428920851,2459817.8542003,496.0153267799889,0.07457371150782084,9.661327881494572,0.00016341910763106784,17.471176215655547,1.74,bA371896,bA,G,g
661428920851,2459819.7958818,492.73615168477204,0.025328977529854704,9.668529554015153,5.587472569431588e-05,18.64359646465083,1.71,bA372436,bA,G,g
661428920851,2459820.8339894,483.1567421173864,0.12223790196049268,9.689845511792042,0.00027499830418879865,16.934625893318977,1.63,bA372833,bA,G,g
661428920851,2459821.7781779,528.7966518205259,0.23519276822147733,9.591843880617741,0.00048344540837028674,16.22408070196459,1.63,bA373129,bA,G,g
661428920851,2459821.780704,538.3803707952445,0.264985510249376,9.572342579173311,0.000534989282960824,16.094585294437774,1.65,bA373131,bA,G,g
661428920851,2459823.8349479,504.5415124637799,0.1355125114415453,9.642823360407624,0.00029194071141809227,16.822692126198774,2.12,bA373875,bA,G,g
661428920851,2459827.792986,487.5484318865869,0.09411586015935088,9.68002121241974,0.00020982499646946115,17.218483572021665,2.04,bA374942,bA,G,g
661428920851,2459829.8280652,463.0200469532827,0.22077837735143466,9.73606613559743,0.0005182853284651356,16.292749268699534,2.33,bA375430,bA,G,g
661428920851,2459830.8060742,484.9010546734959,0.14185110672636936,9.685932800483926,0.0003179741188147352,16.77305879013471,2.09,bA375753,bA,B,g
661428920851,2459837.8059421,441.14437505316374,0.28127496469462737,9.788613757300018,0.0006930467088918994,16.029812914328435,1.64,bA377482,bA,G,g
661428920851,2459838.7934795,492.2172454700058,0.03634471477656943,9.669673558021836,8.025952995494547e-05,18.25153744898804,1.69,bA377870,bA,G,g
661428920851,2459839.7776741,519.5510309199694,0.20378571076475913,9.610995095010729,0.0004263415798844202,16.37970629025415,1.68,bA378256,bA,G,g
661428920851,2459840.7577573,460.23516400799815,0.22367686813718796,9.74261612821939,0.0005282669591488989,16.278587928355506,1.73,bA378639,bA,G,g
661428920851,2459841.7843858,493.0060152122037,0.02846740821713302,9.667935076840015,6.276360544060335e-05,18.516770788695556,1.98,bA379002,bA,G,g
661428920851,2459844.714031,500.3487178306143,0.12001368764986528,9.651883644231589,0.0002607174873048157,16.954563660243785,2.11,bA380117,bA,G,g
661428920851,2459847.7176056,445.85276468537415,0.24408735251419553,9.777086962282409,0.0005950671627584646,16.183777419306388,1.52,bq471534,bq,G,g
661428920851,2459849.7517257,494.73813352683015,0.059935005512234636,9.66412715654962,0.00013167924747903265,17.708439237426063,1.98,bA382130,bA,G,g
661428920851,2459852.7462743,522.379320822771,0.21439235033144657,9.605100681277392,0.0004461033469638602,16.324617398024095,1.69,bA383318,bA,G,g
661428920851,2459853.6791018,467.15496228587557,0.3124002131042589,9.72641320618634,0.0007268796789930516,15.915862307792246,1.49,bq473169,bq,G,g
661428920851,2459856.6341534,467.2405980428996,0.3149137813696799,9.726214194448632,0.0007325938496762994,15.907161444434497,1.52,bq474008,bq,G,g
661428920851,2459860.7427699,457.7527866527234,0.24035916131846946,9.748488130212632,0.000570744658629603,16.200488911525238,2.00,bA384966,bA,G,g
661428920851,2459860.7440257,449.24036787318005,0.28731918835787024,9.768868686763327,0.0006951812168726197,16.00672903410881,2.01,bA384967,bA,G,g
661428920851,2459867.7105901,493.748285785354,0.05170187240905248,9.666301620190897,0.00011381849622375131,17.868874932518043,1.72,bA386225,bA,G,g
661428920851,2459870.7088747,504.86822918484074,0.14000777915222595,9.642120517606514,0.00030142987783057215,16.787260194585393,2.01,bA387407,bA,G,g
661428920851,2459881.6215729,418.19739929601565,0.10113512742583079,9.84661230308014,0.0002628650644826526,17.14038554646293,1.47,bq478107,bq,G,g
661428920851,2459881.6228364,421.41310931931434,0.1271284470666923,9.838295518494023,0.00032790411969126597,16.892033756659487,1.53,bq478108,bq,G,g
661428920851,2459882.6174983,455.09399303208863,0.275873950696034,9.754812864488748,0.0006589034232008642,16.050863875676164,1.46,bq478267,bq,G,g
661428920851,2459884.6286324,468.2898856294329,0.3183098832293083,9.723778677873806,0.000738835097933133,15.895515303255083,1.67,bq478797,bq,G,g
661428920851,2459885.6120872,453.92200958469016,0.2750381648099509,9.757612519415863,0.0006586032857073011,16.054158207627086,1.53,bq479205,bq,G,g
661428920851,2459886.6078471,466.90648667864036,0.31677759017765433,9.726990853341004,0.0007374570227836561,15.900754484754835,1.57,bq479603,bq,G,g
661428920851,2459886.6090873,473.4520425755861,0.3384551895401766,9.711875635948795,0.0007770292289496583,15.828887667616463,1.57,bq479604,bq,G,g
661428920851,2459887.6035691,421.5012068369639,0.13769925460664412,9.838068566209607,0.0003550953126717907,16.805311638089226,1.57,bq480021,bq,G,g
661428920851,2459888.602939,434.3165907452399,0.20749691343181761,9.805549573332753,0.0005192988895691312,16.360111509297802,2.38,bq480442,bq,G,g
661428920851,2459890.5984256,468.2265679339813,0.3338201840545129,9.723925490701701,0.0007749411310580956,15.843859130805171,1.54,bq481284,bq,G,g
661428920851,2459891.5940935,458.5654320326336,0.3350188141464422,9.74656233909787,0.0007941088872042808,15.839967618846003,1.49,bq481705,bq,G,g
661428920851,2459898.595973,463.0237143947212,0.30221534698433195,9.736057535844123,0.000709455978520868,15.951849324593388,1.61,bq483989,bq,G,g
661428920851,2459901.5872148,345.83547532179836,0.3464771288874324,10.052891770915833,0.0010889732307745874,15.803454181647007,1.52,bq484488,bq,G,g
661428920851,2459907.5670979,492.7977732992315,0.3790944725099789,9.668393780266113,0.0008361628878541437,15.7057719811326,1.51,bq485550,bq,G,g
661428920851,2459912.5556703,465.94443918263073,0.3108667767831201,9.72923028975784,0.0007251909069012255,15.921204835851338,1.58,bq486498,bq,G,g
661428920851,2459912.5581447,421.8265228884597,0.14421651669088045,9.837230914558491,0.0003716150475466966,16.755103107208075,1.54,bq486500,bq,G,g
661428920851,2459913.5556405,315.33912928395375,0.42639041078564205,10.15312096200207,0.0014697441413721324,15.578122038549447,1.38,bq486910,bq,B,g
661428920851,2459914.5517877,321.868980538531,0.4115451293278904,10.130867811121744,0.0013897942621388275,15.616596946086553,1.56,bq487338,bq,G,g
661428920851,2459915.5478256,466.05601166456523,0.3223045987139339,9.728970336485158,0.0007516930943716005,15.881974356024386,1.78,bq487456,bq,B,g
661428920851,2459915.5490874,467.64360661800356,0.33382004790580544,9.725278119102102,0.0007759068509085334,15.843859573623247,1.66,bq487457,bq,B,g
661428920851,2459963.0375666,434.0584356592237,0.2706277351326311,9.806195120067896,0.0006776981104379384,16.071709854016078,1.62,bq494456,bq,G,g
661428920851,2459963.039197,438.97491566880205,0.31341601459055407,9.793966362097615,0.0007760570568312784,15.912337651925899,1.54,bq494457,bq,G,g
661428920851,2459965.0277678,444.3917677933581,0.24296397068905484,9.780650609318487,0.0005942757981306832,16.18878592015268,1.55,bq493700,bq,G,g
661428920851,2459966.0283568,467.9238592922627,0.3172814500521825,9.72462764653842,0.0007370240574667155,15.899028907203402,1.57,bq494139,bq,G,g
661428920851,2459984.9720052,426.3761078700105,0.16764041771276675,9.82558347012834,0.00042736410876830064,16.591693775685073,1.58,bq500796,bq,G,g
661428920851,2459987.9660747,463.70338136887034,0.3130287797528106,9.73446496522286,0.0007337636241511375,15.913679940792939,1.55,bq501723,bq,G,g
661428920851,2460002.0831222,502.78125502422523,0.12583331093340502,9.646617928025554,0.00027203746481062075,16.903151551603145,2.01,bA403906,bA,G,g
661428920851,2460005.9956459,504.4053400800987,0.40490651348482454,9.643116432907082,0.000872543846298482,15.634253703802672,2.09,bq506270,bq,G,g
661428920851,2460008.9314178,485.5626748641501,0.4662288489264488,9.684452384298917,0.001043676777885192,15.481142754107504,2.22,bq507393,bq,G,g
661428920851,2460021.0583153,509.82758244593,0.1627052240327538,9.631507302883689,0.0003468888511974229,16.62413686843354,2.35,bA406308,bA,G,g
661428920851,2460022.9604942,454.95099065241595,0.2769146756569794,9.755154084681243,0.0006615970046333856,16.046775679752933,1.71,bq511811,bq,G,g
661428920851,2460024.9427003,404.2018098241852,0.1248896570586203,9.883569987910853,0.00033584616381771644,16.911324428804765,1.63,bq512245,bq,G,g
661428920851,2460026.8802108,405.02760207433903,0.12328005969213093,9.881354070294314,0.00033084180978400717,16.92540852145333,2.40,bq512999,bq,G,g
661428920851,2460029.9949433,465.6029135519795,0.20388630565024352,9.730026399064739,0.0004759754356543324,16.379170469756282,2.02,bA409114,bA,G,g
661428920851,2460032.0392028,396.6249997799248,0.3837361349118536,9.904115410113501,0.0010516344020191485,15.692558869154524,2.02,bA410078,bA,B,g
661428920851,2460041.9786231,416.67141335643885,0.35140648465982516,9.850581357864646,0.0009167021255563563,15.788116182787062,1.69,bA412920,bA,G,g
661428920851,2460048.94347,443.570692719634,0.27483568279393267,9.782658512192956,0.0006734765004150351,16.05495781672469,1.66,bA414748,bA,G,g
661428920851,2460049.9679425,460.58617920504093,0.29337955590283266,9.74178836737497,0.0006923586421631463,15.984065994353791,1.68,bq521674,bq,G,g
661428920851,2460052.9516413,318.98466597007166,0.5161385233258452,10.140641106211739,0.0017587683481389313,15.370724924029545,1.68,bA416511,bA,B,g
661428920851,2460056.9198779,457.015463618022,0.2347393405829871,9.75023838441418,0.0005582993956823282,16.226175910812415,1.73,bA417274,bA,G,g
661428920851,2460058.9014463,426.1278515216869,0.15659877128132593,9.826215821239641,0.00039944832315638696,16.66566973610023,1.52,bq524770,bq,G,g
661428920851,2460070.9101759,429.1414813290346,0.3188991834999533,9.818564382317408,0.0008077278994541837,15.893507093218124,2.49,bA420388,bA,B,g
661428920851,2460073.8858937,426.7063265920994,0.32495253729612916,9.824742917268535,0.0008277573067421339,15.873090780500155,1.69,bA421433,bA,G,g
661428920851,2460073.9469196,418.65890543570123,0.11653067155007837,9.845414788112425,0.00030254646868714844,16.986539988342194,1.55,bq529982,bq,G,g
661428920851,2460076.8667835,454.3018444536885,0.2749909375921525,9.756704372175927,0.000657939642297487,16.054344657035365,1.46,bq530977,bq,G,g
661428920851,2460093.8130727,444.89815060124613,0.24312656512273112,9.77941412120355,0.0005939966376822376,16.18805957533865,2.04,bq534828,bq,G,g
661428920851,2460094.8169394,429.43847034963744,0.17792827076381018,9.817813254261567,0.00045035623881350896,16.527028216481575,1.48,bq535207,bq,G,g
661428920851,2460095.8175881,434.14911615380765,0.20265264145026493,9.805968319238561,0.0005073708596333744,16.385759939264215,1.58,bq535582,bq,G,g
661428920851,2460097.805941,365.40255222472905,0.34919773931501497,9.993136681180141,0.0010387523508362864,15.794962052825937,1.48,bq536212,bq,G,g
661428920851,2460098.7884063,442.1128850384876,0.2605862536017192,9.786232691613511,0.000640664267912703,16.112761856047396,1.41,bq536570,bq,G,g
661428920851,2460101.7858324,444.50524932718974,0.2755629150813641,9.780373387079806,0.0006738388537604462,16.052088685566787,1.53,bq537572,bq,G,g
661428920851,2460102.8258528,102.21101770497614,0.7912740085475514,11.376321340941747,0.008414752767221027,14.906823360366694,1.48,bq537819,bq,B,g
661428920851,2460103.8239345,409.9917468321911,0.09291262064895328,9.868127836222609,0.00024632685839793113,17.232453837062913,1.44,bq538189,bq,G,g
661428920851,2460104.8280478,416.8980870291236,0.09584834228875479,9.849990866444191,0.00024990035692192686,17.198679096212718,1.50,bq538563,bq,G,g
661428920851,2460107.8155675,463.16682094288706,0.30081151271802303,9.735722019650016,0.0007059422669729337,15.956904477336082,1.58,bq538930,bq,G,g
661428920851,2460108.7877106,231.68447456895555,0.5732871273510524,10.487823291744945,0.0026895983559651728,15.25671013596577,1.49,bq539266,bq,B,g
661428920851,2460109.8006949,434.29814090999434,0.19921623218492013,9.805595696552567,0.0004985961541441925,16.404328806580253,1.50,bq539635,bq,G,g
661428920851,2460111.97586,516.041050317259,0.1899058325973696,9.618354996038068,0.00040000574204533733,16.456294852759815,1.62,bA435012,bA,G,g
661428920851,2460113.9463918,502.9237760610039,0.12674667044026264,9.646310203104582,0.0002739343944380404,16.89529921269924,1.67,bA435816,bA,G,g
661428920851,2460116.9914337,494.65674242895705,0.0573765044535231,9.664305789498007,0.00012607887522994435,17.75580539591561,1.98,bA437105,bA,G,g
661428920851,2460120.8460477,511.25521957399917,0.17155670228931044,9.628471235046355,0.0003647389195494248,16.566621387647587,1.73,bA438469,bA,G,g
661428920851,2460123.8691582,498.3096225819998,0.10205962354242862,9.65631743809975,0.000222621375121907,17.130505706295555,1.67,bA439709,bA,G,g
661428920851,2460125.8392081,496.01273365689394,0.0896367472367742,9.661333557639713,0.00019642892285884266,17.271425390567284,1.70,bA440450,bA,G,g
661428920851,2460127.9581539,470.8954335271839,0.1935151146355268,9.717754424969021,0.0004466862511972918,16.435853382545197,2.00,bA441382,bA,B,g
661428920851,2460133.9907523,413.0118435868421,0.35520279601901883,9.860159357967733,0.0009348157968541771,15.776449672146693,1.65,bA443845,bA,G,g
661428920851,2460137.9728436,502.8538914699071,0.12666345976383245,9.646461083827589,0.0002737925985894032,16.896012245340806,1.69,bA445397,bA,G,g
661428920851,2460140.9821305,472.113774027816,0.17889668459311445,9.714948944138799,0.0004118772396260084,16.521134881268267,2.08,bA446627,bA,G,g
661428920851,2460146.9240454,513.5981726828189,0.1792363869941539,9.623506947535127,0.00037932798467445075,16.519075159139668,2.03,bA447420,bA,G,g
661428920851,2460149.8533417,507.9650362973094,0.15339186697917848,9.635481071226549,0.0003282318236115228,16.6881347779199,2.03,bA448651,bA,G,g
661428920851,2460152.8942099,507.61550802958715,0.15391905162368572,9.63622841817398,0.0003295866937393007,16.68440966447962,2.27,bA449919,bA,G,g
661428920851,2460154.8859129,445.3971579795168,0.27538406553640743,9.778197018454511,0.000672053022016813,16.05279359344292,1.69,bA450741,bA,G,g
661428920851,2460156.8510393,471.1425204594073,0.18955125623562036,9.71718486992497,0.00043730711031611085,16.458323943883318,1.69,bA451542,bA,G,g
661428920851,2460159.9107888,483.6113750518615,0.13393631053050176,9.688824353844328,0.0003010329238289613,16.83539478270483,1.70,bA452810,bA,G,g
661428920851,2460162.8787992,474.8890720331144,0.16840083810867076,9.708585182588727,0.0003854466232817236,16.586779989954348,1.67,bA454113,bA,G,g
661428920851,2460171.8863928,477.1233856469952,0.15557432061861878,9.703488863485298,0.00035442094749188095,16.672795828619076,1.67,bA455062,bA,G,g
661428920851,2460182.7498649,509.70751123116673,0.16559164643564792,9.631763038397708,0.00035312589293414744,16.60504455082741,2.07,bA457472,bA,G,g
661428920851,2460186.8017884,427.7255506483689,0.32881555837424825,9.8221526370765,0.0008356017429456919,15.860259714909134,2.05,bA458760,bA,B,g
661428920851,2460193.7275766,487.68819954251603,0.09347800009870531,9.67971000424637,0.00020834320359141865,17.22586708051643,2.31,bA461222,bA,G,g
661428920851,2460194.8107353,481.89384538219747,0.13009152191358467,9.692687173169688,0.0002934335632670102,16.867018125344185,1.64,bA461431,bA,G,g
661428920851,2460195.8062106,488.4681602975126,0.08232141305797937,9.677974971120447,0.00018318450223583005,17.363858570090255,1.68,bA461854,bA,G,g
661428920851,2460196.8052348,506.3659035304396,0.1457326426197944,9.638904486034267,0.00031282723663154607,16.74374851098364,2.02,bA462308,bA,G,g
661428920851,2460197.8008548,523.4579776120122,0.2175679963574274,9.602861064951593,0.00045177829487146634,16.30865308088478,1.99,bA462758,bA,G,g
661428920851,2460200.7815436,342.6586588158465,0.47976391306210553,10.06291134553193,0.0015218716958738778,15.450071666323701,1.69,bA463934,bA,G,g
661428920851,2460206.733978,178.7360841509236,0.6944887445685413,10.769535024934765,0.004223428491058258,15.04847758241139,1.72,bA466472,bA,B,g
661428920851,2460211.7383947,514.7853316032093,0.18750834676026729,9.621000213446422,0.0003959192460998324,16.470089099666254,2.13,bA468428,bA,G,g
661428920851,2460219.7633743,481.58315291032693,0.1335229357275858,9.693387408001545,0.00030136773870467743,16.838750930254875,1.72,bA471608,bA,G,g
661428920851,2460222.7237016,498.5751269458814,0.09692218787320848,9.655739101020483,0.0002113025670882387,17.18658258863342,2.28,bA472908,bA,G,g
661428920851,2460225.7257285,491.111767637711,0.053303211359816915,9.672114771076139,0.00011797370178254998,17.835757174530794,1.99,bA474242,bA,G,g
661428920851,2460227.6161773,498.20121566489365,0.39210823687912233,9.656553664963916,0.0008554868834163442,15.669125697775462,1.51,bq571082,bq,G,g
661428920851,2460228.6753663,458.0875664829767,0.28679603158826233,9.74769436174136,0.0006805135955493085,16.008707767237674,1.51,bq571571,bq,G,g
661428920851,2460230.5974743,477.7248310654174,0.34259135286958603,9.702121083473983,0.0007794903699323011,15.815699618899515,1.45,bq572447,bq,G,g
661428920851,2460231.636722,469.294829514289,0.32064738363318845,9.721451198852971,0.0007426669609366986,15.887571359988087,1.61,bq572954,bq,G,g
661428920851,2460234.7273155,507.50386637271305,0.15164038815822917,9.636467234203646,0.00032477882394415315,16.700603392862686,2.07,bA478316,bA,G,g
661428920851,2460235.6448584,494.7733139188052,0.3828367583813748,9.664049953551356,0.0008410455850745249,15.695106535834206,1.55,bq574738,bq,G,g
661428920851,2460236.6318127,455.05773509499727,0.27591914896818914,9.754899369966493,0.0006590638842367432,16.05068600683144,1.47,bq575210,bq,G,g
661428920851,2460237.6250434,469.30835218684575,0.31901234638507403,9.721419913949047,0.00073885868172341,15.89312188292816,1.48,bq575690,bq,G,g
661428920851,2460244.6458388,451.92424003318285,0.2769997758762261,9.762401531344585,0.0006662327138876947,16.04644206726263,1.52,bq577262,bq,G,g
661428920851,2460250.6101732,502.56874477536337,0.40211919834558985,9.64707693250072,0.0008697040747203991,15.64175359122834,1.53,bq578470,bq,G,g
661428920851,2460270.5541022,439.8373530995983,0.22763617601846214,9.79183534987388,0.0005625502799235766,16.259537407855966,1.51,bq583701,bq,G,g
661428920851,2460273.5652447,457.30389995722965,0.29386450513200973,9.749553359467512,0.0006984806829566824,15.982272780628143,1.51,bq585028,bq,G,g
661428920851,2460277.5401913,455.3044151887839,0.2790461347353766,9.754310967833806,0.0006661719190466255,16.03845058350349,2.31,bq585963,bq,G,g
661428920851,2460286.533036,393.7399027556811,0.23499925349158643,9.91204204804185,0.0006487378327641989,16.224974404752203,1.59,bq589377,bq,G,g
661428920851,2460334.0332877,464.21486493173575,0.3133647625088768,9.7332680143475,0.0007337418467681894,15.912515213978862,1.72,bq602487,bq,B,g
661428920851,2460337.1658907,419.65922840690854,0.37465359052872976,9.842823677797808,0.000970387724259278,15.71856586379965,2.03,bA510487,bA,G,g
661428920851,2460387.0897502,497.5435309909609,0.08826853295281967,9.65798791238132,0.00019283550399363093,17.288125840056814,1.79,bA527140,bA,G,g
661428920851,2460393.0875611,462.98532443979775,0.22657903593141657,9.736147559509629,0.0005319424780753329,16.26459129996805,2.03,bA529927,bA,G,g
661428920851,2460403.9148092,511.9096863785917,0.4222916545904857,9.627082253861923,0.0008966672837944032,15.588609364197188,1.49,bq622366,bq,G,g
661428920851,2460404.9189379,518.4525915213142,0.43617845644343145,9.61329299810711,0.0009144655184037284,15.553480083271259,1.44,bq622801,bq,G,g
661428920851,2460405.912138,490.0119290275111,0.37387717914447127,9.674548990334612,0.0008293435610986853,15.720818218107965,1.44,bq623225,bq,G,g
661428920851,2460406.9100269,118.63209832675557,0.730257865756968,11.214560091951801,0.0066909256510791675,14.993950002578302,1.54,bq623432,bq,B,g
661428920851,2460407.909276,399.99496733341925,0.15343286689432106,9.894929304419044,0.00041694238412979227,16.687844611661365,1.52,bq623818,bq,G,g
661428920851,2460408.9383183,489.8139955809744,0.3730092104666382,9.674987646848107,0.0008277525706560779,15.723341722232455,1.53,bq624193,bq,G,g
661428920851,2460409.90649,477.8022553477507,0.3423772925852796,9.701945133785406,0.0007788770917376708,15.816378228087778,1.49,bq624506,bq,G,g
661428920851,2460411.8980248,515.5369194119244,0.4295956415950907,9.619416192061044,0.000905758184836004,15.569990944848467,1.67,bq625003,bq,G,g
661428920851,2460417.1192787,512.4985602843404,0.17543904204355343,9.62583399801858,0.00037208809096186767,16.542324993238857,1.71,bA537493,bA,G,g
661428920851,2460418.1233474,524.3181343999122,0.22086813729507027,9.601078425386744,0.0004578786170575955,16.29230794008648,1.72,bA537944,bA,G,g
661428920851,2460419.0440132,499.0157335111729,0.1004219663241302,9.654780025411313,0.00021873921780752166,17.14806880925269,1.67,bA538356,bA,G,g
661428920851,2460420.0227832,474.05707482208453,0.17492642794440375,9.71048904136666,0.00040108550589622365,16.545502041956958,2.00,bA538786,bA,G,g
661428920851,2460424.066413,461.0756014607675,0.22659468813536265,9.740635268649275,0.0005341826227192681,16.264516299306656,2.03,bA539629,bA,G,g
661428920851,2460426.0746519,479.6814763968392,0.1585662017923576,9.697683252602607,0.00035931045005168727,16.652114052779297,2.36,bA540454,bA,G,g
661428920851,2460426.922403,407.6023965013922,0.37175142583465326,9.874473800333215,0.0009913524558372337,15.7270090041604,2.04,bA540746,bA,G,g
661428920851,2460427.9493636,456.8872268890986,0.24306047488622884,9.75054308044305,0.000578252471957868,16.188354756234432,1.70,bA541189,bA,G,g
661428920851,2460429.8965072,285.90242875948445,0.5632134583614241,10.259521010449328,0.002141249881483882,15.275958051405926,1.67,bA541599,bA,G,g
661428920851,2460430.7566213,489.5717457460021,0.37251462407803515,9.67552475783654,0.0008270640689605755,15.724782294357404,1.49,bq630184,bq,G,g
661428920851,2460431.8974966,443.01835292160865,0.27643752606718985,9.784011326998368,0.0006782463295946828,16.04864811727647,1.67,bA542482,bA,G,g
661428920851,2460432.8937318,433.2112041117662,0.3023608754136372,9.808316421714633,0.0007586441032231818,15.951326626274414,1.75,bA542912,bA,G,g
661428920851,2460433.8860609,436.3913132050479,0.2938410936391207,9.80037537991506,0.0007318947087654957,15.982359282119718,1.70,bA543334,bA,G,g
661428920851,2460434.9071024,448.50306010112195,0.261072180748007,9.770652095913908,0.0006327138758980194,16.110739119277678,1.68,bA543718,bA,G,g
661428920851,2460436.8804204,277.3124604893841,0.5743218580676548,10.292642161822958,0.0022511173428785406,15.254752248009328,1.67,bA544279,bA,G,g
661428920851,2460437.8839045,470.51605000292193,0.1854976994078128,9.718629516164071,0.00042852509311356083,16.481794292072443,2.13,bA544710,bA,G,g
661428920851,2460438.8809159,459.366582241002,0.2266642373380964,9.744667126829397,0.0005363345540238107,16.264183103052734,1.68,bA545154,bA,G,g
661428920851,2460439.8754304,439.6721557440442,0.2855271089319908,9.792243215281044,0.0007058794811823846,16.013522241540414,1.70,bA545577,bA,G,g
661428920851,2460446.9010372,484.83697780812565,0.36036507067671086,9.686076283714224,0.0008079028244707222,15.760783888384903,1.70,bq635478,bq,G,g
661428920851,2460452.9691764,458.8995606189682,0.24113317440303567,9.745771517601307,0.0005711517269084198,16.196998202783234,1.63,bA547589,bA,G,g
661428920851,2460454.6899784,444.18039486212865,0.254422448229239,9.781167157682516,0.0006225987066931356,16.13875204297942,1.56,bq637992,bq,G,g
661428920851,2460455.8304235,388.5635005337441,0.4085184379923185,9.926410614775582,0.0011427778981208533,15.624611454756938,1.64,bA548417,bA,G,g
661428920851,2460456.6877794,421.8944648568206,0.13550191030907213,9.83705605330435,0.0003491031463722593,16.822777066574044,1.48,bq638605,bq,G,g
661428920851,2460457.0003045,507.73392782634636,0.15930291488153678,9.635975160218159,0.0003410355951666126,16.647081305250953,2.13,bA548889,bA,B,g
661428920851,2460486.6875218,501.3048977766115,0.3991808778307127,9.649810752994933,0.000865525671973372,15.649716289244477,1.59,bq644505,bq,,g
661428920851,2460488.6958658,453.4284558832309,0.2721826310218656,9.758793692944533,0.0006524748988614888,16.0654895918973,1.45,bq644923,bq,,g
661428920851,2460489.8804969,483.2784973255659,0.3574505476136993,9.689571941390337,0.0008039530127619031,15.769600694589341,1.50,bq645247,bq,,g
661428920851,2460491.7698595,505.4002956137839,0.1416822556964843,9.640976893264133,0.00030471381433795213,16.774351955048093,1.69,bA559377,bA,,g
661428920851,2460492.8415128,528.4960845862139,0.23433651285984256,9.59246118692433,0.00048195929612996003,16.22804070409736,1.68,bA559774,bA,,g
661428920851,2460494.670284,485.5275317287706,0.3622937376588559,9.684530968500853,0.0008110714948159221,15.754988543425315,1.62,bq646415,bq,,g
661428920851,2460497.981351,433.8265328386498,0.3019208508600645,9.80677534741003,0.000756465575639262,15.952907844611705,1.75,bA561620,bA,,g
661428920851,2460498.9020774,504.4411865306411,0.13632360339701807,9.643039275900232,0.00029374649361698534,16.81621296859795,1.75,bA561908,bA,,g
661428920851,2460500.96968,492.4020119771471,0.03025987719549726,9.669266075257168,6.67973933181196e-05,18.450472708488814,2.08,bA562591,bA,,g
661428920851,2460503.881865,513.7112993948851,0.18017506114918155,9.623267826275466,0.0003812305822385799,16.513403916128016,1.99,bA563198,bA,,g
661428920851,2460510.8202055,471.70117899175483,0.18724129801961678,9.715898217925272,0.0004314662737463289,16.471636503589256,1.68,bA565494,bA,,g
661428920851,2460513.8553932,441.2020983700869,0.28961750566144784,9.788471699056418,0.0007135089287913358,15.998078589328324,2.11,bA566344,bA,,g
661428920851,2460514.8154579,499.27243896119774,0.11370620386288254,9.654221640738673,0.00024754761169695706,17.013180209839078,2.05,bA566647,bA,,g
661428920851,2460515.945869,467.53444684827133,0.2031098725738843,9.725531586801008,0.00047220392446384633,16.38331302720202,2.29,bA566782,bA,,g
661428920851,2460516.6673903,416.9323108327794,0.0954581868268158,9.84990174035138,0.0002488626955237699,17.20310765910356,1.47,bq650934,bq,,g
661428920851,2460518.8481911,530.7285972081866,0.24162507846651227,9.587884398992143,0.000494859248656393,16.194785591263305,1.98,bA567542,bA,,g
661428920851,2460519.8327812,517.7964221846964,0.19635923965073154,9.614668009115109,0.0004121966606906531,16.420012257091017,1.68,bA567856,bA,,g
661428920851,2460520.7944506,511.7319634998087,0.17183635178839662,9.62745926112002,0.00036499311469788035,16.564853002123673,1.69,bA568167,bA,,g
661428920851,2460524.8844244,490.64719109113236,0.06005069083499941,9.673142330050094,0.00013303345300497027,17.706345591499435,2.11,bA569322,bA,,g
