# "asas_sn_id":68719586297,"ra_deg":254.72418,"dec_deg":34.48296,"name":"V0618 Her"
asas_sn_id,jd,flux,flux_err,mag,mag_err,limit,fwhm,image_id,camera,quality,phot_filter
68719586297,2456221.7235756,4.293019051658984,0.06878051253755774,14.877874365002526,0.017414650569129848,17.618692874259583,2.41,ba022767,ba,G,V
68719586297,2456338.0657383,3.5802210081418013,0.04175985895083314,15.075006813009358,0.012678309783192154,18.16045883589559,2.19,ba040328,ba,G,V
68719586297,2456349.1299654,3.6221858863397256,0.08970493487029779,15.062354569431019,0.02691892880406113,17.330315555632282,2.01,ba041629,ba,G,V
68719586297,2456355.1150096,3.1999037995441286,0.0629694375485986,15.19693909930719,0.021389718285732554,17.714531858318836,2.15,ba042962,ba,G,V
68719586297,2456358.1502905,5.495816585098455,0.0818226947522374,14.609700828653551,0.016182802011326818,17.430171947498174,1.81,ba043862,ba,G,V
68719586297,2456359.1240304,3.438191843087436,0.05774901829452601,15.118956140400757,0.018256884701029492,17.80849487910173,1.79,ba044138,ba,G,V
68719586297,2456371.0319749,3.4867083595439112,0.04973322449609962,15.103742347044701,0.015503978864530829,17.970739848679806,1.85,ba045364,ba,G,V
68719586297,2456381.0504614,3.890572390463525,0.105351575255522,14.98474765330258,0.029433350753264694,17.155753809367994,1.90,ba046386,ba,G,V
68719586297,2456388.0971586,3.6046647237836487,0.06119493308428237,15.06761921341937,0.018452820639455036,17.745567733110246,2.19,ba047404,ba,B,V
68719586297,2456391.0825995,5.334893459970665,0.07584088310020187,14.641967027500423,0.015452181588772105,17.512597940337688,2.13,ba048231,ba,G,V
68719586297,2456394.0360464,5.598090357247523,0.07370912974041521,14.589681644478652,0.014311776725671296,17.54355318453414,2.28,ba049013,ba,G,V
68719586297,2456398.0055683,3.127748935640753,0.057659822699569374,15.221701692078362,0.02003796392077726,17.810173137113807,2.19,ba049829,ba,B,V
68719586297,2456400.0582093,4.442004232019661,0.05043602393074953,14.840833984574601,0.012341673325509879,17.95550428838696,1.82,ba050429,ba,G,V
68719586297,2456402.0630704,3.2040507341799365,0.051476165134808724,15.195532943882913,0.017463004817781565,17.933340930129216,1.79,ba050961,ba,G,V
68719586297,2456404.0394302,5.760202250905854,0.0758308771972557,14.558687073168029,0.014309370214525713,17.512741194046676,2.02,ba051416,ba,G,V
68719586297,2456408.9751843,3.262375516845579,0.12142094054025693,15.175946531527373,0.040454963726414744,17.00162241206733,2.15,ba052357,ba,G,V
68719586297,2456415.9713729,4.111488489147258,0.04346862231614637,14.924783707738897,0.011491824102698622,18.116916703711517,2.28,ba053895,ba,G,V
68719586297,2456444.9768722,3.4421271589372107,0.044705340308457645,15.117714129569592,0.014117073240213688,18.086457880703676,2.56,ba056185,ba,G,V
68719586297,2456449.9159249,4.272970287870175,0.04932379810688769,14.882956722122309,0.012546968599669013,17.979715115121113,2.60,ba057108,ba,G,V
68719586297,2456453.9005217,3.2371452670807415,0.07236562878080598,15.184375932442444,0.024298659980737915,17.563525543627286,1.91,ba058331,ba,B,V
68719586297,2456458.8884325,4.536803099599062,0.05496656815842473,14.8179065770337,0.013169244603694227,17.86210983716336,2.15,ba059336,ba,G,V
68719586297,2456461.8895428,4.106771770930055,0.06795481320694338,14.926029984234477,0.017985885634478206,17.63180583610556,1.68,ba060173,ba,G,V
68719586297,2456464.8805944,4.115449463774839,0.10225069947443638,14.923738221820269,0.027006057448748982,17.188190674671674,1.83,ba061168,ba,G,V
68719586297,2456467.9723336,2.0986361982208175,0.1594965545805163,15.654938505772918,0.08260880106003579,16.705478128843335,1.77,ba062101,ba,B,V
68719586297,2456470.9796827,3.24683079439401,0.08832730976829584,15.181132263623189,0.02956974091969598,17.347118885924328,2.29,ba062932,ba,G,V
68719586297,2456471.8418625,4.178095237527802,0.043993517077596335,14.907335566326928,0.011445177187973794,18.10388468569235,2.28,ba063169,ba,G,V
68719586297,2456474.9728517,3.3671035378656695,0.05784954107787514,15.141640226828345,0.018674785389602325,17.806606598600865,2.00,ba063956,ba,G,V
68719586297,2456478.85343,5.027333593960206,0.06639429419114837,14.70643714389894,0.01435506710038833,17.65702949750741,2.01,ba065133,ba,G,V
68719586297,2456479.85307,3.018351810630317,0.05749014494898468,15.260356758172268,0.02070311610725633,17.813372884609194,2.00,ba065457,ba,G,V
68719586297,2456483.8746654,3.283062840321243,0.05051596999954684,15.169083415677523,0.016724828525552366,17.953784652031356,2.34,ba066787,ba,G,V
68719586297,2456486.8540477,3.1777494288342876,0.050120754938890996,15.20448228118446,0.017143919832376835,17.9623123839548,2.06,ba067629,ba,G,V
68719586297,2456489.8354869,3.1055681125826577,0.0668079515864963,15.229428757493991,0.023382948320068913,17.65028600378227,1.82,ba068678,ba,G,V
68719586297,2456490.8407707,3.471920967822859,0.06722330732370092,15.108356827850525,0.02104564389153993,17.64355670482578,1.81,ba069030,ba,G,V
68719586297,2456493.8873485,2.8950812225310107,0.09234534367141314,15.305629523216558,0.03467100431404517,17.2988188889248,2.26,ba070042,ba,G,V
68719586297,2456505.8362794,4.8290184874342374,0.06637410390112009,14.750134234371217,0.01494004740252004,17.65735971658593,2.24,ba071577,ba,G,V
68719586297,2456506.8243481,3.4023139941033262,0.050782867170504814,15.130345425848148,0.016223890199217113,17.948063350581172,2.02,ba071929,ba,G,V
68719586297,2456508.824384,5.113815314201528,0.0664936135579539,14.687918806022282,0.01413341360023374,17.655406555973006,2.01,ba072592,ba,G,V
68719586297,2456512.8217902,3.2561608021467414,0.05043437991352523,15.17801679468615,0.016835771172828196,17.955539679719873,2.09,ba073605,ba,G,V
68719586297,2456518.7747178,4.5606800472272155,0.0778987902295578,14.812207390653134,0.018565783435539447,17.483529610878946,1.75,ba075064,ba,B,V
68719586297,2456522.7839155,3.0828431647209737,0.08913601829187089,15.237402826587186,0.03142779934864986,17.337223318081303,1.76,ba076331,ba,G,V
68719586297,2456523.7939868,3.486904106920992,0.09588169009531212,15.10368139441352,0.029888756664575276,17.258017191959418,2.09,ba076487,ba,G,V
68719586297,2456526.8067932,3.134373926261013,0.09851859413049885,15.219404389705089,0.0341648542649977,17.228560879205357,1.79,ba077453,ba,G,V
68719586297,2456532.7889352,3.3164121093357357,0.04972984439156368,15.158110173939436,0.01629899328081669,17.970813642941593,2.00,ba078569,ba,G,V
68719586297,2456535.7735992,3.273406675114537,0.055297849423248883,15.172281495290187,0.018362019765431573,17.855585789727012,2.00,ba079649,ba,G,V
68719586297,2456537.7724553,4.185592626593484,0.0420142004459134,14.90538901139508,0.010910667438151524,18.153866135958584,2.03,ba080398,ba,G,V
68719586297,2456538.7715023,4.307272105945301,0.053720021679491796,14.874275633063988,0.013556452082953826,17.88701594552061,1.70,ba080779,ba,G,V
68719586297,2456544.7559388,5.186891777918079,0.07253989731613948,14.672513437677097,0.015201341737982557,17.560914052478836,2.02,ba081877,ba,G,V
68719586297,2456554.7381652,4.656303169978218,0.13369020367068254,14.789678281274632,0.031208328467401063,16.897107431386576,1.80,ba083185,ba,G,V
68719586297,2456572.7017166,3.3107870174794845,0.1939957943070669,15.159953295666496,0.06369029257960593,16.492875606596638,1.74,ba087445,ba,B,V
68719586297,2456658.1743853,3.1114159332112097,0.2134850298880112,15.227386226131166,0.07457985383874903,16.388937827182694,2.10,ba104390,ba,B,V
68719586297,2456683.1316212,4.578239909568788,0.08991167358491042,14.808035037279295,0.02134664891180926,17.327816189805993,1.79,ba108225,ba,G,V
68719586297,2456701.0525429,2.975054871531357,0.1240298088380196,15.27604395399127,0.045315133813699844,16.978541207826474,1.74,ba109848,ba,G,V
68719586297,2456731.0723223,3.4495925406615053,0.11135168452082841,15.11536190436484,0.035086590160976705,17.095614415182947,1.67,ba110710,ba,G,V
68719586297,2456734.1034376,3.31822647590249,0.20739261873657436,15.15751634399858,0.06793591731407211,16.42037315504656,2.66,ba111207,ba,G,V
68719586297,2456736.0236131,5.283140498705292,0.14949610204933103,14.652551003579944,0.03075741845913824,16.77578172106488,1.68,ba111747,ba,G,V
68719586297,2456737.0259185,2.7820939848155177,0.11366242500257834,15.348851911371428,0.04440759902704356,17.07331409983532,1.78,ba112133,ba,B,V
68719586297,2456741.1230129,3.1940932767266155,0.06601216835662577,15.198912417922418,0.022464076873456054,17.663296397131617,2.14,ba112819,ba,G,V
68719586297,2456744.0187387,3.188127743148333,0.056289192317811494,15.20094211813266,0.019191171001464693,17.836293850922964,1.76,ba113356,ba,G,V
68719586297,2456752.0828072,3.6002430286065246,0.03679223030324387,15.068951859251328,0.011108015308877004,18.297966106007713,2.42,ba114126,ba,G,V
68719586297,2456757.8951695,4.195828098226957,0.08273642518529252,14.902737187076845,0.021433408336851957,17.418114512957473,1.69,ba115312,ba,G,V
68719586297,2456758.9900057,4.918858333286428,0.09518405966455977,14.730120617664275,0.02103352595415664,17.26594583414865,2.12,ba115690,ba,G,V
68719586297,2456759.998479,3.425894146384068,0.08305509477916964,15.122846554609563,0.02635144960014748,17.41394069825824,2.16,ba115916,ba,G,V
68719586297,2456766.9893887,3.2558005211635197,0.13684141910414593,15.178136933639177,0.045684823739181,16.87181247028637,3.16,ba116686,ba,G,V
68719586297,2456772.122343,3.498848664775167,0.049581621919951406,15.099968508494362,0.015403086119976019,17.974054570283812,2.23,ba117627,ba,G,V
68719586297,2456783.9658227,3.2595191922810924,0.05185319149771669,15.176897548165574,0.01729155784844069,17.925417664130848,2.05,ba118851,ba,G,V
68719586297,2456784.9573395,4.056808469738166,0.0522023325673245,14.939320143882846,0.013986774642508715,17.91813162091818,3.11,ba119186,ba,G,V
68719586297,2456785.9609442,5.378686645122874,0.0940570016688722,14.633090795466074,0.01900759016551212,17.27887856799143,2.16,ba119511,ba,G,V
68719586297,2456787.8123115,4.878437293489663,0.11974335276781807,14.739079586960209,0.026679817817804853,17.01672785853107,1.64,ba119808,ba,G,V
68719586297,2456788.9472228,4.897774489110433,0.10788391393208352,14.734784442535872,0.023942532286846816,17.12996465897007,2.24,ba120242,ba,G,V
68719586297,2456796.0474188,4.553647425920359,0.07522996057562965,14.81388290058078,0.017957406147080225,17.521379308110465,2.64,ba121117,ba,B,V
68719586297,2456797.9374187,3.7234094209060578,0.04792931280534033,15.03242942136821,0.013991767556832934,18.010853388013047,1.99,ba121757,ba,G,V
68719586297,2456799.0615967,4.090529076817451,0.057833912533729166,14.930332694228523,0.01536792606181314,17.80689995907344,1.85,ba122203,ba,G,V
68719586297,2456800.9443732,3.349219634257983,0.048906745367451154,15.147422333204936,0.01587220655535285,17.988934487492024,1.74,ba122683,ba,G,V
68719586297,2456802.9302316,3.1806279733713074,0.05226554990793288,15.20349921898583,0.01786137228570416,17.91681758329784,2.10,ba123396,ba,G,V
68719586297,2456805.9717002,5.268320041548923,0.06984265999605359,14.65560103014759,0.014409894269824827,17.602054465286216,2.30,ba124302,ba,G,V
68719586297,2456808.9394872,5.522144342792358,0.08583731404646898,14.604512018435207,0.01689586916234066,17.37816609475167,2.22,ba125031,ba,B,V
68719586297,2456810.9110443,3.7309900026069993,0.034959108789264795,15.030221191200921,0.010184704667160085,18.353455512034614,2.38,ba125638,ba,G,V
68719586297,2456812.7569573,3.640151924488741,0.07881087133657072,15.056982630428523,0.02353308113513986,17.47089107089749,2.03,ba126159,ba,G,V
68719586297,2456813.9240351,3.41924852293217,0.06683020079801776,15.12495473455568,0.021244879428725303,17.649924478659866,1.83,ba126543,ba,B,V
68719586297,2456814.8243534,6.428293074829253,0.11658996886551923,14.439542232935414,0.019714133371416708,17.04570342786296,1.65,ba126796,ba,G,V
68719586297,2456815.746716,3.5007656664531477,0.16571274025893004,15.099373801963427,0.051452328125178505,16.66396664629408,2.25,ba127062,ba,B,V
68719586297,2456816.9051848,3.3123826231261764,0.07106407126317457,15.159430160386364,0.02331963559449561,17.583231182145976,1.73,ba127527,ba,G,V
68719586297,2456817.908284,4.320289306521183,0.07473633345621954,14.870999329135513,0.018803172495529236,17.528526924503254,1.79,ba127861,ba,G,V
68719586297,2456818.8945802,4.351199404503158,0.08776681963006104,14.863258938590977,0.021924694347601352,17.354030490446394,1.75,ba128164,ba,G,V
68719586297,2456819.9017732,3.5023483104491953,0.09033946379210184,15.098883067721296,0.028036922840106407,17.322662622457717,1.86,ba128440,ba,G,V
68719586297,2456820.8988395,4.08581460704985,0.1377859082060162,14.931584762702672,0.03665543005056157,16.86434438569335,1.74,ba128751,ba,G,V
68719586297,2456822.9061394,3.4093132854513826,0.09953779427505181,15.128114127397138,0.03173461796793221,17.21738636194936,1.78,ba129424,ba,B,V
68719586297,2456823.991941,3.32176897438069,0.10444568842392021,15.15635784344032,0.034176947004895,17.165130101755153,2.08,ba129770,ba,B,V
68719586297,2456824.909766,4.719520578976953,0.08614385505959128,14.775036694202804,0.01983985947256326,17.374295635789466,1.67,ba130023,ba,B,V
68719586297,2456826.028208,5.556931032410983,0.18244398873115653,14.597693887643164,0.03568672748443144,16.559532497293134,1.67,ba130445,ba,B,V
68719586297,2456827.0199575,3.070314274493864,0.07446111793271747,15.24182432519465,0.026360818638442453,17.53253251299177,1.70,ba130750,ba,G,V
68719586297,2456829.9082052,3.0654758754746916,0.05318954923693255,15.243536647796507,0.018859951857391723,17.897790619076016,1.71,ba131643,ba,G,V
68719586297,2456833.8900447,3.5605143790253124,0.040380598603937994,15.080999544532085,0.012327419673641595,18.196924512032815,2.09,ba132546,ba,G,V
68719586297,2456846.8628344,3.6953505950900527,0.07835182862003616,15.040642283961947,0.02304653615867794,17.477233551833773,2.03,ba133247,ba,B,V
68719586297,2456847.8650935,4.577001410623527,0.10595280885518564,14.808328788826763,0.025161909785392525,17.149575207337925,2.04,ba133599,ba,B,V
68719586297,2456849.8590073,3.1453447731759514,0.19555787813647307,15.215610761875283,0.06758016254074245,16.484168102707528,2.12,ba134236,ba,B,V
68719586297,2456850.8656651,3.811423954209786,0.13114648399307244,15.007063256718434,0.03740085799743609,16.91796476430756,2.09,ba134579,ba,B,V
68719586297,2456852.9391022,3.103047203794034,0.12972646589551007,15.23031044912784,0.04544147055671182,16.929784926484544,2.82,ba135164,ba,B,V
68719586297,2456853.9308584,3.5747845744332984,0.1354401480164895,15.076656716414696,0.041182216473890434,16.882987844371485,2.25,ba135287,ba,B,V
68719586297,2456854.9307262,4.288818947803184,0.07517341592840401,14.878937122231076,0.019051919817375487,17.52219568038877,2.27,ba135478,ba,G,V
68719586297,2456856.8537901,3.504211084813255,0.04246818343099799,15.098305756803938,0.013173027488781242,18.14219718238028,1.65,ba136080,ba,G,V
68719586297,2456857.8654015,4.4935609168609885,0.057164284024279866,14.828304820591292,0.013827584065366123,17.819544472736368,1.77,ba136426,ba,B,V
68719586297,2456863.8472035,3.7564506523251304,0.030793489011235863,15.022837184564146,0.008910321685484517,18.491209146696498,1.77,ba137502,ba,G,V
68719586297,2456864.8462373,5.377073580926334,0.06846911642252514,14.633416455796002,0.013840791187454477,17.623619585082754,1.81,ba137856,ba,G,V
68719586297,2456865.8444548,3.202433966654641,0.047989276524929146,15.196080945839096,0.01628831621056173,18.009495887026734,1.69,ba138123,ba,G,V
68719586297,2456866.8501038,3.515796948825103,0.053173945002617955,15.094721942260694,0.016439449475746343,17.89810918856991,1.80,ba138464,ba,G,V
68719586297,2456867.8448845,4.689598740725755,0.06309407244577822,14.781942193328305,0.014623961946349037,17.712384993387968,1.66,ba138787,ba,U,V
68719586297,2456868.8345738,3.2171176651705364,0.04916539704409897,15.19111404104062,0.016611344228885796,17.98320751683613,1.70,ba139068,ba,G,V
68719586297,2456873.8199849,3.7709323078050607,0.055253256840454575,15.018659563433062,0.015926535659564013,17.856461688410718,2.23,ba139920,ba,B,V
68719586297,2456876.8252028,3.725339542948772,0.08816576692771665,15.03186674878025,0.025724461958803936,17.3491064195194,1.78,ba140907,ba,B,V
68719586297,2456881.8093778,3.1360890965218133,0.09009135121981557,15.218810423202406,0.03122531877977465,17.325648642028327,2.03,ba141262,ba,G,V
68719586297,2456882.8118526,3.4430741530047104,0.08694882590839013,15.11741546415527,0.02744918906152749,17.364197088696997,1.79,ba141161,ba,G,V
68719586297,2456883.8047583,4.309773175472734,0.04741223860949027,14.873645370201459,0.01195771560789494,18.02263024020362,1.79,ba141811,ba,G,V
68719586297,2456885.7983355,3.147122635502115,0.05251871001202039,15.214997237983752,0.018138967232137707,17.911571268142744,2.05,ba142425,ba,G,V
68719586297,2456886.8190459,3.8169154193835966,0.05127850877316294,15.005500063657847,0.014602762548258893,17.937517926161906,2.24,ba142768,ba,G,V
68719586297,2456888.786613,3.418559703783631,0.0455300489436324,15.125173481810892,0.014476618202574862,18.066611100767325,1.68,ba143852,ba,G,V
68719586297,2456889.7916404,3.628232655079497,0.038443819029273865,15.060543585078271,0.011517111438795686,18.25029008322035,1.74,ba143502,ba,G,V
68719586297,2456890.794802,5.06939256316087,0.06709375902725541,14.69739159606133,0.014385944279130126,17.645651082303665,1.84,ba143320,ba,G,V
68719586297,2456891.7851701,2.933050129644614,0.057238098038615876,15.291482690262008,0.0212118174613523,17.818143408222515,1.77,ba144262,ba,G,V
68719586297,2456896.7856897,4.018820199505641,0.045936168406094005,14.949534963377095,0.012424197986974608,18.056969475382722,1.84,ba145786,ba,G,V
68719586297,2456898.7977005,3.1893966622940857,0.05480773541528099,15.20051006601085,0.018678650465678345,17.865251748784956,1.83,ba146479,ba,G,V
68719586297,2456900.7747984,5.759397834995445,0.07974190216903808,14.5588387075082,0.015049486613315052,17.45813991582301,1.74,ba146996,ba,G,V
68719586297,2456902.7685276,3.3360622362363537,0.0669504829559464,15.151696044355509,0.0218138208850234,17.647972108180436,2.01,ba147451,ba,G,V
68719586297,2456907.7548495,4.18928563893325,0.0846477442640255,14.904431472112796,0.02196279404373997,17.393317920427506,2.08,ba148597,ba,G,V
68719586297,2456908.7737619,3.2043520264265517,0.13120805457545304,15.195430851703994,0.044507422857824205,16.917455153061415,2.33,ba148902,ba,G,V
68719586297,2456909.7575392,3.89400177870059,0.13282467217246444,14.98379104061469,0.037076162742252096,16.90415951194894,2.05,ba149187,ba,G,V
68719586297,2456911.7544124,3.232024621505697,0.05725760402004744,15.186094753110147,0.019256204205447297,17.817773466817314,2.30,ba149858,ba,B,V
68719586297,2456912.7577562,3.4994893406498835,0.05050209068711894,15.099769717011554,0.015686167749158153,17.95408300010877,1.75,ba150234,ba,G,V
68719586297,2456913.7533862,5.007905137737958,0.06679947633552753,14.710641170378441,0.014498702442366358,17.650423748920797,1.78,ba150482,ba,G,V
68719586297,2456914.746664,3.0390875419032866,0.06326661566492262,15.25292337888282,0.022627864303732217,17.709419885502854,2.01,ba150852,ba,G,V
68719586297,2456915.7474643,3.3745236860744496,0.05472400781474923,15.13925020242013,0.01762696686214118,17.86691165306951,2.06,ba151222,ba,G,V
68719586297,2456916.7421402,4.2994557015596735,0.04990953549555391,14.876247707876969,0.012617758821002238,17.96689757383314,2.18,ba151374,ba,G,V
68719586297,2456917.7460646,3.8267369699620573,0.042271028140551524,15.002709874262665,0.012006774983138273,18.14724936587528,2.16,ba151755,ba,G,V
68719586297,2456918.7294301,3.378079146203294,0.049510864272778704,15.138106853036469,0.015930993469683213,17.975605124827503,2.19,ba152099,ba,G,V
68719586297,2456919.7422278,3.866303683557727,0.03561226224598648,14.99154149645639,0.010011883149990863,18.333357486608534,2.07,ba152440,ba,G,V
68719586297,2456923.7375371,4.936241493941663,0.06412883911920704,14.726290408578448,0.01412112028913741,17.694722948050607,2.20,ba153499,ba,G,V
68719586297,2456924.7249555,3.0462114238116196,0.05964187973273362,15.250381298343061,0.021281559657194925,17.77347808704443,2.18,ba153715,ba,G,V
68719586297,2456927.7142981,3.02841772271148,0.11937883161260184,15.256741956842268,0.04284732538902703,17.02003808357954,2.13,ba154118,ba,B,V
68719586297,2456928.7135033,3.532161429549069,0.16670593916930987,15.089680044970965,0.05130063033836513,16.657478712305625,2.21,ba154251,ba,B,V
68719586297,2456931.7058667,3.162195712584312,0.1319668818423534,15.209809540759702,0.045361601845603255,16.911194005770938,2.11,ba154880,ba,B,V
68719586297,2456934.709776,4.497537762897522,0.33791421135888344,14.827344358214452,0.0816664751222106,15.890340251432969,2.21,ba155810,ba,B,V
68719586297,2456937.7022636,3.7838668183403,0.19852960061525265,15.01494179943533,0.057029767300759815,16.467793221401987,2.20,ba156255,ba,B,V
68719586297,2457022.1723376,3.775927595701728,0.19314310714883987,15.017222259498975,0.05559909575156345,16.497658359312005,1.88,ba174927,ba,G,V
68719586297,2457030.1627404,4.0052759094384465,0.10552940996132124,14.953200308323195,0.028638696306148514,17.153922618906513,2.05,ba175514,ba,G,V
68719586297,2457031.1597117,3.488590973169161,0.114631377007101,15.103156272748922,0.03571623150782132,17.064097620194197,1.68,ba175918,ba,G,V
68719586297,2457037.1554503,2.8396093256245822,0.07244332358992825,15.32663492006524,0.027730132565053103,17.56236047649712,1.67,ba177953,ba,G,V
68719586297,2457039.1563322,4.467206971342314,0.08053475850413552,14.83469121864209,0.01959564030597232,17.447397991871828,1.67,ba178859,ba,G,V
68719586297,2457040.1512599,3.4530231457065903,0.04956646557299331,15.114282680900114,0.015602731502426238,17.974386514049318,1.65,ba179271,ba,G,V
68719586297,2457041.1462827,3.1918014452738728,0.05348298674952938,15.19969173690546,0.018213439102099375,17.891817262730324,1.68,ba179685,ba,G,V
68719586297,2457043.1448653,6.390220474510494,0.0946565739121645,14.445991798553113,0.016100787249784317,17.271979440779102,1.62,ba180402,ba,G,V
68719586297,2457045.1475899,3.650231009839335,0.04219591236629531,15.053980528907463,0.012564991643993583,18.149180439421173,1.70,ba181231,ba,G,V
68719586297,2457048.1268995,5.0252311613209635,0.07778253966347735,14.706891294122958,0.01682434818429824,17.485151095895333,1.71,ba182442,ba,G,V
68719586297,2457050.1329261,3.1542565693027846,0.05629322615214658,15.212538863946207,0.01939864052001849,17.836216046945342,1.68,ba183222,ba,G,V
68719586297,2457053.1299794,5.517229231963249,0.07756812460476083,14.605478833099834,0.01528179732496203,17.48814816502296,1.73,ba184168,ba,G,V
68719586297,2457055.1273925,3.6082515828498707,0.05312857728320731,15.066539377495864,0.016004552964982748,17.89903592816974,1.75,ba184918,ba,G,V
68719586297,2457061.1098349,3.1869789176636534,0.09733775830722474,15.201333428114292,0.03319818358919914,17.24165304317196,1.75,ba185732,ba,G,V
68719586297,2457065.094398,3.9638964746120835,0.0749453977557802,14.964475645869253,0.020551088906263774,17.525493971517957,2.04,ba186555,ba,G,V
68719586297,2457070.0727907,3.0885849114330264,0.05708686968283779,15.235382540842743,0.020090412628041458,17.821015820086604,1.99,ba187655,ba,G,V
68719586297,2457072.077419,4.617424566608153,0.06027263049282228,14.798781881417359,0.014188370129600348,17.76205602892836,1.67,ba188442,ba,G,V
68719586297,2457077.0643289,3.291420195228669,0.05553969591309508,15.1663230807166,0.01834139402062966,17.850847649669,1.65,ba189392,ba,G,V
68719586297,2457081.0801494,3.33290752918356,0.07257280427902067,15.152723243469792,0.02366806826209863,17.56042163133019,1.68,ba190682,ba,G,V
68719586297,2457083.0922035,3.865807014266907,0.04026669154942445,14.991680980189269,0.0113218644456324,18.199991523833617,1.60,ba190914,ba,G,V
68719586297,2457085.052149,3.9767906453162354,0.13107718585917316,14.960949583185508,0.03582667903039958,16.91853862169191,2.02,ba191541,ba,B,V
68719586297,2457096.126243,5.450426736205625,0.08080295015084078,14.61870513876848,0.016114204977528343,17.44378835031593,1.76,ba192816,ba,G,V
68719586297,2457099.1326587,4.780697189307879,0.07118726070981009,14.76105331393338,0.016185391843333646,17.58135068972686,1.71,ba193797,ba,G,V
68719586297,2457100.0947606,3.273410642966775,0.05875910751073551,15.172280179218387,0.019511329951099245,17.789668416951272,1.62,ba194096,ba,G,V
68719586297,2457101.9852503,5.616690590445932,0.07775281068938429,14.58608015369396,0.015046925462857713,17.485566150399958,1.66,ba194718,ba,G,V
68719586297,2457106.0021696,2.9616242207522623,0.06060354051429054,15.280956521591857,0.022242326741154773,17.75611140170579,1.63,ba195877,ba,G,V
68719586297,2457123.0540838,3.0281362697260557,0.07678768134446769,15.256842866929695,0.027563115920851894,17.49912750874236,1.80,ba200728,ba,G,V
68719586297,2457124.9842791,5.912573331843067,0.0916092834156372,14.53034005401393,0.016841280855528197,17.307507678614975,2.00,ba201053,ba,G,V
68719586297,2457127.9397792,5.549233134545534,0.088488399307396,14.599198977542038,0.017332672892523472,17.345140545944087,1.66,ba201734,ba,G,V
68719586297,2457138.8978753,3.3625680182340076,0.06677269923212725,15.143103709429544,0.021584402311244262,17.650859062201967,1.62,ba204612,ba,G,V
68719586297,2457144.9896567,5.049100173244641,0.11840104946507067,14.70174643675242,0.025489055174382314,17.02896751408492,1.82,ba205258,ba,B,V
68719586297,2457149.9913926,3.1853468077763702,0.10395222310350648,15.20188959580247,0.03547229035651371,17.17027193990116,1.65,ba206097,ba,B,V
68719586297,2457154.0566577,3.527947041425213,0.06567070257026147,15.090976261404258,0.020233069716687115,17.668927237275167,1.72,ba206987,ba,G,V
68719586297,2457155.9089931,3.3313682670386493,0.05594862206437164,15.153224793141554,0.018254877503904924,17.842882906337692,1.76,ba207467,ba,G,V
68719586297,2457160.9087499,4.812620941274954,0.0706655552862517,14.753827263306963,0.015960198635623243,17.589336953750106,1.67,ba208432,ba,G,V
68719586297,2457165.8268931,3.5890109912049244,0.058107048880652566,15.072344433654399,0.017598117112100384,17.80178434564934,1.69,ba209801,ba,G,V
68719586297,2457167.9495173,4.753874508178139,0.06387945556134325,14.767162121703972,0.014605810630486491,17.69895337860006,1.65,ba210277,ba,G,V
68719586297,2457171.8932835,3.255097682270406,0.08941831985088163,15.178371339895113,0.029858958290025685,17.333790130382198,1.64,ba210927,ba,G,V
68719586297,2457174.8699505,3.3446558106136894,0.10733807813374618,15.148902823653653,0.03488305842657466,17.13547185600923,1.76,ba211579,ba,G,V
68719586297,2457179.0172464,3.1106133689651774,0.12365585269810812,15.227666319014395,0.043209656617060124,16.981819702238155,1.75,ba212547,ba,B,V
68719586297,2457181.0020994,4.30377113765386,0.07483757654248101,14.875158482708946,0.01890091022320143,17.52705710532123,1.66,ba213135,ba,G,V
68719586297,2457182.0040603,4.957531401910557,0.073249564380409,14.721617720050173,0.01606022942933894,17.550343778031273,1.77,ba213423,ba,G,V
68719586297,2457183.9348022,4.0958851218396095,0.05003865810833551,14.928911986044573,0.01327914337243459,17.96409225702873,1.78,ba213837,ba,G,V
68719586297,2457188.9650417,3.056383674332765,0.05793174186040046,15.246761726431151,0.02060254579936428,17.805064926607304,2.00,ba214837,ba,G,V
68719586297,2457189.9423365,3.467670339981895,0.0633555253729388,15.109686894971869,0.0198590681179585,17.70789515208702,1.80,ba215128,ba,B,V
68719586297,2457190.887779,5.7873463280668815,0.10906108626288757,14.553582723721355,0.020483422325443656,17.118181846169445,1.77,ba215400,ba,B,V
68719586297,2457191.9154893,3.020419590693346,0.05383311419111115,15.259613208328616,0.019372889361416,17.88473263358159,1.67,ba215678,ba,G,V
68719586297,2457194.8828555,2.986493925010395,0.05508993871630465,15.271877315362039,0.020050390080632068,17.85967567054839,2.03,ba216451,ba,G,V
68719586297,2457197.7634998,4.678281632572168,0.06305241029255206,14.784565497543023,0.0146496585630266,17.713102161378522,1.63,ba217266,ba,G,V
68719586297,2457200.8607446,6.412542288584785,0.10446472942822502,14.442205799124341,0.01770727019545043,17.164932184312658,1.63,ba217943,ba,G,V
68719586297,2457203.934485,4.281280822121191,0.10560366565569541,14.880847115883276,0.026811273979253928,17.1531589100572,1.60,ba218875,ba,G,V
68719586297,2457205.9675059,2.8198660864581093,0.1647549739601828,15.334210193375693,0.06350709145196198,16.670260056591452,1.62,ba219429,ba,B,V
68719586297,2457206.8197047,4.870153476110383,0.13130042681796641,14.740924785475487,0.029304590899854686,16.916691049047564,1.63,ba219642,ba,B,V
68719586297,2457208.8389139,3.3768969907598145,0.07462297587261346,15.138486871840893,0.024019663767732662,17.5301749832254,1.81,ba219992,ba,G,V
68719586297,2457212.8638195,3.519532813969041,0.04341878090056854,15.09356885788203,0.01340925900122905,18.118162330426586,1.64,ba220987,ba,G,V
68719586297,2457217.8831454,4.903636329483559,0.07289776594301464,14.7334857696823,0.016158763984097792,17.55557084632124,1.67,ba221861,ba,B,V
68719586297,2457221.8950121,3.1119962977319062,0.060778383871084335,15.227183725396674,0.021228643741507035,17.752983524225066,1.62,ba222373,ba,G,V
68719586297,2457226.8391766,4.591395720449523,0.062374232684089974,14.804919591790926,0.014766333187636422,17.724843353535814,1.60,ba223101,ba,G,V
68719586297,2457229.8649427,3.969035451664468,0.06794251508986104,14.963068959344387,0.01860667680590092,17.632002344913648,1.63,ba224016,ba,G,V
68719586297,2457235.8859233,3.2589168723113446,0.1295480900660488,15.177098197705858,0.04320857109689641,16.93127885731734,1.66,ba225517,ba,G,V
68719586297,2457237.8334468,3.2345801828705336,0.08909705435894447,15.18523660088787,0.029940399936926463,17.33769802855678,1.62,ba225893,ba,G,V
68719586297,2457240.7907993,3.3349435664286844,0.046365435905897937,15.152060181446279,0.015111863795393287,18.046870525753242,1.69,ba226383,ba,G,V
68719586297,2457243.8431287,5.478086898681091,0.07864733811811714,14.613209111594008,0.015605126144583738,17.473146323264583,1.66,ba227350,ba,G,V
68719586297,2457245.8387419,3.4473882664814846,0.04169648649877854,15.116055906691619,0.013146841733528408,18.16210774056387,1.62,ba228038,ba,G,V
68719586297,2457248.8528432,3.348447754735926,0.05616277975760411,15.147672586762734,0.018231283331264222,17.838734906399985,1.67,ba228901,ba,G,V
68719586297,2457251.7595764,3.2922481537290245,0.053446446920475045,15.16604999754261,0.017645682017679448,17.892559296340764,1.69,ba229298,ba,G,V
68719586297,2457256.7333408,4.258789713018074,0.13171835654253525,14.88656591358981,0.03361803148885861,16.913240635285455,2.06,ba230014,ba,B,V
68719586297,2457262.7980949,4.53139544604546,0.10422248124320047,14.81920149485279,0.025000092586930325,17.167452872976913,1.70,ba230659,ba,G,V
68719586297,2457267.8078529,3.1330312050636304,0.07501727372742972,15.219869603301037,0.026026078128214242,17.52445320117323,1.67,ba232058,ba,G,V
68719586297,2457268.7341325,3.7026295142115035,0.05068064436855818,15.038505757922373,0.014877982447584169,17.950251073692527,1.81,ba232169,ba,G,V
68719586297,2457272.7824704,4.424870252484981,0.05123082159662881,14.845030052783194,0.012584702481894658,17.93852809172662,1.87,ba233293,ba,G,V
68719586297,2457275.7657047,3.884477134569404,0.03619001256355168,14.986449981071924,0.010126709159309823,18.315884558987392,1.80,ba234204,ba,G,V
68719586297,2457283.7325077,2.9737759004932673,0.06778715654368855,15.276510810499884,0.024777150115142126,17.63448785113985,1.67,ba235524,ba,G,V
68719586297,2457414.1321925,3.7295628455139895,0.09353932513064017,15.030636580295054,0.027261420091666048,17.284870813108363,1.71,ba272720,ba,G,V
68719586297,2457417.125297,3.385970410734481,0.06832973121909255,15.135573508057888,0.021935054937814304,17.62583211269909,1.72,ba273990,ba,G,V
68719586297,2457421.144206,3.99253029512209,0.043423455998729765,14.9566608539469,0.011821928753286554,18.11804543055112,1.64,ba275708,ba,G,V
68719586297,2457425.1456143,5.178387877001326,0.07001247598267281,14.674294961280111,0.014695793204378183,17.599417801939673,1.65,ba277529,ba,G,V
68719586297,2457430.0868102,3.3445981444944954,0.054504964979150694,15.148921543287807,0.017713496387831373,17.871266231341508,1.67,ba278969,ba,G,V
68719586297,2457431.0870597,4.230157426744267,0.04347156349952665,14.893890079286168,0.011170198810396144,18.11684324287745,1.73,ba279393,ba,G,V
68719586297,2457433.0803283,3.2661322793446375,0.05248736678659028,15.17469697998039,0.017467597989952118,17.912219430166726,1.76,ba280828,ba,G,V
68719586297,2457434.0766044,3.8786994126637255,0.03209390725573335,14.988066093490362,0.008993912156691939,18.44629991051234,2.01,ba280285,ba,G,V
68719586297,2457435.073095,5.866235695312289,0.08207038525799062,14.538882634006425,0.015206845604430997,17.426890213401794,2.31,ba280630,ba,G,V
68719586297,2457438.0663948,4.806858826254746,0.08085747648269702,14.755127985964084,0.01828399055828192,17.44305593588295,2.50,ba281754,ba,G,V
68719586297,2457441.0601471,4.09113713694677,0.15477738251291676,14.93017131074476,0.04112213296904592,16.738087648925514,1.72,ba283007,ba,G,V
68719586297,2457442.0712776,3.805705718344862,0.11023337974173338,15.0086933975035,0.03148401371289781,17.106573586095355,1.69,ba283404,ba,G,V
68719586297,2457444.0531709,4.058982720502918,0.08289561290570722,14.938738398302004,0.022198647610960215,17.41602752632596,2.01,ba284169,ba,G,V
68719586297,2457447.0424935,3.87053463085159,0.06018773347832474,14.990354010579445,0.016902432266461268,17.763586420744197,1.71,ba285335,ba,G,V
68719586297,2457450.1389983,3.3613263450069564,0.04571348862542135,15.143504706089988,0.014782430949217,18.062245479320584,1.74,ba286560,ba,G,V
68719586297,2457453.0287008,3.3202455836447315,0.04862271978756913,15.15685588525898,0.01591773290449698,17.995258273364186,1.71,ba287712,ba,G,V
68719586297,2457455.0634628,5.050291322486526,0.07340615775582982,14.70149032748807,0.015798950360199453,17.54802516189742,2.12,ba288562,ba,B,V
68719586297,2457458.0527845,5.213653354123351,0.06634767079384216,14.666926023567814,0.013832341464461185,17.657792190940967,2.03,ba289410,ba,G,V
68719586297,2457461.0040649,5.028384545756344,0.06536116501699556,14.706210197120434,0.014128741335753316,17.674056932206035,1.79,ba290493,ba,G,V
68719586297,2457464.9934763,3.263631474340687,0.057840083466807156,15.17552862252337,0.019263711738434715,17.806784116175333,2.09,ba291820,ba,G,V
68719586297,2457466.1077194,3.2399764619143863,0.05420808184822944,15.183426766730266,0.018185881529857402,17.877196293547208,2.25,ba292186,ba,G,V
68719586297,2457466.9862665,4.15573586111899,0.09381025846234106,14.913161564585192,0.024536610518412216,17.281730562388567,1.81,ba292574,ba,G,V
68719586297,2457472.0178918,3.077507461554623,0.10843533431285839,15.239283618089377,0.03829868661269933,17.124429336773126,2.22,ba294081,ba,G,V
68719586297,2457478.0455994,5.9514408252268645,0.08753398796670978,14.523226105030005,0.01598699237518217,17.356914606254293,1.74,ba295560,ba,G,V
68719586297,2457481.0692342,4.786208271543154,0.06294203990162917,14.75980242205479,0.014294250663810364,17.715004358813815,1.79,ba296624,ba,B,V
68719586297,2457482.0161969,3.0392869926091226,0.055179595007940604,15.252852126000576,0.019734174760941588,17.857910122078636,1.71,ba296976,ba,G,V
68719586297,2457487.9345811,3.0674973639282763,0.058476833224002385,15.242820909052714,0.02072105293094134,17.794896779569367,1.83,ba298213,ba,G,V
68719586297,2457489.9916568,3.874871281729077,0.029602364572921227,14.989138203581014,0.008303884411117278,18.534040386303538,1.73,ba299029,ba,G,V
68719586297,2457493.9170257,6.705582989685491,0.10859259196989793,14.39369005001855,0.01760255987224357,17.122855895377544,1.69,ba300417,ba,G,V
68719586297,2457495.0346234,3.40698706594591,0.04996645153842057,15.128855192404593,0.015941170106194554,17.965660122932352,2.00,ba300890,ba,B,V
68719586297,2457498.9753644,3.1180446271602245,0.11080025709377078,15.225075587623284,0.03862518868696673,17.101004473420726,1.66,ba301700,ba,G,V
68719586297,2457501.9572348,3.2533867443853257,0.12333868196845482,15.17894217240448,0.04120745404144985,16.98460813586905,2.11,ba302801,ba,G,V
68719586297,2457504.9403326,3.287115604597266,0.08178905473993468,15.167743959375441,0.027045336139719618,17.43061842129866,1.67,ba303783,ba,G,V
68719586297,2457506.9702252,4.5763943292310945,0.06422389730941395,14.808472807564005,0.015254057891401291,17.693114752691354,2.02,ba304551,ba,B,V
68719586297,2457508.9901737,3.2807072587092083,0.057588578103812654,15.169862705722926,0.01908011767323943,17.811515504492803,1.64,ba305230,ba,G,V
68719586297,2457511.9871516,3.2491990731332066,0.0479244233282791,15.180340602828377,0.016032186183356174,18.010964154321936,1.66,ba306128,ba,G,V
68719586297,2457520.925632,4.327247861252928,0.05166881363199415,14.869251974648524,0.012978631164325872,17.92928516912349,1.79,ba307855,ba,G,V
68719586297,2457526.8938665,5.069456577843646,0.09816001129779252,14.697377885815172,0.02104676562778778,17.23251989441603,1.79,ba309204,ba,B,V
68719586297,2457529.9052302,4.816693015765202,0.14238870701579795,14.752908984188469,0.032132073438405816,16.828667527784532,1.69,ba310100,ba,G,V
68719586297,2457532.0090283,3.3532784825741047,0.07999283494635834,15.14610734914129,0.02592946994685656,17.45472867252884,1.78,ba310775,ba,G,V
68719586297,2457535.918892,3.535049232407978,0.05436844333555007,15.08879273809967,0.01671720255509026,17.87398914727065,1.66,ba311428,ba,G,V
68719586297,2457538.814824,3.888725170080239,0.03109854179852254,14.985263276742973,0.008692504958838101,18.480506329767593,1.63,ba312243,ba,G,V
68719586297,2457544.0092186,4.879596435390161,0.07985069034895866,14.738821641073013,0.017787173547935548,17.456659705720266,1.65,ba313666,ba,B,V
68719586297,2457545.0248325,3.0145506081861915,0.05332671710468892,15.26172495655336,0.019228014544680407,17.89499427242227,1.62,ba314021,ba,G,V
68719586297,2457548.7776573,4.289681558879754,0.05344953244233768,14.878718769832801,0.01354350365514736,17.892496617410877,1.81,ba314921,ba,G,V
68719586297,2457549.9352534,4.580252404223966,0.05300969638911034,14.807557876133263,0.012579925759641005,17.90146810160322,1.81,ba315362,ba,G,V
68719586297,2457550.7472536,2.9828617530716133,0.12404185057989982,15.273198590647079,0.04520092100063742,16.978435801548557,2.01,ba315565,ba,G,V
68719586297,2457551.7589292,4.052688648759319,0.05889542799591005,14.940423304563048,0.015796123292217315,17.787152438254843,1.75,ba315832,ba,G,V
68719586297,2457552.9513319,3.946042806038452,0.04440906115332498,14.969376924270746,0.012232690068909527,18.09367741391998,2.01,ba316015,ba,G,V
68719586297,2457558.9750413,3.1874579696905365,0.10838511448752303,15.201170237501625,0.03696045819957694,17.12493229194954,1.67,ba317233,ba,B,V
68719586297,2457567.9760616,3.073351533120409,0.07459610515302632,15.240750809145444,0.026382508515091895,17.530566012485444,1.62,ba319680,ba,B,V
68719586297,2457568.9597085,3.2430097526886934,0.04785003099959909,15.182410767700027,0.016037849783619346,18.012650835001345,1.67,ba320005,ba,G,V
68719586297,2457570.8733299,3.1797727689522497,0.052489165369024246,15.203791190024589,0.017942615640835238,17.91218222592639,1.80,ba320363,ba,G,V
68719586297,2457586.8940293,5.721141390856319,0.10887417134859163,14.566074702158446,0.020684944229036495,17.120044237245075,1.69,ba324144,ba,G,V
68719586297,2457592.9090308,4.13957903132882,0.07949168001626519,14.917390958518286,0.020872653804593157,17.461552204492147,1.67,ba325468,ba,G,V
68719586297,2457595.8598513,4.259422453188314,0.041581393187508774,14.88640461474003,0.010611102093038501,18.16510880291084,1.77,ba325772,ba,G,V
68719586297,2457598.8199941,4.036017453057346,0.035025614199666016,14.944898815516783,0.009432892752583627,18.351391994440018,2.18,ba326694,ba,G,V
68719586297,2457601.7975051,3.804681192444629,0.02684665631832811,15.008985725576265,0.0076698011465570265,18.640130885806435,1.65,ba327460,ba,G,V
68719586297,2457603.8733792,3.456712983764566,0.04291620170217145,15.113123102278017,0.013494914257429822,18.130803199257596,1.62,ba328244,ba,G,V
68719586297,2457606.8647168,4.374800718662503,0.04837595480675421,14.85738571755338,0.012019418244183441,18.000782518986142,2.28,ba329146,ba,G,V
68719586297,2457608.8609756,3.9349341952938053,0.03993775965535949,14.972437719615206,0.011032105282208318,18.208897145983464,1.65,ba329818,ba,G,V
68719586297,2457611.8507137,3.7662070719317198,0.056094201056771764,15.02002091820637,0.01618922074805915,17.840061476687048,1.72,ba330765,ba,G,V
68719586297,2457615.8423195,4.40527911432097,0.08717747019838497,14.849847829247725,0.021510128489431537,17.36134573847722,1.60,ba331931,ba,B,V
68719586297,2457618.827305,4.670512842413398,0.10170322534457682,14.786369978047258,0.023669131806319826,17.19401957854952,1.68,ba332809,ba,G,V
68719586297,2457619.814815,3.7112529268376697,0.09132335069958498,15.035980021752815,0.026746900194314218,17.310901799694193,1.65,ba333172,ba,G,V
68719586297,2457622.8114878,5.971271092619093,0.08234759785956867,14.519614433581474,0.014989816599291208,17.423229056179967,1.61,ba333990,ba,G,V
68719586297,2457627.7544782,3.5390326915315753,0.04301389855746596,15.087569968475483,0.01321102166542274,18.128334377313532,1.65,ba334788,ba,G,V
68719586297,2457636.8035466,3.0572769701333087,0.05865132056918658,15.246444442350299,0.020852358495511106,17.79166190627978,2.49,ba335983,ba,G,V
68719586297,2457638.7618505,5.144303232705366,0.07225131289761058,14.681465003750063,0.015266214335691808,17.565242035728073,1.70,ba336721,ba,G,V
68719586297,2457653.7238796,3.2095940882800824,0.05679221232418733,15.19365612597122,0.01923316901510381,17.826634426605,2.12,ba339678,ba,G,V
68719586297,2457658.7092138,5.678647809573839,0.11761044366667986,14.574169068211445,0.022511950565520984,17.036241672969826,1.68,ba340723,ba,G,V
68719586297,2457758.175735,5.796325577681763,0.2455495243120166,14.55189947536445,0.04604669859963849,16.237008650835786,1.69,ba367670,ba,G,V
68719586297,2457760.173858,3.790438481026479,0.15284093706518223,15.013057773478572,0.04382908578079076,16.75175716448543,1.73,ba368389,ba,G,V
68719586297,2457762.1659648,3.2103305216554787,0.0637581866111177,15.193407035076811,0.021587302704108354,17.701016502411342,1.64,ba368948,ba,G,V
68719586297,2457767.1604624,3.9119927085093127,0.11745704313712588,14.97878631290978,0.03263572009845156,17.037658734382045,1.69,ba371142,ba,G,V
68719586297,2457784.1474024,4.645315658083879,0.05133780501736625,14.792243328334294,0.012012523170151054,17.936263153233018,1.76,ba377352,ba,G,V
68719586297,2457788.1149429,3.553846535600881,0.05041356125041753,15.083034729763817,0.01541916586332599,17.95598795018194,1.78,ba378789,ba,G,V
68719586297,2457794.0947419,5.850526174731096,0.12141881111970379,14.541794087813233,0.022558136596054056,17.00164145334022,1.78,ba380424,ba,G,V
68719586297,2457799.0848153,3.1732313677524733,0.08368258758551698,15.206027057802896,0.02866457682740861,17.405768641830676,1.75,ba381900,ba,G,V
68719586297,2457805.1521454,3.339050028971663,0.05468586391313879,15.150724089178489,0.017801816657904652,17.867668700235242,1.69,ba383962,ba,G,V
68719586297,2457809.0499522,3.2010116238890136,0.054521057779192236,15.196563276496795,0.01851352831178088,17.870945710876285,1.64,ba385418,ba,G,V
68719586297,2457817.036209,4.892599351697985,0.058834191822329185,14.735932270937111,0.013070804271013462,17.78828191334864,1.67,ba386581,ba,G,V
68719586297,2457819.0289653,3.2656796796660084,0.049057589921046627,15.174847444770625,0.016328443857340908,17.985590872245037,1.60,ba387203,ba,G,V
68719586297,2457820.02256,4.608745286622474,0.07099423138132455,14.800824638366638,0.01674374216986506,17.58429873952148,1.63,ba387395,ba,G,V
68719586297,2457826.0044799,3.961348028928928,0.09925454615167217,14.965173905673906,0.027234510945252064,17.220480374021847,1.61,ba388521,ba,G,V
68719586297,2457828.0621667,3.3424552397624243,0.08836726586736438,15.149617404139189,0.02873677253778708,17.34662784895907,1.63,ba389334,ba,G,V
68719586297,2457832.1085891,3.1558228128429144,0.07629457293157192,15.211999876320561,0.026278054421746057,17.50612227780998,1.65,ba390835,ba,G,V
68719586297,2457834.0739077,5.372198942190054,0.07430588155378383,14.634401187016186,0.015034302234074514,17.53479841629909,1.81,ba391582,ba,G,V
68719586297,2457838.0107392,3.193152366699214,0.04750746070094098,15.199232299181599,0.016171650554067482,18.02045184925603,1.66,ba392902,ba,B,V
68719586297,2457844.996951,3.1629667985359213,0.05535171328125981,15.209544821572702,0.019021668443800616,17.85452872372584,2.01,ba395128,ba,G,V
68719586297,2457847.9427634,3.182469850380246,0.06622629724963759,15.202870659543697,0.02261925771190792,17.65978020849834,1.62,ba396074,ba,G,V
68719586297,2457849.0549584,3.3819888032752616,0.04581012148180445,15.13685099089537,0.014723174203914257,18.05995278501782,2.01,ba396533,ba,G,V
68719586297,2457849.9379417,5.3585648728528845,0.0963367518797652,14.637160172474871,0.01954140021134537,17.252876395137257,1.87,ba396818,ba,G,V
68719586297,2457852.9843333,4.618965151370477,0.09632215550454677,14.798419690405602,0.022666980954072193,17.253040911933063,1.74,ba397928,ba,G,V
68719586297,2457860.0461632,4.816924473812426,0.0759645477036216,14.752856812222523,0.017141676394619366,17.510829002742117,1.64,ba399846,ba,G,V
68719586297,2457869.0073091,3.5291461263715753,0.04984976725500316,15.090607302140036,0.015353438957970332,17.968198556270586,2.15,ba401258,ba,G,V
68719586297,2457876.8663368,2.9558517893162346,0.0723194632970648,15.283074769228813,0.026594064209695154,17.564218407530387,1.66,ba402513,ba,G,V
68719586297,2457878.0023116,3.4002919766027766,0.04810298907920162,15.130990877806152,0.015376872943429713,18.006926233913376,1.68,ba402928,ba,G,V
68719586297,2457880.8557073,3.1417940744697925,0.09804839355150367,15.216837113842608,0.033921491444291185,17.2337551874852,1.72,ba403901,ba,G,V
68719586297,2457884.8992102,3.2342598449331756,0.1336155178780441,15.18534413253037,0.04490494441583501,16.89771414545681,1.67,ba405080,ba,G,V
68719586297,2457890.0537664,4.637000891457142,0.08148553036367237,14.794188456046145,0.019100972962792076,17.434655152229492,1.70,ba406042,ba,B,V
68719586297,2457892.9743564,4.627089990136748,0.05729931444272863,14.796511539579779,0.013460266313701922,17.81698282896445,1.64,ba406992,ba,G,V
68719586297,2457896.9875282,4.842355761423995,0.0686557873308137,14.747139671230439,0.015411064256959393,17.620663513892833,2.08,ba408384,ba,B,V
68719586297,2457898.0287524,3.2360720953120694,0.052625069100725834,15.184735933161907,0.017676108684003274,17.909374695912327,1.67,ba408645,ba,G,V
68719586297,2457901.9807674,3.4041548130183346,0.04866003121041232,15.129758148113455,0.015537289335349166,17.994425435801457,1.65,ba409942,ba,G,V
68719586297,2457906.8769392,2.691069602808505,0.11176476121240068,15.384969077866115,0.04514317874708654,17.091594157237946,1.62,ba411094,ba,B,V
68719586297,2457907.7729706,3.832036951877326,0.06005672254878667,15.001207183824938,0.017035077445352077,17.765952323845326,1.71,ba411352,ba,G,V
68719586297,2457909.0439511,3.601617307455374,0.039223235024153036,15.06853749289316,0.011837446200893479,18.228497868129367,2.01,ba411859,ba,G,V
68719586297,2457909.9332925,4.590325987486123,0.08359340057261003,14.805172583081665,0.019794322271327516,17.40692641204204,1.82,ba411996,ba,G,V
68719586297,2457914.9429712,3.7665611630654503,0.13173385402880652,15.019918844293576,0.03801583608266863,16.91311289916276,1.68,ba413591,ba,G,V
68719586297,2457917.8224724,3.77144945121343,0.03616600308078998,15.018510676426187,0.010423279808577107,18.31660510628167,1.67,ba414028,ba,G,V
68719586297,2457925.903651,5.808216966315947,0.07539687609588212,14.549674326784048,0.014109859646506573,17.51897301316782,1.77,ba415419,ba,B,V
68719586297,2457926.7493483,3.5439327245221794,0.10433363803131265,15.086067732121462,0.03200007932153829,17.166295515800286,2.01,ba415636,ba,G,V
68719586297,2457927.9531813,3.16894026781868,0.05009211342698226,15.207496271673161,0.017181753133716695,17.962933005393783,1.62,ba416099,ba,G,V
68719586297,2457930.8127494,3.5082752235990267,0.040956161089663025,15.097047263618823,0.012689302738380514,18.181558287411647,1.66,ba416910,ba,B,V
68719586297,2457934.9461316,3.3608814165093213,0.053790529084652754,15.14364843118634,0.017396616884236184,17.88559185359814,2.15,ba417964,ba,G,V
68719586297,2457938.8370002,6.233249859258844,0.09965382161509147,14.472995064776772,0.01737767196350302,17.21612149849105,2.01,ba418747,ba,G,V
68719586297,2457942.8460234,3.2032476408869393,0.10219980100636678,15.195805117088383,0.03467941061014976,17.18873126821937,1.70,ba420103,ba,B,V
68719586297,2457945.9001854,5.77606810486523,0.102648188254102,14.555700641263662,0.019316620864203864,17.183978172542172,1.64,ba421146,ba,G,V
68719586297,2457953.9217634,3.22986029037154,0.04874591048456917,15.18682206187264,0.01640463690248947,17.992510927102543,1.66,ba422751,ba,G,V
68719586297,2457959.904705,3.192964025979644,0.04925573474835756,15.199296340713433,0.01676775612946454,17.981214389101744,1.63,ba423581,ba,G,V
68719586297,2457961.8542969,4.445070852752768,0.04724924790151442,14.840084684887902,0.011553894157168456,18.026369143829438,1.72,ba424217,ba,G,V
68719586297,2457968.7749806,4.6965750185308295,0.07600813932177511,14.780328245200678,0.017591019501463027,17.510206140828206,1.68,ba425503,ba,G,V
68719586297,2457974.8610642,3.9902025413804183,0.08009761594965699,14.957294052285484,0.021819099439026563,17.453307419175374,1.63,ba427546,ba,G,V
68719586297,2457977.8526451,3.797319715544277,0.06473139773801577,15.011088494198955,0.018528915183150696,17.684568931695473,1.69,ba428448,ba,G,V
68719586297,2457979.8399003,3.2950505155030725,0.0479894009330569,15.165126211944525,0.01583052887144469,18.00949307235139,1.67,ba429149,ba,G,V
68719586297,2457982.8286056,3.1808141979030164,0.0558352451578204,15.203435651413917,0.019080172588265887,17.845085325300204,1.62,ba430207,ba,G,V
68719586297,2457984.8222378,4.407628611892906,0.053492745607246414,14.849268920511465,0.013191739555061557,17.891619170229593,1.67,ba430918,ba,G,V
68719586297,2457989.8036234,3.3413725451483804,0.051525673074985553,15.149969154899164,0.016761425321212362,17.932297209587006,1.60,ba431791,ba,B,V
68719586297,2457992.7921873,3.3460765662384215,0.05213219238812899,15.148441718424454,0.016934886392195668,17.919591420413422,1.65,ba432717,ba,G,V
68719586297,2457998.7390671,3.008588513413182,0.09237044075142212,15.263874421852039,0.03337201233836111,17.298523853948204,2.06,ba434303,ba,B,V
68719586297,2458001.767519,5.575266213079885,0.16634907967156415,14.59411738122039,0.032431494770618956,16.659805387497826,1.69,ba435086,ba,G,V
68719586297,2458008.7404204,3.219289402962205,0.0507321205960744,15.19038135449293,0.01712912461141864,17.949148853302066,2.27,ba436513,ba,G,V
68719586297,2458010.7720371,4.325214204719146,0.06414392259877182,14.869762352977974,0.016119815504765808,17.694467606546873,1.82,ba437122,ba,G,V
68719586297,2458011.7457899,4.151772770303549,0.04334804171815276,14.9141974639621,0.01134875130623325,18.119932687024704,1.75,ba437380,ba,G,V
68719586297,2458015.7673835,3.1902915452355245,0.060942468509977706,15.200205472186417,0.020763561153753902,17.75005628969589,1.79,ba438644,ba,G,V
68719586297,2458017.7359433,5.134785677803512,0.06767810404056304,14.683475601572638,0.014326431750370003,17.63623593438908,1.66,ba439098,ba,B,V
68719586297,2458019.7274273,3.58767557085566,0.04647474177262058,15.072748495954169,0.014080432488449302,18.044313930221087,1.69,ba439828,ba,G,V
68719586297,2458023.7132826,4.072130516322131,0.07069559159219936,14.935227181581947,0.018870474320835436,17.588875560983627,1.79,ba441311,ba,G,V
68719586297,2458028.5891055,2.786071416072928,0.05593183989596355,15.287585010755054,0.021821220302198848,17.783492846890493,1.54,bq002230,bq,G,g
68719586297,2458032.6015924,3.1643237891567053,0.07100024413159063,15.149363331670918,0.024388837409230438,17.524491006376174,1.66,bq002532,bq,G,g
68719586297,2458034.5763439,2.659415636586944,0.042496651948426764,15.338100077402242,0.017369234185109387,18.08175382146931,1.55,bq003030,bq,G,g
68719586297,2458039.5803413,3.606907900195189,0.031901714387076695,15.007227989627212,0.009613712760953937,18.39310555514398,1.64,bq006733,bq,B,g
68719586297,2458131.0378335,2.8274892047553513,0.057461764287847356,15.271563233579508,0.022089718092740362,17.754193220689345,1.58,bq036081,bq,G,g
68719586297,2458138.0068159,2.8696522219472334,0.0512346411575064,15.255492454699128,0.01940647264473279,17.87873136445103,1.58,bq037656,bq,G,g
68719586297,2458139.0037231,3.9151973784695047,0.03513267405084378,14.918181469247909,0.009753707283239897,18.28836259525071,1.53,bq038125,bq,G,g
68719586297,2458140.0042782,2.9412641219241697,0.033743137569644026,15.228730558852197,0.012469918349689385,18.332176955092933,1.59,bq038581,bq,G,g
68719586297,2458155.9562006,5.931437650096896,0.077509657069264,14.467165698385958,0.014203913489307891,17.429251072898598,1.46,bq044390,bq,G,g
68719586297,2458157.9795286,2.9732299348128675,0.051209045583065486,15.216994380585888,0.018721056658557004,17.879273907253122,1.43,bq045116,bq,B,g
68719586297,2458158.9800878,4.52715999073663,0.05063374248579075,14.760501015232146,0.012156998367100947,17.89154054011812,1.53,bq045572,bq,G,g
68719586297,2458159.9796147,2.5022627465455947,0.044159930455227224,15.404233346714733,0.019182607611498904,18.040069659497505,1.54,bq046031,bq,G,g
68719586297,2458164.1403542,3.5189775791791855,0.05435188921340766,15.093740155068808,0.01678843900538188,17.874319782938617,2.04,ba474870,ba,B,V
68719586297,2458166.9799605,2.73229296311509,0.03905084567060588,15.308747463233088,0.015535146470054939,18.173564503354413,1.50,bq048215,bq,B,g
68719586297,2458168.9709823,4.706796087275645,0.0627995935238926,14.718252162892009,0.01450252496127818,17.657748529603246,1.51,bq048508,bq,B,g
68719586297,2458169.9607286,2.5351965559241596,0.04310449577597628,15.3900365318031,0.018480899514670933,18.066334188425913,1.59,bq048817,bq,G,g
68719586297,2458170.9565956,2.8210546908712484,0.03662622302030392,15.274036857874533,0.014112137601379162,18.243160272603248,1.66,bq049263,bq,B,g
68719586297,2458171.9833927,3.7609234164999616,0.03221015852256219,14.961829397294501,0.00930916107431207,18.382658455920073,1.54,bq049718,bq,G,g
68719586297,2458172.9761656,4.1835870230028975,0.04163080719037929,14.846193604289915,0.01081628686867062,18.104103532403897,1.50,bq050095,bq,B,g
68719586297,2458174.924366,3.753904832817226,0.038428526733791185,14.96385747628004,0.011127116859479159,18.19100627425019,1.49,bq050910,bq,G,g
68719586297,2458175.9017694,3.004467922940575,0.06090800105230927,15.205646693158354,0.022035298984022744,17.69095474502311,1.62,bq051333,bq,B,g
68719586297,2458177.1104588,5.4205977456967975,0.07621468507202092,14.624663454156327,0.015282825414797137,17.507259745141525,1.59,ba475753,ba,G,V
68719586297,2458179.8924141,2.8367655767270206,0.09217234549553237,15.26800700163326,0.03531745198909053,17.241139013803288,1.57,bq052355,bq,G,g
68719586297,2458186.8729125,2.6778173159935688,0.04776859912802983,15.330613258331383,0.01938981798588043,17.95478434829489,1.47,bq054683,bq,B,g
68719586297,2458187.8554413,3.626364768871513,0.028631531539245015,15.001386905329475,0.008581935882761892,18.510529162340596,1.49,bq055082,bq,G,g
68719586297,2458190.8704435,3.261325965564389,0.026390885596148602,15.116580101830477,0.008795730790510168,18.599005701346087,1.48,bq055597,bq,G,g
68719586297,2458193.8568786,3.036270836743599,0.03323327939838827,15.194214351739205,0.011897202760607113,18.348707614523487,1.54,bq056192,bq,G,g
68719586297,2458196.8487919,2.884142582922847,0.05044639499460705,15.250023805459572,0.019011902657755386,17.895565271228385,1.63,bq056799,bq,G,g
68719586297,2458197.8469317,3.7193674420546916,0.037968980814247884,14.97389290952944,0.01109614254649589,18.20406826217241,1.52,bq057158,bq,B,g
68719586297,2458198.8372212,3.2415942394884887,0.02999213402387546,15.123168992499787,0.010056824904547486,18.460122191139686,1.58,bq057554,bq,B,g
68719586297,2458199.8401797,2.860767956428579,0.03451216241215056,15.258859040797365,0.013112989443589523,18.307710182625023,1.50,bq057949,bq,G,g
68719586297,2458203.8308627,3.0950464279994527,0.0588877101855207,15.173397701918761,0.020680911296638828,17.72757894304525,1.55,bq059042,bq,B,g
68719586297,2458206.8216541,3.1931980001673006,0.09550582698523634,15.139501000758218,0.03250994191411016,17.202565937709686,2.17,bq059384,bq,G,g
68719586297,2458207.818979,4.170949813164304,0.09188384896532278,14.84947821167924,0.023945085256152077,17.24454266327279,1.63,bq059715,bq,G,g
68719586297,2458208.8200654,2.8729055046486165,0.1111873127144187,15.254262268653378,0.042067438171575836,17.037502526701033,1.50,bq060107,bq,G,g
68719586297,2458211.8043884,3.3903012818388762,0.06418977789759621,15.074469887669713,0.020579733750663867,17.633975928969893,1.56,bq061058,bq,G,g
68719586297,2458212.8081739,2.7889672257807496,0.07706819800417489,15.286457095443032,0.03003612938329522,17.435452600184263,1.60,bq061356,bq,G,g
68719586297,2458213.803326,3.470940192879413,0.0429108704714854,15.048947796059782,0.013437929759829938,18.071222300108854,1.50,bq061629,bq,G,g
68719586297,2458216.7936319,3.074677602903333,0.03256253439475655,15.180566661532502,0.01151147004528662,18.37084511300439,1.61,bq062359,bq,G,g
68719586297,2458219.8350691,2.8435331983568273,0.03822660173355756,15.265419864726823,0.014612333023657092,18.196726381825034,1.62,bq063310,bq,G,g
68719586297,2458220.9687484,3.4631837571945034,0.04433543230257139,15.1110925647436,0.013915140132339545,18.09547902490918,1.70,ba481905,ba,G,V
68719586297,2458222.0717807,3.70949500958209,0.030691321848307036,15.03649442662451,0.008993173560724195,18.494817409884526,2.01,ba482308,ba,G,V
68719586297,2458224.7653965,3.465178542718634,0.0357981035144725,15.050751581103263,0.011229142048888608,18.26799056264089,1.46,bq064606,bq,G,g
68719586297,2458226.7674746,3.25471858024674,0.03252491951356348,15.118782014314815,0.010862129094315739,18.37210003512665,1.60,bq064969,bq,G,g
68719586297,2458228.8094471,2.6180796455223274,0.04787359153128778,15.355108486679768,0.01987583251067473,17.952400586516816,1.60,bq065446,bq,G,g
68719586297,2458231.1096989,2.7960124168964198,0.07079227000373738,15.343433665143305,0.027520664466394732,17.587391797404514,1.62,ba484427,ba,B,V
68719586297,2458232.9123154,4.6280674044047405,0.05632585206204018,14.796282215751667,0.013228794417099158,17.835586968229066,1.66,ba484975,ba,G,V
68719586297,2458233.8919782,3.207623917382111,0.05884810614995989,15.194322796774305,0.01994165601056516,17.788025166333938,1.62,ba485329,ba,G,V
68719586297,2458234.9060488,4.565303124131599,0.09927714080052293,14.811107357416693,0.02363697058413151,17.220233241397594,1.84,ba485520,ba,B,V
68719586297,2458236.8147651,3.1532640550793776,0.11234422677381033,15.1531647717983,0.038725995615504834,17.02626371271628,1.60,bq067414,bq,G,g
68719586297,2458239.8916641,3.834913296637065,0.16608217936787453,15.000392530882555,0.0470738434078459,16.661548805886817,1.76,ba485947,ba,B,V
68719586297,2458243.7886418,3.6426031623433923,0.03952570009901681,14.99653597155325,0.011794509471433103,18.160441683657243,1.51,bq069013,bq,G,g
68719586297,2458244.7591812,3.300175065395221,0.06442149662732728,15.103723175679566,0.02121807616617543,17.63006358633361,1.49,bq069345,bq,B,g
68719586297,2458245.7643194,2.824495237906162,0.05943865312579141,15.272713505149092,0.02287390355324627,17.71746821196095,1.47,bq069703,bq,G,g
68719586297,2458246.7968102,3.00120158742784,0.04800584345728177,15.206827703557483,0.01738645775947391,17.949405349941124,1.51,bq070081,bq,B,g
68719586297,2458247.9335995,3.3097234405517186,0.028833101899067112,15.100586357828032,0.00946916825954968,18.50291219440833,1.48,bq070472,bq,G,g
68719586297,2458249.711721,3.250690047569788,0.02816379290348883,15.120126718264641,0.009417329220989102,18.52841275602948,1.57,bq070982,bq,G,g
68719586297,2458250.8908878,3.6963265544788904,0.038922463561276585,15.040355573807389,0.01144569479631588,18.236855591843916,1.62,ba487778,ba,G,V
68719586297,2458251.898732,6.066990237394258,0.08250311858401715,14.502348164251487,0.014781184623634773,17.421180481143583,1.69,ba487966,ba,G,V
68719586297,2458253.7663526,3.7206370455055335,0.03318574776699191,14.973522357482612,0.009694970114780575,18.350261591571645,1.48,bq072104,bq,G,g
68719586297,2458254.893686,4.778770664784527,0.06311472054535615,14.761490931902204,0.014355775141097054,17.712029734630793,2.01,ba488847,ba,B,V
68719586297,2458257.686159,3.105184285520357,0.03424749924704545,15.169847173150801,0.011988191114265499,18.316068449452093,1.51,bq073153,bq,G,g
68719586297,2458258.085298,3.3293602692826747,0.04753572877321387,15.153879423011814,0.01551927884836555,18.01980600244512,1.70,ba489535,ba,B,V
68719586297,2458260.0007202,3.084127690752197,0.05325606173176968,15.236950527891144,0.01876933429023185,17.896433775285942,1.80,ba490059,ba,G,V
68719586297,2458261.8602294,4.672653630957609,0.059875785617175,14.78587243116602,0.013928354380828453,17.769228331818073,1.58,ba490656,ba,G,V
68719586297,2458263.6728477,4.777652838606495,0.0861166158807175,14.702029149368737,0.019592260137710503,17.31492322383317,1.52,bq074345,bq,G,g
68719586297,2458264.6857316,2.532325981651619,0.06382207923435454,15.391266595103815,0.02739450835215453,17.64021323945055,1.62,bq074695,bq,G,g
68719586297,2458265.7582847,2.741624156894438,0.10878006023699642,15.305045827088028,0.04312742708092914,17.061267374017334,1.66,bq075084,bq,G,g
68719586297,2458266.7120722,3.610044925856797,0.10115161125947263,15.006284105793505,0.03045596545223338,17.14020859867946,2.41,bq075325,bq,B,g
68719586297,2458267.7542193,4.899679220999621,0.10070882677019474,14.674646502369125,0.022341486272284265,17.144971769973953,1.62,bq075696,bq,G,g
68719586297,2458270.6554407,3.737177916125811,0.04325066895667064,14.96870618769801,0.012579437679212345,18.062658538764154,1.47,bq076638,bq,B,g
68719586297,2458271.7755934,3.997914882228014,0.04741332270303988,14.955197545727202,0.012890774778243989,18.022605414837972,1.65,ba492472,ba,G,V
68719586297,2458275.8310284,3.4720685719261173,0.07412863785822964,15.108310670200664,0.02320651355193208,17.537391344002884,1.63,ba493327,ba,G,V
68719586297,2458277.0392955,3.1949960953725305,0.13360272129395753,15.198605575166075,0.04545243402422065,16.897818133228704,2.42,ba493699,ba,B,V
68719586297,2458281.7585902,3.996948604398637,0.031095063953544676,14.95545999494352,0.008456196439705278,18.480627757755734,1.62,ba494785,ba,G,V
68719586297,2458283.8421708,3.2329481616713864,0.028467743415027245,15.126068769723771,0.00957120183088951,18.516758004449652,2.05,bq079271,bq,G,g
68719586297,2458284.7521876,3.057330932923747,0.0819452619056962,15.246425278617737,0.029133560876525213,17.42854677461836,1.71,ba495668,ba,G,V
68719586297,2458286.0070698,5.947528522920071,0.08273467965656285,14.52394007080086,0.01512039820912807,17.41813741947931,1.60,ba496174,ba,G,V
68719586297,2458287.8360438,4.3554236296653555,0.04508432620255915,14.802489614808014,0.011251420426777466,18.017576652914343,1.51,bq080078,bq,G,g
68719586297,2458288.7712838,2.7949057328334748,0.03996005709980337,15.284147711046923,0.015540719017261836,18.1485753611239,1.43,bq080352,bq,G,g
68719586297,2458291.8016379,3.0402760459103466,0.07725853783661873,15.252498860155566,0.027621396969694262,17.492490182158342,1.76,ba497325,ba,G,V
68719586297,2458294.9555799,4.5036331775057326,0.10773152719041013,14.825873879900334,0.026001115424188807,17.13149935267518,1.64,ba498208,ba,G,V
68719586297,2458297.9772787,3.0914811790433765,0.17485433673183573,15.234364887378396,0.0614783175629264,16.60566537333417,2.02,ba499089,ba,B,V
68719586297,2458302.7578552,3.5392350519957194,0.05614537516409323,15.087507888291361,0.017243155880728757,17.83907142332466,1.60,ba500059,ba,G,V
68719586297,2458304.732771,2.618744990826312,0.04430866155474178,15.354832598316397,0.01839109528234808,18.036419033032605,1.50,bq084360,bq,G,g
68719586297,2458308.6579102,2.8073894416105682,0.03783196358743194,15.279308966710637,0.014647664817021393,18.207993403924355,1.45,bq084791,bq,G,g
68719586297,2458308.857891,2.986926420904351,0.05412517182890503,15.27172009339402,0.019696403666973127,17.878858173426885,1.77,ba501289,ba,G,V
68719586297,2458310.8194736,4.622333857920647,0.05510858195441292,14.797628129214246,0.012958958482953616,17.85930830375149,1.68,ba501981,ba,G,V
68719586297,2458315.9158635,2.983306417045766,0.05866505572890014,15.273036748820694,0.02137439337721886,17.791407674761253,1.63,ba503283,ba,B,V
68719586297,2458318.8356031,2.6227393251375215,0.047412355149742035,15.353177802096978,0.019649367417908275,17.962911789210352,1.46,bq086003,bq,G,g
68719586297,2458321.7776142,2.6519187978962697,0.06438786417883681,15.341165067827356,0.02639100750202441,17.630630563261093,1.51,bq086989,bq,G,g
68719586297,2458324.8249177,5.6292441827989546,0.14728934251703077,14.523940403037972,0.028440249922140032,16.732212302609422,1.43,bq087916,bq,B,g
68719586297,2458325.8504813,3.217221887422658,0.08353892564331658,15.19107886792874,0.028224096199913146,17.40763417943114,2.14,ba506288,ba,B,V
68719586297,2458327.8313694,4.95476765410475,0.28477551679413643,14.662507387896042,0.06247288002588421,16.016383989780387,1.57,bq088684,bq,B,g
68719586297,2458328.8774709,3.2244097840137664,0.08612476590247936,15.188655828797621,0.029032871828227943,17.374536257545927,1.72,ba507356,ba,G,V
68719586297,2458331.7439651,3.29875305068821,0.09599473082332019,15.163906892356962,0.03163076990538336,17.256737905795724,2.08,ba508033,ba,B,V
68719586297,2458332.7181616,3.0516024949202234,0.0451091910566921,15.188745719050509,0.016067534841470152,18.016978014035132,1.62,bq089692,bq,B,g
68719586297,2458333.6466456,4.740594862953139,0.059934071523892234,14.710483518366853,0.013742100263909039,17.70845615696834,1.74,bq089921,bq,G,g
68719586297,2458335.7236076,2.7812930428931724,0.03926416937689305,15.28944874864154,0.015344821389438539,18.16764957519032,1.50,bq090341,bq,G,g
68719586297,2458337.7862481,5.168827998342264,0.06623507112012039,14.676301203239618,0.013928620287802179,17.659636376240375,2.21,ba509848,ba,B,V
68719586297,2458342.8586004,3.3382445549673236,0.049706751243361436,15.150986031281464,0.016184876976146286,17.97131794555525,1.61,ba510966,ba,G,V
68719586297,2458344.8774271,5.190341957700872,0.06789437491450317,14.671791475478583,0.014218376015327265,17.63277190807835,1.64,ba511535,ba,G,V
68719586297,2458351.7373101,2.795352487056684,0.08569220737934839,15.283974174434938,0.033320915378109876,17.320287286098107,1.52,bq093385,bq,G,g
68719586297,2458352.7849448,3.7228602437039524,0.19412021424865034,15.032589571778843,0.05667691480920035,16.49217948875135,2.28,ba513568,ba,B,V
68719586297,2458353.7394546,4.618926997778482,0.08824880782943954,14.738712876609855,0.020767294493298435,17.288368493618115,1.48,bq094137,bq,G,g
68719586297,2458355.7178714,3.3620382904745263,0.21376298474755004,15.083558983932361,0.06911017968952911,16.327809349340097,1.44,bq094575,bq,B,g
68719586297,2458361.8017435,2.918140263551145,0.060545574668783984,15.297015997290423,0.022552174092067872,17.75715037952768,1.77,ba514618,ba,G,V
68719586297,2458367.7352792,3.140614828784621,0.05588041867096215,15.217244712192047,0.019340030160725198,17.84420726541663,1.78,ba515622,ba,G,V
68719586297,2458368.8254288,3.370864268216966,0.08538939326221673,15.140428240769568,0.027534350394597323,17.383846574500566,1.62,ba516034,ba,G,V
68719586297,2458370.7605368,6.411619101630713,0.09184778269330046,14.442362119287669,0.01557087918406908,17.304684702624574,1.60,ba516352,ba,G,V
68719586297,2458372.7552152,3.6748053736292094,0.03891198862953997,15.046695547597173,0.011509627181410837,18.23714782779798,1.69,ba517119,ba,G,V
68719586297,2458374.6800969,2.6870160672470647,0.04243949528282632,15.326889963925511,0.01716770016349277,18.083215085550055,1.44,bq098436,bq,G,g
68719586297,2458376.6725937,5.427708775523421,0.06627637311448722,14.563524278578727,0.01327254997889247,17.599243775903993,1.48,bq098892,bq,G,g
68719586297,2458380.7380427,5.750426785608522,0.09683461152633573,14.560531208551009,0.01830386099203026,17.24727985711537,1.64,ba519028,ba,B,V
68719586297,2458384.6444352,2.668085835999425,0.07487387602716478,15.33456612897863,0.030503009594939966,17.46681482140833,1.62,bq099293,bq,G,g
68719586297,2458385.6139235,3.5357566426327405,0.07244796493428092,15.02885970739033,0.02227183483799058,17.502575134861576,1.58,bq099677,bq,G,g
68719586297,2458386.6429243,6.0017627169120065,0.11532143888136755,14.454368568907373,0.020885429164873258,16.9978654801881,1.63,bq100110,bq,G,g
68719586297,2458390.7082383,3.898928502110583,0.0886383714519485,14.982418226410804,0.02471090605377261,17.343301973205946,1.63,ba521331,ba,B,V
68719586297,2458391.7076142,3.158702415473865,0.10393230099042179,15.21100962323409,0.03576465191132784,17.170480037734436,1.75,ba521610,ba,G,V
68719586297,2458392.6400601,3.9600193403525403,0.03975681875101672,14.90582235482459,0.010912556154630056,18.154111546761396,1.49,bq101706,bq,G,g
68719586297,2458395.6196033,3.630451517087095,0.03758794425908758,15.000164018930915,0.011253823652206068,18.215019176071475,1.58,bq102222,bq,G,g
68719586297,2458398.6104125,3.3127558696850254,0.06301455915821394,15.099592041900639,0.020675862857364512,17.65403835560288,1.50,bq102909,bq,B,g
68719586297,2458399.6024525,5.304220478258866,0.06465312979410877,14.588511702521053,0.013248910253372636,17.62616672771243,1.61,bq103053,bq,G,g
68719586297,2458402.5958104,4.291977568470257,0.044301532346356885,14.81842201350868,0.01121949934236786,18.03659374068938,2.18,bq103767,bq,G,g
68719586297,2458488.0376814,3.1459353365989178,0.09087799874268288,15.155691143193817,0.031399384554023135,17.256493724651676,1.59,bq125555,bq,G,g
68719586297,2458489.0342327,4.935741354165559,0.074324690361285,14.666684638662627,0.01636789716427478,17.47480783994737,1.50,bq126013,bq,G,g
68719586297,2458492.020925,4.231619106291112,0.10480607680020348,14.833799198887716,0.02692105452650735,17.101674450522232,1.45,bq126724,bq,B,g
68719586297,2458493.1585428,5.2538553352013215,0.05341722589111693,14.598870346469607,0.01105135150306475,17.833437286142285,1.70,bA012314,bA,G,g
68719586297,2458494.1667348,2.933136298629726,0.049250763381249195,15.23173501105704,0.018251261791989954,17.921608195439592,2.00,bA012770,bA,G,g
68719586297,2458505.1513849,3.2621119838631394,0.09816487932608668,15.116318458036115,0.03270916397629753,17.172750268834672,2.11,bA016890,bA,G,g
68719586297,2458506.0037541,2.6211541917269296,0.09904308251805305,15.353834198639028,0.04107180142852127,17.163080240356173,1.62,bq130357,bq,B,g
68719586297,2458507.1470025,2.5998553993230544,0.06886392164880228,15.3626926379537,0.028790866125934535,17.557661233472242,2.06,bA017789,bA,G,g
68719586297,2458509.0115195,3.962094911395,0.07453124569003687,14.905253435314897,0.020446815482167167,17.471794661587133,1.46,bq131512,bq,G,g
68719586297,2458511.9924023,5.3005761333293755,0.06523809594543846,14.589257930390056,0.013377974784261263,17.616387418613883,1.61,bq132698,bq,G,g
68719586297,2458516.0030302,2.4268053143068617,0.04605843383172971,15.437478279014826,0.0206293907217637,17.9943676960539,1.49,bq133520,bq,B,g
68719586297,2458529.9373165,2.746210914803546,0.05008555988652866,15.303230899992391,0.019823978438856582,17.90335927908655,1.53,bq136277,bq,B,g
68719586297,2458536.9280306,3.122160249852369,0.07170970004755214,15.163927646894384,0.024965190733668863,17.513695846673226,1.48,bq138071,bq,G,g
68719586297,2458569.1483391,2.7151235011539794,0.17885084375825788,15.315591650131381,0.07160009147243565,16.521413128078592,2.00,bA020560,bA,B,g
68719586297,2458569.9764101,2.815898334504743,0.05857225094240533,15.276023194935728,0.022609299978859434,17.733410825527937,2.01,bA020780,bA,B,g
68719586297,2458570.9439236,3.999526649839817,0.03280779630741012,14.895044134916734,0.008916217163262711,18.362697961694174,1.70,bA021049,bA,G,g
68719586297,2458571.8268148,2.7100114660621846,0.043042929404402804,15.317637801335145,0.017264057151335704,18.067886059531826,1.54,bq146770,bq,G,g
68719586297,2458572.9410229,2.768924953709729,0.03722503331525473,15.294287659273857,0.014612888904685796,18.225552873680854,1.69,bA021872,bA,G,g
68719586297,2458574.9692133,4.633065106885075,0.07916980113436393,14.735394614186252,0.018573909427671138,17.40624172633671,1.50,bq147651,bq,G,g
68719586297,2458575.9011073,2.817863365514416,0.03894457516652913,15.275265794992032,0.015022396217529469,18.176523184875364,1.59,bq147991,bq,G,g
68719586297,2458576.8964536,3.354156741923936,0.027403751881199763,15.086107238263224,0.008880529181920543,18.558115544742154,1.47,bq148376,bq,G,g
68719586297,2458577.9795033,4.33750247863628,0.03921203094016707,14.806966282348162,0.00982633968994331,18.169092269829292,1.67,bA023129,bA,G,g
68719586297,2458579.0328496,4.091501308587219,0.032031920655675276,14.87035888625025,0.00850966489670729,18.388683161351985,1.73,bA023575,bA,G,g
68719586297,2458580.9232732,4.118194644088275,0.03251299330017277,14.863298448670605,0.00858148124679216,18.37249822508229,1.67,bA024297,bA,G,g
68719586297,2458582.0105944,5.445598680958204,0.05338387620513758,14.559951541279638,0.010655568982670324,17.83411534960701,1.71,bA024766,bA,G,g
68719586297,2458582.9874422,2.923321995730809,0.034325015107300516,15.235373986499605,0.012762808573315338,18.313613768810345,1.68,bA025150,bA,G,g
68719586297,2458583.8732833,4.126648571435473,0.04274232429536095,14.861071908281652,0.011258300129727424,18.07549527375068,1.44,bq150751,bq,G,g
68719586297,2458587.9159643,5.4519436344339836,0.0686373769940179,14.558687229330168,0.013684265568615076,17.56123891540956,2.10,bA025843,bA,G,g
68719586297,2458588.7911617,2.877816842466678,0.06824013488998434,15.252407747340243,0.02577441988957479,17.56754091987126,1.46,bq151759,bq,G,g
68719586297,2458589.8902485,3.2561441427181994,0.06960480423330265,15.118306567395415,0.023235272331219844,17.546042570605206,1.71,bA026547,bA,G,g
68719586297,2458591.8449482,2.511000994614591,0.08042859075250613,15.40044841043666,0.0348157493526371,17.38911446348827,1.63,bq152809,bq,G,g
68719586297,2458591.9789998,3.950065279894414,0.09367985507866368,14.908554939884652,0.025778290285889127,17.223525085897805,2.00,bA027386,bA,G,g
68719586297,2458593.7468594,4.298987798353727,0.12498450554097945,14.816650091087276,0.0316010953708992,16.910500170424957,1.55,bq153462,bq,G,g
68719586297,2458594.9579055,5.834164416006875,0.07668113522673219,14.485118962118444,0.01428637489207135,17.44091927701424,1.98,bA028523,bA,G,g
68719586297,2458596.1330325,5.261085305361428,0.11428743138259424,14.597377263081393,0.023612137360238084,17.007644431370828,2.47,bA029047,bA,G,g
68719586297,2458599.0346678,3.8279510418799236,0.03495535967813659,14.942649685607833,0.009925664084049544,18.2938561733853,1.69,bA030145,bA,B,g
68719586297,2458600.1068528,2.640613778459229,0.04589959242238919,15.34580340963779,0.018893660911591052,17.998118538638966,1.73,bA030591,bA,B,g
68719586297,2458600.8575703,6.089907481784924,0.07413397791447315,14.4385388851399,0.01323179555972228,17.47759735065103,1.53,bq154557,bq,G,g
68719586297,2458601.8392959,2.7170298757074356,0.044060681905745615,15.314829587717494,0.017626617203557172,18.042512575864073,1.47,bq154904,bq,G,g
68719586297,2458602.8477176,2.960280501726733,0.03845146623214144,15.221733460698776,0.014118618815709864,18.190358348992753,1.45,bq155255,bq,G,g
68719586297,2458604.7333331,2.6407238366933345,0.046999938400811146,15.345758158143521,0.0193457902928877,17.972397389592537,1.49,bq155812,bq,G,g
68719586297,2458607.8433116,3.1847518632871386,0.029926558613858928,15.14237662134417,0.010213941134166626,18.46249866572842,2.02,bA032059,bA,G,g
68719586297,2458608.8554987,2.6856728459401973,0.04310069115521204,15.327432851875223,0.017443888377335508,18.066430025223184,1.51,bq157081,bq,G,g
68719586297,2458609.8565975,3.4220317647215204,0.05361359135444072,15.064355530967914,0.017029544663302792,17.82945336193069,1.52,bq157427,bq,B,g
68719586297,2458610.9645726,4.094222874925814,0.03207321759949184,14.869636921241389,0.008514971975861867,18.387284284616968,1.74,bA032763,bA,G,g
68719586297,2458612.8359121,3.2403925261485798,0.030588855626711778,15.123571567741918,0.010260718677656438,18.438732537180947,1.71,bA033434,bA,G,g
68719586297,2458614.8573686,2.705435229112008,0.04409435670172575,15.319472769935407,0.017715688800490605,18.041683083924884,1.71,bA034227,bA,G,g
68719586297,2458615.7760861,3.0353430429126957,0.03803229362176869,15.194546171048064,0.013619366577166163,18.202259318210302,1.45,bq158703,bq,G,g
68719586297,2458616.9006428,3.545846022293113,0.03353944440921859,15.02576594098995,0.010281303138067731,18.33875095115827,1.69,bA035030,bA,G,g
68719586297,2458617.8601955,4.154209495586567,0.0573237062565973,14.853844637040263,0.014998852713630127,17.756804956729702,1.48,bq159031,bq,B,g
68719586297,2458618.9972525,3.538812030115557,99.99,15.027921884840472,99.99,99.99,2.10,bA035627,bA,G,g
68719586297,2458621.1125953,2.8062786792626637,0.10852568264231849,15.279738630483333,0.04203527589613921,17.063809295705315,1.63,bA036310,bA,G,g
68719586297,2458622.7513823,3.78621680626298,0.17766175951001287,14.954551925030158,0.05100357904587584,16.52865571414332,1.54,bq160281,bq,G,g
68719586297,2458625.8018585,3.0756794383836543,0.030750015106051708,15.180212949039225,0.010867169395476658,18.433027277791783,1.99,bA037898,bA,G,g
68719586297,2458626.9819557,3.1356419793983275,0.04302839626933521,15.15924944711086,0.014915604604165902,18.068252712442955,2.09,bA038412,bA,B,g
68719586297,2458630.0646185,2.744203581017013,0.04085548266924647,15.30402480546741,0.01618252145844064,18.124514747323403,1.65,bA039595,bA,G,g
68719586297,2458631.9137761,2.7854835878666564,0.036178053526872096,15.287814112457411,0.014117466495280404,18.256527618985587,1.70,bA040223,bA,G,g
68719586297,2458633.93372,3.758736015519739,0.022440689190654717,14.962461059014558,0.0064894297890005295,18.775050134716487,1.72,bA040982,bA,G,g
68719586297,2458635.9500603,2.768641104213031,0.03761515330510002,15.294398966542182,0.014767546482994687,18.214233520996125,1.71,bA041715,bA,G,g
68719586297,2458637.8612264,4.1419469795253665,0.033280881945914394,14.857054284154545,0.008733784343247937,18.34715354492185,1.68,bA042388,bA,G,g
68719586297,2458638.8047044,2.890180813454302,0.047071767642887355,15.2477530882031,0.017703032485387567,17.970739343254937,1.75,bq163414,bq,G,g
68719586297,2458642.7656263,3.527966385906712,0.024787825385008493,15.03125452586405,0.0076370592899062265,18.66704454106525,2.07,bA043470,bA,G,g
68719586297,2458643.8436387,4.630540184943113,0.044926515474841285,14.735986478616592,0.010545890337628636,18.021383771989086,1.67,bA043899,bA,G,g
68719586297,2458645.9764508,2.6900084920847367,0.03977522127915039,15.325681494711416,0.016072044493615545,18.153609100416432,1.71,bA044738,bA,G,g
68719586297,2458646.8657317,3.801526535716533,0.033495633538599835,14.950170556457023,0.009577283489276656,18.340170120244707,1.48,bq165161,bq,G,g
68719586297,2458647.9183208,5.023475129733512,0.06542865853068297,14.64755498105276,0.014157153218023626,17.613220571077385,1.68,bA045428,bA,G,g
68719586297,2458648.9894601,2.811473531151672,0.08090052254614452,15.277730624373177,0.03127731761273745,17.382762294488938,1.69,bA045850,bA,B,g
68719586297,2458650.859568,5.283150507726876,0.08748006401754505,14.592833164396893,0.017998167185840647,17.29786788099068,1.70,bA046485,bA,G,g
68719586297,2458653.7953659,5.237586151912512,0.06436517310125399,14.60223767316139,0.013357707662666187,17.631013257529627,2.03,bA047467,bA,G,g
68719586297,2458654.6991914,2.9006094876121296,0.06700839877172556,15.243842464349338,0.025110314355409353,17.587317510973108,1.54,bq166984,bq,B,g
68719586297,2458655.6661508,4.017566575041425,0.040669469154921624,14.890157916824727,0.011003164205973278,18.129469352092435,1.53,bq167283,bq,G,g
68719586297,2458656.8037025,4.612133518320508,0.042017371222012295,14.740310943900726,0.009902370669600924,18.094068417224456,1.71,bA048572,bA,G,g
68719586297,2458674.797243,2.4549043700300395,0.07567719388211039,15.42497917479787,0.033507545320826476,17.455228061418108,1.74,bA052195,bA,G,g
68719586297,2458675.8045887,3.0415238158428544,0.04511158140772539,15.192337568683168,0.01612163197989118,18.01692048203693,1.68,bA052569,bA,G,g
68719586297,2458685.9181803,2.598325104651165,0.06749516619279455,15.363331898701166,0.0282352315912269,17.579458933844872,2.02,bA055439,bA,G,g
68719586297,2458688.9096305,2.7400284587949795,0.03832920635163577,15.305677938375936,0.01520501755493363,18.19381604443555,1.74,bA055799,bA,G,g
68719586297,2458689.9132977,3.195449782527529,0.02652515193128103,15.13873563011387,0.009022731960763905,18.59349591108998,1.73,bA056186,bA,G,g
68719586297,2458691.9048319,2.818604076969077,0.03529385666294344,15.274980432836944,0.013610598235693007,18.283392817489027,1.70,bA056933,bA,G,g
68719586297,2458717.7954297,2.690391905958422,0.04148792058553369,15.325526752947244,0.01676170886255182,18.107836441148464,1.68,bA063846,bA,G,g
68719586297,2458719.7905034,4.23741199283873,0.03518533359639348,14.832313893765543,0.009025539146724734,18.28673642898888,1.72,bA064584,bA,G,g
68719586297,2458720.7293078,2.7980650352931233,0.04027667467397454,15.282921110884232,0.015646167497409734,18.140006593677075,1.53,bq181870,bq,G,g
68719586297,2458721.7418578,2.8531172686014354,0.05267938258112942,15.26176656637837,0.02006934628586705,17.848538920811777,1.46,bq182245,bq,G,g
68719586297,2458722.7078208,4.418841670825419,0.049061284391966026,14.786794520118242,0.01206820406959373,17.925793327538692,1.46,bq182594,bq,G,g
68719586297,2458726.7882014,5.256489380111482,0.05079957251778367,14.598326143960314,0.010504525484001605,17.887990467245615,1.68,bA067151,bA,G,g
68719586297,2458727.8284027,2.7307230404895515,0.0425697030876271,15.309371485523709,0.016944748959711178,18.0798890586946,1.70,bA067504,bA,G,g
68719586297,2458728.8088444,3.538812030115557,99.99,15.027921884840472,99.99,99.99,1.68,bA067713,bA,G,g
68719586297,2458729.7974112,4.3618288146096145,0.041505768935089345,14.800894079405518,0.010343130863523026,18.107369451435908,1.77,bA067951,bA,G,g
68719586297,2458738.7670357,2.8457113538180576,0.1278120431651973,15.264588505716778,0.04881947485250704,16.88621116793144,1.72,bA070219,bA,B,g
68719586297,2458745.738347,4.14671640725504,0.03411951840616708,14.855804784520654,0.008943566284228087,18.32013338016099,1.74,bA072276,bA,G,g
68719586297,2458752.7700403,4.3303611501788914,0.03738957786561458,14.80875532770989,0.009385093782402857,18.22076420662491,1.67,bA074273,bA,G,g
68719586297,2458756.7558002,4.177486420875428,0.03589537088025877,14.847778005101727,0.009339756865173928,18.265044499104064,2.13,bA075565,bA,G,g
68719586297,2458761.626256,3.992934005607789,0.11973042370814603,14.896835291472836,0.03259301674342325,16.95712931291737,1.47,bq189844,bq,B,g
68719586297,2458763.6080001,2.747278634772143,0.06006087444956588,15.302808850498863,0.023762991623063123,17.70616148401519,1.44,bq190535,bq,G,g
68719586297,2458767.6159034,3.0820715854405534,0.06630650141025654,15.17795881828537,0.023384364101744617,17.598750327829578,1.47,bq191820,bq,G,g
68719586297,2458772.5847029,2.607396702599362,0.05672908844718339,15.35954784236392,0.023648895696811268,17.76812609857039,1.46,bq193240,bq,G,g
68719586297,2458773.5728416,2.8857416393322146,0.03704076285521834,15.24942200708211,0.013951941576096537,18.230940805429306,1.47,bq193632,bq,G,g
68719586297,2458779.5918843,2.7079512103183783,0.042654253061997764,15.318463533992803,0.01712117942486812,18.077734758365192,1.45,bq195494,bq,G,g
68719586297,2458783.554933,2.776891460867779,0.04616264883789376,15.29116835976958,0.018069410678162288,17.99191380915166,1.54,bq196807,bq,G,g
68719586297,2458784.5507174,3.922317426005817,0.052095228334430574,14.916208778743513,0.014436681695918017,17.860645746712084,2.09,bq197243,bq,G,g
68719586297,2458786.5458986,2.9274030804932094,0.057192294776528305,15.233859308526487,0.021235728764110128,17.759296805256948,1.57,bq198095,bq,G,g
68719586297,2458790.5475999,3.249917651808968,0.05039817355171143,15.120384730464316,0.01685600353451458,17.89660361709356,1.53,bq199562,bq,G,g
68719586297,2458882.1655232,5.347352026597768,0.05459375366841671,14.57971868354976,0.011097275118776988,17.809783221828784,1.69,bA110349,bA,G,g
68719586297,2458883.1521215,2.826006569368914,0.03538173225560376,15.272132704582486,0.013608745656328941,18.280692882105612,1.71,bA110712,bA,G,g
68719586297,2458904.0490013,3.9687357711108913,0.029161998003823453,14.903435158315158,0.00798688190529924,18.490597421697274,1.67,bA112551,bA,G,g
68719586297,2458906.9053994,4.241942313733215,0.04167188793234205,14.831153726680999,0.010678016580894525,18.103032670232693,1.52,bq235869,bq,G,g
68719586297,2458906.9066178,3.9401513675376343,0.037679133462042116,14.91128335653581,0.01039441788644801,18.212388345419598,1.49,bq235870,bq,G,g
68719586297,2458912.0797873,2.945783215055636,0.032807710497102203,15.227063664156638,0.012105627700604932,18.362700801491126,1.71,bA113722,bA,G,g
68719586297,2458919.0777611,2.8446298690311798,0.08376669325809899,15.265001207576354,0.03200794399744593,17.344962182096832,2.00,bA114751,bA,B,g
68719586297,2458927.0001509,3.5034430332346305,0.033541042420132124,15.038827971877641,0.010406235939515507,18.33869922170946,1.50,bq239072,bq,B,g
68719586297,2458928.9386443,2.802064938803843,0.0419345876980766,15.281370132312047,0.016266958325499657,18.096209667991747,1.47,bq239333,bq,G,g
68719586297,2458930.8234873,2.7134238190245776,0.039504552455574465,15.316271539750439,0.01582492592160123,18.161022746274064,1.46,bq239669,bq,G,g
68719586297,2458931.8303725,2.8968713364783896,0.046039503522596815,15.245242605793656,0.017274822661731835,17.994814032266692,1.59,bq239966,bq,B,g
68719586297,2458933.976506,4.147041146763104,0.033915644105736435,14.855719761191024,0.00888942965480043,18.326640438087686,2.26,bA117392,bA,G,g
68719586297,2458946.0090829,2.787307394400943,0.11964249678804267,15.287103454956801,0.04665656626970843,16.957926942362043,1.77,bA119474,bA,G,g
68719586297,2458951.0820241,4.165334385614457,0.2091495946416216,14.850940943460655,0.05457821506478407,16.351498043442668,1.69,bA120466,bA,B,g
68719586297,2458956.8873912,5.46686288721062,0.053798024753257706,14.555720168244102,0.010696466157773556,17.825724785403935,1.75,bA121498,bA,G,g
68719586297,2458957.886454,2.7426937313508057,0.0525839999122462,15.30462233751308,0.020839556743215245,17.850506565073317,1.72,bA121879,bA,B,g
68719586297,2458958.8829244,3.0932814680018046,0.03160954313525394,15.174017023019244,0.011107362655314165,18.403095064288035,1.70,bA122234,bA,G,g
68719586297,2458959.8851779,4.56069626460677,0.04084680637430239,14.75248774764221,0.009735071139316834,18.124745344720115,1.65,bA122610,bA,G,g
68719586297,2458960.8752121,2.654400293900497,0.040038803378507196,15.340149580366631,0.0163955822921298,18.146437887842875,1.72,bA122985,bA,G,g
68719586297,2458961.8753261,2.8461530219545086,0.036953437390941514,15.264420007293227,0.0141126564393854,18.233503505258895,1.67,bA123303,bA,G,g
68719586297,2458964.0707604,3.9149686269550874,0.042640206412886135,14.918244906932625,0.011838677359935068,18.078092365546897,1.77,bA124157,bA,B,g
68719586297,2458964.7334902,3.2465907164440626,0.032404533111705255,15.121496766126423,0.010849017223291407,18.37612619027051,1.51,bq243857,bq,G,g
68719586297,2458965.8759645,3.4462030300582915,0.02293953662265834,15.056713472412426,0.007235290178840785,18.75117900911745,1.73,bA124734,bA,G,g
68719586297,2458968.8565955,3.0304562060887568,0.030058472879560164,15.19629559156022,0.010781298559705959,18.45772333023174,1.72,bA125830,bA,G,g
68719586297,2458968.8578834,2.888185573054402,0.03348390404862575,15.248502886564976,0.012601526791940484,18.340550389578212,1.78,bA125831,bA,G,g
68719586297,2458969.9428115,4.026811770231376,0.030043709828477153,14.887662298859885,0.008109692778966142,18.45825671450012,1.99,bA126267,bA,G,g
68719586297,2458970.8503044,2.5947703343138744,0.05639647167442983,15.36481831215263,0.023624639097705385,17.77451077614066,1.77,bA126562,bA,G,g
68719586297,2458971.8448477,2.908520651822559,0.05663824464026966,15.240885242696878,0.021166536793548362,17.769866148875348,1.66,bA126892,bA,G,g
68719586297,2458973.8490285,2.8282214916625885,0.06822113274436244,15.271282076902803,0.026219094005018727,17.567843296039396,1.64,bA127585,bA,G,g
68719586297,2458974.7012095,3.779007999609474,0.1405082145999445,14.95662109414187,0.04041439452711237,16.783386323061162,1.49,bq245927,bq,B,g
68719586297,2458975.0585303,3.124116597564947,0.05505915360416344,15.163247536914637,0.019156425255743945,17.800566784130666,1.71,bA128075,bA,G,g
68719586297,2458981.9244611,2.893708805342896,0.03911621357376689,15.246428557739673,0.014693124398433864,18.17174858968639,1.69,bA128393,bA,G,g
68719586297,2458982.8036309,5.262900498642841,0.062274384436385985,14.5970027241718,0.012861643179055892,17.66686700304455,1.53,bq248128,bq,G,g
68719586297,2458983.6722997,2.5797907027397313,0.04286937321143812,15.371104439091514,0.018062374108704003,18.072272776983525,1.53,bq248275,bq,G,g
68719586297,2458984.8378609,2.9011443458341093,0.03528789721517476,15.243642278352368,0.01322113119658182,18.283576161989913,1.69,bA129343,bA,G,g
68719586297,2458990.7957858,2.714372217212299,0.038169228774636195,15.315892118617978,0.01528467314956266,18.198357149105693,1.74,bA131340,bA,G,g
68719586297,2458991.7593595,3.300477577351116,0.023703082937858295,15.103623655768159,0.007806209853213523,18.71562852111903,1.48,bq250136,bq,G,g
68719586297,2458992.788324,5.443820245532418,0.05501252961517615,14.560306181276466,0.010984239953855156,17.801486573024604,1.68,bA131815,bA,G,g
68719586297,2458993.9709217,4.960134821718414,0.04675072526088501,14.661331919195554,0.010244883968849119,17.978169729872334,1.66,bA132188,bA,G,g
68719586297,2458994.9426293,2.816528208720899,0.03499935978001938,15.275780359192188,0.013506977225292224,18.292490361034194,2.15,bA132520,bA,G,g
68719586297,2458995.8325647,3.714448212251949,0.020735530898944615,14.975329853065393,0.006067824682004833,18.860852713357943,1.76,bA132796,bA,G,g
68719586297,2458997.8732942,2.942658069906244,0.03537363888860919,15.228216119751659,0.013066284486407802,18.28094126640381,1.69,bA133248,bA,G,g
68719586297,2458999.7675325,4.25570285110723,0.0491871551242163,14.82763738153051,0.012562977472487556,17.923011349798053,1.66,bA133859,bA,G,g
68719586297,2459003.8863942,4.194536715408728,0.06480748920144022,14.843355621797407,0.016793969828961086,17.62357762103575,2.03,bA134918,bA,G,g
68719586297,2459005.8767451,3.6208597143779317,0.09393127977926978,15.003036374898482,0.0281975070025382,17.220615012742,2.33,bA135558,bA,G,g
68719586297,2459006.8327992,4.3102005541304615,0.08725907375978739,14.813821926273805,0.022005198624278653,17.300614114658988,1.70,bA135872,bA,G,g
68719586297,2459007.9332773,3.0193720722889714,0.0672072514332034,15.200274037981035,0.024194222674286732,17.584100275253938,1.67,bA136295,bA,B,g
68719586297,2459008.925141,4.05582127281452,0.37922033873541544,14.879868600367352,0.10163071610858737,15.705411556894166,2.07,bA136655,bA,B,g
68719586297,2459011.8563632,2.8784165012297,0.033766286237501095,15.252181533011186,0.012750929208848768,18.331432367260536,1.75,bA137637,bA,G,g
68719586297,2459013.0204862,2.948436864765766,0.03965155961532652,15.226086040749072,0.014617752828982844,18.156989926191528,2.02,bA138100,bA,G,g
68719586297,2459013.8938633,3.973849683182883,0.028945928576296954,14.902037034169384,0.007917502762359283,18.498671896050023,2.21,bA138350,bA,G,g
68719586297,2459014.833727,2.917050980357772,0.0333299301550938,15.23770557425113,0.012419455537505066,18.345554602515065,2.37,bA138649,bA,G,g
68719586297,2459015.89224,3.424184809195628,0.017717554185239327,15.063672631621152,0.005624173969580877,19.031631187368042,2.01,bA139021,bA,G,g
68719586297,2459016.8044293,3.1294736091565585,0.027932473497471633,15.16138738853115,0.0097017543613557,18.537367123000745,1.69,bA139286,bA,G,g
68719586297,2459019.9851262,3.5936345426639935,0.03303046732181397,15.011230849486253,0.009990632448930644,18.355353815886875,2.00,bA140293,bA,B,g
68719586297,2459020.8691837,2.737059311839629,0.03639243207679181,15.30685510069192,0.014452369087036768,18.25011291117983,1.70,bA140536,bA,G,g
68719586297,2459021.9499636,2.943860684350075,0.04388648559031323,15.227772488425671,0.016204130168997043,18.04681360110719,1.68,bA140890,bA,B,g
68719586297,2459022.8217572,4.586246360201046,0.04050788979752499,14.74642217204855,0.009600512388388055,18.133791561935496,1.72,bA141133,bA,G,g
68719586297,2459023.8306189,2.658041185323367,0.03825314664941481,15.338661357571223,0.0156429130809598,18.19597269792923,1.67,bA141455,bA,G,g
68719586297,2459024.9101542,2.828312233879589,0.03488056328351173,15.271247242102877,0.013405046051418965,18.296181887179507,1.74,bA141861,bA,G,g
68719586297,2459027.753928,2.7555896287363257,0.052144638387093295,15.29952926847971,0.020568721183121825,17.859616461300277,1.70,bA142276,bA,G,g
68719586297,2459031.9793338,2.8507262616502045,0.05273341056875644,15.262676830817101,0.020106779560825565,17.847425960124166,1.99,bA143649,bA,G,g
68719586297,2459032.8741908,4.329738137642725,0.05498833872911904,14.808911544687366,0.013804514615231994,17.801964113277442,2.03,bA143915,bA,G,g
68719586297,2459037.9344727,2.8082093319567836,0.057583032786797266,15.278991926738573,0.022288314591389115,17.75190427495829,2.00,bA145465,bA,B,g
68719586297,2459039.8666711,6.161658398465466,0.06497635517977308,14.425821578734418,0.011462250656265152,17.620752246109216,1.98,bA146086,bA,G,g
68719586297,2459040.8292992,2.6884513543833353,0.06120916921994428,15.326310165696679,0.024747223179388052,17.685599399078892,1.46,bq261476,bq,G,g
68719586297,2459041.8728734,2.74085003816252,0.06339014233479366,15.30535243637052,0.025139036308228013,17.64758629412196,1.51,bq261786,bq,G,g
68719586297,2459042.7870937,5.987281057810627,0.07202850135757174,14.45699150857358,0.01307636113049576,17.508879664355653,1.50,bq262028,bq,G,g
68719586297,2459048.7722721,4.233467927187764,0.03306355057784876,14.833324937534565,0.008489173072894369,18.35426688871889,2.21,bA148725,bA,G,g
68719586297,2459050.9096757,2.5667193664149437,0.04003250263853456,15.37661965364215,0.016952998599637146,18.14660875907901,1.77,bA149423,bA,G,g
68719586297,2459053.9079713,3.0045588254664537,0.03364036189016733,15.205613843857597,0.012170043215747363,18.33548896362918,1.67,bA150328,bA,G,g
68719586297,2459058.8356622,3.633289283589325,0.036277979128222254,14.999315677539498,0.010853136904634743,18.253532894930842,2.02,bA151181,bA,G,g
68719586297,2459059.7873159,2.8636554123371356,0.0522637080592537,15.25776372848956,0.01983771444026931,17.857140063303408,1.49,bq265471,bq,G,g
68719586297,2459060.734884,2.6677532503661747,0.06366878317715595,15.334701477986656,0.025941379359618513,17.64282423691987,1.43,bq265757,bq,G,g
68719586297,2459062.8208277,5.584551901769183,0.07534752715558413,14.532594793423213,0.014665363932374356,17.459968102207966,2.03,bA152605,bA,B,g
68719586297,2459063.8109973,2.6290123322358285,0.13307124439604903,15.350584064006236,0.05501786932631719,16.842430066094018,1.44,bq266785,bq,G,g
68719586297,2459069.7730492,2.5642578572308006,0.07031825264786029,15.377661384964705,0.029807019250175253,17.534970435615946,1.47,bq268513,bq,G,g
68719586297,2459070.8748482,2.914876668006891,0.04160726846502407,15.238515162398148,0.015515336311204043,18.104717598666532,1.70,bA154814,bA,G,g
68719586297,2459073.8127958,2.799221791479429,0.03471434751981887,15.282472346285132,0.013479813049984617,18.30136809443218,1.73,bA155822,bA,G,g
68719586297,2459074.7593409,3.068330629874031,0.03787091103875386,15.182810233606485,0.0134157751244252,18.206876229393714,1.48,bq270002,bq,G,g
68719586297,2459077.7894175,2.942329829541044,0.03129050395180021,15.22833723553127,0.011559348988491378,18.41410921702161,1.69,bA156886,bA,G,g
68719586297,2459080.8069012,2.826733347310633,0.033628670060027795,15.271853516386983,0.012931146220048395,18.33586638078659,1.70,bA158041,bA,G,g
68719586297,2459081.7306438,3.6448311902224435,0.03430830626893816,14.995872075182639,0.010231375694129177,18.314142415559303,1.41,bq271676,bq,G,g
68719586297,2459084.743569,3.410143067265617,0.02401211745595778,15.068134123466217,0.007653675272471019,18.701564463809973,1.75,bA159163,bA,G,g
68719586297,2459089.7712628,3.0289519577939696,0.048573169337171485,15.196834659675119,0.01743075622468125,17.936649507549646,1.67,bA160976,bA,B,g
68719586297,2459093.791118,2.547453029313685,0.0770805803345722,15.384800159524186,0.03288902230188419,17.435278172017064,1.67,bA162498,bA,G,g
68719586297,2459095.6769028,2.9922055898440125,0.09410204923781032,15.210087047473506,0.03418375945664446,17.218642908799048,1.47,bq275932,bq,B,g
68719586297,2459099.7454457,2.885301426910347,0.03414356564213615,15.249587645965635,0.012862632307325012,18.31936842920221,2.34,bA164806,bA,G,g
68719586297,2459101.7951231,3.603711367837928,0.019244362139002904,15.008190622934645,0.005804511737644677,18.94188180936893,1.77,bA165413,bA,G,g
68719586297,2459103.7729171,3.003662185936429,0.03290442210332256,15.205937904509078,0.011907356415353098,18.359504942097974,1.69,bA166194,bA,G,g
68719586297,2459107.7248137,3.3222106382033143,0.03882757723397496,15.096497710851938,0.0127035558228852,18.179789880811185,2.34,bA167653,bA,G,g
68719586297,2459113.7306716,2.7991150853538818,0.07693707015144989,15.282513735257016,0.029876317198314396,17.437301501761013,1.99,bA169680,bA,B,g
68719586297,2459117.7256086,3.421222831995695,0.0652412861810572,15.064612218057169,0.020727805519695643,17.61633432586839,2.44,bA170776,bA,B,g
68719586297,2459121.6176629,4.076391418905446,0.09614807735211503,14.87437592553781,0.025637572301293262,17.19528910097098,2.42,bq277161,bq,B,g
68719586297,2459122.6419383,2.507064614785784,0.08717743372580938,15.402151804256164,0.03779642518102627,17.301630410483725,2.00,bq277580,bq,B,g
68719586297,2459125.6315187,2.6283710041047312,0.13631264479169738,15.350848953640476,0.05637176715937515,16.8163002508624,1.47,bq278136,bq,G,g
68719586297,2459127.6265478,4.31646951561626,0.08479226957512354,14.81224392697756,0.021352058684604092,17.331749961752696,1.46,bq278868,bq,G,g
68719586297,2459128.6255849,2.4312850391628826,0.05834844332983762,15.435475928095757,0.02608588462031174,17.737567426310466,1.54,bq279275,bq,G,g
68719586297,2459133.5822777,3.4179339425007873,0.02765081000298532,15.065656459852194,0.008793390618346497,18.548370966311975,1.52,bq281049,bq,G,g
68719586297,2459137.584632,4.686948156371214,0.06398676686557768,14.722840248043488,0.01483925813324751,17.637415194900235,1.52,bq282455,bq,B,g
68719586297,2459140.5832084,4.013163426678669,0.040365102472954904,14.891348507984034,0.010932799569530137,18.137625463083527,1.49,bq283502,bq,G,g
68719586297,2459143.5658747,3.4830878352735626,0.04605323697583773,15.045154556080913,0.014371692201139373,17.994490208533577,1.74,bq284394,bq,B,g
68719586297,2459145.5778517,2.768601881434324,0.050321361535528984,15.294414348056414,0.01975622875597376,17.89825965339329,1.45,bq285238,bq,G,g
68719586297,2459148.5664799,2.5958305194415745,0.07299199805160118,15.36437478685553,0.03056406330180044,17.494452481432702,1.44,bq286281,bq,G,g
68719586297,2459210.0377991,3.8130434662661514,0.19394958757971345,14.94688623232652,0.05528779594920811,16.43341846034194,1.56,bq307468,bq,G,g
68719586297,2459211.033955,3.126621700772497,0.08240626970689692,15.162377277670082,0.028648183522801848,17.36273997311193,1.64,bq307903,bq,G,g
68719586297,2459216.0214814,3.2876398589264073,0.15301457447493744,15.107855029436553,0.05058954045562146,16.69080861425786,1.53,bq309474,bq,B,g
68719586297,2459227.1303537,3.5446096973957353,0.022702949721388376,15.026144569041122,0.0069618720731112445,18.76243489307421,1.79,bA203747,bA,G,g
68719586297,2459231.1255358,4.492467079616471,0.04029437213743739,14.768853363975108,0.009749260218933022,18.13952962886444,2.00,bA205330,bA,G,g
68719586297,2459245.9514965,3.353798833836663,0.06865666898569804,15.08622309883037,0.022251428249653822,17.560933789082817,1.49,bq319083,bq,G,g
68719586297,2459248.003005,2.7218531505582417,0.05939915572123707,15.312903896181735,0.023720713839302802,17.718189931153077,1.54,bq319881,bq,G,g
68719586297,2459250.9552914,2.7888293880928723,0.045740555114562306,15.286510756549198,0.017827549760489666,18.00188703402026,1.56,bq321025,bq,G,g
68719586297,2459256.0710692,3.1003495585278795,0.03093400732383597,15.171538966098792,0.010845203216418917,18.42655015140372,2.06,bA210723,bA,G,g
68719586297,2459262.0546517,2.6574803480099596,0.03822712823943128,15.338890468251929,0.01563557238657412,18.19671142777402,1.70,bA212492,bA,G,g
68719586297,2459269.0409075,3.019820602105412,0.04887277209271211,15.200112763092894,0.017591302716660272,17.929973178521617,2.36,bA214348,bA,G,g
68719586297,2459271.033543,3.0076146536445254,0.08973204478670523,15.204510141981498,0.03242929780638872,17.270271700354478,2.02,bA214781,bA,G,g
68719586297,2459277.0842851,4.58367435047936,0.05092051959255309,14.747031233835486,0.01207511411793083,17.885408545088527,2.03,bA215099,bA,B,g
68719586297,2459278.9444473,3.364652751184592,0.062359440106439123,15.08271499844999,0.02014531814370167,17.665385093377225,1.49,bq327196,bq,G,g
68719586297,2459288.9614643,3.433739880625237,0.021525078036114937,15.060647140915888,0.006813802083353677,18.820278774938327,1.72,bA216281,bA,G,g
68719586297,2459292.9511663,4.669173963899757,0.04435997034151402,14.726965484384833,0.010326742897065089,18.035162493657918,1.74,bA217004,bA,G,g
68719586297,2459296.0810484,2.9684985966086366,0.0320350417512343,15.218723502421014,0.011730070411847383,18.388577375582777,1.76,bA217839,bA,G,g
68719586297,2459297.9724559,2.7024570209640766,0.04638221327358438,15.320668632792461,0.018655412026657343,17.986761940123948,1.55,bq332009,bq,G,g
68719586297,2459299.0029873,3.164471198906241,0.25251337702049975,15.149312753921969,0.0867352062087566,16.146929636371794,1.58,bq332133,bq,B,g
68719586297,2459299.9809431,4.8542636172562945,0.06265650803371638,14.684757228339523,0.014029913784357303,17.660225143534202,1.56,bq332483,bq,B,g
68719586297,2459304.0311787,4.554942955987208,0.06033265433732515,14.75385826618593,0.01439732017271225,17.70125953009651,1.67,bA219721,bA,G,g
68719586297,2459306.9574702,4.0400630746334825,0.04972145567428257,14.88409525854567,0.013377281373367553,17.911281024407643,1.69,bA220781,bA,G,g
68719586297,2459308.7786779,5.013997135120685,0.060477847529447265,14.649605418590534,0.01311065583432871,17.698649797021424,1.47,bq334984,bq,G,g
68719586297,2459310.7835715,2.9837022923793532,0.04641370293280359,15.213176902380967,0.01690841516920992,17.986025065791544,1.51,bq335703,bq,G,g
68719586297,2459312.9149372,4.742850342561527,0.0449895511468692,14.709967069784502,0.010310611235267173,18.019861460680428,2.02,bA222303,bA,G,g
68719586297,2459313.8982297,2.9097321844848145,0.03509038450615323,15.240433077783912,0.013108327457996005,18.289670293783,1.64,bq336782,bq,G,g
68719586297,2459314.8842927,2.9761118215219136,0.03492340303153298,15.215942509938374,0.012754971238626688,18.294849221609788,1.44,bq337132,bq,G,g
68719586297,2459317.9308433,2.9767982886756394,0.030607359533565952,15.215692103924614,0.011176057573261032,18.438075948790285,1.71,bA223824,bA,G,g
68719586297,2459319.9047586,4.265397844794906,0.03415071683975039,14.82516675934933,0.008702668717369761,18.31914105104101,1.75,bA224529,bA,G,g
68719586297,2459321.9314112,3.341112746128,0.019823610794634534,15.090337794310017,0.006449169685344326,18.909683705372736,1.67,bA225345,bA,G,g
68719586297,2459326.8889601,2.60862686689789,0.0628873125734299,15.359035715099282,0.026203737837609455,17.656233021483104,1.66,bA226712,bA,G,g
68719586297,2459328.8767235,4.26528021599509,0.09140952742199343,14.825196701599118,0.023294643481529705,17.250161952218143,1.79,bA227465,bA,G,g
68719586297,2459337.8356997,3.0389295406697743,0.04629750783223624,15.193264045209268,0.01655957382527088,17.988746576869115,1.64,bA229757,bA,B,g
68719586297,2459339.0329517,3.2679535140825635,0.0377381818557286,15.11437594687931,0.012552125576418214,18.21068817904034,1.68,bA230166,bA,G,g
68719586297,2459340.8273369,2.8905553421213632,0.03601846236578622,15.247612400469507,0.01354428403462928,18.26132768950519,1.46,bq342464,bq,G,g
68719586297,2459347.8594324,3.0534454947041856,0.03193728882569177,15.18809019213082,0.01136894188416323,18.3918954967777,1.65,bA232539,bA,G,g
68719586297,2459348.853572,5.084096823393117,0.057348603598775395,14.634531090224364,0.012260867733183436,17.756333492498037,1.50,bq343944,bq,G,g
68719586297,2459353.8120063,2.897174233806041,0.04124981414457933,15.245129086978084,0.01547602970570228,18.11408562111614,1.71,bA234422,bA,G,g
68719586297,2459359.9596529,6.410880217046627,0.11310532421494242,14.382771466128768,0.019176862714101198,17.01893298898827,1.58,bA236682,bA,B,g
68719586297,2459361.7365164,5.34168030646438,0.15469823612605146,14.580870891210495,0.03147890682549084,16.678927206720104,2.00,bq347047,bq,B,g
68719586297,2459363.9827734,2.835558307982528,0.06597365185329662,15.26846916685203,0.02528972546359272,17.6042143005953,2.03,bA238145,bA,B,g
68719586297,2459368.007215,2.9330074670870707,0.036042717980044985,15.231782700672497,0.013357234105006485,18.260596777259856,1.68,bA239665,bA,G,g
68719586297,2459377.7741663,3.632074850251798,0.02041301890347991,14.999678647441847,0.006108922569143482,18.877872517073804,2.04,bA242673,bA,G,g
68719586297,2459380.7900868,3.014431942765279,0.03868606004657536,15.20205191431417,0.013949581900144748,18.183754357516506,1.74,bA243707,bA,G,g
68719586297,2459382.764414,3.5111204358156747,0.021571364678748227,15.03645130587241,0.006677963900412735,18.81794655910512,1.52,bq351752,bq,G,g
68719586297,2459385.7644803,3.005997677749915,0.05441856617304188,15.205094020428119,0.019677531969936986,17.813272874564706,1.71,bA245448,bA,G,g
68719586297,2459388.7649321,3.9222667938122306,0.07312890472270805,14.916222794325261,0.020265816706142276,17.492417939212284,2.31,bA246468,bA,G,g
68719586297,2459392.8169865,2.744272897988333,0.03995099050539137,15.303997380754685,0.01582385983245528,18.148821733312584,1.67,bA247837,bA,G,g
68719586297,2459395.823281,3.9762742368019435,0.028745081245223875,14.901374799026211,0.007857771287059629,18.506231760253286,1.73,bA248699,bA,G,g
68719586297,2459397.9235147,3.0825505006700373,0.029312174165881576,15.17779012161672,0.010335940601470363,18.485020530270504,2.32,bA249429,bA,G,g
68719586297,2459401.9305353,3.491368624241279,0.017137464845352647,15.042576360442839,0.005335351601201715,19.067774169152493,1.74,bA250713,bA,G,g
68719586297,2459404.8847846,3.431326039629017,0.01921175607596075,15.061410657159016,0.006085794039870554,18.943722951598883,2.02,bA251728,bA,G,g
68719586297,2459410.6942819,3.9306988972311903,0.03355510688558307,14.91389118004276,0.009278996743462059,18.33824404507944,1.46,bq356548,bq,G,g
68719586297,2459415.7665767,2.9374464356599246,0.1411700273954108,15.23014073230353,0.05223778043702794,16.778284363961028,1.67,bq357702,bq,B,g
68719586297,2459421.7938044,5.303493001572846,0.09652850713678274,14.588660622036812,0.01978362002833823,17.191001637308233,2.20,bq358789,bq,B,g
68719586297,2459423.7454418,2.9390526071576044,0.042846499279254685,15.22954722294471,0.01584601844548726,18.072852250917222,1.75,bA257396,bA,G,g
68719586297,2459424.8208185,4.007456563518071,0.0702938529201751,14.892893562855669,0.019066048666708402,17.535347240555936,1.71,bq359761,bq,G,g
68719586297,2459425.8774007,6.087284789096216,0.06171206879619722,14.439006571349786,0.011019418011819293,17.67671534726521,1.98,bA258053,bA,G,g
68719586297,2459427.7378313,4.305625762057437,0.0449212094500359,14.814974924876012,0.011340372869005196,18.021512009921565,1.47,bq360254,bq,G,g
68719586297,2459430.8777682,3.0063036526637212,0.033262673937935534,15.204983510982998,0.01202642332396669,18.347747714972126,2.01,bA259887,bA,G,g
68719586297,2459431.8071455,5.136348271460251,0.06356376183135053,14.62342946350221,0.013451394223549577,17.644616632148654,1.47,bq360930,bq,G,g
68719586297,2459432.7323603,2.702751318350694,0.04204396362765771,15.320550402630783,0.016908681222189883,18.09338148217648,1.49,bq361196,bq,G,g
68719586297,2459433.6635602,3.7866518999747147,0.033942585739234685,14.95442716464829,0.009743202150215366,18.325778302175557,1.51,bq361474,bq,G,g
68719586297,2459434.8221942,4.2613932843326054,0.0366377729948116,14.826186579474363,0.009345222006408924,18.242817942774877,1.74,bA261322,bA,G,g
68719586297,2459436.6691399,3.1502020395736734,0.03203729519798435,15.15421960141288,0.011054258271968974,18.38850100413015,1.49,bq362465,bq,G,g
68719586297,2459438.773664,3.9406003625378068,0.027169084004910905,14.911159639879159,0.007494191324135541,18.567453119953825,1.78,bA262791,bA,G,g
68719586297,2459440.7840268,3.4568164806176718,0.023740203015151284,15.053374812687618,0.00746483611132253,18.713929540146072,1.98,bA263412,bA,G,g
68719586297,2459451.8081262,4.908253799353943,0.057123865886048744,14.672748093700887,0.012650356136833216,17.760596634297535,1.68,bA266901,bA,G,g
68719586297,2459452.6827014,3.21956259064861,0.07393833869571188,15.130573441001761,0.02496232242395074,17.480466390743654,1.44,bq364453,bq,B,g
68719586297,2459453.8032163,3.1439140847110885,0.030382591620384862,15.156388948906514,0.010504280721191778,18.44607857090147,1.70,bA267599,bA,G,g
68719586297,2459454.7225318,5.2667902364257495,0.09759647030567874,14.59620056778634,0.02014189195608995,17.179055333527664,1.48,bq365108,bq,G,g
68719586297,2459455.7386029,2.38123081434001,0.06826213908872618,15.458061887512347,0.031159506597817778,17.567190878003952,1.48,bq365434,bq,G,g
68719586297,2459462.725577,2.8076301354519,0.043531040466916034,15.279215884214887,0.016852771216600657,18.05564299227141,1.49,bq366107,bq,G,g
68719586297,2459464.7042342,4.707651481512916,0.05717874226241678,14.71805486347778,0.013202083257658894,17.759554116123162,1.46,bq366896,bq,G,g
68719586297,2459466.7596902,3.087739891221911,0.02949514013976741,15.175963850834187,0.010382977862116073,18.47826445152669,1.73,bA271525,bA,G,g
68719586297,2459467.6807353,5.012172700168639,0.059026331846581605,14.65000055554414,0.01280064758199998,17.725026123670713,1.55,bq367962,bq,G,g
68719586297,2459471.7374889,3.8406873001799795,0.0439213725986321,14.939043248885426,0.012430228930009562,18.045950851672647,1.99,bA273243,bA,G,g
68719586297,2459473.6809222,3.4443229521815737,0.09727498827238659,15.057305958000445,0.030697958458801945,17.182637643650654,1.61,bq369776,bq,B,g
68719586297,2459475.6277111,2.930670634268337,0.0853007193972125,15.232648090649992,0.03163718644247698,17.325258876755434,1.62,bq370360,bq,G,g
68719586297,2459476.6687992,3.2053259763256796,0.09903858688063331,15.135385114462201,0.033584926684160105,17.163129523829255,1.57,bq370749,bq,G,g
68719586297,2459479.7242057,3.070178471546554,0.042141740109070853,15.18215656717642,0.014919731759410026,18.090859450314387,1.99,bA275366,bA,G,g
68719586297,2459481.7381533,3.3213642709817823,0.028865736153834854,15.096774348521409,0.009446660350187134,18.50168401731186,2.04,bA276173,bA,G,g
68719586297,2459483.6590609,4.194574357486593,0.0758467082340066,14.843345878365376,0.0196544552894273,17.45279876883401,1.58,bq372416,bq,B,g
68719586297,2459486.719736,3.279829121663967,0.02724377547676285,15.110437578133812,0.009028762881476096,18.56447238022121,1.75,bA277946,bA,G,g
68719586297,2459494.6243494,2.3248162156015137,0.0580607269757971,15.484094056856998,0.0271460106909694,17.74293443816289,1.47,bq375067,bq,G,g
68719586297,2459497.5970717,2.599611831871519,0.05029674737392748,15.362794359914378,0.021030208014170146,17.89879085969846,1.54,bq376190,bq,G,g
68719586297,2459499.595689,3.790317651514822,0.05764829223278331,14.95337660229662,0.016531909188271906,17.750674495629227,1.48,bq376990,bq,B,g
68719586297,2459501.594163,2.7377707929458306,0.058023471909679075,15.306572907167894,0.023036622119235527,17.743631331898165,1.53,bq377574,bq,G,g
68719586297,2459504.601213,2.56217741313877,0.10873548498915801,15.37854262640347,0.04612902445683658,17.061712371739603,1.57,bq378710,bq,B,g
68719586297,2459506.564247,4.832373182431496,0.1127796969030367,14.689664458491382,0.025367789787881505,17.022063303738186,1.53,bq379333,bq,B,g
68719586297,2459508.5772895,2.5082344947578967,0.1027256021228675,15.401645281699388,0.04451667633564202,17.12344387258034,1.53,bq380184,bq,G,g
68719586297,2459510.5540947,2.728446734703355,0.053192337408501135,15.310276922742254,0.021190722661846188,17.838017924543248,1.62,bq381012,bq,G,g
68719586297,2459513.5670662,5.577320099240529,0.06615029837700102,14.534001695586037,0.01289194397245762,17.601311092809393,1.48,bq382170,bq,G,g
68719586297,2459515.5635003,3.009524756095841,0.0347889165679648,15.20382082191938,0.012564787736400867,18.299038352154497,2.20,bq382654,bq,G,g
68719586297,2459518.5452737,2.7489786329226327,0.06813944689620222,15.30213721177856,0.02694259435286364,17.56914410150101,2.32,bq383707,bq,G,g
68719586297,2459524.5383433,3.619699481282706,0.13722606840132814,15.003384333406709,0.04120750100187503,16.809049059556184,2.11,bq385658,bq,G,g
68719586297,2459576.0344232,4.719616558585622,0.11752111033693778,14.71529883187014,0.027065829551424357,16.977350896425776,1.53,bq402563,bq,G,g
68719586297,2459581.021943,2.6985890378667547,0.047545442293421995,15.322223742658355,0.01915068498931561,17.95986838195397,1.51,bq403882,bq,G,g
68719586297,2459586.020419,4.4761409020986145,0.053070659380632164,14.77280624978132,0.01288732874778999,17.840504402469012,1.56,bq405257,bq,G,g
68719586297,2459596.1375992,3.0844856344612928,0.15312439753397922,15.17710874247733,0.05396023268106505,16.690029628977737,1.67,bA304557,bA,G,g
68719586297,2459597.1320993,5.9861226209117735,0.1287390647153341,14.457201600360289,0.02337636143738306,16.878364737265557,1.98,bA304985,bA,G,g
68719586297,2459601.1144173,2.9533072572152825,0.0740499391279558,15.224294040789415,0.02725387413479338,17.478828846817812,2.01,bA306539,bA,G,g
68719586297,2459602.9739203,4.1599144443348335,0.08053931226546251,14.852354625484223,0.021044358458513157,17.38762081945157,2.16,bq410747,bq,G,g
68719586297,2459606.1006855,3.7706550337296463,0.039220609541404404,14.959023617574603,0.011306018966536439,18.16885476417018,1.71,bA308585,bA,G,g
68719586297,2459608.0942902,2.9366786059156076,0.037842541325329826,15.23042457391444,0.014006707104376907,18.207689876782993,1.71,bA309407,bA,G,g
68719586297,2459610.0893959,5.284496237210482,0.055728915635328426,14.59255663978071,0.011462759283039171,17.78743912968428,1.75,bA310251,bA,G,g
68719586297,2459616.0730414,4.052420260122703,0.03242784002472234,14.880779427410157,0.00869792616220853,18.375345556795295,1.66,bA312134,bA,G,g
68719586297,2459618.0697569,2.9684697495458243,0.031123603122447125,15.21873405336172,0.011396445390471051,18.41991593968284,1.76,bA312941,bA,G,g
68719586297,2459620.0725739,5.331782887814993,0.055672627496084516,14.582884481110183,0.011349622970867314,17.788536315129985,1.75,bA313786,bA,G,g
68719586297,2459622.0581113,3.352235389356297,0.028012971712465695,15.08672935580751,0.009083157582798868,18.53424265463963,1.71,bA314605,bA,G,g
68719586297,2459625.0498909,3.1059659722910133,0.10458073824299555,15.169573888623159,0.03659882835022448,17.10401135339064,1.64,bA315889,bA,G,g
68719586297,2459626.9194305,2.6590856615159644,0.10059320143986558,15.338234801777253,0.0411195614831544,17.14621903630552,1.53,bq417420,bq,G,g
68719586297,2459628.9904858,4.538066223752458,0.06931715609753035,14.757888549205216,0.01660282842375943,17.550538770353842,1.59,bq418003,bq,G,g
68719586297,2459632.02442,3.7258503639140934,0.08396232150934689,14.972002099901637,0.02449464794100532,17.342429516276788,1.68,bA317959,bA,G,g
68719586297,2459634.0321344,3.0964848923167883,0.048312088760036044,15.172893208688931,0.016958952419519353,17.942501075201175,1.99,bA318826,bA,G,g
68719586297,2459636.0451506,4.916981576231704,0.04782153089469558,14.670819169767066,0.01057151101334312,17.95358192412597,1.73,bA319611,bA,G,g
68719586297,2459638.1135764,2.749932523670899,0.03666438847966903,15.301760528576496,0.014492208747127316,18.24202949680806,1.73,bA320481,bA,G,g
68719586297,2459640.1021679,6.476344845172684,0.06632144392521105,14.371740708471613,0.011131051191537043,17.59850567909429,1.71,bA321320,bA,G,g
68719586297,2459643.0659546,5.700489087416203,0.056422632162140406,14.510285325709013,0.010758541427210135,17.774007255226472,2.01,bA322128,bA,G,g
68719586297,2459644.9925208,3.534415655122784,0.018608781330111474,15.029271566860178,0.005722851583419483,18.978345780030885,1.73,bA322908,bA,G,g
68719586297,2459645.8471111,2.684029235934748,0.044830008279238505,15.328097517034644,0.0181548953403137,18.023718563763133,1.61,bq422805,bq,G,g
68719586297,2459646.9331288,2.624413391702792,0.04471671046248317,15.352485009323889,0.01852037496134713,18.026465992344324,1.58,bq423144,bq,G,g
68719586297,2459649.9939002,2.705560279728955,0.03919552371585459,15.319422586200437,0.01574676803364255,18.1695494321887,1.75,bA324585,bA,G,g
68719586297,2459653.9716848,2.8579319069953786,0.14566336942966043,15.259935929556727,0.05540011257529296,16.744264732269134,1.62,bA326232,bA,G,g
68719586297,2459656.0007528,5.771536882504947,0.15374371788840901,14.4968369339702,0.028954633789448708,16.685647163610348,1.96,bA327024,bA,G,g
68719586297,2459658.9186133,5.596606933294307,0.09482453563367724,14.530253606889529,0.018416542139978426,17.210338799963335,1.54,bq427218,bq,G,g
68719586297,2459659.8446713,2.819212504095763,0.0706179964708495,15.274746089859493,0.02722699750537621,17.53035213175871,1.59,bq427423,bq,G,g
68719586297,2459663.947562,2.8115108102558475,0.035979834043519794,15.277716228006186,0.013910142234571935,18.262492721849828,1.78,bA329975,bA,G,g
68719586297,2459666.9443908,3.061645622394202,0.03593846155397562,15.18517832027716,0.012759002832214518,18.263741906479723,1.68,bA330960,bA,G,g
68719586297,2459670.9395362,3.2375547313530233,0.027619393591834584,15.124522824868851,0.009272763700454349,18.549605263870696,1.76,bA331968,bA,G,g
68719586297,2459672.9621149,3.1851592087492895,0.028155538405794118,15.142237759211968,0.009608262597734205,18.52873102000226,1.48,bq431166,bq,G,g
68719586297,2459674.7925048,5.12587278121904,0.06165915323168606,14.625646064160003,0.013075006265402199,17.677646720834566,1.50,bq431769,bq,G,g
68719586297,2459676.7851654,3.230710735768162,0.03186422395179958,15.126820435133151,0.010720559303285825,18.394382247016257,1.56,bq432304,bq,G,g
68719586297,2459677.8176541,4.174327010554789,0.044308839683353425,14.848599452171298,0.011537616037923595,18.036414668190893,1.50,bq432675,bq,G,g
68719586297,2459680.9204731,3.1112240610022788,0.06002026598160227,15.167737400237824,0.02096905213705599,17.706895822237,1.67,bA334849,bA,G,g
68719586297,2459682.751486,2.601508666417198,0.05683945433741545,15.3620024297783,0.023748533449720742,17.766015861394163,1.49,bq434453,bq,G,g
68719586297,2459688.962604,4.951729963903005,0.07424412818234433,14.663173239837146,0.016297362723113124,17.475985331750035,1.75,bA337113,bA,G,g
68719586297,2459692.8794677,2.6896386615367445,0.07717575427583448,15.325830775288654,0.031188832399637503,17.43393840458189,1.66,bA338148,bA,B,g
68719586297,2459693.8703931,3.122301473156361,0.04115472100847771,15.163878537375926,0.01432705739183407,18.116591456658508,2.09,bA338427,bA,B,g
68719586297,2459694.866548,4.298387121771818,0.03446876360060627,14.816801806307199,0.008716303657758873,18.309076347734067,2.10,bA338806,bA,G,g
68719586297,2459695.8632935,2.6985644468941956,0.03678920372040111,15.322233636506768,0.014818347199194134,18.23833964169981,2.04,bA339184,bA,G,g
68719586297,2459696.8744597,3.0067554032687283,0.03331861858265353,15.204820372060286,0.012044840669241844,18.345923144188717,1.75,bA339574,bA,G,g
68719586297,2459697.8520174,4.230703930460663,0.04569595341247545,14.834034037367033,0.011740248288508658,18.002946253961408,1.71,bA339937,bA,B,g
68719586297,2459698.8541884,2.63111007160554,0.04087369488718752,15.349718079708639,0.01688562166389842,18.12403086469284,1.71,bA340317,bA,G,g
68719586297,2459705.8794967,2.716597642077385,0.049164262128546,15.315002323776604,0.019671450246953034,17.923516797617264,2.10,bA341571,bA,G,g
68719586297,2459707.8477581,4.559406128734505,0.06548072336444292,14.752794925604585,0.015610519725500331,17.612356940416692,2.28,bA341689,bA,G,g
68719586297,2459708.9444372,6.3327914980831945,0.06441417416192162,14.396077648591078,0.011056010089536834,17.630187003486,1.76,bA342052,bA,G,g
68719586297,2459709.9093034,2.7993735886449054,0.03534611179723124,15.282413470203835,0.013724387088583898,18.281786494531463,1.99,bA342378,bA,G,g
68719586297,2459709.9587391,2.8092979584922215,0.0359298862568567,15.278571113307752,0.01390177359940714,18.264001005537274,2.00,bA342416,bA,G,g
68719586297,2459710.8561121,3.5360187802262164,0.024434141770021962,15.028779214937167,0.007510947028489699,18.682647887990722,1.72,bA342708,bA,G,g
68719586297,2459711.8104792,3.06716871464841,0.11973847225053222,15.183221457981734,0.042433437943668856,16.95705632979501,2.04,bA343045,bA,G,g
68719586297,2459711.8117427,2.597168281418691,0.18190837037646604,15.363815396530311,0.07613156642727434,16.503008903301428,2.02,bA343046,bA,G,g
68719586297,2459711.8309889,2.1964576528576103,0.29152314193219864,15.545758535793738,0.1442654630508496,15.99095802147022,1.71,bA343061,bA,G,g
68719586297,2459711.8322419,3.398666837466445,0.2649893320446625,15.07179413752471,0.08474849004969161,16.09456963534916,1.69,bA343062,bA,G,g
68719586297,2459712.8223018,2.9548581369271396,0.054972827461147046,15.223724034305599,0.02022197701493482,17.80227042405813,2.12,bA343442,bA,G,g
68719586297,2459712.823577,2.544030451341902,0.10596851857550108,15.386259858800994,0.045275862285343055,17.089698453931916,2.11,bA343443,bA,G,g
68719586297,2459712.8453897,3.0945949895997478,0.1290680590868716,15.173556077172696,0.04533432292244217,16.875593663379217,2.23,bA343460,bA,G,g
68719586297,2459712.8466496,2.923492277421971,0.11884192801099679,15.235310744881687,0.044185513916088305,16.965216389220977,2.27,bA343461,bA,G,g
68719586297,2459712.8479102,3.065426548102567,0.11244081279392194,15.183838336566865,0.039869908105171395,17.02533067068142,2.15,bA343462,bA,G,g
68719586297,2459713.8199839,3.302932258153503,0.07237487003294975,15.102816455849503,0.023817726445384636,17.503671119310653,1.99,bA343798,bA,G,g
68719586297,2459717.7936516,6.112675805742169,0.06911818379740466,14.43448721480959,0.012290601209175557,17.553659817030432,1.70,bA345165,bA,G,g
68719586297,2459721.7759039,2.7879654155084843,0.041095349868042454,15.286847167105917,0.01602202749852731,18.118158905955443,1.77,bA346001,bA,G,g
68719586297,2459723.7843851,3.9761358829278746,0.03387140714272762,14.901412577714154,0.009259428746474003,18.32805751342171,1.65,bA346718,bA,G,g
68719586297,2459731.7482444,2.526661018671958,0.07276424030885013,15.39369817200885,0.03130280040282942,17.497845612749284,2.10,bA349105,bA,G,g
68719586297,2459732.7949184,2.9635832531534767,0.03286834558549219,15.220522792351474,0.01205515740275244,18.36069599994317,2.15,bA349493,bA,G,g
68719586297,2459733.8062633,3.690968943671573,0.025210309944665048,14.98221464479079,0.007424205195874668,18.648695148735573,2.01,bA349845,bA,G,g
68719586297,2459734.8070788,4.99273450367047,0.051620806436840035,14.65421944130055,0.011238244727955576,17.87057864906989,2.01,bA350195,bA,G,g
68719586297,2459736.7536062,3.550262091707798,0.04511711657475438,15.024414584165001,0.013813161630386506,18.016787270954765,2.19,bA350768,bA,G,g
68719586297,2459737.8040666,5.0849543820943826,0.05392890882136868,14.634347969397638,0.011527808265119179,17.823086528905193,1.70,bA351156,bA,G,g
68719586297,2459738.7924198,2.9039450315440094,0.04148187386961976,15.242594643798741,0.015526806756589906,18.107994694846507,2.02,bA351496,bA,G,g
68719586297,2459739.8378069,2.956438283804665,0.049572554425314316,15.223143578651705,0.018225718299967567,17.91453736581157,1.73,bA351879,bA,G,g
68719586297,2459740.8206387,4.100660951201446,0.04325475202068494,14.867930965650597,0.011465477240033018,18.06255604506191,2.15,bA352213,bA,G,g
68719586297,2459741.8245084,4.009348934693008,0.04927948763305744,14.892380985636205,0.013359939816466986,17.92097515207057,2.09,bA352565,bA,G,g
68719586297,2459746.9024276,2.953139076038403,0.06720104804521383,15.224355871671285,0.024734567373792028,17.58420049589453,2.07,bA353443,bA,B,g
68719586297,2459751.9265737,4.691623560378888,0.04262800828498524,14.72175772589047,0.009876067637952707,18.07840300765966,2.23,bA354602,bA,G,g
68719586297,2459758.7591478,2.749186420997782,0.05617545454782657,15.302055146931835,0.022210307826363823,17.778774123364283,1.83,bA355956,bA,B,g
68719586297,2459762.9630328,2.7634933038439495,0.036463159073467484,15.296419580806585,0.01434194485037728,18.24800488120285,2.12,bA357058,bA,G,g
68719586297,2459765.7520237,2.5871787680024716,0.051172941965361866,15.367999526066198,0.021499389100496424,17.880039647544496,1.49,bq454500,bq,G,g
68719586297,2459765.7849197,2.939466968608384,0.037229157638703776,15.229394161540757,0.013766603308150476,18.225432586904894,2.04,bA357605,bA,G,g
68719586297,2459768.9365756,4.599296435334896,0.05688911691653211,14.743337117872418,0.013444664312858517,17.765067630654933,2.06,bA358741,bA,G,g
68719586297,2459769.7755592,2.4981648599309922,0.10041359199953513,15.406012884468954,0.04369015449931589,17.14815935404948,1.75,bq455176,bq,G,g
68719586297,2459771.7524609,2.177278026402078,0.2331738264695304,15.555280898298395,0.1164067281746037,16.233441112196004,1.55,bq455756,bq,G,g
68719586297,2459776.702127,4.328507166320082,0.05698541954267271,14.80922027009167,0.014309938978016754,17.7632312363917,1.47,bq456890,bq,G,g
68719586297,2459779.840832,2.939286185910624,0.0577442703733071,15.229460938394643,0.02135399797957692,17.74886836594965,1.48,bq457803,bq,G,g
68719586297,2459781.8322232,4.117155869758474,0.030685515533162004,14.863572349557403,0.008101180107532455,18.435307051286983,1.71,bA361946,bA,G,g
68719586297,2459783.7928222,3.866268131947693,0.04106680795662398,14.931835697878057,0.011545457586505735,18.11891324319894,1.50,bq458741,bq,G,g
68719586297,2459783.7940624,3.9360869939339045,0.06933872294332899,14.912403901080147,0.019147995770537513,17.550201014671835,1.52,bq458742,bq,G,g
68719586297,2459785.7925521,2.8265468216423537,0.033324852950737484,15.271925162463312,0.012815165831838077,18.345720007136983,1.76,bA362801,bA,G,g
68719586297,2459789.7797596,3.129616584162049,0.027116852256019622,15.161337786069746,0.0094180352819829,18.569542424190423,1.67,bA363751,bA,G,g
68719586297,2459792.801792,2.813539877068436,0.036464422269393566,15.276932935012644,0.014087321782858398,18.247967268614428,2.02,bA364843,bA,G,g
68719586297,2459800.8123549,4.873973406264767,0.06610687348744022,14.68035773421872,0.014742652714640887,17.602024067021883,2.03,bA366456,bA,B,g
68719586297,2459801.7530576,2.3025268868617967,0.09959308624126309,15.494553846773925,0.04701502302872618,17.157067634647166,1.51,bq462720,bq,G,g
68719586297,2459804.769307,2.5942285416632944,0.06027880713880403,15.365045039470328,0.025256233785852088,17.70222898782678,2.00,bA367904,bA,G,g
68719586297,2459805.744147,2.831700911884943,0.13090874639900316,15.269947170621936,0.05024969800089959,16.86021895140743,1.48,bq463662,bq,G,g
68719586297,2459806.8374601,3.2188065211080965,0.043817158528570155,15.130828441006567,0.014796585602265601,18.04853008432377,2.06,bA368704,bA,G,g
68719586297,2459809.7996011,3.174728069097121,0.026722529069805098,15.145799292817184,0.009149201637937063,18.585446715978733,1.68,bA369535,bA,G,g
68719586297,2459812.7685869,3.029539401621621,0.029970755426505045,15.196624109227457,0.01075308941512715,18.460896387258927,2.09,bA370653,bA,G,g
68719586297,2459816.8132591,3.4081821251555446,0.020314997365127554,15.068758636332047,0.00647897267935201,18.88309868560701,1.70,bA371506,bA,G,g
68719586297,2459818.6253731,3.0560933581752647,0.03346036694271552,15.187149079721182,0.011900802693372188,18.3413138630978,1.47,bq464770,bq,G,g
68719586297,2459818.6266187,3.0296577256512784,0.03368153568670004,15.196581704704146,0.01208399370228458,18.334160899841148,1.54,bq464771,bq,G,g
68719586297,2459820.8183909,4.286134541893862,0.03638553753557796,14.81990112369024,0.009227311213568469,18.25031862324004,1.72,bA372821,bA,G,g
68719586297,2459823.7504816,4.287272180429223,0.036640270866603646,14.819612982606298,0.00928944552635234,18.242743922517302,2.22,bA373809,bA,G,g
68719586297,2459825.7523658,2.9825906668608546,0.0375788623697818,15.213581485962022,0.013695003470041071,18.215281540179173,1.69,bA374561,bA,G,g
68719586297,2459828.6430668,3.0687792985095723,0.05349564489584664,15.182651482732508,0.018948068416787697,17.831844543056853,2.08,bq466133,bq,G,g
68719586297,2459830.7829057,4.9155381028168215,0.07696738670135025,14.67113795506515,0.01701954113392169,17.43687375877125,2.00,bA375735,bA,G,g
68719586297,2459832.6360648,3.718464361546615,0.08221359663543383,14.974156563571139,0.024032126262290322,17.365281491697008,1.45,bq467324,bq,G,g
68719586297,2459836.7525995,3.912964887007149,0.031139126277533163,14.918800745341327,0.00864993102826204,18.41937455474837,1.70,bA377048,bA,G,g
68719586297,2459838.7628919,2.7409930720518654,0.03728354993817557,15.30529577766319,0.014785005541276194,18.223847469380473,1.69,bA377846,bA,G,g
68719586297,2459842.748713,3.1931658233311055,0.04011325143834785,15.139511941430241,0.013654586911990958,18.14442094698283,1.75,bA379347,bA,B,g
68719586297,2459847.7185292,2.6889172048978742,0.04095816236761687,15.326122047376229,0.016556754377873174,18.121789453162563,1.99,bA381307,bA,G,g
68719586297,2459850.7243053,3.791239513560269,0.027079764876017993,14.953112567090745,0.007763826825994615,18.5710283884304,1.73,bA382508,bA,G,g
68719586297,2459853.5879946,2.3143619579334356,0.05003352362940858,15.488987417203514,0.023498599528975973,17.90448788816723,1.49,bq473097,bq,G,g
68719586297,2459854.6343569,2.7294305686043296,0.058311550940184864,15.30988549433961,0.02322173764602019,17.738254129660863,1.52,bq473471,bq,G,g
68719586297,2459856.6152576,3.587608883517483,0.05428513203078304,15.013052895457966,0.01644704877541645,17.815938365331977,1.60,bq473993,bq,G,g
68719586297,2459864.6077886,0.504212698780925,0.36484853581991916,15.747359092148798,99.999,15.747359092148798,1.62,bq474713,bq,G,g
68719586297,2459872.5786624,6.452826108242261,0.13515855308716523,14.37569071770766,0.022766996705407445,16.825531776754424,1.66,bq475894,bq,B,g
68719586297,2459874.5679184,3.0960464473865037,0.05539766122984,15.173046953743832,0.019448948905046084,17.793912036101943,1.55,bq476171,bq,G,g
68719586297,2459879.5551921,4.2278480620727645,0.07735098074276953,14.834767193544431,0.019886512416449318,17.431476050081166,1.47,bq477358,bq,G,g
68719586297,2459882.5420115,5.05644870646219,0.13027994223654002,14.640451607190798,0.028005551145970725,16.8654467181032,1.74,bq478207,bq,G,g
68719586297,2459965.1393011,3.2946087602579657,0.02942077561806158,15.105556000108445,0.009706495143955026,18.481005316890663,2.36,bA400483,bA,G,g
68719586297,2459965.1405619,3.299412636421872,0.031178913377286684,15.103974038848904,0.01027156253875967,18.41798817286622,2.36,bA400484{},bA,,g
68719586297,2459965.1405619,3.299412636421872,0.031178913377286684,15.103974038848904,0.01027156253875967,18.41798817286622,2.36,bA400484,bA,G,g
68719586297,2459965.1656209,3.11821331222562,0.05814352216269786,15.165301069048711,0.02026785029870826,17.741387270174183,2.29,bA400488,bA,G,g
68719586297,2459966.124605,4.559704000538947,0.044991494770519586,14.752723995393634,0.010725213447589565,18.01981455607859,2.27,bA400908,bA,G,g
68719586297,2459971.9753265,4.418555379163098,0.050054508802064045,14.786864865995259,0.012313317389077798,17.904032601725973,1.62,bq496290,bq,G,g
68719586297,2459972.9861787,2.6020751584298765,0.04359897183606805,15.361766030822888,0.018212458861845728,18.053949992123194,1.58,bq496750,bq,G,g
68719586297,2459972.9874073,2.4527840636846046,0.06166152605443939,15.425917332767247,0.02732543760276099,17.677604939365537,1.54,bq496756,bq,G,g
68719586297,2459978.9561548,3.514629971309521,0.13310884672390555,15.035366601792795,0.04116607729086644,16.84212330980104,1.48,bq498432,bq,G,g
68719586297,2459980.9329814,3.2040314855145264,0.15395429942615255,15.135823684340032,0.05222845985365292,16.68416105695764,2.00,bq499352,bq,G,g
68719586297,2459982.9278724,2.9626658594919477,0.09686965986259939,15.220858940056829,0.035539987815014634,17.187171174427355,1.70,bq500208,bq,G,g
68719586297,2459984.9187155,4.670078877017319,0.08801497416175767,14.726755082770548,0.02048540350070596,17.291249196902264,1.53,bq500754,bq,G,g
68719586297,2459986.9149609,2.9898204061162827,0.06324155065549458,15.210952868005608,0.02299162042952886,17.65013433618279,1.73,bq501331,bq,G,g
68719586297,2459987.9088495,4.9645929403031435,0.07009161090896669,14.660356508847956,0.015345977910537593,17.538475507822476,1.57,bq501678,bq,G,g
68719586297,2459992.9114537,2.9055977499984262,0.05043583446391338,15.241976895938672,0.018867566647838827,17.895792584812135,2.43,bq503363,bq,B,g
68719586297,2459997.984806,4.208216459761808,0.04390623050338189,14.839820445521683,0.01134071026216502,18.046325228761653,1.50,bq504340,bq,G,g
68719586297,2460014.9993147,6.023090191783261,0.4503357922434027,14.450517206054057,0.08126981512235987,15.518799447365616,2.15,bA405053,bA,B,g
68719586297,2460021.9709408,4.029836510798068,0.03708123352298649,14.886847054012897,0.01000181732036561,18.229755179684183,2.08,bA406713,bA,G,g
68719586297,2460024.9711748,5.233979360518995,0.056496074171374096,14.602985607966206,0.01173271273028931,17.772594935475247,2.09,bA407851,bA,G,g
68719586297,2460027.9648236,4.560358163054445,0.049595694271163046,14.752568240330708,0.011821081022748849,17.914030676035424,1.50,bq513467,bq,G,g
68719586297,2460029.8097689,3.1315645393752884,0.02828884421532899,15.16066220568746,0.009818971739425862,18.523602601332644,1.58,bq514084,bq,G,g
68719586297,2460032.0158103,5.317327275444785,0.053030660699878704,14.58583214361191,0.01084041277016309,17.841323016560917,2.01,bA410060,bA,G,g
68719586297,2460035.0259066,4.209541109030946,0.034874360214284306,14.839478734639604,0.009004998952278272,18.296374988870994,2.07,bA411096,bA,G,g
68719586297,2460039.9341942,2.4467816812999024,0.1233323206795455,15.428577571437113,0.054789060801139135,16.924948352771644,1.64,bA412144,bA,G,g
68719586297,2460048.8894163,2.780646663611374,0.03716752073559354,15.289701105707042,0.014528807125734849,18.227231630465166,1.70,bA414706,bA,G,g
68719586297,2460049.8200289,3.2568733383447355,0.0237390869713535,15.118063449947105,0.00792273838219307,18.713980582575644,1.60,bq521559,bq,G,g
68719586297,2460050.8482631,5.127307894317825,0.06104755817492064,14.625342128374854,0.012941692377790675,17.688469867945752,1.44,bq522007,bq,G,g
68719586297,2460051.8574389,2.8243474800816566,0.03564364986231228,15.272770304754832,0.013717539343036593,18.27268518939497,1.50,bq522410,bq,G,g
68719586297,2460055.9647005,2.894844903501117,0.035581574201532955,15.246002370826526,0.013360171415513666,18.27457771582203,1.71,bA416983,bA,G,g
68719586297,2460058.8601872,2.9076649023038987,0.035191323766288155,15.241204736713247,0.01315538074765476,18.2865516022413,1.69,bA418130,bA,G,g
68719586297,2460059.8520263,3.431337301894875,0.025698864746565152,15.061407093571766,0.008140717795987346,18.62785576470851,1.47,bq525121,bq,G,g
68719586297,2460060.8882285,4.655612011102139,0.05353866842700161,14.730123672375708,0.01249979694896907,17.830971697583337,1.51,bq525564,bq,G,g
68719586297,2460062.7956325,3.115946067423889,0.03414921171376478,15.166090792161294,0.011912500274824994,18.319188903793137,1.56,bq526312,bq,G,g
68719586297,2460064.6995286,3.0254611945317764,0.08775328904322609,15.198086654998404,0.03152709742302787,17.294482103823896,1.47,bq527049,bq,G,g
68719586297,2460070.9624186,3.879118729594084,0.10819207738112555,14.92823294125165,0.030316185790535185,17.06715196218759,2.04,bA420428,bA,B,g
68719586297,2460073.8280658,5.6914484739446465,0.062359120594621405,14.512008601203997,0.011909385305084268,17.665390656391203,2.00,bA421388,bA,G,g
68719586297,2460077.0782162,2.9545738673275848,0.04627554015833664,15.223828491653162,0.01702428249580404,17.989261869383565,1.71,bA422827,bA,G,g
68719586297,2460107.7549306,2.8852842026932315,0.0360845208443023,15.24959412744163,0.013593913982177012,18.259338254432464,2.38,bA433021,bA,G,g
68719586297,2460109.8324695,3.7383334402259742,0.022224759599509664,14.968370533238746,0.006462063316992696,18.785547931450285,1.73,bA434197,bA,G,g
68719586297,2460112.0105108,4.990520861327974,0.04881733141349743,14.654700933877297,0.010632620968481776,17.931205523599402,1.68,bA435039,bA,G,g
68719586297,2460113.9964809,3.314856177563402,0.027962418615010257,15.09890389649781,0.00916900512393459,18.536203778725476,1.66,bA435855,bA,G,g
68719586297,2460121.7731173,2.989295648484641,0.04450625282607326,15.211143447467741,0.01618319746726768,18.031588034715046,1.70,bA438829,bA,G,g
68719586297,2460124.8356287,2.7039173974915274,0.06188271169567301,15.320082071972116,0.024876431921668905,17.67371727095433,1.78,bA440024,bA,G,g
68719586297,2460131.9341995,2.861016541085519,0.05937092947477349,15.258764700522134,0.02255618521164993,17.71870599137542,1.65,bA443038,bA,G,g
68719586297,2460133.8468339,4.951885401959904,0.04657577536426662,14.663139158399257,0.010223548947075622,17.982240377716355,1.69,bA443735,bA,G,g
68719586297,2460137.9032276,4.404350645503028,0.037155411676165914,14.790360903898405,0.009169641631632213,18.227585417483947,2.08,bA445343,bA,G,g
68719586297,2460139.9311725,3.0889082934930285,0.030123000285215744,15.175553085440184,0.010599988249356176,18.455395046669278,2.12,bA446202,bA,G,g
68719586297,2460147.8582322,2.5583885867365606,0.04011026434296523,15.380149349859138,0.017041239803168292,18.14450180102105,1.74,bA447794,bA,G,g
68719586297,2460150.8192182,2.9108001299218462,0.04083408619171066,15.240034658197498,0.015248342144511788,18.12508350857824,2.18,bA449041,bA,G,g
68719586297,2460153.821663,6.4932217772605405,0.08251721071204289,14.368915030934474,0.013813269193004206,17.361279263166423,2.08,bA450280,bA,G,g
68719586297,2460159.7585687,5.664199202330174,0.057882146515221854,14.517219326012494,0.011107550140732649,17.746279040879685,2.10,bA452690,bA,G,g
68719586297,2460161.7954825,2.762652257925266,0.03777629355565064,15.296750065771423,0.014862959509164947,18.20959224992958,1.71,bA453605,bA,G,g
68719586297,2460164.8846712,2.8590811272256924,0.04617127090889538,15.259499425382037,0.017553249382645582,17.991711038713685,2.45,bA454615,bA,B,g
68719586297,2460171.8368502,2.858048654438738,0.03667505817191653,15.259891577787254,0.013948045847020463,18.241713583018754,1.66,bA455023,bA,G,g
68719586297,2460181.750582,3.1439602960253015,0.03833149730910317,15.156372990159925,0.013252289171981426,18.19375115133262,1.71,bA457155,bA,G,g
68719586297,2460189.7934677,4.171421831512247,0.06504867700560946,14.849355347958458,0.016949876219091706,17.61954444125068,1.75,bA459642,bA,G,g
68719586297,2460192.7815092,3.7015148928890125,0.03433828774063823,14.979116869564075,0.010083500103361788,18.313194022653988,1.78,bA460794,bA,G,g
68719586297,2460195.7644895,3.52181508864503,0.01774255970703416,15.033149247810334,0.005475980566977036,19.030099922978188,2.10,bA461821,bA,G,g
68719586297,2460200.77757,2.818670993720222,0.04220157721424406,15.274954656575003,0.016274080828481818,18.089318905682376,1.67,bA463931,bA,G,g
68719586297,2460204.7709854,2.9547282610261587,0.03188639629255858,15.223771757093065,0.011730055471469339,18.39362701313823,1.70,bA465631,bA,G,g
68719586297,2460209.7282727,5.029722059209445,0.054645335009969175,14.64620565541116,0.011809221776568993,17.808757879438012,2.37,bA467797,bA,G,g
68719586297,2460215.7242388,4.461303289585271,0.0815525141348136,14.77641125084262,0.019869538417169284,17.374047225958353,2.11,bA470134,bA,G,g
68719586297,2460218.7407122,3.4294702697707264,0.04469281086960321,15.061998016550293,0.01416520291129872,18.02704643732379,2.01,bA471239,bA,G,g
68719586297,2460221.709033,3.29034308716404,0.05070019681143313,15.10696266077078,0.01674868186014708,17.89011649841686,2.10,bA472427,bA,G,g
68719586297,2460227.5857615,3.264665087241761,0.024750054243417974,15.115469035148266,0.008240426553527263,18.66870022371354,1.47,bq571058,bq,G,g
68719586297,2460230.5710673,3.042489700054862,0.0369332207129704,15.191992830636597,0.013194721783962004,18.23409765798753,1.46,bq572426,bq,G,g
68719586297,2460233.568779,2.6610490485637843,0.040907892439126556,15.337433423385644,0.016709613263727732,18.12312284801984,1.55,bq573714,bq,G,g
68719586297,2460235.5742084,2.885763045942832,0.04108937339707217,15.249413953053416,0.015476794760025041,18.11831681537371,1.54,bq574681,bq,G,g
68719586297,2460237.5726248,3.4811536696874166,0.033541621021703334,15.045757635010721,0.010473046345729533,18.338680492319728,1.57,bq575648,bq,G,g
68719586297,2460243.5689197,2.5502043303417685,0.07047451904602349,15.383628175133836,0.030037882526549466,17.5325603096741,1.47,bq576732,bq,G,g
68719586297,2460250.5504539,3.177778386495629,0.03728980964704006,15.144756605080225,0.012754949169051089,18.223665195372728,2.07,bq578422,bq,G,g
68719586297,2460253.5427346,2.79382813127003,0.06778352192470076,15.284566407329365,0.026371608331185386,17.574830285585435,1.57,bq579783,bq,G,g
68719586297,2460309.031684,2.5500403133843492,0.08680539311410529,15.383698006744421,0.03700086138727819,17.306273840927922,1.62,bq597347,bq,G,g
68719586297,2460311.025354,4.7050019881386405,0.06905104087633142,14.71866609408687,0.015952273644648688,17.554715037629855,1.55,bq598200,bq,G,g
68719586297,2460313.0220622,2.712438142194958,0.053914600275283664,15.316666015334054,0.021605221322671467,17.82337463723444,1.54,bq598889,bq,B,g
68719586297,2460314.018775,3.957806186401146,0.04594386690028149,14.906429314759785,0.012617845192309761,17.99707174864058,1.67,bq599319,bq,G,g
68719586297,2460317.024171,3.2343060940584163,0.030970590733348707,15.125612824644271,0.010408317766079329,18.425266888509785,1.98,bq600410,bq,G,g
68719586297,2460377.9703704,2.680279901639202,0.05851945482290389,15.329615247853992,0.023731888236550383,17.734389932663213,1.53,bq616503,bq,G,g
68719586297,2460382.9540576,3.253107094295572,0.025869265900785175,15.119319720382528,0.008643664800574597,18.62068034944612,1.54,bq618063,bq,G,g
68719586297,2460392.0545801,2.468494765331534,0.07215564139731907,15.41898509579364,0.03177241698001021,17.506964882641537,1.98,bA529431,bA,B,g
68719586297,2460396.9113475,5.232076294639738,0.08626313716179641,14.603380451566508,0.017921045918186104,17.313077490849583,1.57,bq620284,bq,G,g
68719586297,2460397.9267738,2.4277236767159898,0.08916012500099109,15.437067487636131,0.03991936161367382,17.277213939736775,1.57,bq620718,bq,G,g
68719586297,2460403.8896216,4.445970078431863,0.0487869364885035,14.78014928340115,0.011927493405568661,17.93188174139772,1.50,bq622346,bq,G,g
68719586297,2460404.8787014,2.6957785859034176,0.038435890057169485,15.323355074424095,0.01549761600783981,18.190798255321862,1.49,bq622769,bq,G,g
68719586297,2460405.8763517,3.3063661303202228,0.02005859829706024,15.101688263581504,0.006594195372374999,18.896889158764264,1.53,bq623197,bq,G,g
68719586297,2460407.8846146,2.6702074251865433,0.045160438791410275,15.333703124193896,0.01838337838697865,18.01574522894303,1.50,bq623799,bq,G,g
68719586297,2460409.8872759,4.0328065133952755,0.04089072163315972,14.886047157630484,0.011021217211921787,18.12357867398189,1.57,bq624491,bq,G,g
68719586297,2460411.8830952,2.903675299289189,0.043607271772749256,15.242695496836019,0.01632386667346851,18.05374332018306,1.60,bq624991,bq,G,g
68719586297,2460412.8775908,3.4659614437492965,0.06397176658413593,15.050506304280402,0.020062118411963953,17.637669751564463,1.51,bq625371,bq,B,g
68719586297,2460413.8744048,4.037831108144685,0.04582016439832829,14.88469524830328,0.012334474916363301,17.999999003785017,1.56,bq625634,bq,G,g
68719586297,2460418.0061162,4.4563490669573085,0.046691351863171957,14.777617617543617,0.011388575861976445,17.979549490642988,1.74,bA537878,bA,G,g
68719586297,2460418.0073703,4.669742953290624,0.07303442688130575,14.726833183736261,0.016999917855044806,17.493821547437662,1.72,bA537879,bA,G,g
68719586297,2460418.9795811,2.8848356115074454,0.05128721991336472,15.249762946013238,0.01932414378979837,17.87761771584487,1.69,bA538305,bA,G,g
68719586297,2460419.9772756,3.549727412961348,0.0447884632821804,15.024578111188145,0.01371460582733192,18.02472520692225,1.67,bA538750,bA,G,g
68719586297,2460426.9488647,3.965053126362573,0.07526492231005076,14.904443095650358,0.020632686512866108,17.461159067241667,1.71,bA540767,bA,G,g
68719586297,2460427.9341331,2.6323954092743884,0.061111610580682325,15.349187810413692,0.02523392323228702,17.68733128746884,1.70,bA541177,bA,G,g
68719586297,2460431.8478776,3.0099936946822075,0.034982710246447765,15.20365165768931,0.012632812194146909,18.293006979125806,2.01,bA542443,bA,G,g
68719586297,2460432.8401543,4.2666794407974225,0.0410969891216387,14.8248405843409,0.010469649986467823,18.11811559785641,2.01,bA542870,bA,G,g
68719586297,2460433.8519463,2.848869878901179,0.03811539466517097,15.26338408865856,0.014542530396631552,18.199889558882777,1.79,bA543307,bA,G,g
68719586297,2460434.6868251,3.4357784929856643,0.020954168761911023,15.060002730291508,0.0066291440032821055,18.849464518104195,1.50,bq631693,bq,G,g
68719586297,2460437.8190997,2.7954397731262195,0.052551602413770555,15.283940272389767,0.02043374624651969,17.851175703545415,2.00,bA544659,bA,G,g
68719586297,2460438.8237029,3.5216727015041323,0.038520125543387906,15.033193145060842,0.011889151896402153,18.188421376713347,1.67,bA545109,bA,G,g
68719586297,2460439.8181772,5.452488989527835,0.058238847859973714,14.558578629132292,0.011609944673258888,17.739608674603375,1.64,bA545532,bA,G,g
68719586297,2460452.9919295,2.988903244629453,0.10178899912453335,15.211285981057102,0.03701699499256514,17.133388501353725,1.69,bA547607,bA,G,g
68719586297,2460454.0330412,4.622903490108197,0.10221716976710299,14.7377785547864,0.02403373108476208,17.1288309818083,1.98,bA547928,bA,G,g
68719586297,2460454.6315352,4.16944532180914,0.0905131214366486,14.849869915123822,0.023596382745185378,17.26086175584745,1.72,bq637949,bq,G,g
68719586297,2460455.7848243,4.6535708050778215,0.0669096007776017,14.730599806825156,0.01562839161119405,17.588919514871012,1.68,bA548381,bA,G,g
68719586297,2460456.8908694,6.262021728300477,0.0796715474414495,14.408279196727456,0.01382932091997632,17.399382480328313,1.63,bA548819,bA,B,g
68719586297,2460491.9397515,2.8692210508395455,0.032830440948113465,15.25565560103838,0.012437264772500426,18.361948821916545,1.66,bA559495,bA,,g
68719586297,2460492.8711977,3.787651716562449,0.032809305131574394,14.95414052784874,0.009415408505104016,18.362648030045683,1.49,bq645997,bq,,g
68719586297,2460494.8981665,2.9472719163084267,0.03867979055022164,15.226515107645094,0.014265141389033356,18.183930327124266,1.67,bA560537,bA,,g
68719586297,2460496.9118934,4.738824323478558,0.045685870312012274,14.710889099931304,0.01047908749031611,18.00318585494172,2.30,bA561218,bA,,g
68719586297,2460502.7688267,4.615175875182616,0.046826574451154845,14.739594982839527,0.01102849639253926,17.976409639973056,2.40,bA562939,bA,,g
68719586297,2460503.8265417,2.677147458781038,0.0411245868706804,15.330884889709758,0.01669711459348101,18.11738674107963,1.59,bq648260,bq,,g
68719586297,2460510.8962466,2.548704120391009,0.07518584061721094,15.384267069642735,0.032064820371843945,17.462300462117796,1.74,bA565554,bA,,g
68719586297,2460511.8376271,3.3693835991088226,0.10610492079564592,15.081189478405733,0.034229238747985107,17.088301797663394,1.54,bq650111,bq,,g
68719586297,2460514.7850079,3.1269786554049714,0.03529635867945967,15.16225333032894,0.012269225820895013,18.283315851300312,2.22,bA566623,bA,,g
68719586297,2460517.8947047,2.7216871833975493,0.043980809990622705,15.312970101828856,0.01756455647889718,18.044482552790072,2.03,bA567238,bA,,g
68719586297,2460518.8979697,3.1613877835889115,0.03193462576360195,15.150371195445477,0.010979845599213361,18.39198603368885,1.73,bA567581,bA,,g
68719586297,2460522.6447826,2.6012985482375925,0.08056073461886241,15.362090125864505,0.03366242446465622,17.38733206689979,1.51,bq652559,bq,,g
68719586297,2460525.6964495,3.3062483747984093,0.023037643389031727,15.101726932532571,0.007573815965576152,18.74654548310209,1.50,bq652936,bq,,g
68719586297,2460526.6664087,2.713095564182888,0.04157483156016632,15.316402893991077,0.016656263384566272,18.10556436554904,1.48,bq653209,bq,,g
68719586297,2460528.7567256,4.6751212472766985,0.04554379244240324,14.725583425790091,0.010588842428170205,18.006567632468563,2.10,bA570650,bA,,g
68719586297,2460539.7031429,2.6480988954793174,0.10429769213741073,15.342730121874645,0.0428107337171706,17.10695386489831,1.46,bq656639,bq,,g
68719586297,2460540.713796,2.7901804211123125,0.08753612655385445,15.285984904994221,0.03410100756407824,17.29717229817306,1.53,bq656977,bq,,g
68719586297,2460541.7279331,4.281097054967781,0.09725496613288954,14.821177938144274,0.024692717392845488,17.182861144055945,1.53,bq657319,bq,,g
68719586297,2460541.7291673,4.630671074175836,0.12153064223619099,14.73595578907182,0.02852686404492326,16.94092612902881,1.45,bq657320,bq,,g
68719586297,2460543.7076526,2.544011946654427,0.08197506911655837,15.386267756223058,0.03502473174838541,17.36843613265936,1.50,bq657966,bq,,g
